Score,Pred Score
-13.812973987503693,3.224241256713867
-14.6311710829416,-32.13629150390625
-15.020937907067507,-12.379979133605957
5.61896917638109,2.12253475189209
0.1461877509898399,-4.852323532104492
3.59745169898486,8.077977180480957
-6.72144892291601,-2.428617477416992
4.304204520484877,1.9863967895507812
3.37898618824583,3.9270401000976562
3.939818822274421,8.063608169555664
13.9953943577381,9.396778106689453
-5.39913759737588,-1.7589950561523438
-2.204579993178592,8.206279754638672
8.829561804598438,6.094917297363281
6.01696699102072,2.0769195556640625
-6.376202369524528,-6.100914001464844
-6.50906463316165,-3.1544952392578125
-60.92137282626391,-23.08297348022461
1.99934019108803,1.5281181335449219
2.188685633501576,9.26481819152832
4.07090957771029,-8.71726131439209
0.5211206139658471,-1.9198493957519531
12.5580583918003,1.2088069915771484
3.320229681965675,3.0905113220214844
-0.4381862293696001,-3.7414169311523438
0.1752112379752922,-0.7366981506347656
4.123908949931413,1.7110118865966797
-14.2382866820043,5.532661437988281
12.966325580978296,2.7897987365722656
7.692941411907634,-9.912739753723145
-62.9031214125763,-27.668489456176758
-5.800670766453999,-2.329623222351074
-11.705366535732304,-8.10755443572998
-4.786538605318405,-0.08762741088867188
-82.4887013651952,-20.81022834777832
-8.251107402184557,-0.9526138305664062
1.61677665352485,-11.260501861572266
-11.916211326129387,-21.57480812072754
-45.634880019414,-19.745899200439453
-0.568998602339841,-3.8518238067626953
-12.147399114840605,-13.776814460754395
-27.4476544011683,-21.55234146118164
-2.306526469902426,-0.7393093109130859
-0.4835459876036119,-7.8259124755859375
-8.39479061793487,-8.552522659301758
-46.862925671502296,-28.033668518066406
0.3837795244341289,4.651853561401367
7.184930267876617,3.2142152786254883
2.8348518495029404,2.6283397674560547
-9.859535687586003,3.2082786560058594
-6.00025755794808,-6.224666595458984
-4.764629840066975,-0.26795387268066406
-2.377061578670744,-2.9828567504882812
-2.0585753436264698,-5.06071662902832
1.1848602197973823,-0.25367069244384766
4.97603191479674,1.4039669036865234
4.27399441028646,-4.347316741943359
-46.2372447228831,-29.021753311157227
-31.4759298257721,-28.37784194946289
-50.1674018945849,-17.604705810546875
0.9601515747159592,-2.9786605834960938
-11.864177458483407,0.5188732147216797
-0.538262620928304,-4.8666486740112305
-0.6920482116816997,-1.4006710052490234
-1.5184696160120892,-0.9832391738891602
-3.0836644409391925,-4.256319046020508
11.316750179392892,1.2613086700439453
-11.183106529127476,-3.8970890045166016
3.59102041590596,-9.234175682067871
4.55602013063716,1.218780517578125
11.579228393987275,-0.053577423095703125
2.3067635611900137,-6.599305629730225
10.480393919522983,4.798666000366211
-2.698100773809443,-7.319194793701172
3.776985072333982,5.967844009399414
-11.773766374328297,-8.95473861694336
8.681027307740193,1.1191272735595703
-1.1091988250418725,-7.556400299072266
4.484288991501213,1.646646499633789
0.0548896546292299,6.544374465942383
0.1118559290339978,-5.154415130615234
3.9797293996962297,0.7277603149414062
-22.42608065327665,-22.90386390686035
7.37064384347005,-2.436629295349121
-0.2642143205483515,-3.4985857009887695
5.344594984386832,-4.819683074951172
-1.2497809936708242,-12.654874801635742
13.71198107208239,-4.353633880615234
0.5045482395984724,-18.3308048248291
2.86709961553106,-1.7959842681884766
0.4423212163888063,-12.675121307373047
-3.724573545179619,3.899944305419922
0.2570808252882703,-7.217460632324219
-70.65073406723695,-36.79002380371094
-33.9587360563784,-17.993480682373047
9.2088386022025,-2.0249671936035156
1.3318185914773402,-5.963858604431152
-9.176001953270983,-10.7507963180542
-10.497767159210698,-9.260218620300293
-0.4402086584014632,-16.4532413482666
2.1560784090827942,-7.774500846862793
-27.1636490162131,-5.37440299987793
-0.670930828719279,-23.235397338867188
-22.794043146736,-24.278545379638672
0.8105828534072201,-8.949857711791992
1.2287673509824204,-6.688438415527344
-0.6435038581465955,-3.015401840209961
8.474782023793379,2.973176956176758
-9.601847091024196,-5.264057159423828
-1.6610011043127195,-1.053201675415039
-0.1091636509260827,-1.5196285247802734
7.570838092245207,-4.695585250854492
-7.211196994815285,-23.92215347290039
9.090654061652296,-1.1962718963623047
-26.6651088566214,-1.1667900085449219
-17.309192174305,-1.9080429077148438
4.14054171285972,-2.636953353881836
4.097668935846943,6.108755111694336
-0.29408409265346,-7.924253463745117
-35.8165916579592,-22.159555435180664
10.898098675545494,0.5460948944091797
-1.6552655274048038,0.03456401824951172
1.6729502580778592,-13.157755851745605
-6.42491227706334,-17.789308547973633
-15.4752611754195,-20.81184959411621
-0.6907348474047925,-0.9421520233154297
-21.3629045873375,-14.299579620361328
4.219145585451182,-8.165572166442871
-3.019531285218114,-2.2227649688720703
4.25311060075082,1.7794189453125
-15.0412339008878,-2.248516082763672
-8.237627320974727,-23.135684967041016
-1.0683487237199796,-0.602691650390625
-1.7174251595272625,-8.708889961242676
4.069163600073605,-10.53160285949707
-10.162041561092582,-21.28767204284668
-5.97248436581227,-7.807374954223633
6.120538767403939,-5.856851577758789
-0.8028238008287005,-28.68791961669922
-23.6042929930625,-30.394224166870117
-0.1777753404752198,-2.2738265991210938
-5.785469568057495,-21.832904815673828
-0.0556983764780604,-3.014507293701172
-25.4508968849616,-1.3277387619018555
-5.3185412482723295,-0.79736328125
9.1356503291117,4.967338562011719
4.020569536845237,0.47215843200683594
-58.5527340809363,-1.4874496459960938
-6.291328737399075,-2.913900375366211
4.187869588752649,-0.9646215438842773
8.922207576391518,-2.5145492553710938
22.7414116448382,4.048713684082031
-44.6057608529879,-30.14826202392578
-26.5129077898497,-11.409486770629883
-2.13735826282737,-3.686105728149414
-1.14890133483728,5.906074523925781
-15.2234416939723,-1.4797906875610352
0.369316059642221,-6.900577545166016
-0.6884117876070912,-9.097448348999023
-5.8772631055401,-0.5888023376464844
3.6053774296538297,-0.7031488418579102
5.07108724357905,-0.32289886474609375
1.292753014965791,1.3378791809082031
8.440986836263871,-0.5120868682861328
-3.43040335892423,-4.7579345703125
0.7651079053562314,-5.934632301330566
-37.13962469223695,-22.055152893066406
-5.822632503482525,-3.073270797729492
-6.879472048396067,-8.497509002685547
2.11024229353816,-3.089651107788086
-7.1526743450051855,-6.520519256591797
-1.122073026503361,-1.6506261825561523
0.3302260274555297,-1.70574951171875
-1.178255647098801,-3.087334632873535
-2.99361591491145,3.6602935791015625
-18.1070051290659,-7.176103591918945
-3.0332808194811403,3.646505355834961
2.6303171850506604,-5.455287933349609
-9.72499716390718,-5.726034164428711
0.2729453578388601,-6.176042556762695
-21.4503408223732,-15.094782829284668
-4.99755531471552,-3.658905029296875
-18.0018409950579,-22.27560806274414
4.00031385473591,-4.121921539306641
12.0378145652987,6.5295305252075195
14.1235470599023,-9.306660652160645
6.55729051148795,-0.029905319213867188
11.19992297656359,1.6028003692626953
-7.81388191369781,-8.225664138793945
-2.924593214648255,-4.231247901916504
3.7667366885646025,-6.655774116516113
-6.68253431604433,-6.504186630249023
0.7345204104922589,3.0939674377441406
-10.626155896203898,8.122068405151367
8.106852576346123,7.798569679260254
-58.24412469223692,-25.619686126708984
1.4955767028094,6.169198989868164
-17.6906096863185,-31.009445190429688
-4.813871520282443,6.729501724243164
-11.8973420493851,-5.8110809326171875
-2.67676896274171,-2.3790016174316406
-3.9331393974605526,-3.2351932525634766
8.756217929094177,9.187732696533203
-29.2662792150344,-7.338848114013672
1.7249239205326918,-0.6632604598999023
-6.686975812883663,-29.228784561157227
11.10272802991041,2.505870819091797
-10.956818171714705,-9.258122444152832
-6.3500959185649,-22.52936553955078
0.6681105368389735,-1.3324651718139648
-12.500029270357295,-24.446704864501953
-2.591242863373206,-2.2462921142578125
5.954690473588823,6.814062118530273
-43.929359067237,-19.962669372558594
-17.4841411730512,-9.645116806030273
3.61441892535489,0.023517608642578125
2.1112971208509976,-0.3385343551635742
-41.8026500314277,-22.22821044921875
7.028135642932115,6.766549110412598
8.463248256721428,5.2541046142578125
-13.037072413777096,-11.033493041992188
-1.6307504375632549,-10.219934463500977
-0.3284521577656807,-2.6026344299316406
0.4685622181175212,-1.8281497955322266
-5.316952415477393,4.17851448059082
4.584421564331302,-7.927373886108398
-20.3593816575191,-18.077159881591797
3.67041582610247,-3.3317832946777344
2.204062447972561,-2.227886199951172
-4.666937653128132,-3.867593765258789
-12.3781694316975,-5.876709461212158
7.06923762363823,-1.9393196105957031
-37.2883298194418,-16.20187759399414
6.442434166934048,11.081109046936035
-12.2162083245621,-7.387344837188721
-20.3623076046531,-1.1181049346923828
-5.45440876641342,1.0562047958374023
3.1416241584890576,2.120454788208008
-4.96580172718434,-2.8911895751953125
-37.4061766871973,-20.021194458007812
6.46185690649625,0.030014991760253906
0.5403453062071405,0.8395118713378906
8.656689402528613,8.739295959472656
12.331931266595111,7.849586486816406
2.75380173901167,1.4202938079833984
-2.8447496930443927,0.20109176635742188
0.0285872237409883,-0.005856513977050781
-73.5286754265322,-1.0266590118408203
7.285509446842615,-0.2007312774658203
6.72046542688671,2.6122474670410156
-6.19730890695259,-1.7497024536132812
-16.4599719883519,-9.016441345214844
-10.288292260688207,0.699528694152832
-10.285920522724917,-5.164575576782227
-30.8171784242839,1.7700366973876953
-4.65691689928222,-3.700765609741211
-37.1716279374795,-13.419401168823242
-36.50577458359941,-2.7741966247558594
0.7942566624333496,-12.409677505493164
-34.8552692363716,-1.720468521118164
-2.491707941339629,-9.843164443969727
1.7387039934851498,2.017049789428711
18.9715733525152,7.765774726867676
-13.8996269060666,-2.5866928100585938
4.17561229224804,-1.7766523361206055
4.7680640763497,-7.997097015380859
-6.745372906074374,-2.9835205078125
7.262818938793504,-2.904623031616211
-55.7541546140486,-29.039936065673828
8.453421074249384,6.284066200256348
-5.85807143580148,-1.3153038024902344
-52.7336020518746,-31.979923248291016
-1.995826789875676,4.4310150146484375
-1.3326443092463092,-20.156509399414062
5.029017096161708,4.527399063110352
-0.71117494174041,-2.988924026489258
8.243548509216069,1.774332046508789
5.81602235619721,-4.785861968994141
5.978124919049687,0.780003547668457
-2.8859593337581737,-0.4651832580566406
-26.0047332498617,-20.43316650390625
-1.5220929784942658,-12.914399147033691
-3.195242757261453,7.119274139404297
-15.0089303719363,-11.08084487915039
-1.757118944268968,-23.040142059326172
-13.5091075877696,-2.435781478881836
-4.0681667574955,-1.7351207733154297
4.43276114617859,-3.934549331665039
-4.665207913971671,-3.4950942993164062
7.33919324558513,-2.329315185546875
-11.69780882660921,-10.742589950561523
5.960801203295765,0.3580484390258789
-29.9162730471743,-14.745887756347656
-5.331847529263395,-5.929563522338867
4.2006804390709,8.773111343383789
4.76541245752904,10.976670265197754
5.87221574658101,0.5822582244873047
-12.955988512618,-21.265413284301758
-14.4061745570978,-16.56377601623535
13.644333664082708,6.809661865234375
7.522446474796843,-9.469869613647461
2.858782897786812,-4.823932647705078
-49.8653288018085,-22.723186492919922
-4.029904705212941,0.1625232696533203
-6.2026319104393295,-29.34497833251953
4.452168509343501,0.10225582122802734
-16.475900892606802,-5.794051170349121
-11.03094492075089,-32.6131591796875
-8.08045020128908,4.219526290893555
1.39259946716825,-2.9460840225219727
-14.885807229381896,-3.1507225036621094
-11.113180908425988,-6.517698287963867
5.506094216928792,0.8450689315795898
5.29091659278858,-0.6775074005126953
3.42106467876526,0.3860635757446289
5.162821279449693,1.4963035583496094
6.020551076354931,-0.03854084014892578
0.8086942897832163,-1.1339397430419922
-8.80546181278599,-10.818337440490723
-7.42349600405968,-13.902030944824219
-14.4731176558811,-3.1904830932617188
-35.5448186771701,-9.791756629943848
-1.657597602265355,-0.5809116363525391
-1.930224441335125,-11.648233413696289
-10.398648228661925,-1.7748699188232422
-1.6521884315998507,-1.0747604370117188
1.3131129859732091,3.002758026123047
-0.1240821746904601,0.5532016754150391
-35.1709788883515,-18.080896377563477
0.6771989561182002,-2.6152725219726562
-5.8677981963370005,-3.8156185150146484
0.7982616963508231,0.3916463851928711
2.595279020812243,-5.624717712402344
6.9472187772133225,-0.722346305847168
-41.1395198834054,-8.26785659790039
-35.4604736838065,-15.093891143798828
7.87379173269718,3.0134429931640625
-8.72128086410909,-33.58367919921875
-82.13826531723697,-5.329366683959961
-9.70693692529289,-8.327441215515137
-61.4386715672369,-33.07365798950195
7.10938257895085,4.086578369140625
0.4007388327427847,3.0572757720947266
-0.7455370396145937,0.3517780303955078
1.674966057420845,-2.185678482055664
11.877856996640997,0.5258045196533203
-0.9096556467231308,-3.63385009765625
-1.4680391508473674,-3.629375457763672
15.6414782015599,-8.99985408782959
-10.35739215730591,0.35959720611572266
1.926107182225645,-0.44791126251220703
6.99756701325662,0.7309093475341797
3.54836143321337,1.0696277618408203
-7.726553411266567,-5.56096076965332
-48.51478094223695,-32.704872131347656
-3.0453156276270903,-3.611379623413086
-3.454798154796729,-4.112884521484375
9.503977484174175,1.7358722686767578
6.001532732018722,8.053762435913086
1.775572054007981,0.7796154022216797
-2.6871577689602653,0.5157680511474609
-7.920344649869953,-19.45968246459961
2.578081311550471,-2.2726364135742188
-14.434457477598505,-4.663684844970703
-1.338045882914232,-0.37943267822265625
-44.1817825469333,-23.456281661987305
2.4314234692194163,-11.507059097290039
-2.35314836228574,-1.780975341796875
-2.07036107592124,-5.0877532958984375
-6.560167066336443,-11.396808624267578
-2.54688332955635,1.4949684143066406
-7.940842049461227,-3.364248275756836
-7.789052707582185,-4.287868499755859
-1.4295761119406232,-4.349483489990234
7.206977941743588,1.5763435363769531
-4.081394009803599,0.43084144592285156
-30.167243616457,-21.150962829589844
11.7225687296843,0.30188560485839844
-0.8984319813221007,2.8282546997070312
10.349523074958825,-0.8879804611206055
5.42147270471237,-0.15962982177734375
-0.3136273830120112,-4.08741569519043
4.398848813602776,3.0008020401000977
2.099307195887115,0.05832862854003906
-61.6890402284636,-28.956565856933594
-7.08434802004719,-3.8354320526123047
0.6962467393230812,-10.837675094604492
9.0758909366509,-1.347996711730957
-1.9263965715605047,-6.833805084228516
-6.262949496708321,-8.496837615966797
-4.739766082030863,0.9315853118896484
-36.8822022827233,-28.89336395263672
3.24770439300306,-1.423309326171875
-2.289513933263135,-2.5993518829345703
1.41805545618482,0.6328582763671875
-24.4432878855492,-3.814746856689453
-24.96156751119129,-19.033828735351562
-7.734574598544068,-22.56816864013672
2.79124989437018,-3.668987274169922
-5.17831154550348,-12.428569793701172
1.5275640312561216,0.950531005859375
3.682989905065457,1.1968555450439453
-10.8237586662752,-23.883220672607422
-6.929951553081727,-9.341377258300781
-27.96215708599589,-13.538511276245117
-2.88087637063392,-1.128915786743164
-5.960419628776203,3.254667282104492
-37.189874708633695,-24.648273468017578
1.1496085756031087,-3.5726699829101562
-12.7137936794919,-16.252012252807617
8.398744223780918,-5.989826202392578
-33.3004252633332,-31.644899368286133
9.144089281431205,0.5934915542602539
4.065326821312747,-3.1933650970458984
-41.9047429025821,-14.378789901733398
7.383552345763623,-1.6740398406982422
6.364261125349779,-1.917567253112793
4.841793570156368,-5.854331970214844
1.6198341998494314,-4.913764953613281
4.179707781567577,0.3414421081542969
-14.7229944429405,4.988229751586914
7.078924552126015,-1.950169563293457
-12.898019313824,-20.522233963012695
-70.8116033690518,-13.6009521484375
12.7359625054994,5.294593811035156
5.586124430090477,3.9550132751464844
3.028467183462371,0.5441608428955078
-5.830142578087577,-10.38247299194336
-22.6841489367301,-11.191778182983398
-1.51657819068512,-4.455329895019531
-81.52648016021857,-8.246870994567871
-3.36903782007548,-0.10286712646484375
-18.707844022,-19.562278747558594
-34.48768519828235,-29.41851806640625
-39.7169735486916,-4.609392166137695
-1.593720937577549,-3.7796802520751953
-23.2954444871652,-13.740711212158203
-45.30258920076982,-20.716703414916992
12.5056328567953,2.0565452575683594
-11.9299972333177,-6.285680770874023
-37.9495035857927,-3.709197998046875
0.7001962140772594,-2.1270675659179688
4.49418879319923,0.5596189498901367
-39.0646563811545,-35.051048278808594
-9.09730633851708,-8.107139587402344
-17.5589533745204,-17.68168830871582
-4.92782811871599,2.246990203857422
-8.2299173561342,-36.25018310546875
2.60625970962018,-0.3198833465576172
2.726862934921635,-0.7950668334960938
4.071661498679735,-9.863905906677246
-13.2494383747796,-5.181258201599121
-11.9154244975033,-0.9688587188720703
0.9090871567987184,-11.416685104370117
7.92708077877978,1.8456745147705078
-3.119647295186995,-5.474880218505859
-2.248378586620203,-12.981975555419922
1.6646916021852596,-8.205574035644531
0.1590569364430157,-0.05974769592285156
-77.3623903172369,-34.141700744628906
15.8859560938761,7.950547218322754
-3.11888044241469,-1.3978309631347656
-2.7468186065138984,-1.5908622741699219
2.77922195660905,-8.636436462402344
4.052279150357491,-13.467519760131836
-4.03806373695381,-9.549379348754883
-2.4461467814868523,-9.911395072937012
-0.1639564470097907,-1.3323841094970703
0.8542168432631491,-24.897855758666992
5.84905996845087,-0.4441642761230469
-5.77665564868809,-2.470478057861328
-3.7008288999313423,-1.4644412994384766
-7.18713065449027,-11.756280899047852
-0.9529303605806088,0.547210693359375
-15.902118442879,-13.585737228393555
-28.0636361890057,-9.800708770751953
-26.912205886836706,-28.56256103515625
8.596988309863011,2.2585716247558594
0.2877587512502297,-7.556264877319336
3.3899996482015826,-0.8894977569580078
-20.5869014386951,-14.558385848999023
-9.341800010912078,-10.606706619262695
0.1692077246922899,-1.4806652069091797
-1.857666460494741,-3.4088592529296875
-13.2752747780792,-28.484081268310547
0.7445982178878973,-5.610015869140625
4.49646859469848,-5.15882682800293
3.60913262992784,-2.9657211303710938
-5.653435188749545,-3.9103050231933594
1.51502173443586,-5.782951354980469
8.143116180793372,0.6339530944824219
-8.36164856265281,-32.442447662353516
-1.130678948105339,0.04118537902832031
-4.349210006555943,6.481040954589844
0.2594141505344826,-13.306618690490723
-32.1283374054069,-22.35093879699707
-1.9051378030600723,-3.4014453887939453
4.768047800449637,-5.085355758666992
2.264898495983479,-12.382890701293945
-6.47138721063866,-4.917030334472656
4.93167956005568,-7.811553955078125
2.4851768276660025,-5.860501289367676
-3.930469946192945,-10.715692520141602
11.923948375295712,-0.3178863525390625
11.616605850275496,5.272178649902344
10.41580460128629,-11.77231216430664
-8.700462669667385,-13.591254234313965
13.1991243046288,-6.00328254699707
-4.75101729862813,0.29619598388671875
-1.4230966237807086,-7.538421630859375
-2.07861348348741,-4.7302398681640625
10.292368565007404,4.656776428222656
1.9007667723773176,-3.0948257446289062
17.1612744381531,8.118825912475586
-0.1428452494230792,-4.136297225952148
2.4933992323843923,-6.2245330810546875
-13.861300672159,-6.129940986633301
-1.7943154401891548,-3.746164321899414
-4.15624175439773,-7.920312404632568
-14.277645616907492,-5.787151336669922
2.713132201978397,-11.798630714416504
-13.315456279797685,-23.404193878173828
-5.36204355968609,-10.595073699951172
-1.4872271509121793,-0.11831283569335938
0.31232235517322,5.677339553833008
3.0307168501552093,-6.749761581420898
3.4484762474106,-0.31531715393066406
-34.0729170807354,-22.967201232910156
-25.0659802428987,0.3930072784423828
0.86771933446589,-0.24716949462890625
-11.996919710325,-9.282171249389648
17.2594267615487,5.4502973556518555
-56.2560888739038,-30.315113067626953
-12.7386491421071,-12.279474258422852
-3.520787796436005,-8.885880470275879
-0.8014467498558491,-10.991201400756836
-34.7812340468876,-31.64488983154297
7.158235365631607,-13.715143203735352
3.29681579894721,1.6170539855957031
0.046018285265003,-29.64065170288086
2.046344769010002,-8.176630020141602
4.25403099118957,1.7774744033813477
3.7804230286959792,-13.437784194946289
-3.773219093074008,-7.276191711425781
-9.722403045722997,-7.564249038696289
2.81101468536903,-1.698822021484375
-23.7494411406013,-10.66903305053711
-75.56229656723696,-27.77801513671875
4.366245372711767,5.830587387084961
9.94612085382829,12.262384414672852
-8.207132148775708,-41.42721939086914
-3.09775596823669,-0.31531715393066406
3.77256113899207,0.7016372680664062
0.2016574678685985,-0.3703193664550781
4.38808277416547,-7.285907745361328
3.7092867134231,-3.399435043334961
1.6740112862957208,-3.6610145568847656
-5.472376660417956,-1.4967288970947266
12.283123760680592,2.217935562133789
4.417989059347175,-4.631132125854492
1.907333647224608,-3.430215835571289
-3.73521146317182,-8.5361967086792
7.837521570550837,3.5162277221679688
4.82455755953161,-10.127907752990723
-0.6472060937938101,-3.208181381225586
-8.237956686764985,-20.627153396606445
7.36579899286375,0.6453256607055664
7.859716520666763,-6.948879241943359
2.765011277030255,2.4868927001953125
4.62415639298937,-0.6011543273925781
6.430237727930085,-6.1340179443359375
2.44728958086436,-12.929594039916992
-1.93656353174353,1.0680580139160156
-33.7845903951132,-24.43773651123047
10.960301672714698,4.821738243103027
6.147225205740463,-2.865231513977051
2.4659746492236927,7.372535705566406
18.2642273209106,-3.947582244873047
7.656482330373112,0.1990489959716797
-63.2346715672369,-33.61253356933594
-22.9610154952969,-19.172653198242188
4.39789099231211,-4.8505096435546875
-46.587141393021525,-30.288036346435547
-12.281506448986304,-0.9981040954589844
5.220668557811489,-4.6338043212890625
-1.4412632820262703,-0.659759521484375
-35.163016426576704,-22.781944274902344
-31.380009974583203,-19.003597259521484
-40.7258600860177,-1.2521438598632812
-35.3994683825842,-22.692567825317383
-10.968565079401992,-11.184100151062012
15.384553292915324,-21.59988784790039
-0.4271227388875901,-0.06993293762207031
-7.69948364751984,-0.44615840911865234
-26.6822467124322,-36.87836456298828
-0.2823200449385875,-7.464992523193359
-3.8453528225106623,-13.18740463256836
-2.4599041427842496,5.25532341003418
-12.7315114055493,-7.2597503662109375
1.418014053180695,-5.592100143432617
-3.4922781726655696,-3.576061248779297
9.58062385928767,-0.8055868148803711
-17.5801214502402,-32.63887023925781
-49.5120706514507,-24.14447021484375
-0.4503474699443348,-3.2740259170532227
2.332279780348585,-4.790897369384766
-42.2483635713802,-28.54698944091797
-5.00028834575103,-5.693719863891602
-5.14141487663266,-8.490774154663086
-19.923371510770203,1.888014793395996
4.28301459624688,-3.334016799926758
0.3224388648416145,-9.781816482543945
6.795393661635613,0.3618602752685547
6.720388221210122,2.300790786743164
-20.7558388881914,-3.8849716186523438
-12.5922662394529,-7.453181266784668
-5.19085420781142,0.04192161560058594
-27.3858072066324,-15.98736572265625
6.488490212037078,4.1187896728515625
-12.5233171201947,-14.4564790725708
0.996650643215182,-5.906227111816406
3.27144637329635,-1.2526512145996094
1.203208947199059,-9.29473876953125
4.5031585012656095,-8.913497924804688
-46.6686841099013,-24.980854034423828
3.600655729290548,-3.521150588989258
-2.7077151362496297,-18.39655876159668
-42.936846127142296,-24.229087829589844
2.679404112105611,2.919046401977539
-23.975827854410426,-20.037282943725586
-24.4869919201538,-16.403697967529297
-6.22433036882608,-4.014858245849609
-24.992167376126925,-9.882911682128906
-9.742168339465294,-3.100330352783203
0.1235817830644999,-0.00936269760131836
-11.607028837624,-7.8502655029296875
5.321680837772678,-5.060398101806641
3.3452637215970498,-4.910787582397461
13.015759276594096,8.562854766845703
-6.13466459150186,-2.754396438598633
3.0897024917955025,-4.405678749084473
3.557691046156,0.35286712646484375
2.0008593011464906,-10.292709350585938
-1.2671721747064446,-17.388259887695312
-2.989164004622407,-27.121257781982422
-2.43808381047612,-7.061826705932617
-11.30813578108209,-6.342879295349121
-9.619042312244815,-9.431074142456055
-4.01456885639382,-3.9034175872802734
-4.853312003098937,-32.158390045166016
2.78743688363977,2.7255916595458984
3.6035536346157695,-8.889410018920898
6.09033976794457,4.678348541259766
-5.89266438028177,-2.5048580169677734
4.780848076735348,2.0432662963867188
-20.7592210135025,-24.942020416259766
-3.637071869773312,-17.89508056640625
-4.396710286499547,-3.4503631591796875
9.04709717330502,-18.96955108642578
1.69213972357191,-5.077949523925781
-27.068723822751306,-20.447940826416016
0.2886204877907422,-1.3065547943115234
-0.592182005541919,-30.66385269165039
-4.736229867816737,6.524394989013672
7.877641553655238,-0.06210517883300781
-2.588665914009158,-3.0519866943359375
4.72846919446815,-10.655559539794922
3.42669038506664,-3.9694366455078125
-10.274169876330886,-5.315286636352539
-1.289264920121349,-11.766977310180664
-6.9648772325347394,-3.9161224365234375
-1.2236747050651609,-6.303680419921875
-12.208208404490907,-23.357860565185547
4.40921359309415,0.7804107666015625
16.4171583068458,5.74746036529541
-15.991582533821994,1.3183231353759766
7.809600001042748,2.180842399597168
-3.0331069492891496,-4.338140487670898
2.603164662477901,-9.250837326049805
-24.2572199033326,-10.859918594360352
13.667582002208905,5.047635078430176
8.19307228691883,-8.806218147277832
0.4664503305112299,-4.951416015625
-6.46133524603972,-3.967927932739258
-19.7520332208299,-17.373361587524414
-7.75971004909346,-1.878814697265625
7.66334596528203,-7.690055847167969
-27.64770126959135,-11.82088565826416
2.125547882163602,5.758265495300293
-1.8239337240231768,-7.297496795654297
3.3696784995100426,-2.5958776473999023
5.265272900492549,-5.137125015258789
6.753311816554961,-4.106670379638672
0.9434331950199416,-4.428442001342773
2.13745295521649,-5.312353134155273
2.76912169862866,-4.052402496337891
2.409764321136161,-3.18243408203125
3.7606671418030695,-6.384365081787109
0.555665600488549,0.7516078948974609
-89.04756219223692,-29.908527374267578
6.987950206462267,0.9877681732177734
-10.09410467002709,-34.034088134765625
8.16191414696451,0.3242378234863281
-10.731303688850904,-8.933137893676758
7.588764503474316,3.3067703247070312
-5.25293160621848,-4.277214050292969
2.3065604778561424,1.5777816772460938
-3.8022266666193874,-13.235950469970703
3.22816419080692,-3.6142759323120117
1.1941842843275,1.0714683532714844
9.772192422094813,-28.242359161376953
-2.489313079893845,-0.9988594055175781
-13.547300817594484,-22.508703231811523
-1.5403494549472296,-2.7164249420166016
-5.139364658294922,2.635589599609375
-1.32131943338233,-7.125570297241211
-0.5284321769112605,-6.490375518798828
0.1119561526876595,-0.0041599273681640625
14.8508222506114,8.996134757995605
-0.0918051514147744,2.751924514770508
-1.7237618714553775,3.061997413635254
-1.5699354762224491,-0.14880943298339844
1.5718362711845366,-5.178657531738281
3.58036180553514,-1.9924378395080566
7.45084701577923,-7.831021785736084
-7.378812419643663,-2.7810611724853516
-33.1832620874725,-21.128238677978516
-6.066411004621831,0.32073974609375
-16.4910721624856,-18.514087677001953
0.8267526169764301,-4.343423843383789
-9.762453719841735,-37.09779357910156
8.07102955700163,6.717975616455078
1.741670982094262,2.7096309661865234
-0.0053525606393112,-8.406461715698242
-51.4043293278057,-17.127410888671875
14.9415296965116,3.680948257446289
8.70853787657841,-8.247272491455078
-2.149900469098629,-6.784030914306641
14.8229623836697,6.50052547454834
-0.0379657812584102,-8.139886856079102
-15.3173389528898,-0.9281578063964844
-1.7663441991754285,2.318113327026367
-6.708306328674888,2.4305419921875
-78.7451798053926,-32.647132873535156
-0.5413656534735456,-3.1593379974365234
9.625121597198186,-0.16083717346191406
-3.15562863494722,-2.571042060852051
9.60447820177431,5.979644775390625
-3.31847606547329,4.154788970947266
-4.12581810820042,-1.7995491027832031
1.7706121017107803,-1.1764068603515625
0.5117341060036625,-5.715925216674805
2.63157412115867,-3.183380126953125
-4.763634360062484,-2.114604949951172
-11.18181257464061,-1.4646739959716797
-39.4932668903457,-12.006975173950195
9.206200380526292,1.8422908782958984
-2.93911844531118,-2.3213062286376953
-28.13472322157985,-14.733966827392578
9.62907409316032,0.24917984008789062
-7.042636248773623,-4.899440765380859
-4.03025121975644,-4.007877349853516
3.42951329804928,7.569557189941406
2.5565427438131976,-2.9640560150146484
2.8513084033656,2.7691850662231445
-5.5623675139736175,-7.664002895355225
16.9968892380515,6.305746078491211
-4.144685584269085,10.920682907104492
-11.221818720505304,-4.003749847412109
-2.111656589218961,-6.357265472412109
-1.626797120535592,-0.9596500396728516
0.7652624054000594,-2.5802717208862305
-21.5531296050118,-19.27337646484375
-13.053772031257305,-7.773768424987793
5.42509465390903,0.8084926605224609
-5.5186956836840375,-0.0046863555908203125
-2.260381023139061,2.1228179931640625
-30.3377383335249,-29.775714874267578
7.380729755239978,-0.654266357421875
-4.172986764275874,-9.439159393310547
-1.2036514942358316,5.632970809936523
-35.2906329121599,-23.783300399780273
-2.54595208771381,-25.368608474731445
-10.901275449743116,-3.6947555541992188
-17.0078420331655,-23.361696243286133
-17.0314498829154,-2.511167526245117
-11.9784507557909,-6.777212142944336
-19.469018973061075,-12.472455024719238
-3.2142130797467816,5.589607238769531
-0.5663484394051013,0.24903106689453125
-21.2195468929047,-7.821175575256348
8.077984978184695,2.1890125274658203
-17.0119321722455,-11.695241928100586
4.67424026120176,2.604583740234375
-47.9875704511971,-34.920928955078125
4.316615136301563,-2.4442138671875
11.2728180991378,5.877038955688477
-3.5546157663424616,-18.512460708618164
-3.15887949932979,-9.379009246826172
-1.6422791314174887,5.378007888793945
-3.448025235667948,-23.280981063842773
-13.5632540546311,-12.701574325561523
0.8825935384285006,1.915252685546875
3.27100049685324,-1.0068540573120117
-0.7762273913233743,5.835630416870117
1.026942322157092,4.942710876464844
9.859104788483815,-2.6312808990478516
-1.9977872313530125,1.4752426147460938
-13.1809903671301,-3.470682144165039
-35.1782981083837,-28.393457412719727
-35.8337806803641,-16.24498176574707
-7.639409008216227,-3.7024917602539062
-15.746453943284,-16.717933654785156
1.055995951979529,4.484687805175781
3.987299411465438,-3.5139989852905273
-37.0930621901092,3.4423465728759766
16.694612728237402,-2.8565826416015625
-4.527979888097892,-10.447076797485352
14.6352674345898,-8.776834487915039
5.034618319433818,-0.23456192016601562
-3.77133000272187,-5.654621124267578
-1.61504571199055,-1.8653087615966797
-56.3663437951974,-20.524272918701172
10.088450856398616,-1.239828109741211
-14.285610883283098,-18.69622802734375
2.6210618799141923,4.23637580871582
-2.308732762121495,-9.866168975830078
-83.9761260280997,-28.014991760253906
-1.03656181464744,-2.3273048400878906
10.16232173056559,1.600667953491211
-3.12013961477547,4.019294738769531
3.010752586641185,-4.111236572265625
-1.5178355576616795,-0.7176990509033203
-2.60072537807549,0.6307468414306641
-2.367312137177082,-7.679017543792725
6.075310726130807,-0.05483245849609375
2.24572304437811,-1.3770112991333008
0.2044267191685782,-4.125244140625
3.85944773684647,7.117071151733398
-14.409506408843407,-7.836819171905518
-2.683955047842884,1.212972640991211
-0.0075038478591599,-4.532758712768555
7.190050317883171,2.1320457458496094
-2.1691769605730515,-8.233104705810547
-7.910003358009165,1.373434066772461
-69.1366966634013,-24.384719848632812
1.437241653553571,-8.856386184692383
-20.7409218490905,-7.405680179595947
3.78247800369874,2.7906455993652344
7.909526276907584,-4.557525634765625
6.097122298913325,-17.54979705810547
24.5800902168924,10.114992141723633
-9.979741434164584,-16.18539810180664
3.1327986373042376,-0.1861419677734375
-8.393586343504198,11.398849487304688
8.678125432705007,1.4058837890625
20.7428439693387,-9.46976089477539
-1.511416195100045,-17.717681884765625
-23.3725501337939,-7.503772735595703
4.69437535963172,-5.879547119140625
8.24149319055937,-0.38259124755859375
-0.2898522089969393,-6.135259628295898
-7.19378137939456,-8.424674987792969
1.0271109700113177,-5.627511978149414
-14.564555056626377,-4.963109970092773
-9.657849716236,-25.64398193359375
-0.7280966227290082,-6.881321907043457
-21.8962191024866,-10.370386123657227
-40.2614734397264,-25.58815574645996
-1.77750068778882,-8.581849098205566
-28.3488859938485,-19.42217254638672
-8.184373188662292,-29.556137084960938
-6.135426654744688,1.1043643951416016
-3.270422191581055,-6.5082783699035645
-6.055427015859325,-3.878244400024414
-34.3143130117107,-23.1968994140625
-50.4820483838523,-13.993902206420898
-4.639593570653838,3.2545547485351562
-21.0606958753072,-23.174449920654297
8.747205755218493,5.730676651000977
0.6884341878779402,-2.523914337158203
0.300408103033295,1.932077407836914
-2.6184282494780104,-0.08579540252685547
-37.3999740396079,-21.630661010742188
-10.594900847222812,-16.444473266601562
-23.227454082363305,-20.579442977905273
-15.4814292943448,-10.511931419372559
-6.89310310865277,-0.6473484039306641
-11.7962452523223,-1.8945541381835938
-0.3887710448227697,1.4452438354492188
-4.0896099478500325,2.0319881439208984
-42.6579269422049,-34.0152473449707
-2.095241650043551,-0.7795324325561523
8.45389840526827,3.949281692504883
-15.5157954828953,-25.484933853149414
-1.9802660997523944,-4.549557685852051
1.8368511005450223,-4.683322906494141
2.11900133622217,4.207033157348633
-38.4962238749225,-30.809207916259766
0.8069046214032297,-5.619335174560547
-1.73607437190069,-4.887333869934082
-8.46093254820262,-1.4030065536499023
-0.0780407432645869,0.5942106246948242
5.009535132419683,-2.8471946716308594
-74.9399761386801,-34.41526794433594
2.806732553915905,-2.381061553955078
-10.415057364934407,-0.8164348602294922
-4.81834176383161,-2.025148391723633
-1.4920816076829602,-4.530143737792969
-0.003939288658445,1.6540794372558594
5.86288473591452,-0.019559860229492188
0.4443344011282492,-3.506114959716797
5.72263802046558,2.9387283325195312
5.46583466116103,-10.189645767211914
5.05355462238675,-11.333660125732422
-17.190033530139498,1.517599105834961
-10.1192188918475,0.16074371337890625
-10.539071528779305,-1.4322853088378906
0.2492257167476033,4.0991668701171875
5.35198813185094,-2.841836929321289
14.9823899147147,3.8446044921875
1.7336328627834918,-10.461231231689453
3.2582764286422226,-2.6032867431640625
1.1615369027166365,-1.1061038970947266
-42.4099588259267,-22.61284828186035
-38.7823663998969,-22.903104782104492
7.99575647038201,-0.3054065704345703
11.644495901203598,2.517618179321289
-39.0956747424042,-1.734060287475586
-38.6438610292767,-22.719301223754883
-40.5029244010595,-37.988162994384766
-22.8644313188967,-6.278615951538086
-0.897066728281827,-4.61848258972168
-17.6830733389949,-13.219707489013672
-0.0084306638066775,-4.768760681152344
0.5394390329931549,-0.9084758758544922
-21.61387508166409,-22.478763580322266
5.053393098685065,0.011928558349609375
-15.7834934865799,-9.496671676635742
-58.40351531723695,-37.11412811279297
8.86280218600469,10.243999481201172
1.888243484494037,4.416418075561523
8.99923705482913,-2.740650177001953
4.133325903305868,-2.2729244232177734
4.774357664359128,-1.593857765197754
7.418770080750715,-8.667974472045898
-2.25262466719878,3.1945323944091797
-7.071587649042333,-7.928744792938232
4.398742241377427,-5.552459239959717
-8.692928400841772,-6.440728664398193
2.334382802629,-6.917690277099609
2.8274240704709,-1.3750009536743164
2.1747311895065486,0.6604099273681641
-11.9965988914421,-2.555299758911133
2.776867734737273,-10.039249420166016
-12.4595255596924,-0.411163330078125
18.5317724911246,5.222530364990234
6.86106163750481,-0.7897462844848633
-19.1693792779686,-0.010822296142578125
-4.20883890972707,0.0761861801147461
-0.3530077955256401,-7.381389617919922
-1.6020246929696491,-29.495094299316406
-7.57557880794988,-14.069883346557617
13.9692836454661,-3.418123245239258
1.289294757415069,-8.50615119934082
-20.3746494688195,-39.28597640991211
-8.044482691931467,-2.771150588989258
2.51340467963473,-9.965606689453125
11.0282847349576,3.579439163208008
-1.3944922949507652,-2.763935089111328
-26.2706781913698,-26.078628540039062
-71.7765711158932,-41.15071487426758
-44.2857422252861,-20.614046096801758
-3.057699221935841,3.7494640350341797
10.116767222520318,0.8004703521728516
-46.9980356488569,-19.923114776611328
-8.677497573270493,-3.837665557861328
-25.781275563237,-2.5616493225097656
-2.941164138388841,-2.7317676544189453
-26.5692742661385,-10.94251823425293
1.2555345380058751,-1.9199638366699219
-0.810306898238276,-7.5879364013671875
0.2404076931068699,-11.429428100585938
-2.5590885431480426,-7.413661003112793
-11.9846830308257,-12.476555824279785
-5.775806690181939,-5.419471740722656
1.9806048133258944,-32.49544906616211
16.618750626525,3.6449241638183594
8.204494762209066,-4.155733108520508
6.80321923705408,0.5488986968994141
11.710679650337616,-9.456382751464844
3.181253849239128,-4.787092208862305
0.90894434552881,-1.3370962142944336
3.547124544521316,-17.57054901123047
-2.202886656443709,-0.9001083374023438
-11.133669865203094,-14.018781661987305
9.328533024448705,-4.148736000061035
-0.7012610501602399,-6.0974578857421875
-0.3170472839931941,0.2631244659423828
-2.3458288386735573,-1.4484310150146484
-26.1191329979098,-15.206981658935547
-2.33292598982445,-8.277996063232422
2.461922216333884,0.025592803955078125
3.73205068567752,3.3486995697021484
-22.4462583852743,-19.31736946105957
16.899113604615202,-0.7529878616333008
-2.85382252753121,-6.067712783813477
1.2705701336207027,-4.256288528442383
7.960789166364423,2.024271011352539
2.71808902854303,1.5640554428100586
5.5273920092716775,-34.489646911621094
-4.11149235653684,-26.847816467285156
-20.9676231329802,-4.0367279052734375
-0.89184437235696,-4.042397499084473
-1.2816619609782416,-10.244555473327637
4.85634828411675,0.7665805816650391
6.429854346358795,0.6329078674316406
4.71112087372323,-5.498073577880859
-30.7199022255615,-14.381513595581055
-3.8590388668775,-4.753530502319336
-10.6557437737239,-5.556236267089844
-13.4460672849668,-28.756908416748047
-5.527709296795018,-6.561773300170898
-1.876637029070265,-6.131017684936523
10.2532613363299,3.961393356323242
3.00680128293027,-0.5708732604980469
19.33685959748449,7.707431793212891
-0.1058882282985149,-4.75691032409668
14.3436638764016,5.534536361694336
-16.1535771788668,-21.663501739501953
0.9480162028997956,3.313871383666992
-18.5891767455387,-18.938440322875977
13.309934514349203,4.687524795532227
6.02246857213521,-4.582204818725586
5.16750826555368,-4.214988708496094
-1.0190872666435924,-1.8838119506835938
-19.100904418149,-12.304458618164062
4.743603615290096,-8.341426849365234
-13.8157551615103,-4.353910446166992
-3.802611775309477,11.43766975402832
4.30511943579503,0.35926055908203125
-22.482844278002705,-21.415924072265625
0.60779733849738,-3.035581588745117
17.8138573048897,6.359344482421875
-38.4626262988146,-21.48366928100586
-0.6089836493556324,3.2288970947265625
0.8617451361473882,-5.56462287902832
-2.40000424902785,-2.68780517578125
3.7078671714499096,-0.4061088562011719
-2.390619984667185,-7.946747779846191
-15.559462368784592,-10.432361602783203
-13.790764753514,-0.7151412963867188
-9.325981865786185,-22.758087158203125
-58.4491138315396,-35.79998016357422
9.550892694239591,5.112368583679199
4.435147085081137,4.283687591552734
-2.3538192484503564,-2.1775341033935547
-5.83438093189622,-4.896934509277344
-7.10827059552493,-14.617350578308105
-12.414939844598162,-9.652769088745117
6.6154810826822,4.729951858520508
1.3155747227446202,-5.610567092895508
-2.56542276271332,0.28968048095703125
-13.546032832554804,-4.337257385253906
-16.600339428286603,-7.741512298583984
2.9737175212081803,-2.423734664916992
6.167862854629888,-0.47449684143066406
-40.922076323723,-32.8951530456543
16.9349100756105,10.14405632019043
-12.24911226903676,-15.485197067260742
4.867927463076468,0.5483207702636719
-21.6327950573002,-17.379791259765625
7.11033993521173,7.387082099914551
-9.59094984812801,-17.780317306518555
4.92186081619874,-0.1512928009033203
-7.815562497274902,0.5023822784423828
-2.20364176327536,0.107757568359375
-19.6754058911438,-26.737998962402344
-91.8886792382854,-8.511316299438477
-20.9507978903398,-25.932376861572266
-17.8084408175675,-10.047699928283691
-62.9612541332419,-31.16672134399414
5.598134989920393,5.073905944824219
-7.283890318199592,-4.025678634643555
6.1026124307435,4.042364120483398
7.42840635595139,2.898824691772461
-5.179391847578812,-11.903230667114258
-4.873152982370568,-8.453001976013184
7.276768036701751,-1.3698062896728516
-10.739322929783883,-2.0123634338378906
-22.9219832537164,-39.003517150878906
1.5259403537211615,9.089454650878906
-44.7886924625105,-36.19514465332031
-3.72583443525641,-4.927885055541992
-14.57002364123529,-32.714637756347656
-10.128266274366498,-21.705739974975586
-28.0249952668106,-21.238235473632812
-26.24662901330595,-29.576171875
-40.3645652505015,-24.761686325073242
-30.8056950922951,-11.033134460449219
-3.9552380984537248,-7.720438003540039
-2.1789667599796294,-6.981468677520752
-0.5734820606807138,-5.428684234619141
-1.1617148968623687,-8.175926208496094
3.42848617073407,-8.797332763671875
-17.4030551064212,-6.126058578491211
3.88109013796494,4.923055648803711
9.400493271217616,3.4627342224121094
-11.302161927872188,-13.151926040649414
-13.3709137252944,-17.83929443359375
-6.79658968512302,-4.700674057006836
4.509456424718162,1.139699935913086
5.45103123545738,-0.027118682861328125
8.149714042401495,-4.1446027755737305
-12.909180343140196,8.68133544921875
-6.61979034735207,-5.378242492675781
11.9978624338519,-10.019964218139648
-12.53254789251529,-6.335107803344727
-8.36198121766124,-11.20281982421875
-4.361976736345532,-7.964347839355469
-0.1898191226144924,-10.010971069335938
2.3166834950764685,-5.921407699584961
-12.6203596574975,-14.510519027709961
-1.207429910073891,2.444085121154785
-29.7403775200217,-15.598398208618164
5.31082796058257,-0.01213836669921875
2.97844031586002,-3.1118640899658203
-12.533050119535002,-11.806015014648438
-5.8684323426223,1.2884368896484375
2.391980620215489,2.2118778228759766
7.73570234615748,-3.2205886840820312
1.166748445159433,8.647537231445312
6.093529951556334,5.2621612548828125
17.709922444879297,3.309223175048828
11.779516260068313,-0.6765422821044922
2.4866177573815964,3.405782699584961
-30.89708550466269,-37.82062911987305
-9.231606713935047,0.5625476837158203
-13.4089268865456,-9.897540092468262
-9.06573754635488,-9.82255744934082
9.30630078585379,-0.3921184539794922
-7.156550033865472,-12.468181610107422
-10.5414716495377,-10.931113243103027
-27.8178569354009,-20.76637840270996
5.3817717725564,2.8172760009765625
-35.155236696245,-28.09031867980957
-21.4141717786538,-24.996362686157227
-2.6053130644292946,-1.5170917510986328
-9.953220777101093,-13.717598915100098
-8.798237091769485,-13.293294906616211
-27.6920167541674,-11.649365425109863
8.017093587799739,0.17858505249023438
-0.3550158381598589,6.051034927368164
-1.19024715514191,-9.838386535644531
-3.2855896341823474,-24.07038116455078
1.844566842421384,0.027326583862304688
-30.7366736665872,-31.106185913085938
-11.338238855350506,-7.131296157836914
-1.059512617215007,-4.542239189147949
-33.7712071062874,-19.188507080078125
3.812227003524945,3.085874557495117
-2.8472026300298463,-18.920982360839844
-21.5871320482388,-0.2919340133666992
1.845960760756301,-3.121417999267578
9.06213659212517,5.858685493469238
-13.950148061363093,-10.957416534423828
-15.1006814359747,0.79510498046875
-8.65496498210776,-5.688424110412598
-31.18852367408345,-22.514673233032227
2.35160533891099,-12.44877815246582
-7.06329362397977,1.306793212890625
-11.299328727708405,-5.600341796875
-5.73967918172164,-3.4798450469970703
-4.062121175440552,-4.264347076416016
3.62056380925444,0.9810161590576172
-6.512385872303066,-30.615036010742188
