Score,Pred Score
-13.812973987503693,7.513422012329102
-14.6311710829416,-32.495731353759766
-15.020937907067507,-12.21152400970459
5.61896917638109,4.261425018310547
0.1461877509898399,-7.458662033081055
3.59745169898486,13.42573356628418
-6.72144892291601,-1.2543578147888184
4.304204520484877,3.9457149505615234
3.37898618824583,3.5889854431152344
3.939818822274421,10.623058319091797
13.9953943577381,11.942420959472656
-5.39913759737588,1.3727245330810547
-2.204579993178592,9.76529312133789
8.829561804598438,9.514078140258789
6.01696699102072,5.619100570678711
-6.376202369524528,-1.2161273956298828
-6.50906463316165,-1.1991386413574219
-60.92137282626391,-13.390822410583496
1.99934019108803,0.7152910232543945
2.188685633501576,11.012296676635742
4.07090957771029,-7.332418441772461
0.5211206139658471,0.24591827392578125
12.5580583918003,4.788030624389648
3.320229681965675,3.3983068466186523
-0.4381862293696001,-3.6028671264648438
0.1752112379752922,2.512664794921875
4.123908949931413,4.298635482788086
-14.2382866820043,6.194360733032227
12.966325580978296,5.069367408752441
7.692941411907634,-11.462614059448242
-62.9031214125763,-24.531158447265625
-5.800670766453999,-3.0339674949645996
-11.705366535732304,-4.620282173156738
-4.786538605318405,1.0273323059082031
-82.4887013651952,-18.842647552490234
-8.251107402184557,3.1572036743164062
1.61677665352485,-10.705513000488281
-11.916211326129387,-18.65825653076172
-45.634880019414,-15.149942398071289
-0.568998602339841,2.8123207092285156
-12.147399114840605,-11.56478500366211
-27.4476544011683,-17.410825729370117
-2.306526469902426,0.5967264175415039
-0.4835459876036119,-2.9108810424804688
-8.39479061793487,-5.692281246185303
-46.862925671502296,-25.27556800842285
0.3837795244341289,7.180763244628906
7.184930267876617,6.417974472045898
2.8348518495029404,3.1347522735595703
-9.859535687586003,4.705011367797852
-6.00025755794808,-8.192731857299805
-4.764629840066975,2.709341049194336
-2.377061578670744,-0.38132667541503906
-2.0585753436264698,-4.767365455627441
1.1848602197973823,2.950089454650879
4.97603191479674,1.8083086013793945
4.27399441028646,-5.652131080627441
-46.2372447228831,-28.787633895874023
-31.4759298257721,-22.892459869384766
-50.1674018945849,-14.011857032775879
0.9601515747159592,2.6467742919921875
-11.864177458483407,3.7399826049804688
-0.538262620928304,-3.8444881439208984
-0.6920482116816997,-3.1610679626464844
-1.5184696160120892,-5.0138044357299805
-3.0836644409391925,-8.19755744934082
11.316750179392892,-0.01888275146484375
-11.183106529127476,-5.96839714050293
3.59102041590596,-14.279790878295898
4.55602013063716,-3.218532085418701
11.579228393987275,-1.6922283172607422
2.3067635611900137,-11.523126602172852
10.480393919522983,0.5677061080932617
-2.698100773809443,-15.808059692382812
3.776985072333982,1.3864002227783203
-11.773766374328297,-10.511438369750977
8.681027307740193,-1.1837120056152344
-1.1091988250418725,-13.98099136352539
4.484288991501213,-1.4052581787109375
0.0548896546292299,3.718442916870117
0.1118559290339978,-15.280065536499023
3.9797293996962297,-2.9435863494873047
-22.42608065327665,-30.496658325195312
7.37064384347005,-7.009638786315918
-0.2642143205483515,-9.687171936035156
5.344594984386832,-7.650585174560547
-1.2497809936708242,-19.053668975830078
13.71198107208239,-5.769600868225098
0.5045482395984724,-20.916988372802734
2.86709961553106,-5.096086502075195
0.4423212163888063,-19.913379669189453
-3.724573545179619,1.0357093811035156
0.2570808252882703,-8.101993560791016
-70.65073406723695,-36.875213623046875
-33.9587360563784,-20.972396850585938
9.2088386022025,-4.017855644226074
1.3318185914773402,-4.2615203857421875
-9.176001953270983,-12.595757484436035
-10.497767159210698,-10.877553939819336
-0.4402086584014632,-20.91765594482422
2.1560784090827942,-11.384075164794922
-27.1636490162131,-9.846292495727539
-0.670930828719279,-25.37624740600586
-22.794043146736,-27.42127227783203
0.8105828534072201,-14.89822769165039
1.2287673509824204,-11.617263793945312
-0.6435038581465955,-3.079310417175293
8.474782023793379,-0.25311279296875
-9.601847091024196,-5.9662628173828125
-1.6610011043127195,-5.138731956481934
-0.1091636509260827,-1.7764511108398438
7.570838092245207,-9.727485656738281
-7.211196994815285,-24.833433151245117
9.090654061652296,-9.301275253295898
-26.6651088566214,-2.6341371536254883
-17.309192174305,-4.558856010437012
4.14054171285972,-7.039165496826172
4.097668935846943,4.841451644897461
-0.29408409265346,-16.103702545166016
-35.8165916579592,-22.055519104003906
10.898098675545494,-1.09149169921875
-1.6552655274048038,-1.2051973342895508
1.6729502580778592,-15.600892066955566
-6.42491227706334,-21.92129135131836
-15.4752611754195,-26.154577255249023
-0.6907348474047925,-3.5176525115966797
-21.3629045873375,-16.624317169189453
4.219145585451182,-10.566171646118164
-3.019531285218114,1.4556808471679688
4.25311060075082,4.13134765625
-15.0412339008878,0.23341846466064453
-8.237627320974727,-16.50381088256836
-1.0683487237199796,2.184711456298828
-1.7174251595272625,-8.815266609191895
4.069163600073605,-14.092142105102539
-10.162041561092582,-23.628795623779297
-5.97248436581227,-11.305366516113281
6.120538767403939,-3.295900344848633
-0.8028238008287005,-25.966386795043945
-23.6042929930625,-28.594188690185547
-0.1777753404752198,0.6766357421875
-5.785469568057495,-21.372705459594727
-0.0556983764780604,-2.3783035278320312
-25.4508968849616,0.6175727844238281
-5.3185412482723295,2.9115028381347656
9.1356503291117,6.121495246887207
4.020569536845237,3.4066925048828125
-58.5527340809363,2.3700485229492188
-6.291328737399075,-1.527395248413086
4.187869588752649,0.23070621490478516
8.922207576391518,-3.702943801879883
22.7414116448382,7.766046524047852
-44.6057608529879,-29.096994400024414
-26.5129077898497,-9.574634552001953
-2.13735826282737,-0.6240081787109375
-1.14890133483728,8.445788383483887
-15.2234416939723,0.16749286651611328
0.369316059642221,-5.307248115539551
-0.6884117876070912,-8.192785263061523
-5.8772631055401,4.600467681884766
3.6053774296538297,1.2301874160766602
5.07108724357905,-2.575407028198242
1.292753014965791,4.364502906799316
8.440986836263871,1.2424697875976562
-3.43040335892423,-4.200462341308594
0.7651079053562314,-8.88670539855957
-37.13962469223695,-16.559295654296875
-5.822632503482525,-0.4499530792236328
-6.879472048396067,-6.007798671722412
2.11024229353816,-1.7400894165039062
-7.1526743450051855,-4.028268814086914
-1.122073026503361,-0.36223316192626953
0.3302260274555297,-0.06850814819335938
-1.178255647098801,-0.3892345428466797
-2.99361591491145,5.47222900390625
-18.1070051290659,-4.376450538635254
-3.0332808194811403,5.932316780090332
2.6303171850506604,-5.732454299926758
-9.72499716390718,-7.315173149108887
0.2729453578388601,-7.390590667724609
-21.4503408223732,-12.312110900878906
-4.99755531471552,-0.9000759124755859
-18.0018409950579,-21.059476852416992
4.00031385473591,-6.580852508544922
12.0378145652987,7.862181663513184
14.1235470599023,-8.242091178894043
6.55729051148795,2.105374336242676
11.19992297656359,5.251853942871094
-7.81388191369781,-6.480155944824219
-2.924593214648255,-2.4302902221679688
3.7667366885646025,-2.7702789306640625
-6.68253431604433,-2.66524600982666
0.7345204104922589,4.349727630615234
-10.626155896203898,6.382134437561035
8.106852576346123,9.792343139648438
-58.24412469223692,-26.085102081298828
1.4955767028094,5.343009948730469
-17.6906096863185,-27.62651252746582
-4.813871520282443,5.419345855712891
-11.8973420493851,-7.399725914001465
-2.67676896274171,-5.0756635665893555
-3.9331393974605526,-7.345037460327148
8.756217929094177,11.24981689453125
-29.2662792150344,-11.395240783691406
1.7249239205326918,-1.6919879913330078
-6.686975812883663,-28.189653396606445
11.10272802991041,3.087344169616699
-10.956818171714705,-8.916702270507812
-6.3500959185649,-19.903881072998047
0.6681105368389735,2.1483685970306396
-12.500029270357295,-24.34416961669922
-2.591242863373206,-7.041322708129883
5.954690473588823,7.627987861633301
-43.929359067237,-18.708126068115234
-17.4841411730512,-9.415900230407715
3.61441892535489,-0.026426315307617188
2.1112971208509976,0.3949604034423828
-41.8026500314277,-24.148727416992188
7.028135642932115,4.512746810913086
8.463248256721428,2.5097999572753906
-13.037072413777096,-9.789738655090332
-1.6307504375632549,-12.957502365112305
-0.3284521577656807,-4.461519241333008
0.4685622181175212,-3.6199207305908203
-5.316952415477393,3.4221324920654297
4.584421564331302,-7.194925308227539
-20.3593816575191,-17.577899932861328
3.67041582610247,-4.176538467407227
2.204062447972561,-1.3033676147460938
-4.666937653128132,-4.558305740356445
-12.3781694316975,-5.803160667419434
7.06923762363823,-6.062559127807617
-37.2883298194418,-16.182205200195312
6.442434166934048,12.97425365447998
-12.2162083245621,-7.3141584396362305
-20.3623076046531,1.1189441680908203
-5.45440876641342,-1.6065177917480469
3.1416241584890576,0.4174995422363281
-4.96580172718434,-8.31519889831543
-37.4061766871973,-18.99799156188965
6.46185690649625,-3.465939998626709
0.5403453062071405,0.2845478057861328
8.656689402528613,6.789394378662109
12.331931266595111,6.737176895141602
2.75380173901167,0.27352333068847656
-2.8447496930443927,-1.5609588623046875
0.0285872237409883,-2.00607967376709
-73.5286754265322,-5.165449142456055
7.285509446842615,-2.9270153045654297
6.72046542688671,2.3326339721679688
-6.19730890695259,-4.441512107849121
-16.4599719883519,-8.63598918914795
-10.288292260688207,1.141740322113037
-10.285920522724917,-8.670965194702148
-30.8171784242839,-1.0201025009155273
-4.65691689928222,-5.216449737548828
-37.1716279374795,-18.50835418701172
-36.50577458359941,-5.879369735717773
0.7942566624333496,-21.026350021362305
-34.8552692363716,-9.884086608886719
-2.491707941339629,-20.19220733642578
1.7387039934851498,-2.096926689147949
18.9715733525152,0.10483741760253906
-13.8996269060666,-8.1078519821167
4.17561229224804,-9.772275924682617
4.7680640763497,-13.978611946105957
-6.745372906074374,-7.195549011230469
7.262818938793504,-8.460798263549805
-55.7541546140486,-31.199905395507812
8.453421074249384,-1.2955799102783203
-5.85807143580148,-6.187173843383789
-52.7336020518746,-39.45724105834961
-1.995826789875676,-1.6754217147827148
-1.3326443092463092,-26.53122329711914
5.029017096161708,-1.3447685241699219
-0.71117494174041,-8.616575241088867
8.243548509216069,-2.400392532348633
5.81602235619721,-12.47443962097168
5.978124919049687,-5.38502836227417
-2.8859593337581737,-6.009698867797852
-26.0047332498617,-22.725141525268555
-1.5220929784942658,-19.632884979248047
-3.195242757261453,0.1935710906982422
-15.0089303719363,-14.824836730957031
-1.757118944268968,-32.719295501708984
-13.5091075877696,-8.083566665649414
-4.0681667574955,-8.338342666625977
4.43276114617859,-10.573343276977539
-4.665207913971671,-8.386194229125977
7.33919324558513,-11.23090934753418
-11.69780882660921,-16.233190536499023
5.960801203295765,-8.55417251586914
-29.9162730471743,-19.15926742553711
-5.331847529263395,-11.077281951904297
4.2006804390709,5.845432281494141
4.76541245752904,4.680776596069336
5.87221574658101,-5.841193199157715
-12.955988512618,-26.340553283691406
-14.4061745570978,-22.605533599853516
13.644333664082708,0.0054683685302734375
7.522446474796843,-16.144649505615234
2.858782897786812,-13.464254379272461
-49.8653288018085,-26.200456619262695
-4.029904705212941,-2.017169952392578
-6.2026319104393295,-30.631492614746094
4.452168509343501,-4.188045501708984
-16.475900892606802,-9.482620239257812
-11.03094492075089,-34.894020080566406
-8.08045020128908,-2.3365354537963867
1.39259946716825,-8.281837463378906
-14.885807229381896,-6.145835876464844
-11.113180908425988,-10.480830192565918
5.506094216928792,-7.303920745849609
5.29091659278858,-7.115696430206299
3.42106467876526,-4.835550308227539
5.162821279449693,-4.288961410522461
6.020551076354931,-3.6131515502929688
0.8086942897832163,-9.09044361114502
-8.80546181278599,-15.894371032714844
-7.42349600405968,-25.158885955810547
-14.4731176558811,-3.560845375061035
-35.5448186771701,-8.809913635253906
-1.657597602265355,-1.7555656433105469
-1.930224441335125,-12.303913116455078
-10.398648228661925,-1.9413223266601562
-1.6521884315998507,-3.033376693725586
1.3131129859732091,3.0687808990478516
-0.1240821746904601,0.8149681091308594
-35.1709788883515,-18.528329849243164
0.6771989561182002,-1.8404693603515625
-5.8677981963370005,-3.1513099670410156
0.7982616963508231,-1.1682500839233398
2.595279020812243,-7.806255340576172
6.9472187772133225,0.4101252555847168
-41.1395198834054,-7.228080749511719
-35.4604736838065,-13.380386352539062
7.87379173269718,2.182903289794922
-8.72128086410909,-29.347618103027344
-82.13826531723697,-7.7135820388793945
-9.70693692529289,-7.209662437438965
-61.4386715672369,-33.595027923583984
7.10938257895085,5.136358261108398
0.4007388327427847,3.5408782958984375
-0.7455370396145937,-1.1167430877685547
1.674966057420845,-5.8780975341796875
11.877856996640997,0.32220458984375
-0.9096556467231308,-4.729438781738281
-1.4680391508473674,-1.9426898956298828
15.6414782015599,-8.93094539642334
-10.35739215730591,2.0763139724731445
1.926107182225645,-0.23818588256835938
6.99756701325662,2.397777557373047
3.54836143321337,0.5838184356689453
-7.726553411266567,-8.268529891967773
-48.51478094223695,-31.81368637084961
-3.0453156276270903,-2.1758785247802734
-3.454798154796729,-0.3131446838378906
9.503977484174175,3.7598838806152344
6.001532732018722,8.40641975402832
1.775572054007981,0.6960716247558594
-2.6871577689602653,1.0668039321899414
-7.920344649869953,-14.279800415039062
2.578081311550471,-5.034078598022461
-14.434457477598505,-5.971261978149414
-1.338045882914232,1.01458740234375
-44.1817825469333,-19.92412567138672
2.4314234692194163,-8.52114200592041
-2.35314836228574,-2.8167457580566406
-2.07036107592124,-5.596652984619141
-6.560167066336443,-10.17669677734375
-2.54688332955635,-2.334423065185547
-7.940842049461227,-6.720196723937988
-7.789052707582185,-4.860288619995117
-1.4295761119406232,-7.74777889251709
7.206977941743588,-0.4649839401245117
-4.081394009803599,-2.283885955810547
-30.167243616457,-18.410314559936523
11.7225687296843,1.8897275924682617
-0.8984319813221007,2.9360599517822266
10.349523074958825,-0.8814997673034668
5.42147270471237,1.6321659088134766
-0.3136273830120112,-1.1270465850830078
4.398848813602776,3.8636531829833984
2.099307195887115,0.9664382934570312
-61.6890402284636,-27.24219512939453
-7.08434802004719,-9.809839248657227
0.6962467393230812,-16.80179214477539
9.0758909366509,-4.351870059967041
-1.9263965715605047,-12.639171600341797
-6.262949496708321,-11.19603157043457
-4.739766082030863,-5.589054107666016
-36.8822022827233,-33.62025451660156
3.24770439300306,-6.8249664306640625
-2.289513933263135,-7.814939498901367
1.41805545618482,-3.330751419067383
-24.4432878855492,-9.151491165161133
-24.96156751119129,-19.313262939453125
-7.734574598544068,-28.181964874267578
2.79124989437018,-8.387763977050781
-5.17831154550348,-16.879730224609375
1.5275640312561216,-1.4758501052856445
3.682989905065457,-2.553269386291504
-10.8237586662752,-26.886070251464844
-6.929951553081727,-13.90096664428711
-27.96215708599589,-18.304536819458008
-2.88087637063392,-4.938172340393066
-5.960419628776203,-6.300418853759766
-37.189874708633695,-27.686729431152344
1.1496085756031087,-6.107814788818359
-12.7137936794919,-21.332971572875977
8.398744223780918,-11.982185363769531
-33.3004252633332,-37.755733489990234
9.144089281431205,-5.116633892059326
4.065326821312747,-9.932866096496582
-41.9047429025821,-17.23018455505371
7.383552345763623,-3.410106658935547
6.364261125349779,-4.145742416381836
4.841793570156368,-11.802776336669922
1.6198341998494314,-11.110466003417969
4.179707781567577,-2.576650619506836
-14.7229944429405,3.368875503540039
7.078924552126015,-5.208812713623047
-12.898019313824,-25.493408203125
-70.8116033690518,-21.972307205200195
12.7359625054994,-0.02403736114501953
5.586124430090477,-1.2330551147460938
3.028467183462371,-2.7059545516967773
-5.830142578087577,-20.899885177612305
-22.6841489367301,-13.674636840820312
-1.51657819068512,-5.718725204467773
-81.52648016021857,-14.350934982299805
-3.36903782007548,-3.8995227813720703
-18.707844022,-22.93616485595703
-34.48768519828235,-34.12229537963867
-39.7169735486916,-7.213871002197266
-1.593720937577549,-11.08300495147705
-23.2954444871652,-19.20750617980957
-45.30258920076982,-26.298316955566406
12.5056328567953,-3.6739044189453125
-11.9299972333177,-9.849384307861328
-37.9495035857927,-6.177631378173828
0.7001962140772594,-6.42913818359375
4.49418879319923,-6.002382755279541
-39.0646563811545,-40.127105712890625
-9.09730633851708,-17.225055694580078
-17.5589533745204,-23.213123321533203
-4.92782811871599,-2.080087661743164
-8.2299173561342,-35.97882843017578
2.60625970962018,1.77490234375
2.726862934921635,2.449801445007324
4.071661498679735,-11.442206382751465
-13.2494383747796,-2.8208351135253906
-11.9154244975033,2.063343048095703
0.9090871567987184,-8.505701065063477
7.92708077877978,4.571598052978516
-3.119647295186995,-5.515739440917969
-2.248378586620203,-15.597600936889648
1.6646916021852596,-5.32811164855957
0.1590569364430157,1.4250216484069824
-77.3623903172369,-32.59864807128906
15.8859560938761,9.81843376159668
-3.11888044241469,0.8023147583007812
-2.7468186065138984,1.4691762924194336
2.77922195660905,-11.109479904174805
4.052279150357491,-12.493094444274902
-4.03806373695381,-7.862053871154785
-2.4461467814868523,-6.9120683670043945
-0.1639564470097907,-0.1536717414855957
0.8542168432631491,-17.171653747558594
5.84905996845087,3.1255226135253906
-5.77665564868809,2.0715951919555664
-3.7008288999313423,-0.9364643096923828
-7.18713065449027,-7.352157115936279
-0.9529303605806088,2.305459976196289
-15.902118442879,-10.686532974243164
-28.0636361890057,-6.658467769622803
-26.912205886836706,-21.923633575439453
8.596988309863011,6.372745513916016
0.2877587512502297,-9.923172950744629
3.3899996482015826,1.6753921508789062
-20.5869014386951,-10.149206161499023
-9.341800010912078,-12.924551010131836
0.1692077246922899,0.9219131469726562
-1.857666460494741,-2.642411231994629
-13.2752747780792,-23.634471893310547
0.7445982178878973,-4.442529678344727
4.49646859469848,-2.575002670288086
3.60913262992784,-0.48826026916503906
-5.653435188749545,-1.2729835510253906
1.51502173443586,-3.202756881713867
8.143116180793372,4.465972900390625
-8.36164856265281,-26.66277503967285
-1.130678948105339,3.3957176208496094
-4.349210006555943,8.494010925292969
0.2594141505344826,-10.311367988586426
-32.1283374054069,-22.093759536743164
-1.9051378030600723,3.3314857482910156
4.768047800449637,-4.673652648925781
2.264898495983479,-9.83358097076416
-6.47138721063866,-4.071804046630859
4.93167956005568,-7.308984756469727
2.4851768276660025,-1.2615814208984375
-3.930469946192945,-10.935690879821777
11.923948375295712,2.4929332733154297
11.616605850275496,6.499244689941406
10.41580460128629,-10.926193237304688
-8.700462669667385,-12.174213409423828
13.1991243046288,-1.9414119720458984
-4.75101729862813,3.784109115600586
-1.4230966237807086,-5.199680328369141
-2.07861348348741,-0.7501544952392578
10.292368565007404,5.599296569824219
1.9007667723773176,1.835123062133789
17.1612744381531,14.112878799438477
-0.1428452494230792,5.793537139892578
2.4933992323843923,0.9724922180175781
-13.861300672159,-3.3721261024475098
-1.7943154401891548,0.3657865524291992
-4.15624175439773,-0.9711863994598389
-14.277645616907492,-0.37546348571777344
2.713132201978397,-9.977371215820312
-13.315456279797685,-13.488035202026367
-5.36204355968609,-3.4237804412841797
-1.4872271509121793,4.586068153381348
0.31232235517322,13.445777893066406
3.0307168501552093,-1.4748497009277344
3.4484762474106,4.024890899658203
-34.0729170807354,-9.067255020141602
-25.0659802428987,6.776987075805664
0.86771933446589,3.2868995666503906
-11.996919710325,-6.54630184173584
17.2594267615487,12.74410343170166
-56.2560888739038,-17.674213409423828
-12.7386491421071,-5.725879669189453
-3.520787796436005,-1.9154961109161377
-0.8014467498558491,-4.502374172210693
-34.7812340468876,-24.200130462646484
7.158235365631607,-7.394116401672363
3.29681579894721,11.137450218200684
0.046018285265003,-16.12405014038086
2.046344769010002,-3.8715004920959473
4.25403099118957,8.083239555358887
3.7804230286959792,-6.867761611938477
-3.773219093074008,-2.980508804321289
-9.722403045722997,-1.452362060546875
2.81101468536903,6.070199012756348
-23.7494411406013,-2.9264955520629883
-75.56229656723696,-18.49262237548828
4.366245372711767,12.614933013916016
9.94612085382829,17.52291488647461
-8.207132148775708,-29.423307418823242
-3.09775596823669,6.152669906616211
3.77256113899207,8.403997421264648
0.2016574678685985,8.909553527832031
4.38808277416547,-0.9668178558349609
3.7092867134231,5.175542831420898
1.6740112862957208,1.4296131134033203
-5.472376660417956,3.0880069732666016
12.283123760680592,11.51522445678711
4.417989059347175,2.2287120819091797
1.907333647224608,2.965939521789551
-3.73521146317182,-5.865901470184326
7.837521570550837,12.109285354614258
4.82455755953161,-3.9772706031799316
-0.6472060937938101,5.326810836791992
-8.237956686764985,-15.8115873336792
7.36579899286375,6.501496315002441
7.859716520666763,-1.3669013977050781
2.765011277030255,9.153945922851562
4.62415639298937,4.796052932739258
6.430237727930085,-0.3043231964111328
2.44728958086436,-10.33579158782959
-1.93656353174353,8.9430570602417
-33.7845903951132,-10.774142265319824
10.960301672714698,11.944221496582031
6.147225205740463,3.0280933380126953
2.4659746492236927,7.904540061950684
18.2642273209106,-7.197521209716797
7.656482330373112,1.3973026275634766
-63.2346715672369,-30.811935424804688
-22.9610154952969,-17.564220428466797
4.39789099231211,-3.6992645263671875
-46.587141393021525,-26.911863327026367
-12.281506448986304,0.13220787048339844
5.220668557811489,-1.9119911193847656
-1.4412632820262703,0.5980443954467773
-35.163016426576704,-24.351409912109375
-31.380009974583203,-21.017475128173828
-40.7258600860177,-1.2167930603027344
-35.3994683825842,-23.71436309814453
-10.968565079401992,-11.281877517700195
15.384553292915324,-23.274383544921875
-0.4271227388875901,1.2335081100463867
-7.69948364751984,-0.6811056137084961
-26.6822467124322,-33.007564544677734
-0.2823200449385875,-10.97445297241211
-3.8453528225106623,-13.632657051086426
-2.4599041427842496,5.537446022033691
-12.7315114055493,-6.514416694641113
1.418014053180695,-5.11894416809082
-3.4922781726655696,-4.677364349365234
9.58062385928767,-4.278801918029785
-17.5801214502402,-31.57402229309082
-49.5120706514507,-24.656503677368164
-0.4503474699443348,-3.3179798126220703
2.332279780348585,-5.111385345458984
-42.2483635713802,-30.43558120727539
-5.00028834575103,-9.868976593017578
-5.14141487663266,-13.003612518310547
-19.923371510770203,0.0639495849609375
4.28301459624688,-4.840271949768066
0.3224388648416145,-16.531654357910156
6.795393661635613,-1.4444360733032227
6.720388221210122,2.9730262756347656
-20.7558388881914,-4.115760803222656
-12.5922662394529,-7.525091648101807
-5.19085420781142,-0.8462753295898438
-27.3858072066324,-16.292911529541016
6.488490212037078,5.778298377990723
-12.5233171201947,-16.673641204833984
0.996650643215182,-11.134061813354492
3.27144637329635,-3.8018112182617188
1.203208947199059,-16.5887393951416
4.5031585012656095,-11.688563346862793
-46.6686841099013,-24.25358009338379
3.600655729290548,-6.829653263092041
-2.7077151362496297,-21.710447311401367
-42.936846127142296,-21.574113845825195
2.679404112105611,3.771167755126953
-23.975827854410426,-16.453516006469727
-24.4869919201538,-13.331110000610352
-6.22433036882608,-4.918115615844727
-24.992167376126925,-9.112991333007812
-9.742168339465294,-3.9366188049316406
0.1235817830644999,0.2910933494567871
-11.607028837624,-10.778582572937012
5.321680837772678,-3.964754104614258
3.3452637215970498,-7.592720985412598
13.015759276594096,8.71740436553955
-6.13466459150186,-6.623222351074219
3.0897024917955025,-11.43376350402832
3.557691046156,-3.7572555541992188
2.0008593011464906,-18.703350067138672
-1.2671721747064446,-20.303476333618164
-2.989164004622407,-28.72488021850586
-2.43808381047612,-13.54200553894043
-11.30813578108209,-8.177133560180664
-9.619042312244815,-7.341040134429932
-4.01456885639382,-6.616306304931641
-4.853312003098937,-33.91532897949219
2.78743688363977,-1.8827095031738281
3.6035536346157695,-13.591797828674316
6.09033976794457,0.6427164077758789
-5.89266438028177,-5.65765380859375
4.780848076735348,-4.669671058654785
-20.7592210135025,-26.564104080200195
-3.637071869773312,-20.516969680786133
-4.396710286499547,-6.743326187133789
9.04709717330502,-19.719072341918945
1.69213972357191,-7.57640266418457
-27.068723822751306,-23.75865936279297
0.2886204877907422,-5.329748153686523
-0.592182005541919,-31.564409255981445
-4.736229867816737,8.622326850891113
7.877641553655238,-2.3083295822143555
-2.588665914009158,-7.886421203613281
4.72846919446815,-15.128213882446289
3.42669038506664,-6.970233917236328
-10.274169876330886,-6.600246429443359
-1.289264920121349,-20.491897583007812
-6.9648772325347394,-8.25851821899414
-1.2236747050651609,-7.94502067565918
-12.208208404490907,-23.890758514404297
4.40921359309415,1.3074283599853516
16.4171583068458,-0.4112520217895508
-15.991582533821994,-1.4469242095947266
7.809600001042748,3.7980194091796875
-3.0331069492891496,-4.836301803588867
2.603164662477901,-19.550615310668945
-24.2572199033326,-12.282456398010254
13.667582002208905,6.657380104064941
8.19307228691883,-12.613198280334473
0.4664503305112299,-8.95419692993164
-6.46133524603972,-10.803041458129883
-19.7520332208299,-19.590974807739258
-7.75971004909346,-4.803449630737305
7.66334596528203,-13.67776107788086
-27.64770126959135,-13.237892150878906
2.125547882163602,-0.1692037582397461
-1.8239337240231768,-12.898786544799805
3.3696784995100426,-10.205939292907715
5.265272900492549,-10.753558158874512
6.753311816554961,-12.401135444641113
0.9434331950199416,-7.456760406494141
2.13745295521649,-10.183614730834961
2.76912169862866,-4.5373382568359375
2.409764321136161,-8.692850112915039
3.7606671418030695,-13.448128700256348
0.555665600488549,-5.784684181213379
-89.04756219223692,-30.835758209228516
6.987950206462267,-5.286420822143555
-10.09410467002709,-32.10930633544922
8.16191414696451,-2.3723087310791016
-10.731303688850904,-10.899519920349121
7.588764503474316,7.533378601074219
-5.25293160621848,-6.841822624206543
2.3065604778561424,6.439004898071289
-3.8022266666193874,-12.216412544250488
3.22816419080692,-4.951878547668457
1.1941842843275,1.5392017364501953
9.772192422094813,-23.123424530029297
-2.489313079893845,1.8396682739257812
-13.547300817594484,-17.80377197265625
-1.5403494549472296,-4.9990410804748535
-5.139364658294922,7.508708953857422
-1.32131943338233,-6.509782791137695
-0.5284321769112605,-4.182254791259766
0.1119561526876595,2.467656135559082
14.8508222506114,8.767684936523438
-0.0918051514147744,0.8749904632568359
-1.7237618714553775,7.516685485839844
-1.5699354762224491,1.6034603118896484
1.5718362711845366,-3.0734024047851562
3.58036180553514,-2.469268798828125
7.45084701577923,-6.238850116729736
-7.378812419643663,-0.01780414581298828
-33.1832620874725,-18.242944717407227
-6.066411004621831,0.839900016784668
-16.4910721624856,-11.524618148803711
0.8267526169764301,-5.30303955078125
-9.762453719841735,-31.86324691772461
8.07102955700163,6.697652816772461
1.741670982094262,7.351590156555176
-0.0053525606393112,-6.342765808105469
-51.4043293278057,-13.534110069274902
14.9415296965116,8.450174331665039
8.70853787657841,-10.301311492919922
-2.149900469098629,-8.413015365600586
14.8229623836697,6.97137451171875
-0.0379657812584102,-2.683224678039551
-15.3173389528898,0.5848731994628906
-1.7663441991754285,0.8071079254150391
-6.708306328674888,1.0853562355041504
-78.7451798053926,-26.6353816986084
-0.5413656534735456,-0.6668872833251953
9.625121597198186,0.9256534576416016
-3.15562863494722,-1.9752817153930664
9.60447820177431,7.150699615478516
-3.31847606547329,8.53833293914795
-4.12581810820042,0.3374748229980469
1.7706121017107803,1.0803241729736328
0.5117341060036625,-6.007314682006836
2.63157412115867,-4.006753921508789
-4.763634360062484,-1.6001853942871094
-11.18181257464061,0.4446983337402344
-39.4932668903457,-9.551234245300293
9.206200380526292,6.148281097412109
-2.93911844531118,-2.1114273071289062
-28.13472322157985,-15.340081214904785
9.62907409316032,0.6946334838867188
-7.042636248773623,-7.26475715637207
-4.03025121975644,-3.8317184448242188
3.42951329804928,9.784160614013672
2.5565427438131976,-1.4442138671875
2.8513084033656,6.467676162719727
-5.5623675139736175,-6.388800621032715
16.9968892380515,5.850969314575195
-4.144685584269085,13.996414184570312
-11.221818720505304,-4.528339385986328
-2.111656589218961,-10.171930313110352
-1.626797120535592,-1.3794059753417969
0.7652624054000594,-7.779380798339844
-21.5531296050118,-20.152862548828125
-13.053772031257305,-10.599827766418457
5.42509465390903,-2.726764678955078
-5.5186956836840375,-5.572650909423828
-2.260381023139061,0.8505783081054688
-30.3377383335249,-29.32634162902832
7.380729755239978,-6.599839210510254
-4.172986764275874,-16.103862762451172
-1.2036514942358316,0.9158344268798828
-35.2906329121599,-26.878726959228516
-2.54595208771381,-26.132551193237305
-10.901275449743116,-9.314779281616211
-17.0078420331655,-25.204750061035156
-17.0314498829154,-8.848567008972168
-11.9784507557909,-9.085283279418945
-19.469018973061075,-14.08018684387207
-3.2142130797467816,2.605255126953125
-0.5663484394051013,-1.7072372436523438
-21.2195468929047,-9.687408447265625
8.077984978184695,-2.9400386810302734
-17.0119321722455,-17.473243713378906
4.67424026120176,-0.9861202239990234
-47.9875704511971,-39.25303268432617
4.316615136301563,-6.638278961181641
11.2728180991378,4.190129280090332
-3.5546157663424616,-20.10150146484375
-3.15887949932979,-19.00328826904297
-1.6422791314174887,2.3261795043945312
-3.448025235667948,-24.468467712402344
-13.5632540546311,-17.280017852783203
0.8825935384285006,-1.7921791076660156
3.27100049685324,-7.233037948608398
-0.7762273913233743,2.6976165771484375
1.026942322157092,0.02918720245361328
9.859104788483815,-7.171294212341309
-1.9977872313530125,-1.1282730102539062
-13.1809903671301,-7.244657516479492
-35.1782981083837,-30.84820556640625
-35.8337806803641,-20.802623748779297
-7.639409008216227,-7.900984764099121
-15.746453943284,-17.10926055908203
1.055995951979529,0.6144857406616211
3.987299411465438,-9.410204887390137
-37.0930621901092,0.9860601425170898
16.694612728237402,-8.783737182617188
-4.527979888097892,-13.107396125793457
14.6352674345898,-12.662702560424805
5.034618319433818,-5.344482421875
-3.77133000272187,-7.0282440185546875
-1.61504571199055,-7.317863464355469
-56.3663437951974,-20.56292152404785
10.088450856398616,-6.806756973266602
-14.285610883283098,-19.90514373779297
2.6210618799141923,-0.2708549499511719
-2.308732762121495,-11.07926082611084
-83.9761260280997,-28.727996826171875
-1.03656181464744,-8.330395698547363
10.16232173056559,-1.094390869140625
-3.12013961477547,0.30434226989746094
3.010752586641185,-6.866965293884277
-1.5178355576616795,-0.483245849609375
-2.60072537807549,4.907052993774414
-2.367312137177082,-3.6570911407470703
6.075310726130807,4.4087371826171875
2.24572304437811,1.3935203552246094
0.2044267191685782,-2.5193862915039062
3.85944773684647,9.731581687927246
-14.409506408843407,-3.9972903728485107
-2.683955047842884,5.199058532714844
-0.0075038478591599,-4.515199661254883
7.190050317883171,5.970030784606934
-2.1691769605730515,-8.243289947509766
-7.910003358009165,6.0598602294921875
-69.1366966634013,-15.686746597290039
1.437241653553571,-6.031394958496094
-20.7409218490905,-3.1274728775024414
3.78247800369874,8.289125442504883
7.909526276907584,-2.543630599975586
6.097122298913325,-17.162630081176758
24.5800902168924,13.96912956237793
-9.979741434164584,-8.440275192260742
3.1327986373042376,1.1973791122436523
-8.393586343504198,16.924720764160156
8.678125432705007,5.517999649047852
20.7428439693387,-5.724580764770508
-1.511416195100045,-11.701931953430176
-23.3725501337939,-6.3292388916015625
4.69437535963172,-4.145303726196289
8.24149319055937,3.9803085327148438
-0.2898522089969393,-3.6095809936523438
-7.19378137939456,-8.393375396728516
1.0271109700113177,-2.8408966064453125
-14.564555056626377,-1.9456253051757812
-9.657849716236,-18.42291259765625
-0.7280966227290082,-7.322582721710205
-21.8962191024866,-7.845513343811035
-40.2614734397264,-21.680965423583984
-1.77750068778882,-5.812664031982422
-28.3488859938485,-10.690715789794922
-8.184373188662292,-22.778560638427734
-6.135426654744688,1.4656524658203125
-3.270422191581055,-1.7923612594604492
-6.055427015859325,0.579925537109375
-34.3143130117107,-19.481910705566406
-50.4820483838523,-6.830238342285156
-4.639593570653838,6.076325416564941
-21.0606958753072,-21.099714279174805
8.747205755218493,8.668068885803223
0.6884341878779402,3.0806169509887695
0.300408103033295,5.815788269042969
-2.6184282494780104,3.4525270462036133
-37.3999740396079,-14.074954986572266
-10.594900847222812,-12.61644458770752
-23.227454082363305,-15.145938873291016
-15.4814292943448,-5.110114097595215
-6.89310310865277,3.822446823120117
-11.7962452523223,0.9421472549438477
-0.3887710448227697,4.7862653732299805
-4.0896099478500325,6.314456939697266
-42.6579269422049,-31.558128356933594
-2.095241650043551,-0.37589359283447266
8.45389840526827,5.946928977966309
-15.5157954828953,-21.937889099121094
-1.9802660997523944,-3.7404050827026367
1.8368511005450223,-10.091174125671387
2.11900133622217,2.860086441040039
-38.4962238749225,-25.39425277709961
0.8069046214032297,-10.025737762451172
-1.73607437190069,-10.244124412536621
-8.46093254820262,-5.747621059417725
-0.0780407432645869,-0.4360466003417969
5.009535132419683,-5.663644790649414
-74.9399761386801,-37.47037887573242
2.806732553915905,-4.493783473968506
-10.415057364934407,-4.924149036407471
-4.81834176383161,-4.648224830627441
-1.4920816076829602,-4.888517379760742
-0.003939288658445,1.2065906524658203
5.86288473591452,-2.152761459350586
0.4443344011282492,-5.566734313964844
5.72263802046558,-2.3945140838623047
5.46583466116103,-11.12104606628418
5.05355462238675,-17.423357009887695
-17.190033530139498,0.6782722473144531
-10.1192188918475,-2.7140865325927734
-10.539071528779305,-2.538206100463867
0.2492257167476033,-0.15204429626464844
5.35198813185094,-4.600054740905762
14.9823899147147,3.4864444732666016
1.7336328627834918,-16.62841033935547
3.2582764286422226,-1.457374095916748
1.1615369027166365,-5.5583648681640625
-42.4099588259267,-24.614408493041992
-38.7823663998969,-26.73171615600586
7.99575647038201,-5.491636276245117
11.644495901203598,0.7144336700439453
-39.0956747424042,-4.562760353088379
-38.6438610292767,-21.215669631958008
-40.5029244010595,-38.91161346435547
-22.8644313188967,-11.442056655883789
-0.897066728281827,-10.407657623291016
-17.6830733389949,-16.42265510559082
-0.0084306638066775,-5.590297698974609
0.5394390329931549,-1.910874366760254
-21.61387508166409,-23.313339233398438
5.053393098685065,-4.88184928894043
-15.7834934865799,-11.847681045532227
-58.40351531723695,-36.44257354736328
8.86280218600469,9.028627395629883
1.888243484494037,2.023557662963867
8.99923705482913,-6.554964065551758
4.133325903305868,-3.2826642990112305
4.774357664359128,-4.387297630310059
7.418770080750715,-10.215761184692383
-2.25262466719878,2.3902111053466797
-7.071587649042333,-13.141315460205078
4.398742241377427,-8.226263046264648
-8.692928400841772,-9.151437759399414
2.334382802629,-11.35580062866211
2.8274240704709,-3.715725898742676
2.1747311895065486,-1.2799263000488281
-11.9965988914421,-5.946390151977539
2.776867734737273,-14.60622787475586
-12.4595255596924,-0.7486171722412109
18.5317724911246,1.4745769500732422
6.86106163750481,-4.4669294357299805
-19.1693792779686,-3.5356998443603516
-4.20883890972707,-2.441650390625
-0.3530077955256401,-3.7800636291503906
-1.6020246929696491,-22.21601104736328
-7.57557880794988,-8.496875762939453
13.9692836454661,2.10507869720459
1.289294757415069,-4.511417388916016
-20.3746494688195,-30.498580932617188
-8.044482691931467,4.337987899780273
2.51340467963473,-1.5978236198425293
11.0282847349576,10.913339614868164
-1.3944922949507652,1.699223518371582
-26.2706781913698,-22.134258270263672
-71.7765711158932,-37.55203628540039
-44.2857422252861,-16.14751434326172
-3.057699221935841,7.314373016357422
10.116767222520318,7.2049360275268555
-46.9980356488569,-14.837346076965332
-8.677497573270493,2.5519237518310547
-25.781275563237,-2.137716293334961
-2.941164138388841,1.835017204284668
-26.5692742661385,-5.331643104553223
1.2555345380058751,3.903047561645508
-0.810306898238276,-2.6595306396484375
0.2404076931068699,-3.999084234237671
-2.5590885431480426,-6.269174575805664
-11.9846830308257,-7.344555377960205
-5.775806690181939,-0.5890064239501953
1.9806048133258944,-27.094484329223633
16.618750626525,10.71939754486084
8.204494762209066,-0.26323890686035156
6.80321923705408,5.254676818847656
11.710679650337616,-2.5665416717529297
3.181253849239128,-0.5280466079711914
0.90894434552881,1.4381799697875977
3.547124544521316,-9.946215629577637
-2.202886656443709,3.884725570678711
-11.133669865203094,-9.956060409545898
9.328533024448705,-2.0981388092041016
-0.7012610501602399,-0.0453948974609375
-0.3170472839931941,8.118413925170898
-2.3458288386735573,0.5426826477050781
-26.1191329979098,-11.034253120422363
-2.33292598982445,-6.67585563659668
2.461922216333884,6.492860794067383
3.73205068567752,7.524003982543945
-22.4462583852743,-9.549591064453125
16.899113604615202,5.975188255310059
-2.85382252753121,-3.089385986328125
1.2705701336207027,-0.6829290390014648
7.960789166364423,6.388226509094238
2.71808902854303,6.100244522094727
5.5273920092716775,-28.264610290527344
-4.11149235653684,-17.793535232543945
-20.9676231329802,1.2952003479003906
-0.89184437235696,-0.8504819869995117
-1.2816619609782416,-4.731356620788574
4.85634828411675,6.974274635314941
6.429854346358795,4.51606559753418
4.71112087372323,-2.1729869842529297
-30.7199022255615,-7.7741618156433105
-3.8590388668775,-0.382598876953125
-10.6557437737239,-2.056729316711426
-13.4460672849668,-17.98992347717285
-5.527709296795018,-0.3469829559326172
-1.876637029070265,0.19330596923828125
10.2532613363299,2.322085380554199
3.00680128293027,-3.701303482055664
19.33685959748449,7.799800872802734
-0.1058882282985149,-8.438365936279297
14.3436638764016,5.646731376647949
-16.1535771788668,-17.579492568969727
0.9480162028997956,2.957155227661133
-18.5891767455387,-17.73509407043457
13.309934514349203,1.8618431091308594
6.02246857213521,-8.574503898620605
5.16750826555368,-7.5998687744140625
-1.0190872666435924,-3.2044477462768555
-19.100904418149,-13.073025703430176
4.743603615290096,-10.657461166381836
-13.8157551615103,-8.937612533569336
-3.802611775309477,12.255008697509766
4.30511943579503,-3.1863155364990234
-22.482844278002705,-19.37222671508789
0.60779733849738,-2.5052127838134766
17.8138573048897,3.6203012466430664
-38.4626262988146,-23.31365203857422
-0.6089836493556324,3.3858985900878906
0.8617451361473882,-5.797502517700195
-2.40000424902785,-2.609312057495117
3.7078671714499096,-3.21225643157959
-2.390619984667185,-9.616653442382812
-15.559462368784592,-11.393972396850586
-13.790764753514,-1.9141693115234375
-9.325981865786185,-17.0069580078125
-58.4491138315396,-38.4724006652832
9.550892694239591,3.2754735946655273
4.435147085081137,1.5553703308105469
-2.3538192484503564,-4.444379806518555
-5.83438093189622,-9.591533660888672
-7.10827059552493,-16.4127197265625
-12.414939844598162,-15.000480651855469
6.6154810826822,2.8316164016723633
1.3155747227446202,-10.126880645751953
-2.56542276271332,-1.5177459716796875
-13.546032832554804,-6.247007369995117
-16.600339428286603,-8.393686294555664
2.9737175212081803,-8.302543640136719
6.167862854629888,1.0152206420898438
-40.922076323723,-32.10789108276367
16.9349100756105,10.870984077453613
-12.24911226903676,-16.78325843811035
4.867927463076468,-1.6841487884521484
-21.6327950573002,-19.404783248901367
7.11033993521173,5.191123008728027
-9.59094984812801,-18.142913818359375
4.92186081619874,0.7355079650878906
-7.815562497274902,-0.3319215774536133
-2.20364176327536,0.45488643646240234
-19.6754058911438,-24.97918701171875
-91.8886792382854,-11.356592178344727
-20.9507978903398,-24.948543548583984
-17.8084408175675,-11.722731590270996
-62.9612541332419,-27.78037452697754
5.598134989920393,3.24755859375
-7.283890318199592,-6.901144981384277
6.1026124307435,4.391817092895508
7.42840635595139,3.2148780822753906
-5.179391847578812,-12.875515937805176
-4.873152982370568,-8.545211791992188
7.276768036701751,3.8499135971069336
-10.739322929783883,-0.08960914611816406
-22.9219832537164,-36.79976272583008
1.5259403537211615,12.889385223388672
-44.7886924625105,-30.56643295288086
-3.72583443525641,-1.7901983261108398
-14.57002364123529,-31.008914947509766
-10.128266274366498,-19.84271240234375
-28.0249952668106,-15.596519470214844
-26.24662901330595,-21.932132720947266
-40.3645652505015,-22.233680725097656
-30.8056950922951,-6.579239845275879
-3.9552380984537248,-5.120542526245117
-2.1789667599796294,-3.346835136413574
-0.5734820606807138,0.9538249969482422
-1.1617148968623687,-10.061063766479492
3.42848617073407,-8.812938690185547
-17.4030551064212,-6.035730361938477
3.88109013796494,8.731758117675781
9.400493271217616,7.6848297119140625
-11.302161927872188,-10.074752807617188
-13.3709137252944,-17.1343936920166
-6.79658968512302,-1.878718376159668
4.509456424718162,5.27336311340332
5.45103123545738,0.3368844985961914
8.149714042401495,-4.587713241577148
-12.909180343140196,12.800880432128906
-6.61979034735207,-4.308201789855957
11.9978624338519,-11.610050201416016
-12.53254789251529,-5.433080673217773
-8.36198121766124,-11.423593521118164
-4.361976736345532,-2.530942916870117
-0.1898191226144924,-9.754228591918945
2.3166834950764685,-2.718897819519043
-12.6203596574975,-5.77619743347168
-1.207429910073891,5.547155857086182
-29.7403775200217,-13.903472900390625
5.31082796058257,3.7032203674316406
2.97844031586002,1.380427360534668
-12.533050119535002,-7.842365741729736
-5.8684323426223,6.28483772277832
2.391980620215489,6.163641929626465
7.73570234615748,-3.0953521728515625
1.166748445159433,11.352128982543945
6.093529951556334,8.726255416870117
17.709922444879297,7.584037780761719
11.779516260068313,0.5950984954833984
2.4866177573815964,6.323951721191406
-30.89708550466269,-32.585731506347656
-9.231606713935047,3.7703170776367188
-13.4089268865456,-6.700628280639648
-9.06573754635488,-6.87265682220459
9.30630078585379,4.602365493774414
-7.156550033865472,-10.330350875854492
-10.5414716495377,-7.6705708503723145
-27.8178569354009,-12.69240665435791
5.3817717725564,5.7011518478393555
-35.155236696245,-23.664844512939453
-21.4141717786538,-24.61488914489746
-2.6053130644292946,2.3039913177490234
-9.953220777101093,-11.857592582702637
-8.798237091769485,-13.303754806518555
-27.6920167541674,-9.8996000289917
8.017093587799739,3.512256622314453
-0.3550158381598589,1.3169183731079102
-1.19024715514191,-13.439504623413086
-3.2855896341823474,-28.168724060058594
1.844566842421384,-3.8785085678100586
-30.7366736665872,-33.381107330322266
-11.338238855350506,-9.123537063598633
-1.059512617215007,-8.685729026794434
-33.7712071062874,-18.949981689453125
3.812227003524945,-3.1018924713134766
-2.8472026300298463,-20.323081970214844
-21.5871320482388,-2.834260940551758
1.845960760756301,-8.653985023498535
9.06213659212517,0.9651517868041992
-13.950148061363093,-12.10164737701416
-15.1006814359747,-0.9352149963378906
-8.65496498210776,-7.559788703918457
-31.18852367408345,-25.372779846191406
2.35160533891099,-23.2949161529541
-7.06329362397977,-4.128688812255859
-11.299328727708405,-10.530508041381836
-5.73967918172164,-3.2809066772460938
-4.062121175440552,-7.567338943481445
3.62056380925444,-4.679037094116211
-6.512385872303066,-38.199623107910156
