Score,Pred Score
-13.812973987503693,3.256389617919922
-14.6311710829416,-30.992399215698242
-15.020937907067507,-12.361862182617188
5.61896917638109,3.575155258178711
0.1461877509898399,-5.374222755432129
3.59745169898486,7.561868667602539
-6.72144892291601,-1.4134798049926758
4.304204520484877,1.9940948486328125
3.37898618824583,4.244293212890625
3.939818822274421,8.663877487182617
13.9953943577381,9.687915802001953
-5.39913759737588,-1.5531997680664062
-2.204579993178592,8.252876281738281
8.829561804598438,6.1099090576171875
6.01696699102072,2.4680709838867188
-6.376202369524528,-5.467842102050781
-6.50906463316165,-2.355905532836914
-60.92137282626391,-23.412662506103516
1.99934019108803,2.177244186401367
2.188685633501576,9.868274688720703
4.07090957771029,-8.256918907165527
0.5211206139658471,-1.457418441772461
12.5580583918003,1.9932441711425781
3.320229681965675,2.843613624572754
-0.4381862293696001,-3.888143539428711
0.1752112379752922,-0.9502191543579102
4.123908949931413,1.7949371337890625
-14.2382866820043,6.471029281616211
12.966325580978296,2.8981990814208984
7.692941411907634,-10.370527267456055
-62.9031214125763,-29.20683479309082
-5.800670766453999,-1.2512178421020508
-11.705366535732304,-7.92076301574707
-4.786538605318405,0.8330173492431641
-82.4887013651952,-20.650848388671875
-8.251107402184557,-1.6632099151611328
1.61677665352485,-10.566961288452148
-11.916211326129387,-21.55084800720215
-45.634880019414,-20.143396377563477
-0.568998602339841,-4.971195220947266
-12.147399114840605,-13.854776382446289
-27.4476544011683,-22.806930541992188
-2.306526469902426,-0.08373641967773438
-0.4835459876036119,-8.337837219238281
-8.39479061793487,-8.283549308776855
-46.862925671502296,-27.579971313476562
0.3837795244341289,4.968662261962891
7.184930267876617,3.6874303817749023
2.8348518495029404,2.386219024658203
-9.859535687586003,4.424379348754883
-6.00025755794808,-6.350770950317383
-4.764629840066975,0.4871997833251953
-2.377061578670744,-2.895000457763672
-2.0585753436264698,-4.783952713012695
1.1848602197973823,-0.18975067138671875
4.97603191479674,2.036349296569824
4.27399441028646,-2.8033905029296875
-46.2372447228831,-28.6868896484375
-31.4759298257721,-28.08945083618164
-50.1674018945849,-17.620882034301758
0.9601515747159592,-3.987163543701172
-11.864177458483407,0.3210868835449219
-0.538262620928304,-4.7021942138671875
-0.6920482116816997,-0.5344924926757812
-1.5184696160120892,-0.7855615615844727
-3.0836644409391925,-6.762931823730469
11.316750179392892,1.5804519653320312
-11.183106529127476,-4.879505157470703
3.59102041590596,-7.75299072265625
4.55602013063716,1.4419441223144531
11.579228393987275,-0.2612934112548828
2.3067635611900137,-6.856726169586182
10.480393919522983,5.759542465209961
-2.698100773809443,-8.62078857421875
3.776985072333982,5.821125030517578
-11.773766374328297,-8.639873504638672
8.681027307740193,2.2664051055908203
-1.1091988250418725,-6.194303512573242
4.484288991501213,3.0750389099121094
0.0548896546292299,7.323951721191406
0.1118559290339978,-4.71324348449707
3.9797293996962297,1.1443443298339844
-22.42608065327665,-23.559932708740234
7.37064384347005,-1.7651214599609375
-0.2642143205483515,-3.2754578590393066
5.344594984386832,-6.194086074829102
-1.2497809936708242,-12.003755569458008
13.71198107208239,-4.309841156005859
0.5045482395984724,-17.167463302612305
2.86709961553106,-2.6398868560791016
0.4423212163888063,-11.154845237731934
-3.724573545179619,4.103414535522461
0.2570808252882703,-6.335866928100586
-70.65073406723695,-36.64557647705078
-33.9587360563784,-19.94979476928711
9.2088386022025,-1.8302040100097656
1.3318185914773402,-4.924602508544922
-9.176001953270983,-10.659135818481445
-10.497767159210698,-9.704537391662598
-0.4402086584014632,-17.004859924316406
2.1560784090827942,-7.250378608703613
-27.1636490162131,-5.745872497558594
-0.670930828719279,-23.074634552001953
-22.794043146736,-25.46234703063965
0.8105828534072201,-7.902120590209961
1.2287673509824204,-5.694612503051758
-0.6435038581465955,-3.0138397216796875
8.474782023793379,3.5335464477539062
-9.601847091024196,-4.833629608154297
-1.6610011043127195,-0.047779083251953125
-0.1091636509260827,-2.9283390045166016
7.570838092245207,-4.83062744140625
-7.211196994815285,-24.916873931884766
9.090654061652296,-0.9943084716796875
-26.6651088566214,-1.4694185256958008
-17.309192174305,-1.6305351257324219
4.14054171285972,-2.1328563690185547
4.097668935846943,6.484967231750488
-0.29408409265346,-7.418903350830078
-35.8165916579592,-21.7764892578125
10.898098675545494,0.9280691146850586
-1.6552655274048038,0.49870967864990234
1.6729502580778592,-13.082033157348633
-6.42491227706334,-19.19113540649414
-15.4752611754195,-21.513050079345703
-0.6907348474047925,-1.5650005340576172
-21.3629045873375,-14.37873363494873
4.219145585451182,-7.173912048339844
-3.019531285218114,-1.4625244140625
4.25311060075082,1.3829326629638672
-15.0412339008878,-1.2749261856079102
-8.237627320974727,-22.410079956054688
-1.0683487237199796,0.05747795104980469
-1.7174251595272625,-7.47508430480957
4.069163600073605,-9.520830154418945
-10.162041561092582,-20.622156143188477
-5.97248436581227,-6.950428009033203
6.120538767403939,-6.016117095947266
-0.8028238008287005,-28.1112060546875
-23.6042929930625,-31.03476333618164
-0.1777753404752198,-2.161212921142578
-5.785469568057495,-21.70712661743164
-0.0556983764780604,-2.9242916107177734
-25.4508968849616,-0.8093299865722656
-5.3185412482723295,-1.2793254852294922
9.1356503291117,6.127347946166992
4.020569536845237,0.4142122268676758
-58.5527340809363,-2.8439559936523438
-6.291328737399075,-2.9783763885498047
4.187869588752649,-0.2454814910888672
8.922207576391518,-2.8114986419677734
22.7414116448382,4.213865280151367
-44.6057608529879,-29.102060317993164
-26.5129077898497,-11.454851150512695
-2.13735826282737,-3.726862907409668
-1.14890133483728,6.796972274780273
-15.2234416939723,-0.915308952331543
0.369316059642221,-6.186738014221191
-0.6884117876070912,-8.721174240112305
-5.8772631055401,-0.2697029113769531
3.6053774296538297,-0.6782264709472656
5.07108724357905,-0.21690654754638672
1.292753014965791,1.3058509826660156
8.440986836263871,0.5210809707641602
-3.43040335892423,-4.65302848815918
0.7651079053562314,-6.196590423583984
-37.13962469223695,-22.559860229492188
-5.822632503482525,-3.7523956298828125
-6.879472048396067,-8.421689987182617
2.11024229353816,-1.7345514297485352
-7.1526743450051855,-6.390645503997803
-1.122073026503361,-1.9306716918945312
0.3302260274555297,-2.462282180786133
-1.178255647098801,-2.6384191513061523
-2.99361591491145,4.377067565917969
-18.1070051290659,-8.019454956054688
-3.0332808194811403,4.31549072265625
2.6303171850506604,-3.7786636352539062
-9.72499716390718,-5.274698257446289
0.2729453578388601,-4.667303562164307
-21.4503408223732,-16.358945846557617
-4.99755531471552,-3.6767139434814453
-18.0018409950579,-22.147232055664062
4.00031385473591,-4.098152160644531
12.0378145652987,7.604623794555664
14.1235470599023,-9.23850154876709
6.55729051148795,1.1914691925048828
11.19992297656359,2.0865440368652344
-7.81388191369781,-8.19401741027832
-2.924593214648255,-3.44033145904541
3.7667366885646025,-6.897373199462891
-6.68253431604433,-6.750450611114502
0.7345204104922589,2.7806053161621094
-10.626155896203898,8.326789855957031
8.106852576346123,8.382736206054688
-58.24412469223692,-25.583467483520508
1.4955767028094,6.987394332885742
-17.6906096863185,-30.316604614257812
-4.813871520282443,7.819457054138184
-11.8973420493851,-5.995570182800293
-2.67676896274171,-2.4256601333618164
-3.9331393974605526,-0.9529552459716797
8.756217929094177,9.912282943725586
-29.2662792150344,-7.4531402587890625
1.7249239205326918,-0.31986427307128906
-6.686975812883663,-29.2022705078125
11.10272802991041,3.0993099212646484
-10.956818171714705,-9.358821868896484
-6.3500959185649,-22.872467041015625
0.6681105368389735,-0.2053089141845703
-12.500029270357295,-25.1365966796875
-2.591242863373206,-2.2828292846679688
5.954690473588823,5.916049957275391
-43.929359067237,-19.8476619720459
-17.4841411730512,-9.622005462646484
3.61441892535489,0.202850341796875
2.1112971208509976,-0.6971940994262695
-41.8026500314277,-21.07489013671875
7.028135642932115,7.511257171630859
8.463248256721428,5.454706192016602
-13.037072413777096,-11.293716430664062
-1.6307504375632549,-9.365009307861328
-0.3284521577656807,-1.3868446350097656
0.4685622181175212,-2.442899703979492
-5.316952415477393,3.3507862091064453
4.584421564331302,-8.016197204589844
-20.3593816575191,-18.08027458190918
3.67041582610247,-3.6045684814453125
2.204062447972561,-2.184123992919922
-4.666937653128132,-2.9935550689697266
-12.3781694316975,-5.942465782165527
7.06923762363823,-1.5841178894042969
-37.2883298194418,-17.60313606262207
6.442434166934048,11.667464256286621
-12.2162083245621,-7.13914680480957
-20.3623076046531,-2.175189971923828
-5.45440876641342,1.75665283203125
3.1416241584890576,2.381296157836914
-4.96580172718434,-3.9773731231689453
-37.4061766871973,-20.023983001708984
6.46185690649625,0.5294036865234375
0.5403453062071405,1.4901838302612305
8.656689402528613,9.278064727783203
12.331931266595111,8.827265739440918
2.75380173901167,1.458974838256836
-2.8447496930443927,1.4160165786743164
0.0285872237409883,-0.5597038269042969
-73.5286754265322,-0.5070037841796875
7.285509446842615,-0.3022651672363281
6.72046542688671,2.118276596069336
-6.19730890695259,-1.6400089263916016
-16.4599719883519,-8.995339393615723
-10.288292260688207,1.023087501525879
-10.285920522724917,-5.889089584350586
-30.8171784242839,2.539632797241211
-4.65691689928222,-4.718999862670898
-37.1716279374795,-14.835573196411133
-36.50577458359941,-3.9424781799316406
0.7942566624333496,-10.360822677612305
-34.8552692363716,-0.7867727279663086
-2.491707941339629,-8.435613632202148
1.7387039934851498,2.1793441772460938
18.9715733525152,8.911481857299805
-13.8996269060666,-2.647031784057617
4.17561229224804,-1.1780424118041992
4.7680640763497,-8.204954147338867
-6.745372906074374,-3.1243553161621094
7.262818938793504,-2.513113021850586
-55.7541546140486,-28.73086929321289
8.453421074249384,7.009864807128906
-5.85807143580148,-1.492645263671875
-52.7336020518746,-31.152618408203125
-1.995826789875676,4.977472305297852
-1.3326443092463092,-20.184127807617188
5.029017096161708,4.545295715332031
-0.71117494174041,-3.4909706115722656
8.243548509216069,2.129589080810547
5.81602235619721,-4.248106002807617
5.978124919049687,-0.3459300994873047
-2.8859593337581737,-0.4736957550048828
-26.0047332498617,-21.52549934387207
-1.5220929784942658,-12.140494346618652
-3.195242757261453,7.672613143920898
-15.0089303719363,-11.755854606628418
-1.757118944268968,-22.087020874023438
-13.5091075877696,-3.3868064880371094
-4.0681667574955,-2.334646224975586
4.43276114617859,-3.2862319946289062
-4.665207913971671,-3.9559402465820312
7.33919324558513,-2.3117923736572266
-11.69780882660921,-10.231385231018066
5.960801203295765,0.9665918350219727
-29.9162730471743,-14.766740798950195
-5.331847529263395,-5.845314025878906
4.2006804390709,9.301416397094727
4.76541245752904,11.547262191772461
5.87221574658101,1.531494140625
-12.955988512618,-22.075435638427734
-14.4061745570978,-16.520505905151367
13.644333664082708,7.542011260986328
7.522446474796843,-8.755014419555664
2.858782897786812,-3.662018299102783
-49.8653288018085,-25.228755950927734
-4.029904705212941,-1.156789779663086
-6.2026319104393295,-29.51253890991211
4.452168509343501,0.048018455505371094
-16.475900892606802,-5.696651458740234
-11.03094492075089,-31.978776931762695
-8.08045020128908,3.656648635864258
1.39259946716825,-2.404696464538574
-14.885807229381896,-4.067691802978516
-11.113180908425988,-6.662235260009766
5.506094216928792,1.8260951042175293
5.29091659278858,0.05138397216796875
3.42106467876526,0.9171934127807617
5.162821279449693,2.0759735107421875
6.020551076354931,-0.35608959197998047
0.8086942897832163,-0.5815448760986328
-8.80546181278599,-10.66067123413086
-7.42349600405968,-14.081436157226562
-14.4731176558811,-3.5775146484375
-35.5448186771701,-10.410408973693848
-1.657597602265355,-0.45629024505615234
-1.930224441335125,-11.522107124328613
-10.398648228661925,-2.120981216430664
-1.6521884315998507,-0.5899343490600586
1.3131129859732091,2.3194046020507812
-0.1240821746904601,0.026693344116210938
-35.1709788883515,-19.723360061645508
0.6771989561182002,-3.524280548095703
-5.8677981963370005,-4.44805908203125
0.7982616963508231,0.6911172866821289
2.595279020812243,-5.891620635986328
6.9472187772133225,-0.6256132125854492
-41.1395198834054,-8.732987403869629
-35.4604736838065,-17.35270118713379
7.87379173269718,3.4040355682373047
-8.72128086410909,-34.463748931884766
-82.13826531723697,-6.02501106262207
-9.70693692529289,-9.109451293945312
-61.4386715672369,-32.51544952392578
7.10938257895085,3.7704238891601562
0.4007388327427847,3.060964584350586
-0.7455370396145937,0.7760457992553711
1.674966057420845,-2.769947052001953
11.877856996640997,0.35682249069213867
-0.9096556467231308,-4.009117126464844
-1.4680391508473674,-5.189870834350586
15.6414782015599,-8.612720489501953
-10.35739215730591,0.38356590270996094
1.926107182225645,-0.2568025588989258
6.99756701325662,0.15190410614013672
3.54836143321337,0.8915176391601562
-7.726553411266567,-6.902381896972656
-48.51478094223695,-33.48369598388672
-3.0453156276270903,-3.5748672485351562
-3.454798154796729,-5.1450347900390625
9.503977484174175,1.0546340942382812
6.001532732018722,8.504134178161621
1.775572054007981,-0.1539630889892578
-2.6871577689602653,0.6131782531738281
-7.920344649869953,-21.226102828979492
2.578081311550471,-2.6565399169921875
-14.434457477598505,-5.164848327636719
-1.338045882914232,-1.5302600860595703
-44.1817825469333,-24.020658493041992
2.4314234692194163,-12.076135635375977
-2.35314836228574,-1.4135503768920898
-2.07036107592124,-5.507772445678711
-6.560167066336443,-11.442621231079102
-2.54688332955635,3.1616458892822266
-7.940842049461227,-4.980426788330078
-7.789052707582185,-4.842177391052246
-1.4295761119406232,-4.964990615844727
7.206977941743588,1.7041873931884766
-4.081394009803599,1.3119869232177734
-30.167243616457,-22.296085357666016
11.7225687296843,-0.6890640258789062
-0.8984319813221007,3.014913558959961
10.349523074958825,-1.4923973083496094
5.42147270471237,-0.7527408599853516
-0.3136273830120112,-4.875831604003906
4.398848813602776,2.864243507385254
2.099307195887115,0.63519287109375
-61.6890402284636,-28.765892028808594
-7.08434802004719,-4.392425537109375
0.6962467393230812,-10.390422821044922
9.0758909366509,-1.9866104125976562
-1.9263965715605047,-7.478939056396484
-6.262949496708321,-9.032769203186035
-4.739766082030863,0.7253208160400391
-36.8822022827233,-28.512577056884766
3.24770439300306,-1.4929380416870117
-2.289513933263135,-2.1051464080810547
1.41805545618482,0.0494384765625
-24.4432878855492,-3.660005569458008
-24.96156751119129,-20.483381271362305
-7.734574598544068,-22.76650619506836
2.79124989437018,-4.0164794921875
-5.17831154550348,-12.634906768798828
1.5275640312561216,0.6897335052490234
3.682989905065457,1.3880805969238281
-10.8237586662752,-24.781600952148438
-6.929951553081727,-10.367332458496094
-27.96215708599589,-13.936909675598145
-2.88087637063392,-1.4754199981689453
-5.960419628776203,3.5149593353271484
-37.189874708633695,-23.5001220703125
1.1496085756031087,-4.544744491577148
-12.7137936794919,-16.78278350830078
8.398744223780918,-6.461362838745117
-33.3004252633332,-32.66078186035156
9.144089281431205,1.0274362564086914
4.065326821312747,-2.702747344970703
-41.9047429025821,-16.635204315185547
7.383552345763623,-3.308338165283203
6.364261125349779,-2.382366180419922
4.841793570156368,-5.806453704833984
1.6198341998494314,-4.0490617752075195
4.179707781567577,0.48306846618652344
-14.7229944429405,5.214851379394531
7.078924552126015,-2.3252029418945312
-12.898019313824,-20.821622848510742
-70.8116033690518,-13.446078300476074
12.7359625054994,5.924013137817383
5.586124430090477,4.066068649291992
3.028467183462371,0.4656200408935547
-5.830142578087577,-11.571205139160156
-22.6841489367301,-11.54384994506836
-1.51657819068512,-5.712541580200195
-81.52648016021857,-7.095980644226074
-3.36903782007548,-0.4517059326171875
-18.707844022,-19.945188522338867
-34.48768519828235,-29.592472076416016
-39.7169735486916,-6.440332412719727
-1.593720937577549,-4.737398147583008
-23.2954444871652,-13.878188133239746
-45.30258920076982,-22.330472946166992
12.5056328567953,1.4959678649902344
-11.9299972333177,-6.850025177001953
-37.9495035857927,-4.230053901672363
0.7001962140772594,-2.8119678497314453
4.49418879319923,0.5260133743286133
-39.0646563811545,-35.3369140625
-9.09730633851708,-7.596065521240234
-17.5589533745204,-19.122255325317383
-4.92782811871599,2.4834766387939453
-8.2299173561342,-36.26876449584961
2.60625970962018,-0.5517215728759766
2.726862934921635,-1.1196470260620117
4.071661498679735,-10.477899551391602
-13.2494383747796,-5.4731855392456055
-11.9154244975033,-1.1431198120117188
0.9090871567987184,-11.708852767944336
7.92708077877978,1.9761390686035156
-3.119647295186995,-5.815494537353516
-2.248378586620203,-14.67957878112793
1.6646916021852596,-8.638078689575195
0.1590569364430157,-0.4139080047607422
-77.3623903172369,-35.425960540771484
15.8859560938761,8.058463096618652
-3.11888044241469,-2.1612110137939453
-2.7468186065138984,-2.026151657104492
2.77922195660905,-8.330636978149414
4.052279150357491,-12.909113883972168
-4.03806373695381,-10.480934143066406
-2.4461467814868523,-10.523555755615234
-0.1639564470097907,-0.9339780807495117
0.8542168432631491,-26.28773307800293
5.84905996845087,-1.0751113891601562
-5.77665564868809,-3.4171619415283203
-3.7008288999313423,-0.9012928009033203
-7.18713065449027,-12.24614429473877
-0.9529303605806088,1.2152690887451172
-15.902118442879,-14.021903038024902
-28.0636361890057,-10.121053695678711
-26.912205886836706,-29.33079719543457
8.596988309863011,2.065164566040039
0.2877587512502297,-6.131954193115234
3.3899996482015826,-1.667276382446289
-20.5869014386951,-15.03139877319336
-9.341800010912078,-9.143482208251953
0.1692077246922899,-1.3132305145263672
-1.857666460494741,-3.758251190185547
-13.2752747780792,-29.084064483642578
0.7445982178878973,-4.917488098144531
4.49646859469848,-5.010351181030273
3.60913262992784,-3.8348941802978516
-5.653435188749545,-4.0490570068359375
1.51502173443586,-6.37078857421875
8.143116180793372,-0.21647071838378906
-8.36164856265281,-32.967567443847656
-1.130678948105339,-0.7123756408691406
-4.349210006555943,6.777948379516602
0.2594141505344826,-13.415590286254883
-32.1283374054069,-22.27939224243164
-1.9051378030600723,-4.880868911743164
4.768047800449637,-6.300518989562988
2.264898495983479,-12.154006958007812
-6.47138721063866,-5.269207954406738
4.93167956005568,-7.667819976806641
2.4851768276660025,-6.262239456176758
-3.930469946192945,-10.524015426635742
11.923948375295712,-0.7067031860351562
11.616605850275496,5.713497161865234
10.41580460128629,-11.821481704711914
-8.700462669667385,-13.161336898803711
13.1991243046288,-5.787054061889648
-4.75101729862813,0.8352184295654297
-1.4230966237807086,-9.210044860839844
-2.07861348348741,-5.908414840698242
10.292368565007404,5.0570526123046875
1.9007667723773176,-2.32619571685791
17.1612744381531,8.409195899963379
-0.1428452494230792,-4.7232208251953125
2.4933992323843923,-6.165256500244141
-13.861300672159,-6.508482933044434
-1.7943154401891548,-3.943131446838379
-4.15624175439773,-8.410489082336426
-14.277645616907492,-5.71328067779541
2.713132201978397,-9.998620986938477
-13.315456279797685,-23.92366600036621
-5.36204355968609,-9.483877182006836
-1.4872271509121793,0.20421123504638672
0.31232235517322,5.822793960571289
3.0307168501552093,-7.421276092529297
3.4484762474106,-0.5816726684570312
-34.0729170807354,-23.062225341796875
-25.0659802428987,0.47298431396484375
0.86771933446589,0.3965568542480469
-11.996919710325,-7.587099075317383
17.2594267615487,6.033143043518066
-56.2560888739038,-32.05754852294922
-12.7386491421071,-12.426345825195312
-3.520787796436005,-9.60702896118164
-0.8014467498558491,-11.005544662475586
-34.7812340468876,-33.85437774658203
7.158235365631607,-13.826590538024902
3.29681579894721,0.3956451416015625
0.046018285265003,-30.377334594726562
2.046344769010002,-8.582645416259766
4.25403099118957,1.4673538208007812
3.7804230286959792,-13.874870300292969
-3.773219093074008,-8.150737762451172
-9.722403045722997,-6.938837051391602
2.81101468536903,-2.8032894134521484
-23.7494411406013,-11.454913139343262
-75.56229656723696,-28.505094528198242
4.366245372711767,6.439287185668945
9.94612085382829,12.604552268981934
-8.207132148775708,-40.40599060058594
-3.09775596823669,0.42865753173828125
3.77256113899207,0.3605976104736328
0.2016574678685985,-1.4999828338623047
4.38808277416547,-6.519340515136719
3.7092867134231,-4.352527618408203
1.6740112862957208,-2.8996200561523438
-5.472376660417956,-1.7658405303955078
12.283123760680592,1.6703910827636719
4.417989059347175,-4.957643508911133
1.907333647224608,-3.3207225799560547
-3.73521146317182,-6.963624000549316
7.837521570550837,4.0510969161987305
4.82455755953161,-10.693862915039062
-0.6472060937938101,-3.859781265258789
-8.237956686764985,-20.998287200927734
7.36579899286375,0.6670846939086914
7.859716520666763,-6.4084320068359375
2.765011277030255,3.129301071166992
4.62415639298937,-1.0141544342041016
6.430237727930085,-6.58204460144043
2.44728958086436,-11.694042205810547
-1.93656353174353,0.3432426452636719
-33.7845903951132,-24.269432067871094
10.960301672714698,5.492170333862305
6.147225205740463,-2.1488590240478516
2.4659746492236927,7.184852600097656
18.2642273209106,-3.435993194580078
7.656482330373112,0.01511383056640625
-63.2346715672369,-35.584190368652344
-22.9610154952969,-19.100269317626953
4.39789099231211,-5.506290435791016
-46.587141393021525,-30.040990829467773
-12.281506448986304,-1.7454280853271484
5.220668557811489,-5.650485992431641
-1.4412632820262703,-1.1112661361694336
-35.163016426576704,-23.329803466796875
-31.380009974583203,-20.667861938476562
-40.7258600860177,-2.483917236328125
-35.3994683825842,-25.146224975585938
-10.968565079401992,-11.071357727050781
15.384553292915324,-21.71615982055664
-0.4271227388875901,-0.2596702575683594
-7.69948364751984,-0.6168661117553711
-26.6822467124322,-36.156776428222656
-0.2823200449385875,-7.685613632202148
-3.8453528225106623,-13.70002555847168
-2.4599041427842496,5.718387603759766
-12.7315114055493,-7.733304023742676
1.418014053180695,-6.590368270874023
-3.4922781726655696,-4.523496627807617
9.58062385928767,-0.02115631103515625
-17.5801214502402,-33.15609359741211
-49.5120706514507,-24.34885597229004
-0.4503474699443348,-3.5961132049560547
2.332279780348585,-4.588094711303711
-42.2483635713802,-27.70640754699707
-5.00028834575103,-4.429956436157227
-5.14141487663266,-10.472957611083984
-19.923371510770203,2.122972011566162
4.28301459624688,-2.930940628051758
0.3224388648416145,-9.39745044708252
6.795393661635613,0.6329364776611328
6.720388221210122,2.156005859375
-20.7558388881914,-3.793682098388672
-12.5922662394529,-7.9363932609558105
-5.19085420781142,0.024805068969726562
-27.3858072066324,-18.161197662353516
6.488490212037078,4.065767288208008
-12.5233171201947,-14.411399841308594
0.996650643215182,-7.712345123291016
3.27144637329635,-0.6789417266845703
1.203208947199059,-7.39561653137207
4.5031585012656095,-7.83280086517334
-46.6686841099013,-26.801624298095703
3.600655729290548,-3.9146742820739746
-2.7077151362496297,-18.925630569458008
-42.936846127142296,-25.738574981689453
2.679404112105611,2.956623077392578
-23.975827854410426,-20.948833465576172
-24.4869919201538,-17.47962188720703
-6.22433036882608,-4.616664886474609
-24.992167376126925,-10.176459312438965
-9.742168339465294,-3.4882049560546875
0.1235817830644999,-0.21085405349731445
-11.607028837624,-7.443944931030273
5.321680837772678,-6.178714752197266
3.3452637215970498,-5.6292219161987305
13.015759276594096,8.895365715026855
-6.13466459150186,-3.0025863647460938
3.0897024917955025,-3.8066673278808594
3.557691046156,0.4754981994628906
2.0008593011464906,-9.615486145019531
-1.2671721747064446,-16.556631088256836
-2.989164004622407,-26.745466232299805
-2.43808381047612,-7.504688262939453
-11.30813578108209,-5.546555519104004
-9.619042312244815,-11.306913375854492
-4.01456885639382,-3.674053192138672
-4.853312003098937,-32.92576217651367
2.78743688363977,3.3140201568603516
3.6035536346157695,-8.72659969329834
6.09033976794457,4.8966779708862305
-5.89266438028177,-2.7891387939453125
4.780848076735348,1.9042387008666992
-20.7592210135025,-24.706439971923828
-3.637071869773312,-19.208866119384766
-4.396710286499547,-3.8061141967773438
9.04709717330502,-19.95290184020996
1.69213972357191,-6.011039733886719
-27.068723822751306,-20.880321502685547
0.2886204877907422,-2.1335906982421875
-0.592182005541919,-31.70769691467285
-4.736229867816737,6.588314056396484
7.877641553655238,-0.1963043212890625
-2.588665914009158,-3.4487152099609375
4.72846919446815,-11.059329986572266
3.42669038506664,-4.9754180908203125
-10.274169876330886,-5.444562911987305
-1.289264920121349,-12.743730545043945
-6.9648772325347394,-5.485832214355469
-1.2236747050651609,-7.55079460144043
-12.208208404490907,-23.328235626220703
4.40921359309415,0.6728992462158203
16.4171583068458,6.378009796142578
-15.991582533821994,1.0172653198242188
7.809600001042748,2.544374465942383
-3.0331069492891496,-4.490157127380371
2.603164662477901,-7.712648391723633
-24.2572199033326,-11.755340576171875
13.667582002208905,5.102262496948242
8.19307228691883,-9.056750297546387
0.4664503305112299,-5.917999267578125
-6.46133524603972,-4.125255584716797
-19.7520332208299,-18.368791580200195
-7.75971004909346,-2.0154552459716797
7.66334596528203,-6.730388641357422
-27.64770126959135,-12.57811164855957
2.125547882163602,5.9605207443237305
-1.8239337240231768,-7.546939849853516
3.3696784995100426,-1.916020393371582
5.265272900492549,-5.6327362060546875
6.753311816554961,-3.386934280395508
0.9434331950199416,-4.2640838623046875
2.13745295521649,-5.07442569732666
2.76912169862866,-4.358842849731445
2.409764321136161,-2.5903072357177734
3.7606671418030695,-6.166065216064453
0.555665600488549,1.206028938293457
-89.04756219223692,-29.291336059570312
6.987950206462267,0.9994907379150391
-10.09410467002709,-33.37540054321289
8.16191414696451,0.4229698181152344
-10.731303688850904,-10.08358097076416
7.588764503474316,3.7256240844726562
-5.25293160621848,-5.015102863311768
2.3065604778561424,0.8597030639648438
-3.8022266666193874,-14.223380088806152
3.22816419080692,-3.019558906555176
1.1941842843275,1.4805488586425781
9.772192422094813,-29.571762084960938
-2.489313079893845,-0.8529853820800781
-13.547300817594484,-23.247005462646484
-1.5403494549472296,-2.6451358795166016
-5.139364658294922,3.136394500732422
-1.32131943338233,-7.568182945251465
-0.5284321769112605,-7.820713043212891
0.1119561526876595,-0.2607393264770508
14.8508222506114,9.348871231079102
-0.0918051514147744,1.000600814819336
-1.7237618714553775,3.411062240600586
-1.5699354762224491,-0.16698646545410156
1.5718362711845366,-5.076408386230469
3.58036180553514,-1.4942851066589355
7.45084701577923,-8.533842086791992
-7.378812419643663,-2.842428207397461
-33.1832620874725,-21.08112907409668
-6.066411004621831,-0.17923736572265625
-16.4910721624856,-18.715482711791992
0.8267526169764301,-4.7117462158203125
-9.762453719841735,-37.74993896484375
8.07102955700163,7.472421646118164
1.741670982094262,3.080307960510254
-0.0053525606393112,-6.989690780639648
-51.4043293278057,-17.515338897705078
14.9415296965116,4.366748809814453
8.70853787657841,-8.454351425170898
-2.149900469098629,-8.73038101196289
14.8229623836697,7.017169952392578
-0.0379657812584102,-6.127034664154053
-15.3173389528898,-1.844858169555664
-1.7663441991754285,3.1925792694091797
-6.708306328674888,2.6110706329345703
-78.7451798053926,-31.171249389648438
-0.5413656534735456,-3.850743293762207
9.625121597198186,-0.32615089416503906
-3.15562863494722,-1.870107650756836
9.60447820177431,6.504037857055664
-3.31847606547329,4.084928512573242
-4.12581810820042,-2.3491668701171875
1.7706121017107803,-1.2182044982910156
0.5117341060036625,-5.108451843261719
2.63157412115867,-3.410930633544922
-4.763634360062484,-2.48989200592041
-11.18181257464061,-1.5841751098632812
-39.4932668903457,-12.42056655883789
9.206200380526292,1.1127281188964844
-2.93911844531118,-2.499286651611328
-28.13472322157985,-16.104339599609375
9.62907409316032,1.0979738235473633
-7.042636248773623,-4.948753356933594
-4.03025121975644,-4.335664749145508
3.42951329804928,7.404094696044922
2.5565427438131976,-2.8231868743896484
2.8513084033656,3.434793472290039
-5.5623675139736175,-8.008661270141602
16.9968892380515,6.885723114013672
-4.144685584269085,10.246017456054688
-11.221818720505304,-5.142051696777344
-2.111656589218961,-5.8125410079956055
-1.626797120535592,-2.2578353881835938
0.7652624054000594,-1.9397974014282227
-21.5531296050118,-20.226306915283203
-13.053772031257305,-8.162184715270996
5.42509465390903,0.5632266998291016
-5.5186956836840375,-0.010305404663085938
-2.260381023139061,1.4995841979980469
-30.3377383335249,-29.680843353271484
7.380729755239978,-1.3830223083496094
-4.172986764275874,-9.330673217773438
-1.2036514942358316,5.6220245361328125
-35.2906329121599,-24.283233642578125
-2.54595208771381,-25.40339469909668
-10.901275449743116,-3.873350143432617
-17.0078420331655,-23.01190948486328
-17.0314498829154,-1.5844497680664062
-11.9784507557909,-6.947283744812012
-19.469018973061075,-12.804891586303711
-3.2142130797467816,5.484905242919922
-0.5663484394051013,-0.3947887420654297
-21.2195468929047,-7.669523239135742
8.077984978184695,1.8289337158203125
-17.0119321722455,-11.392423629760742
4.67424026120176,3.035890579223633
-47.9875704511971,-36.4148063659668
4.316615136301563,-2.454681396484375
11.2728180991378,5.965444564819336
-3.5546157663424616,-18.435527801513672
-3.15887949932979,-8.936285018920898
-1.6422791314174887,5.305925369262695
-3.448025235667948,-23.572717666625977
-13.5632540546311,-12.279363632202148
0.8825935384285006,1.4823555946350098
3.27100049685324,-1.3213577270507812
-0.7762273913233743,5.933040618896484
1.026942322157092,5.294670104980469
9.859104788483815,-3.358966827392578
-1.9977872313530125,1.578521728515625
-13.1809903671301,-3.5903244018554688
-35.1782981083837,-28.634584426879883
-35.8337806803641,-17.431331634521484
-7.639409008216227,-3.7423477172851562
-15.746453943284,-18.959590911865234
1.055995951979529,4.005033493041992
3.987299411465438,-4.209202766418457
-37.0930621901092,2.784280776977539
16.694612728237402,-1.72906494140625
-4.527979888097892,-10.277894020080566
14.6352674345898,-8.315320014953613
5.034618319433818,-0.6792640686035156
-3.77133000272187,-5.545967102050781
-1.61504571199055,-2.0299148559570312
-56.3663437951974,-21.396835327148438
10.088450856398616,-1.1315479278564453
-14.285610883283098,-19.10122299194336
2.6210618799141923,5.265911102294922
-2.308732762121495,-10.929304122924805
-83.9761260280997,-27.813716888427734
-1.03656181464744,-1.6012449264526367
10.16232173056559,1.5223560333251953
-3.12013961477547,4.033214569091797
3.010752586641185,-5.492143630981445
-1.5178355576616795,0.19361495971679688
-2.60072537807549,0.6445407867431641
-2.367312137177082,-7.687520503997803
6.075310726130807,-0.06860160827636719
2.24572304437811,-0.5219402313232422
0.2044267191685782,-4.029350280761719
3.85944773684647,7.939947128295898
-14.409506408843407,-7.917588710784912
-2.683955047842884,1.1620464324951172
-0.0075038478591599,-6.228464126586914
7.190050317883171,2.3062801361083984
-2.1691769605730515,-6.906093597412109
-7.910003358009165,0.4986248016357422
-69.1366966634013,-25.63485336303711
1.437241653553571,-9.108471870422363
-20.7409218490905,-7.549116134643555
3.78247800369874,2.544401168823242
7.909526276907584,-4.656831741333008
6.097122298913325,-18.233783721923828
24.5800902168924,10.461329460144043
-9.979741434164584,-17.621305465698242
3.1327986373042376,0.4732351303100586
-8.393586343504198,10.818920135498047
8.678125432705007,1.211416244506836
20.7428439693387,-9.542364120483398
-1.511416195100045,-17.597707748413086
-23.3725501337939,-7.387460708618164
4.69437535963172,-6.148977279663086
8.24149319055937,-0.532958984375
-0.2898522089969393,-5.526611328125
-7.19378137939456,-7.488353729248047
1.0271109700113177,-5.481058120727539
-14.564555056626377,-6.046285629272461
-9.657849716236,-24.922687530517578
-0.7280966227290082,-6.637118816375732
-21.8962191024866,-10.432584762573242
-40.2614734397264,-26.918785095214844
-1.77750068778882,-7.607911109924316
-28.3488859938485,-19.808971405029297
-8.184373188662292,-28.604076385498047
-6.135426654744688,0.5882053375244141
-3.270422191581055,-6.532906532287598
-6.055427015859325,-3.136627197265625
-34.3143130117107,-23.528663635253906
-50.4820483838523,-14.636284828186035
-4.639593570653838,2.9873576164245605
-21.0606958753072,-23.963855743408203
8.747205755218493,6.555220603942871
0.6884341878779402,-2.851583480834961
0.300408103033295,2.1508560180664062
-2.6184282494780104,0.08225727081298828
-37.3999740396079,-22.545757293701172
-10.594900847222812,-15.888822555541992
-23.227454082363305,-20.536771774291992
-15.4814292943448,-10.994194984436035
-6.89310310865277,-1.3118324279785156
-11.7962452523223,-1.3504934310913086
-0.3887710448227697,1.9647941589355469
-4.0896099478500325,2.5388317108154297
-42.6579269422049,-34.12577438354492
-2.095241650043551,-0.03952789306640625
8.45389840526827,3.293224334716797
-15.5157954828953,-26.13330078125
-1.9802660997523944,-5.724667549133301
1.8368511005450223,-4.545862197875977
2.11900133622217,4.337526321411133
-38.4962238749225,-32.57079315185547
0.8069046214032297,-4.933387756347656
-1.73607437190069,-4.0009050369262695
-8.46093254820262,-0.592778205871582
-0.0780407432645869,0.9076032638549805
5.009535132419683,-2.0439300537109375
-74.9399761386801,-33.48326110839844
2.806732553915905,-1.7990503311157227
-10.415057364934407,-0.8905296325683594
-4.81834176383161,-3.0276832580566406
-1.4920816076829602,-5.0039215087890625
-0.003939288658445,1.5619792938232422
5.86288473591452,-0.3841114044189453
0.4443344011282492,-3.5791854858398438
5.72263802046558,2.9137916564941406
5.46583466116103,-10.263521194458008
5.05355462238675,-11.422300338745117
-17.190033530139498,1.2071037292480469
-10.1192188918475,-0.6099987030029297
-10.539071528779305,-2.425701141357422
0.2492257167476033,4.936370849609375
5.35198813185094,-1.8429679870605469
14.9823899147147,3.96478271484375
1.7336328627834918,-12.028636932373047
3.2582764286422226,-3.427633285522461
1.1615369027166365,-0.5159196853637695
-42.4099588259267,-24.657312393188477
-38.7823663998969,-24.1080322265625
7.99575647038201,0.6715431213378906
11.644495901203598,2.7760162353515625
-39.0956747424042,-1.4419317245483398
-38.6438610292767,-22.754491806030273
-40.5029244010595,-38.57887268066406
-22.8644313188967,-5.9736175537109375
-0.897066728281827,-4.999508857727051
-17.6830733389949,-13.163436889648438
-0.0084306638066775,-5.603557586669922
0.5394390329931549,-1.3890419006347656
-21.61387508166409,-21.981782913208008
5.053393098685065,-2.397258758544922
-15.7834934865799,-9.581791877746582
-58.40351531723695,-35.62468719482422
8.86280218600469,11.292436599731445
1.888243484494037,3.9164161682128906
8.99923705482913,-2.2492713928222656
4.133325903305868,-2.6357994079589844
4.774357664359128,-1.3239517211914062
7.418770080750715,-8.330757141113281
-2.25262466719878,3.150646209716797
-7.071587649042333,-8.205751419067383
4.398742241377427,-5.605739116668701
-8.692928400841772,-5.614282608032227
2.334382802629,-5.300226211547852
2.8274240704709,-0.8056306838989258
2.1747311895065486,0.5369338989257812
-11.9965988914421,-2.4128522872924805
2.776867734737273,-11.564725875854492
-12.4595255596924,-0.5334968566894531
18.5317724911246,5.892177581787109
6.86106163750481,0.21607494354248047
-19.1693792779686,0.7161669731140137
-4.20883890972707,0.20969486236572266
-0.3530077955256401,-8.29935073852539
-1.6020246929696491,-29.740938186645508
-7.57557880794988,-14.414373397827148
13.9692836454661,-3.682231903076172
1.289294757415069,-8.097517013549805
-20.3746494688195,-38.07192611694336
-8.044482691931467,-3.482175827026367
2.51340467963473,-10.807533264160156
11.0282847349576,3.7986888885498047
-1.3944922949507652,-2.5333547592163086
-26.2706781913698,-26.415691375732422
-71.7765711158932,-41.00166320800781
-44.2857422252861,-20.34214210510254
-3.057699221935841,4.31524658203125
10.116767222520318,1.2888050079345703
-46.9980356488569,-19.31986427307129
-8.677497573270493,-5.108196258544922
-25.781275563237,-2.6512832641601562
-2.941164138388841,-2.358196258544922
-26.5692742661385,-12.036623001098633
1.2555345380058751,-2.205415725708008
-0.810306898238276,-7.37823486328125
0.2404076931068699,-12.389796257019043
-2.5590885431480426,-6.314878463745117
-11.9846830308257,-12.573660850524902
-5.775806690181939,-5.800405502319336
1.9806048133258944,-32.40935516357422
16.618750626525,3.8799362182617188
8.204494762209066,-3.859797477722168
6.80321923705408,1.3916244506835938
11.710679650337616,-9.878419876098633
3.181253849239128,-3.9263134002685547
0.90894434552881,-0.9473762512207031
3.547124544521316,-18.808462142944336
-2.202886656443709,-1.1837444305419922
-11.133669865203094,-13.550880432128906
9.328533024448705,-3.875244140625
-0.7012610501602399,-6.347814559936523
-0.3170472839931941,-0.8902912139892578
-2.3458288386735573,-1.2438316345214844
-26.1191329979098,-15.394641876220703
-2.33292598982445,-7.685734748840332
2.461922216333884,0.41350746154785156
3.73205068567752,4.228618621826172
-22.4462583852743,-20.56220054626465
16.899113604615202,-0.6561431884765625
-2.85382252753121,-5.701700210571289
1.2705701336207027,-4.545270919799805
7.960789166364423,2.9340057373046875
2.71808902854303,1.6428565979003906
5.5273920092716775,-33.65147018432617
-4.11149235653684,-27.902908325195312
-20.9676231329802,-3.8848018646240234
-0.89184437235696,-3.4700937271118164
-1.2816619609782416,-9.934252738952637
4.85634828411675,0.7195243835449219
6.429854346358795,1.1279716491699219
4.71112087372323,-4.8429765701293945
-30.7199022255615,-15.353656768798828
-3.8590388668775,-4.119916915893555
-10.6557437737239,-5.823369979858398
-13.4460672849668,-30.642898559570312
-5.527709296795018,-6.711103439331055
-1.876637029070265,-7.284933090209961
10.2532613363299,4.86933708190918
3.00680128293027,-0.23870468139648438
19.33685959748449,8.30683708190918
-0.1058882282985149,-5.588934421539307
14.3436638764016,5.418333053588867
-16.1535771788668,-23.642112731933594
0.9480162028997956,3.378232955932617
-18.5891767455387,-19.17536163330078
13.309934514349203,5.692689895629883
6.02246857213521,-3.3261165618896484
5.16750826555368,-3.9119110107421875
-1.0190872666435924,-1.572321891784668
-19.100904418149,-12.745802879333496
4.743603615290096,-7.366977691650391
-13.8157551615103,-5.7359771728515625
-3.802611775309477,11.830968856811523
4.30511943579503,0.8382129669189453
-22.482844278002705,-22.083593368530273
0.60779733849738,-4.056976318359375
17.8138573048897,6.865899085998535
-38.4626262988146,-23.44451332092285
-0.6089836493556324,3.1742687225341797
0.8617451361473882,-5.608501434326172
-2.40000424902785,-3.244436264038086
3.7078671714499096,-0.17884540557861328
-2.390619984667185,-8.016571998596191
-15.559462368784592,-10.89265251159668
-13.790764753514,-1.2753620147705078
-9.325981865786185,-23.146427154541016
-58.4491138315396,-34.85444641113281
9.550892694239591,5.979623794555664
4.435147085081137,4.761775970458984
-2.3538192484503564,-2.8996810913085938
-5.83438093189622,-4.920461654663086
-7.10827059552493,-15.218252182006836
-12.414939844598162,-8.905492782592773
6.6154810826822,5.587274551391602
1.3155747227446202,-5.918239593505859
-2.56542276271332,0.36876773834228516
-13.546032832554804,-4.854602813720703
-16.600339428286603,-8.127408027648926
2.9737175212081803,-1.324906826019287
6.167862854629888,-1.20697021484375
-40.922076323723,-33.295570373535156
16.9349100756105,10.52699089050293
-12.24911226903676,-16.393016815185547
4.867927463076468,0.4253110885620117
-21.6327950573002,-17.575531005859375
7.11033993521173,8.142749786376953
-9.59094984812801,-17.61349868774414
4.92186081619874,-0.5414104461669922
-7.815562497274902,0.08460807800292969
-2.20364176327536,-0.33367919921875
-19.6754058911438,-27.68170928955078
-91.8886792382854,-9.022563934326172
-20.9507978903398,-26.602256774902344
-17.8084408175675,-10.137699127197266
-62.9612541332419,-31.82272720336914
5.598134989920393,5.8518829345703125
-7.283890318199592,-3.247293472290039
6.1026124307435,3.8198108673095703
7.42840635595139,3.2725276947021484
-5.179391847578812,-11.963685035705566
-4.873152982370568,-8.722296714782715
7.276768036701751,-1.215041160583496
-10.739322929783883,-2.406850814819336
-22.9219832537164,-38.64999008178711
1.5259403537211615,9.506929397583008
-44.7886924625105,-34.973487854003906
-3.72583443525641,-4.953645706176758
-14.57002364123529,-32.316444396972656
-10.128266274366498,-23.11449432373047
-28.0249952668106,-21.89363670349121
-26.24662901330595,-31.400236129760742
-40.3645652505015,-25.682405471801758
-30.8056950922951,-11.25677490234375
-3.9552380984537248,-7.524925231933594
-2.1789667599796294,-7.169032573699951
-0.5734820606807138,-6.525947570800781
-1.1617148968623687,-8.26150131225586
3.42848617073407,-8.069805145263672
-17.4030551064212,-6.437049865722656
3.88109013796494,4.978477478027344
9.400493271217616,3.4020023345947266
-11.302161927872188,-13.22054672241211
-13.3709137252944,-18.590633392333984
-6.79658968512302,-3.605624198913574
4.509456424718162,1.3294506072998047
5.45103123545738,-0.13910961151123047
8.149714042401495,-3.847675323486328
-12.909180343140196,9.16294002532959
-6.61979034735207,-5.103218078613281
11.9978624338519,-9.966865539550781
-12.53254789251529,-5.313148498535156
-8.36198121766124,-11.640457153320312
-4.361976736345532,-9.155363082885742
-0.1898191226144924,-9.928918838500977
2.3166834950764685,-5.811985969543457
-12.6203596574975,-16.63465118408203
-1.207429910073891,2.5107717514038086
-29.7403775200217,-15.988127708435059
5.31082796058257,-0.008464813232421875
2.97844031586002,-3.948577880859375
-12.533050119535002,-11.839179039001465
-5.8684323426223,1.1797771453857422
2.391980620215489,2.416097640991211
7.73570234615748,-3.447042465209961
1.166748445159433,9.056159973144531
6.093529951556334,5.223670959472656
17.709922444879297,3.50408935546875
11.779516260068313,-0.2902793884277344
2.4866177573815964,3.093137741088867
-30.89708550466269,-37.19999694824219
-9.231606713935047,0.6317176818847656
-13.4089268865456,-10.181591033935547
-9.06573754635488,-10.64773178100586
9.30630078585379,-0.269378662109375
-7.156550033865472,-12.376751899719238
-10.5414716495377,-11.031858444213867
-27.8178569354009,-22.503816604614258
5.3817717725564,3.3920860290527344
-35.155236696245,-27.477100372314453
-21.4141717786538,-25.877914428710938
-2.6053130644292946,-1.8036060333251953
-9.953220777101093,-13.811372756958008
-8.798237091769485,-13.003398895263672
-27.6920167541674,-11.658035278320312
8.017093587799739,0.8206615447998047
-0.3550158381598589,6.495790481567383
-1.19024715514191,-9.143199920654297
-3.2855896341823474,-24.336952209472656
1.844566842421384,0.2515535354614258
-30.7366736665872,-32.969749450683594
-11.338238855350506,-8.000326156616211
-1.059512617215007,-4.656999588012695
-33.7712071062874,-19.577754974365234
3.812227003524945,4.153408050537109
-2.8472026300298463,-19.875713348388672
-21.5871320482388,-0.5236244201660156
1.845960760756301,-2.1165809631347656
9.06213659212517,6.5250244140625
-13.950148061363093,-12.519166946411133
-15.1006814359747,0.277252197265625
-8.65496498210776,-6.035549640655518
-31.18852367408345,-22.899871826171875
2.35160533891099,-12.659732818603516
-7.06329362397977,1.8881263732910156
-11.299328727708405,-5.624723434448242
-5.73967918172164,-4.536876678466797
-4.062121175440552,-4.587490081787109
3.62056380925444,0.7785282135009766
-6.512385872303066,-29.863967895507812
