Score,Pred Score
-13.812973987503693,-0.6899986267089844
-14.6311710829416,-9.007759094238281
-15.020937907067507,-8.563995361328125
5.61896917638109,8.478418350219727
0.1461877509898399,-6.666147232055664
3.59745169898486,-3.7211833000183105
-6.72144892291601,-5.427634239196777
4.304204520484877,-4.965962886810303
3.37898618824583,-5.851532936096191
3.939818822274421,12.975008010864258
13.9953943577381,-4.361841201782227
-5.39913759737588,3.7397537231445312
-2.204579993178592,-9.640265464782715
8.829561804598438,-1.371185302734375
6.01696699102072,-25.459205627441406
-6.376202369524528,-3.317976474761963
-6.50906463316165,-3.507120132446289
-60.92137282626391,-4.226635932922363
1.99934019108803,-5.544057846069336
2.188685633501576,6.075128555297852
4.07090957771029,-4.902453422546387
0.5211206139658471,18.1412353515625
12.5580583918003,0.7043866515159607
3.320229681965675,-6.146929740905762
-0.4381862293696001,-7.110719203948975
0.1752112379752922,-13.246722221374512
4.123908949931413,-0.34659910202026367
-14.2382866820043,18.896713256835938
12.966325580978296,65.73641204833984
7.692941411907634,-2.819888114929199
-62.9031214125763,-6.899587154388428
-5.800670766453999,-3.6866421699523926
-11.705366535732304,-2.8614649772644043
-4.786538605318405,-10.272649765014648
-82.4887013651952,-6.498334884643555
-8.251107402184557,2.0009608268737793
1.61677665352485,-7.770022392272949
-11.916211326129387,-6.527802467346191
-45.634880019414,-13.922952651977539
-0.568998602339841,-1.4331387281417847
-12.147399114840605,-13.003799438476562
-27.4476544011683,-6.2660298347473145
-2.306526469902426,-4.998569488525391
-0.4835459876036119,2.897230863571167
-8.39479061793487,-12.826275825500488
-46.862925671502296,-4.19599723815918
0.3837795244341289,-5.181294918060303
7.184930267876617,40.76000213623047
2.8348518495029404,-4.274292469024658
-9.859535687586003,12.694474220275879
-6.00025755794808,-6.388179779052734
-4.764629840066975,-3.5028672218322754
-2.377061578670744,23.125259399414062
-2.0585753436264698,-9.188526153564453
1.1848602197973823,-5.815217971801758
4.97603191479674,-3.154244899749756
4.27399441028646,-7.2966814041137695
-46.2372447228831,-3.70269775390625
-31.4759298257721,-4.2126078605651855
-50.1674018945849,-9.844722747802734
0.9601515747159592,-1.958935022354126
-11.864177458483407,-5.243267059326172
-0.538262620928304,31.421600341796875
-0.6920482116816997,-4.535076141357422
-1.5184696160120892,-3.6987876892089844
-3.0836644409391925,-6.535353183746338
11.316750179392892,-3.254547119140625
-11.183106529127476,-6.60694694519043
3.59102041590596,-6.597067832946777
4.55602013063716,-3.741243600845337
11.579228393987275,-9.32648754119873
2.3067635611900137,-5.585026741027832
10.480393919522983,12.154121398925781
-2.698100773809443,-6.649545192718506
3.776985072333982,-4.550960540771484
-11.773766374328297,-6.104844093322754
8.681027307740193,9.392504692077637
-1.1091988250418725,-11.750280380249023
4.484288991501213,-4.5222883224487305
0.0548896546292299,4.410336494445801
0.1118559290339978,-13.943490028381348
3.9797293996962297,-2.7960052490234375
-22.42608065327665,-6.81866455078125
7.37064384347005,-4.17805290222168
-0.2642143205483515,-9.315131187438965
5.344594984386832,-5.5164079666137695
-1.2497809936708242,-12.35049819946289
13.71198107208239,-41.49554443359375
0.5045482395984724,-3.2973642349243164
2.86709961553106,-0.1431903839111328
0.4423212163888063,-6.706312656402588
-3.724573545179619,-5.057579517364502
0.2570808252882703,-1.7941969633102417
-70.65073406723695,-6.628313064575195
-33.9587360563784,-6.050858974456787
9.2088386022025,-14.471307754516602
1.3318185914773402,28.16094398498535
-9.176001953270983,-3.8904664516448975
-10.497767159210698,-14.840164184570312
-0.4402086584014632,-5.775298118591309
2.1560784090827942,-5.850811958312988
-27.1636490162131,-12.578948974609375
-0.670930828719279,-2.9207305908203125
-22.794043146736,-7.050248622894287
0.8105828534072201,-5.369029521942139
1.2287673509824204,-7.243801116943359
-0.6435038581465955,9.690958023071289
8.474782023793379,-0.4501938819885254
-9.601847091024196,-2.7481613159179688
-1.6610011043127195,-10.901290893554688
-0.1091636509260827,-6.116853713989258
7.570838092245207,-7.996414661407471
-7.211196994815285,-4.465095520019531
9.090654061652296,-5.889307498931885
-26.6651088566214,6.363409996032715
-17.309192174305,-0.051545143127441406
4.14054171285972,-6.747249126434326
4.097668935846943,-9.735086441040039
-0.29408409265346,-7.91570520401001
-35.8165916579592,-12.665412902832031
10.898098675545494,-9.164957046508789
-1.6552655274048038,-17.284927368164062
1.6729502580778592,-5.189510822296143
-6.42491227706334,-6.830104827880859
-15.4752611754195,-6.807877540588379
-0.6907348474047925,-11.769929885864258
-21.3629045873375,-5.296392917633057
4.219145585451182,-3.1204681396484375
-3.019531285218114,-3.141303539276123
4.25311060075082,-3.967400550842285
-15.0412339008878,-0.7399368286132812
-8.237627320974727,-16.02602767944336
-1.0683487237199796,-3.0455844402313232
-1.7174251595272625,-3.31870436668396
4.069163600073605,-0.36214351654052734
-10.162041561092582,-5.992734909057617
-5.97248436581227,-10.553699493408203
6.120538767403939,-4.694913387298584
-0.8028238008287005,-6.556960105895996
-23.6042929930625,-6.66770076751709
-0.1777753404752198,34.5211181640625
-5.785469568057495,-6.285580635070801
-0.0556983764780604,-3.1091694831848145
-25.4508968849616,9.576436042785645
-5.3185412482723295,-2.3323326110839844
9.1356503291117,-1.090057373046875
4.020569536845237,-12.161102294921875
-58.5527340809363,1.4263007640838623
-6.291328737399075,-9.697962760925293
4.187869588752649,-1.2282829284667969
8.922207576391518,-7.354910850524902
22.7414116448382,0.3345603942871094
-44.6057608529879,-6.319477081298828
-26.5129077898497,-13.137542724609375
-2.13735826282737,-27.32330322265625
-1.14890133483728,-8.211902618408203
-15.2234416939723,10.928845405578613
0.369316059642221,-3.319892406463623
-0.6884117876070912,-0.07717609405517578
-5.8772631055401,-3.164990186691284
3.6053774296538297,1.3903238773345947
5.07108724357905,-6.071732044219971
1.292753014965791,6.1381988525390625
8.440986836263871,-3.4533462524414062
-3.43040335892423,-3.871652126312256
0.7651079053562314,-3.6989922523498535
-37.13962469223695,-16.221309661865234
-5.822632503482525,0.4686098098754883
-6.879472048396067,-3.4583957195281982
2.11024229353816,-2.2563321590423584
-7.1526743450051855,-5.796348571777344
-1.122073026503361,-1.5961329936981201
0.3302260274555297,-8.581328392028809
-1.178255647098801,-11.310293197631836
-2.99361591491145,13.804033279418945
-18.1070051290659,-6.125543117523193
-3.0332808194811403,-5.786872863769531
2.6303171850506604,-4.328014373779297
-9.72499716390718,-10.974071502685547
0.2729453578388601,-3.336575984954834
-21.4503408223732,-6.640746116638184
-4.99755531471552,-71.334228515625
-18.0018409950579,-15.47665786743164
4.00031385473591,-7.672760009765625
12.0378145652987,21.248184204101562
14.1235470599023,-9.40915298461914
6.55729051148795,11.473479270935059
11.19992297656359,-6.382676601409912
-7.81388191369781,-4.391038417816162
-2.924593214648255,-4.731172561645508
3.7667366885646025,-8.829330444335938
-6.68253431604433,-1.7981674671173096
0.7345204104922589,22.22021484375
-10.626155896203898,-6.080507278442383
8.106852576346123,90.9913330078125
-58.24412469223692,-11.810867309570312
1.4955767028094,32.10643005371094
-17.6906096863185,-9.989721298217773
-4.813871520282443,5.154762268066406
-11.8973420493851,-4.369537830352783
-2.67676896274171,-9.294708251953125
-3.9331393974605526,-4.0315423011779785
8.756217929094177,23.6025390625
-29.2662792150344,3.2388110160827637
1.7249239205326918,0.5562057495117188
-6.686975812883663,-4.1024861335754395
11.10272802991041,-1.0991740226745605
-10.956818171714705,0.16511386632919312
-6.3500959185649,-3.8517277240753174
0.6681105368389735,3.29825496673584
-12.500029270357295,-4.297479629516602
-2.591242863373206,-12.401556015014648
5.954690473588823,-3.7125730514526367
-43.929359067237,-14.00269889831543
-17.4841411730512,-3.2336058616638184
3.61441892535489,-4.288479804992676
2.1112971208509976,-1.2142219543457031
-41.8026500314277,-11.121074676513672
7.028135642932115,13.523689270019531
8.463248256721428,-6.5387444496154785
-13.037072413777096,-6.513980865478516
-1.6307504375632549,3.873567581176758
-0.3284521577656807,-13.315482139587402
0.4685622181175212,-2.9669876098632812
-5.316952415477393,16.844032287597656
4.584421564331302,-5.920961380004883
-20.3593816575191,-4.08444356918335
3.67041582610247,1.8374834060668945
2.204062447972561,-3.8113174438476562
-4.666937653128132,-3.258248805999756
-12.3781694316975,-3.3927855491638184
7.06923762363823,-3.8810291290283203
-37.2883298194418,-6.770472526550293
6.442434166934048,13.161140441894531
-12.2162083245621,-6.93978214263916
-20.3623076046531,4.239590644836426
-5.45440876641342,-2.2132139205932617
3.1416241584890576,-6.524028301239014
-4.96580172718434,-6.356152534484863
-37.4061766871973,-8.82880687713623
6.46185690649625,-1.3639006614685059
0.5403453062071405,9.193511009216309
8.656689402528613,5.4498748779296875
12.331931266595111,-3.6717662811279297
2.75380173901167,-11.42532730102539
-2.8447496930443927,8.317262649536133
0.0285872237409883,-5.106636047363281
-73.5286754265322,-6.404566287994385
7.285509446842615,-6.477603435516357
6.72046542688671,-19.966842651367188
-6.19730890695259,-7.548828125
-16.4599719883519,6.150822639465332
-10.288292260688207,-8.451603889465332
-10.285920522724917,-6.406006813049316
-30.8171784242839,-10.984343528747559
-4.65691689928222,-4.537100791931152
-37.1716279374795,-6.656561851501465
-36.50577458359941,-0.45084571838378906
0.7942566624333496,-2.799175977706909
-34.8552692363716,-6.079471588134766
-2.491707941339629,-12.43685531616211
1.7387039934851498,-4.040518760681152
18.9715733525152,-1.3281974792480469
-13.8996269060666,-16.1845703125
4.17561229224804,-6.657473564147949
4.7680640763497,-8.312043190002441
-6.745372906074374,-3.153413772583008
7.262818938793504,-2.940887689590454
-55.7541546140486,-6.144508361816406
8.453421074249384,10.896385192871094
-5.85807143580148,-11.104500770568848
-52.7336020518746,-6.048810005187988
-1.995826789875676,-15.701430320739746
-1.3326443092463092,-2.2500290870666504
5.029017096161708,0.9919967651367188
-0.71117494174041,2.38494873046875
8.243548509216069,15.940231323242188
5.81602235619721,-13.765384674072266
5.978124919049687,-2.0262720584869385
-2.8859593337581737,-6.095806121826172
-26.0047332498617,-7.715770244598389
-1.5220929784942658,-15.507285118103027
-3.195242757261453,-0.3237905502319336
-15.0089303719363,-9.206371307373047
-1.757118944268968,-11.097892761230469
-13.5091075877696,-3.882017135620117
-4.0681667574955,-6.1986589431762695
4.43276114617859,-11.228758811950684
-4.665207913971671,2.608011245727539
7.33919324558513,-6.210438251495361
-11.69780882660921,-6.270110607147217
5.960801203295765,-7.12809419631958
-29.9162730471743,-6.066570281982422
-5.331847529263395,-3.826810121536255
4.2006804390709,1.8337860107421875
4.76541245752904,-0.5623874664306641
5.87221574658101,1.7569808959960938
-12.955988512618,-5.866559982299805
-14.4061745570978,-12.370246887207031
13.644333664082708,1.842437744140625
7.522446474796843,-5.7752366065979
2.858782897786812,-3.3271758556365967
-49.8653288018085,-6.5735273361206055
-4.029904705212941,-6.77327823638916
-6.2026319104393295,-6.678563117980957
4.452168509343501,13.675945281982422
-16.475900892606802,-0.5927679538726807
-11.03094492075089,-11.968219757080078
-8.08045020128908,-6.690886497497559
1.39259946716825,-1.4832236766815186
-14.885807229381896,2.9407055377960205
-11.113180908425988,-3.9426751136779785
5.506094216928792,2.7755284309387207
5.29091659278858,-9.713855743408203
3.42106467876526,-15.09859848022461
5.162821279449693,-6.626367568969727
6.020551076354931,-3.445284843444824
0.8086942897832163,-6.529980182647705
-8.80546181278599,-9.45510196685791
-7.42349600405968,-6.675559043884277
-14.4731176558811,10.42108154296875
-35.5448186771701,-5.597126007080078
-1.657597602265355,-5.387098789215088
-1.930224441335125,-8.114399909973145
-10.398648228661925,-9.651853561401367
-1.6521884315998507,-7.159987926483154
1.3131129859732091,-5.487687110900879
-0.1240821746904601,-1.5458924770355225
-35.1709788883515,-6.695657730102539
0.6771989561182002,-4.837017059326172
-5.8677981963370005,-8.075797080993652
0.7982616963508231,-5.12465763092041
2.595279020812243,-12.1524019241333
6.9472187772133225,-5.969645023345947
-41.1395198834054,-7.81247615814209
-35.4604736838065,-6.757369041442871
7.87379173269718,-9.612459182739258
-8.72128086410909,-6.6632537841796875
-82.13826531723697,-11.206818580627441
-9.70693692529289,-17.72425079345703
-61.4386715672369,-13.02190113067627
7.10938257895085,-12.639715194702148
0.4007388327427847,8.851985931396484
-0.7455370396145937,-4.328819751739502
1.674966057420845,-5.955223560333252
11.877856996640997,-2.130415439605713
-0.9096556467231308,-6.1944580078125
-1.4680391508473674,-4.274621963500977
15.6414782015599,-7.996978759765625
-10.35739215730591,-8.28584098815918
1.926107182225645,-5.353291034698486
6.99756701325662,-6.856264114379883
3.54836143321337,-7.78913688659668
-7.726553411266567,-6.166050910949707
-48.51478094223695,-6.779709815979004
-3.0453156276270903,-3.230180263519287
-3.454798154796729,5.373754501342773
9.503977484174175,4.253030776977539
6.001532732018722,10.80107307434082
1.775572054007981,-3.6029012203216553
-2.6871577689602653,-4.87419319152832
-7.920344649869953,-7.9571661949157715
2.578081311550471,-4.954984188079834
-14.434457477598505,-2.9073917865753174
-1.338045882914232,-6.459349632263184
-44.1817825469333,-17.326152801513672
2.4314234692194163,-8.92675495147705
-2.35314836228574,-3.804499864578247
-2.07036107592124,-9.022066116333008
-6.560167066336443,0.38539576530456543
-2.54688332955635,-3.7198286056518555
-7.940842049461227,-6.571009635925293
-7.789052707582185,34.23291015625
-1.4295761119406232,2.6521310806274414
7.206977941743588,-7.145160675048828
-4.081394009803599,-4.153501510620117
-30.167243616457,-4.368254661560059
11.7225687296843,-49.12940216064453
-0.8984319813221007,-8.03903579711914
10.349523074958825,-8.273555755615234
5.42147270471237,-108.45733642578125
-0.3136273830120112,-4.016104698181152
4.398848813602776,-1.3046374320983887
2.099307195887115,-2.4605040550231934
-61.6890402284636,-4.174639701843262
-7.08434802004719,-6.227217674255371
0.6962467393230812,-1.157205581665039
9.0758909366509,-2.7305338382720947
-1.9263965715605047,-0.8806161880493164
-6.262949496708321,-5.406939506530762
-4.739766082030863,-4.0613508224487305
-36.8822022827233,-6.202427387237549
3.24770439300306,-5.154537200927734
-2.289513933263135,-11.430364608764648
1.41805545618482,37.53765869140625
-24.4432878855492,-5.395743370056152
-24.96156751119129,-4.624340534210205
-7.734574598544068,-4.251910209655762
2.79124989437018,-10.257678031921387
-5.17831154550348,-1.522566556930542
1.5275640312561216,-7.129376411437988
3.682989905065457,-23.83111572265625
-10.8237586662752,-6.9125075340271
-6.929951553081727,4.078850746154785
-27.96215708599589,-5.9910569190979
-2.88087637063392,-5.886725425720215
-5.960419628776203,-4.367328643798828
-37.189874708633695,-8.181770324707031
1.1496085756031087,-6.6541266441345215
-12.7137936794919,-7.765877723693848
8.398744223780918,-4.3087158203125
-33.3004252633332,-6.756186008453369
9.144089281431205,-5.898509979248047
4.065326821312747,-6.532449722290039
-41.9047429025821,-6.928786277770996
7.383552345763623,1.405243992805481
6.364261125349779,9.100915908813477
4.841793570156368,-10.531908988952637
1.6198341998494314,-9.972661018371582
4.179707781567577,24.824262619018555
-14.7229944429405,64.96405029296875
7.078924552126015,10.070241928100586
-12.898019313824,-3.0114805698394775
-70.8116033690518,-7.168388366699219
12.7359625054994,18.50958251953125
5.586124430090477,9.423896789550781
3.028467183462371,-6.370302200317383
-5.830142578087577,-6.588788986206055
-22.6841489367301,-10.182746887207031
-1.51657819068512,7.383920192718506
-81.52648016021857,-3.4641661643981934
-3.36903782007548,-7.7900166511535645
-18.707844022,-4.364306449890137
-34.48768519828235,-2.979238510131836
-39.7169735486916,-3.5455691814422607
-1.593720937577549,-4.572393417358398
-23.2954444871652,-6.451715469360352
-45.30258920076982,-6.676974296569824
12.5056328567953,-6.623720169067383
-11.9299972333177,19.743576049804688
-37.9495035857927,0.6799635887145996
0.7001962140772594,-6.6747894287109375
4.49418879319923,-22.105712890625
-39.0646563811545,-5.760576248168945
-9.09730633851708,-9.84341812133789
-17.5589533745204,-7.0282769203186035
-4.92782811871599,-10.0074462890625
-8.2299173561342,-0.9537840485572815
2.60625970962018,2.6805334091186523
2.726862934921635,-7.764068603515625
4.071661498679735,-5.5552897453308105
-13.2494383747796,-5.074256896972656
-11.9154244975033,26.31298828125
0.9090871567987184,-17.788732528686523
7.92708077877978,-0.0895843505859375
-3.119647295186995,-13.434561729431152
-2.248378586620203,-6.55084228515625
1.6646916021852596,-1.7509522438049316
0.1590569364430157,-7.077126502990723
-77.3623903172369,-6.824520111083984
15.8859560938761,-4.14593505859375
-3.11888044241469,-3.9738268852233887
-2.7468186065138984,2.187138080596924
2.77922195660905,-1.7304818630218506
4.052279150357491,-16.16400146484375
-4.03806373695381,-7.170305252075195
-2.4461467814868523,-6.852666854858398
-0.1639564470097907,-6.08765172958374
0.8542168432631491,-2.7246387004852295
5.84905996845087,-7.707742691040039
-5.77665564868809,1.9164432287216187
-3.7008288999313423,9.838889122009277
-7.18713065449027,-5.453636169433594
-0.9529303605806088,-12.843559265136719
-15.902118442879,-6.841214179992676
-28.0636361890057,-7.646222114562988
-26.912205886836706,-12.722623825073242
8.596988309863011,19.888229370117188
0.2877587512502297,-8.147254943847656
3.3899996482015826,-5.13384485244751
-20.5869014386951,3.3538215160369873
-9.341800010912078,-3.9256937503814697
0.1692077246922899,-7.886414527893066
-1.857666460494741,-6.070013046264648
-13.2752747780792,-6.699197292327881
0.7445982178878973,23.588621139526367
4.49646859469848,-2.921937942504883
3.60913262992784,-9.579894065856934
-5.653435188749545,0.006580948829650879
1.51502173443586,-0.852630615234375
8.143116180793372,-3.9499778747558594
-8.36164856265281,-9.651957511901855
-1.130678948105339,-3.594766855239868
-4.349210006555943,1.532970905303955
0.2594141505344826,-8.536588668823242
-32.1283374054069,-3.9442710876464844
-1.9051378030600723,0.037894248962402344
4.768047800449637,-6.0867719650268555
2.264898495983479,-7.881711006164551
-6.47138721063866,9.057807922363281
4.93167956005568,-9.184484481811523
2.4851768276660025,-1.839133620262146
-3.930469946192945,-9.326631546020508
11.923948375295712,6.9813995361328125
11.616605850275496,2.8444957733154297
10.41580460128629,-8.753582000732422
-8.700462669667385,-0.4533236026763916
13.1991243046288,-6.318910598754883
-4.75101729862813,-9.200382232666016
-1.4230966237807086,-4.376620769500732
-2.07861348348741,-13.304351806640625
10.292368565007404,22.6025390625
1.9007667723773176,-4.600046157836914
17.1612744381531,3.4824275970458984
-0.1428452494230792,5.0388593673706055
2.4933992323843923,-3.3729195594787598
-13.861300672159,5.19795560836792
-1.7943154401891548,-5.16121768951416
-4.15624175439773,-3.3669543266296387
-14.277645616907492,-12.170998573303223
2.713132201978397,-2.5866403579711914
-13.315456279797685,-7.805471897125244
-5.36204355968609,-3.487827777862549
-1.4872271509121793,-6.166602611541748
0.31232235517322,-4.575021743774414
3.0307168501552093,-6.99215030670166
3.4484762474106,-8.103799819946289
-34.0729170807354,-6.9586992263793945
-25.0659802428987,7.7321882247924805
0.86771933446589,-6.00632381439209
-11.996919710325,-9.035941123962402
17.2594267615487,0.6392822265625
-56.2560888739038,-11.568225860595703
-12.7386491421071,-6.632201194763184
-3.520787796436005,-10.85167121887207
-0.8014467498558491,-11.871585845947266
-34.7812340468876,-4.374530792236328
7.158235365631607,-7.441690921783447
3.29681579894721,15.507562637329102
0.046018285265003,-2.5526885986328125
2.046344769010002,-0.8738172054290771
4.25403099118957,-5.344347953796387
3.7804230286959792,-4.56131649017334
-3.773219093074008,-6.362043380737305
-9.722403045722997,-7.5737833976745605
2.81101468536903,0.011569976806640625
-23.7494411406013,-6.10402774810791
-75.56229656723696,-7.3735833168029785
4.366245372711767,0.41136932373046875
9.94612085382829,-14.094482421875
-8.207132148775708,-9.722267150878906
-3.09775596823669,14.142943382263184
3.77256113899207,-9.886513710021973
0.2016574678685985,0.3549690246582031
4.38808277416547,-3.1996004581451416
3.7092867134231,-6.579899787902832
1.6740112862957208,2.3911333084106445
-5.472376660417956,-6.255556106567383
12.283123760680592,-2.5262207984924316
4.417989059347175,-5.924380302429199
1.907333647224608,-5.804962635040283
-3.73521146317182,-16.698604583740234
7.837521570550837,-13.894203186035156
4.82455755953161,-7.136825084686279
-0.6472060937938101,6.598886966705322
-8.237956686764985,-6.637971878051758
7.36579899286375,-7.284496307373047
7.859716520666763,-4.714021682739258
2.765011277030255,1.9947395324707031
4.62415639298937,-28.014373779296875
6.430237727930085,-13.927984237670898
2.44728958086436,-4.259016036987305
-1.93656353174353,-1.5724918842315674
-33.7845903951132,-10.918885231018066
10.960301672714698,20.03691864013672
6.147225205740463,-6.437925338745117
2.4659746492236927,9.036636352539062
18.2642273209106,-5.951159954071045
7.656482330373112,-67.37315368652344
-63.2346715672369,-9.457682609558105
-22.9610154952969,-5.56999397277832
4.39789099231211,-0.3986358642578125
-46.587141393021525,-11.07660961151123
-12.281506448986304,-1.220046043395996
5.220668557811489,1.4501372575759888
-1.4412632820262703,-0.47338002920150757
-35.163016426576704,-4.3265380859375
-31.380009974583203,-6.725873947143555
-40.7258600860177,-5.871482849121094
-35.3994683825842,-6.769966125488281
-10.968565079401992,-7.131645202636719
15.384553292915324,-17.078147888183594
-0.4271227388875901,-6.3189191818237305
-7.69948364751984,1.1537768840789795
-26.6822467124322,-6.925294876098633
-0.2823200449385875,-3.734117031097412
-3.8453528225106623,-6.672948837280273
-2.4599041427842496,-8.931439399719238
-12.7315114055493,-8.824145317077637
1.418014053180695,-4.164848804473877
-3.4922781726655696,-3.814439296722412
9.58062385928767,-18.22116470336914
-17.5801214502402,-4.144141674041748
-49.5120706514507,-7.1122918128967285
-0.4503474699443348,-11.390605926513672
2.332279780348585,-3.083800792694092
-42.2483635713802,-6.257388114929199
-5.00028834575103,-15.728232383728027
-5.14141487663266,-6.310207366943359
-19.923371510770203,-7.755915641784668
4.28301459624688,-3.205003023147583
0.3224388648416145,-4.423887729644775
6.795393661635613,-1.7217864990234375
6.720388221210122,49.53704833984375
-20.7558388881914,-3.6940152645111084
-12.5922662394529,-11.943406105041504
-5.19085420781142,-4.2413482666015625
-27.3858072066324,-6.173620223999023
6.488490212037078,0.2634925842285156
-12.5233171201947,-9.182840347290039
0.996650643215182,-6.4895429611206055
3.27144637329635,-9.579209327697754
1.203208947199059,-13.74128532409668
4.5031585012656095,-4.49172306060791
-46.6686841099013,-7.207170486450195
3.600655729290548,-5.684422492980957
-2.7077151362496297,-5.032730579376221
-42.936846127142296,-6.807958602905273
2.679404112105611,-3.669497489929199
-23.975827854410426,-12.620016098022461
-24.4869919201538,-10.931291580200195
-6.22433036882608,0.6319522857666016
-24.992167376126925,-5.7535552978515625
-9.742168339465294,-3.7765188217163086
0.1235817830644999,-7.328278541564941
-11.607028837624,-14.474677085876465
5.321680837772678,3.4285571575164795
3.3452637215970498,-6.369478225708008
13.015759276594096,-22.29541015625
-6.13466459150186,-3.625410318374634
3.0897024917955025,9.50955867767334
3.557691046156,-2.2373600006103516
2.0008593011464906,-8.208745956420898
-1.2671721747064446,-12.474786758422852
-2.989164004622407,-13.093877792358398
-2.43808381047612,-6.855347633361816
-11.30813578108209,4.432857513427734
-9.619042312244815,-4.9793381690979
-4.01456885639382,-3.0380640029907227
-4.853312003098937,-6.667661666870117
2.78743688363977,-2.6698577404022217
3.6035536346157695,-4.816102981567383
6.09033976794457,10.035247802734375
-5.89266438028177,-9.356603622436523
4.780848076735348,-4.313530445098877
-20.7592210135025,-8.748969078063965
-3.637071869773312,-8.594146728515625
-4.396710286499547,-7.940975189208984
9.04709717330502,-11.126523971557617
1.69213972357191,1.7987236976623535
-27.068723822751306,-3.798093795776367
0.2886204877907422,-12.576950073242188
-0.592182005541919,-12.68375015258789
-4.736229867816737,23.48919677734375
7.877641553655238,-4.063020706176758
-2.588665914009158,-3.798248767852783
4.72846919446815,-10.705437660217285
3.42669038506664,-4.763239860534668
-10.274169876330886,-2.923830509185791
-1.289264920121349,-6.43967342376709
-6.9648772325347394,-8.444355010986328
-1.2236747050651609,2.774932861328125
-12.208208404490907,-9.746687889099121
4.40921359309415,-15.960649490356445
16.4171583068458,23.334564208984375
-15.991582533821994,-5.5931396484375
7.809600001042748,-4.971967697143555
-3.0331069492891496,8.1304931640625
2.603164662477901,-11.050745964050293
-24.2572199033326,-6.110604286193848
13.667582002208905,13.820068359375
8.19307228691883,-14.73872184753418
0.4664503305112299,-2.441080093383789
-6.46133524603972,-5.0295634269714355
-19.7520332208299,-5.898026466369629
-7.75971004909346,-18.626253128051758
7.66334596528203,-10.95751667022705
-27.64770126959135,-8.475208282470703
2.125547882163602,-1.166921615600586
-1.8239337240231768,-11.198229789733887
3.3696784995100426,-9.357809066772461
5.265272900492549,-8.480853080749512
6.753311816554961,-9.569875717163086
0.9434331950199416,-3.0716843605041504
2.13745295521649,-3.435661792755127
2.76912169862866,67.8463134765625
2.409764321136161,3.716744899749756
3.7606671418030695,-6.130777835845947
0.555665600488549,-9.257011413574219
-89.04756219223692,-3.955540895462036
6.987950206462267,-5.431697368621826
-10.09410467002709,-3.897428274154663
8.16191414696451,5.5302534103393555
-10.731303688850904,-6.306849002838135
7.588764503474316,-4.235234260559082
-5.25293160621848,-4.178065299987793
2.3065604778561424,5.218025207519531
-3.8022266666193874,-6.809678077697754
3.22816419080692,-2.8517799377441406
1.1941842843275,-14.527996063232422
9.772192422094813,-6.719632625579834
-2.489313079893845,-23.97707748413086
-13.547300817594484,-6.627108097076416
-1.5403494549472296,-3.087862014770508
-5.139364658294922,-6.047117233276367
-1.32131943338233,-2.8002665042877197
-0.5284321769112605,3.6269354820251465
0.1119561526876595,9.944536209106445
14.8508222506114,14.200309753417969
-0.0918051514147744,-6.171097755432129
-1.7237618714553775,-4.815614700317383
-1.5699354762224491,-0.8708271980285645
1.5718362711845366,-4.061948776245117
3.58036180553514,-6.2138495445251465
7.45084701577923,-8.270230293273926
-7.378812419643663,3.265131950378418
-33.1832620874725,-5.616339206695557
-6.066411004621831,10.099929809570312
-16.4910721624856,-3.871917963027954
0.8267526169764301,-9.064709663391113
-9.762453719841735,-6.523462295532227
8.07102955700163,0.35152626037597656
1.741670982094262,-9.145185470581055
-0.0053525606393112,-2.2444536685943604
-51.4043293278057,-7.221456527709961
14.9415296965116,25.892803192138672
8.70853787657841,-7.459323406219482
-2.149900469098629,-6.462710380554199
14.8229623836697,22.104278564453125
-0.0379657812584102,15.243095397949219
-15.3173389528898,-4.644495010375977
-1.7663441991754285,-4.3547210693359375
-6.708306328674888,-6.188537120819092
-78.7451798053926,-5.225103378295898
-0.5413656534735456,-6.220633506774902
9.625121597198186,-1.5213634967803955
-3.15562863494722,8.426477432250977
9.60447820177431,22.87978172302246
-3.31847606547329,-6.098132610321045
-4.12581810820042,1.3818073272705078
1.7706121017107803,-5.731780529022217
0.5117341060036625,-6.625056743621826
2.63157412115867,-4.262639045715332
-4.763634360062484,-5.091122627258301
-11.18181257464061,-7.01445198059082
-39.4932668903457,-3.975618362426758
9.206200380526292,10.499698638916016
-2.93911844531118,-5.516565799713135
-28.13472322157985,-6.507351875305176
9.62907409316032,18.939062118530273
-7.042636248773623,-3.704507827758789
-4.03025121975644,-0.13552570343017578
3.42951329804928,4.744513988494873
2.5565427438131976,-1.7134263515472412
2.8513084033656,-11.391189575195312
-5.5623675139736175,0.3018723726272583
16.9968892380515,10.41212272644043
-4.144685584269085,3.660618782043457
-11.221818720505304,0.8134616613388062
-2.111656589218961,-3.020183563232422
-1.626797120535592,-3.6939830780029297
0.7652624054000594,-7.354272365570068
-21.5531296050118,-19.30942726135254
-13.053772031257305,-6.594634056091309
5.42509465390903,-7.853909015655518
-5.5186956836840375,-5.107089519500732
-2.260381023139061,48.088401794433594
-30.3377383335249,5.660226821899414
7.380729755239978,-6.011363983154297
-4.172986764275874,-4.700017929077148
-1.2036514942358316,-17.509830474853516
-35.2906329121599,-4.01764440536499
-2.54595208771381,-7.25178861618042
-10.901275449743116,-11.352323532104492
-17.0078420331655,-13.261690139770508
-17.0314498829154,-7.369112014770508
-11.9784507557909,6.779061317443848
-19.469018973061075,-3.2045016288757324
-3.2142130797467816,11.535842895507812
-0.5663484394051013,7.844779968261719
-21.2195468929047,-8.349030494689941
8.077984978184695,-5.5564799308776855
-17.0119321722455,-14.283514976501465
4.67424026120176,8.042133331298828
-47.9875704511971,-6.88497257232666
4.316615136301563,-8.1705322265625
11.2728180991378,7.712871551513672
-3.5546157663424616,-8.310986518859863
-3.15887949932979,-7.063863277435303
-1.6422791314174887,-0.67633056640625
-3.448025235667948,-11.495232582092285
-13.5632540546311,-5.721920967102051
0.8825935384285006,-4.931384563446045
3.27100049685324,-5.145008087158203
-0.7762273913233743,-6.060727119445801
1.026942322157092,-13.35944938659668
9.859104788483815,-6.390908241271973
-1.9977872313530125,-4.123468399047852
-13.1809903671301,-139.720947265625
-35.1782981083837,-7.023870944976807
-35.8337806803641,-9.49148941040039
-7.639409008216227,-55.6053466796875
-15.746453943284,-7.231488227844238
1.055995951979529,1.2082138061523438
3.987299411465438,-5.675951957702637
-37.0930621901092,-2.6035854816436768
16.694612728237402,-9.366734504699707
-4.527979888097892,-5.935468673706055
14.6352674345898,-11.672021865844727
5.034618319433818,-5.532674789428711
-3.77133000272187,-2.7661375999450684
-1.61504571199055,16.533220291137695
-56.3663437951974,-3.9259822368621826
10.088450856398616,-6.651368618011475
-14.285610883283098,-11.013089179992676
2.6210618799141923,13.260074615478516
-2.308732762121495,-8.61759090423584
-83.9761260280997,-8.874868392944336
-1.03656181464744,-6.919102191925049
10.16232173056559,-51.89836883544922
-3.12013961477547,12.372039794921875
3.010752586641185,-4.187499523162842
-1.5178355576616795,3.0379467010498047
-2.60072537807549,11.062721252441406
-2.367312137177082,13.24155330657959
6.075310726130807,-6.440982818603516
2.24572304437811,13.154319763183594
0.2044267191685782,-6.278981685638428
3.85944773684647,0.3665924072265625
-14.409506408843407,-11.194576263427734
-2.683955047842884,12.764418601989746
-0.0075038478591599,-7.0711164474487305
7.190050317883171,-16.56690216064453
-2.1691769605730515,-13.782515525817871
-7.910003358009165,-1.5262598991394043
-69.1366966634013,-8.36104965209961
1.437241653553571,-17.49952507019043
-20.7409218490905,-10.24743366241455
3.78247800369874,-6.057514190673828
7.909526276907584,-6.1724395751953125
6.097122298913325,-6.9533305168151855
24.5800902168924,24.813491821289062
-9.979741434164584,-7.873254776000977
3.1327986373042376,-16.46259307861328
-8.393586343504198,-2.1168556213378906
8.678125432705007,-31.866134643554688
20.7428439693387,-4.300799369812012
-1.511416195100045,-7.7277936935424805
-23.3725501337939,-7.93692684173584
4.69437535963172,-12.399371147155762
8.24149319055937,-0.8429515361785889
-0.2898522089969393,-10.106351852416992
-7.19378137939456,-3.9993720054626465
1.0271109700113177,-7.420454978942871
-14.564555056626377,-4.328165054321289
-9.657849716236,-15.174988746643066
-0.7280966227290082,2.3238906860351562
-21.8962191024866,-15.368999481201172
-40.2614734397264,-4.544836521148682
-1.77750068778882,-3.345956325531006
-28.3488859938485,-5.784415245056152
-8.184373188662292,-5.735534191131592
-6.135426654744688,-6.460905075073242
-3.270422191581055,-15.669496536254883
-6.055427015859325,-2.972196102142334
-34.3143130117107,-4.125616073608398
-50.4820483838523,-9.123451232910156
-4.639593570653838,-5.135888576507568
-21.0606958753072,-7.163812637329102
8.747205755218493,7.7071990966796875
0.6884341878779402,-7.597350597381592
0.300408103033295,-3.1136136054992676
-2.6184282494780104,1.4950408935546875
-37.3999740396079,-4.246694564819336
-10.594900847222812,-4.150071620941162
-23.227454082363305,-8.669204711914062
-15.4814292943448,-9.83181095123291
-6.89310310865277,-9.569994926452637
-11.7962452523223,-7.506447792053223
-0.3887710448227697,6.898981094360352
-4.0896099478500325,-29.067214965820312
-42.6579269422049,-7.178651332855225
-2.095241650043551,-8.243078231811523
8.45389840526827,-5.383822441101074
-15.5157954828953,-4.054841995239258
-1.9802660997523944,-2.9007816314697266
1.8368511005450223,-3.921921730041504
2.11900133622217,21.644184112548828
-38.4962238749225,-4.203713417053223
0.8069046214032297,-13.280682563781738
-1.73607437190069,-8.153790473937988
-8.46093254820262,-7.64052677154541
-0.0780407432645869,-4.055826187133789
5.009535132419683,-8.855271339416504
-74.9399761386801,-10.449849128723145
2.806732553915905,-5.3274245262146
-10.415057364934407,-8.183802604675293
-4.81834176383161,-6.132413387298584
-1.4920816076829602,-7.825050354003906
-0.003939288658445,-7.622226238250732
5.86288473591452,-4.2396321296691895
0.4443344011282492,3.411508560180664
5.72263802046558,-4.758822441101074
5.46583466116103,-6.740750789642334
5.05355462238675,-0.636726975440979
-17.190033530139498,-4.162101745605469
-10.1192188918475,-11.850518226623535
-10.539071528779305,-2.6889305114746094
0.2492257167476033,3.417412281036377
5.35198813185094,-14.459901809692383
14.9823899147147,-4.208972930908203
1.7336328627834918,-6.856644630432129
3.2582764286422226,-4.523137092590332
1.1615369027166365,-5.4523091316223145
-42.4099588259267,-7.18510103225708
-38.7823663998969,-7.197139739990234
7.99575647038201,10.183792114257812
11.644495901203598,4.863719463348389
-39.0956747424042,11.046756744384766
-38.6438610292767,-4.0577263832092285
-40.5029244010595,-23.51204490661621
-22.8644313188967,-8.819084167480469
-0.897066728281827,-5.94791316986084
-17.6830733389949,-2.4856131076812744
-0.0084306638066775,0.0912480354309082
0.5394390329931549,-4.597711086273193
-21.61387508166409,-1.145700454711914
5.053393098685065,-6.522056579589844
-15.7834934865799,-15.597126007080078
-58.40351531723695,-11.672344207763672
8.86280218600469,3.733123779296875
1.888243484494037,-3.5478343963623047
8.99923705482913,-0.02561497688293457
4.133325903305868,-14.742518424987793
4.774357664359128,2.0672929286956787
7.418770080750715,-8.497218132019043
-2.25262466719878,0.7042274475097656
-7.071587649042333,4.0544891357421875
4.398742241377427,-7.842106819152832
-8.692928400841772,-17.123336791992188
2.334382802629,-14.762432098388672
2.8274240704709,-4.143877029418945
2.1747311895065486,16.529754638671875
-11.9965988914421,-3.99776291847229
2.776867734737273,-9.181156158447266
-12.4595255596924,-6.879218578338623
18.5317724911246,14.39996337890625
6.86106163750481,5.392794132232666
-19.1693792779686,-12.716899871826172
-4.20883890972707,3.83212947845459
-0.3530077955256401,-4.139585971832275
-1.6020246929696491,-13.455306053161621
-7.57557880794988,-9.11436653137207
13.9692836454661,2.3096771240234375
1.289294757415069,-9.951665878295898
-20.3746494688195,-6.3074469566345215
-8.044482691931467,0.2457132339477539
2.51340467963473,-6.450130462646484
11.0282847349576,64.70947265625
-1.3944922949507652,-4.976217269897461
-26.2706781913698,-4.404775142669678
-71.7765711158932,-10.427870750427246
-44.2857422252861,-4.416439533233643
-3.057699221935841,1.2406539916992188
10.116767222520318,-6.398977279663086
-46.9980356488569,-28.489612579345703
-8.677497573270493,-4.3952460289001465
-25.781275563237,-6.454174518585205
-2.941164138388841,13.905900955200195
-26.5692742661385,-8.165149688720703
1.2555345380058751,3.8180830478668213
-0.810306898238276,-4.3729248046875
0.2404076931068699,-7.109152793884277
-2.5590885431480426,1.014878273010254
-11.9846830308257,-3.5678153038024902
-5.775806690181939,2.051440715789795
1.9806048133258944,-2.497292995452881
16.618750626525,41.878936767578125
8.204494762209066,-8.499418258666992
6.80321923705408,16.27365493774414
11.710679650337616,1.7357678413391113
3.181253849239128,10.056414604187012
0.90894434552881,-8.724237442016602
3.547124544521316,-4.469144821166992
-2.202886656443709,-4.147637844085693
-11.133669865203094,-7.164445400238037
9.328533024448705,-5.088481903076172
-0.7012610501602399,4.8936872482299805
-0.3170472839931941,-3.6184473037719727
-2.3458288386735573,-4.547481060028076
-26.1191329979098,-7.044098854064941
-2.33292598982445,-3.144169569015503
2.461922216333884,16.636104583740234
3.73205068567752,2.0014286041259766
-22.4462583852743,-5.0788445472717285
16.899113604615202,-10.765582084655762
-2.85382252753121,-7.010679721832275
1.2705701336207027,-6.57119083404541
7.960789166364423,13.806442260742188
2.71808902854303,-5.01983642578125
5.5273920092716775,-11.315574645996094
-4.11149235653684,-7.227384567260742
-20.9676231329802,6.359226226806641
-0.89184437235696,-5.026167869567871
-1.2816619609782416,-5.758935928344727
4.85634828411675,-56.91516876220703
6.429854346358795,10.070533752441406
4.71112087372323,-11.507308006286621
-30.7199022255615,-6.620959281921387
-3.8590388668775,-5.7943034172058105
-10.6557437737239,6.71337890625
-13.4460672849668,-5.439685344696045
-5.527709296795018,-8.564383506774902
-1.876637029070265,-0.05713528394699097
10.2532613363299,19.48815155029297
3.00680128293027,-5.040280342102051
19.33685959748449,-15.999887466430664
-0.1058882282985149,0.45801210403442383
14.3436638764016,-6.7362213134765625
-16.1535771788668,13.474382400512695
0.9480162028997956,2.662838935852051
-18.5891767455387,-5.518603801727295
13.309934514349203,43.80244445800781
6.02246857213521,-3.282717704772949
5.16750826555368,-11.6680908203125
-1.0190872666435924,6.434863090515137
-19.100904418149,-11.995152473449707
4.743603615290096,-3.0833232402801514
-13.8157551615103,-6.256243705749512
-3.802611775309477,-4.45147705078125
4.30511943579503,-5.311041831970215
-22.482844278002705,-8.915504455566406
0.60779733849738,-2.768951892852783
17.8138573048897,8.363349914550781
-38.4626262988146,-6.999140739440918
-0.6089836493556324,-6.044923305511475
0.8617451361473882,-3.78338623046875
-2.40000424902785,0.40636634826660156
3.7078671714499096,-1.6467814445495605
-2.390619984667185,0.15689802169799805
-15.559462368784592,-6.327662944793701
-13.790764753514,-17.17292022705078
-9.325981865786185,-9.002471923828125
-58.4491138315396,-17.019248962402344
9.550892694239591,1.6157379150390625
4.435147085081137,5.0111541748046875
-2.3538192484503564,-8.111757278442383
-5.83438093189622,-5.94440221786499
-7.10827059552493,-6.481691360473633
-12.414939844598162,-15.173628807067871
6.6154810826822,0.36969947814941406
1.3155747227446202,-5.507017135620117
-2.56542276271332,-9.569954872131348
-13.546032832554804,-9.388700485229492
-16.600339428286603,-11.72354793548584
2.9737175212081803,-4.6240234375
6.167862854629888,-5.454211235046387
-40.922076323723,-10.89310073852539
16.9349100756105,-15.4281005859375
-12.24911226903676,-6.290496349334717
4.867927463076468,-9.189476013183594
-21.6327950573002,-5.5721354484558105
7.11033993521173,-0.16391658782958984
-9.59094984812801,-12.226705551147461
4.92186081619874,-12.104376792907715
-7.815562497274902,7.5484619140625
-2.20364176327536,-8.100824356079102
-19.6754058911438,-6.562039852142334
-91.8886792382854,-3.5372180938720703
-20.9507978903398,-4.486572265625
-17.8084408175675,-10.997138977050781
-62.9612541332419,-7.280405044555664
5.598134989920393,3.49371337890625
-7.283890318199592,-5.24262809753418
6.1026124307435,7.990989685058594
7.42840635595139,-0.6278703808784485
-5.179391847578812,-6.262453079223633
-4.873152982370568,-2.4559593200683594
7.276768036701751,-2.234373092651367
-10.739322929783883,-5.462667465209961
-22.9219832537164,-9.565768241882324
1.5259403537211615,7.2602996826171875
-44.7886924625105,-4.420716285705566
-3.72583443525641,-5.883516311645508
-14.57002364123529,-15.059144973754883
-10.128266274366498,-6.678048610687256
-28.0249952668106,-7.724557876586914
-26.24662901330595,-9.060060501098633
-40.3645652505015,-4.293010234832764
-30.8056950922951,-6.569219589233398
-3.9552380984537248,-6.261667251586914
-2.1789667599796294,4.187807559967041
-0.5734820606807138,-2.6945509910583496
-1.1617148968623687,-5.223267555236816
3.42848617073407,-3.056633949279785
-17.4030551064212,-5.704565048217773
3.88109013796494,-1.4824023246765137
9.400493271217616,24.633407592773438
-11.302161927872188,-10.982839584350586
-13.3709137252944,-6.561764717102051
-6.79658968512302,-6.469900131225586
4.509456424718162,-8.30889892578125
5.45103123545738,0.8117282390594482
8.149714042401495,-11.603675842285156
-12.909180343140196,0.75439453125
-6.61979034735207,-14.939753532409668
11.9978624338519,-6.252580642700195
-12.53254789251529,-12.960281372070312
-8.36198121766124,-6.258676528930664
-4.361976736345532,-1.2416749000549316
-0.1898191226144924,-6.6433305740356445
2.3166834950764685,-0.09768915176391602
-12.6203596574975,-4.550540924072266
-1.207429910073891,-4.03899621963501
-29.7403775200217,-12.78561019897461
5.31082796058257,-15.90623664855957
2.97844031586002,-2.5626087188720703
-12.533050119535002,-12.652132987976074
-5.8684323426223,-3.0739402770996094
2.391980620215489,-4.433995246887207
7.73570234615748,-6.045862197875977
1.166748445159433,7.550209045410156
6.093529951556334,-11.128095626831055
17.709922444879297,-2.6108903884887695
11.779516260068313,-5.4815826416015625
2.4866177573815964,-8.164044380187988
-30.89708550466269,-21.05015754699707
-9.231606713935047,-8.622032165527344
-13.4089268865456,-10.939729690551758
-9.06573754635488,-5.745763301849365
9.30630078585379,-8.687911987304688
-7.156550033865472,-17.935136795043945
-10.5414716495377,-5.061412811279297
-27.8178569354009,-4.216989517211914
5.3817717725564,7.438189506530762
-35.155236696245,-16.003726959228516
-21.4141717786538,-6.56809139251709
-2.6053130644292946,-7.182281494140625
-9.953220777101093,-3.879202127456665
-8.798237091769485,-8.455265998840332
-27.6920167541674,-8.08230209350586
8.017093587799739,8.057011604309082
-0.3550158381598589,14.794593811035156
-1.19024715514191,2.2332401275634766
-3.2855896341823474,-4.495874404907227
1.844566842421384,-5.648371696472168
-30.7366736665872,-7.007407188415527
-11.338238855350506,-8.9362154006958
-1.059512617215007,14.53375244140625
-33.7712071062874,-4.242612361907959
3.812227003524945,-0.12053465843200684
-2.8472026300298463,-10.581880569458008
-21.5871320482388,-5.8655242919921875
1.845960760756301,-7.243720531463623
9.06213659212517,-9.458740234375
-13.950148061363093,-9.10690689086914
-15.1006814359747,-10.878349304199219
-8.65496498210776,-10.717900276184082
-31.18852367408345,-6.697360992431641
2.35160533891099,-6.8609185218811035
-7.06329362397977,-5.582791328430176
-11.299328727708405,-10.444992065429688
-5.73967918172164,-5.119968891143799
-4.062121175440552,-0.5968313217163086
3.62056380925444,-7.344960689544678
-6.512385872303066,-121.53366088867188
