Score,Pred Score
-13.812973987503693,322.803466796875
-14.6311710829416,59.23508071899414
-15.020937907067507,338.7329406738281
5.61896917638109,-1778.84033203125
0.1461877509898399,-7.505198955535889
3.59745169898486,579.09033203125
-6.72144892291601,1271.226318359375
4.304204520484877,-43.45986557006836
3.37898618824583,232.28773498535156
3.939818822274421,-222.3743438720703
13.9953943577381,-19073.5390625
-5.39913759737588,-59.44862365722656
-2.204579993178592,1071.8643798828125
8.829561804598438,2469.3193359375
6.01696699102072,-1229.500732421875
-6.376202369524528,2.948798179626465
-6.50906463316165,2.5792689323425293
-60.92137282626391,-1.0803354978561401
1.99934019108803,30.610492706298828
2.188685633501576,-659.9541015625
4.07090957771029,-37.14472198486328
0.5211206139658471,-41.011878967285156
12.5580583918003,379.9742736816406
3.320229681965675,-74.25909423828125
-0.4381862293696001,55.598934173583984
0.1752112379752922,388.92266845703125
4.123908949931413,206.5185546875
-14.2382866820043,797.8969116210938
12.966325580978296,-1391.296875
7.692941411907634,-9.380582809448242
-62.9031214125763,-7.052549362182617
-5.800670766453999,409.47265625
-11.705366535732304,261.25836181640625
-4.786538605318405,170.96865844726562
-82.4887013651952,27.45535659790039
-8.251107402184557,-64.4134521484375
1.61677665352485,163.38392639160156
-11.916211326129387,33.262046813964844
-45.634880019414,346.2136535644531
-0.568998602339841,-32.47837829589844
-12.147399114840605,273.6826477050781
-27.4476544011683,121.90217590332031
-2.306526469902426,64.86458587646484
-0.4835459876036119,-24.205793380737305
-8.39479061793487,385.626708984375
-46.862925671502296,233.78179931640625
0.3837795244341289,1588.73046875
7.184930267876617,-483.4794921875
2.8348518495029404,-2.683764934539795
-9.859535687586003,-244.52114868164062
-6.00025755794808,-7.596648693084717
-4.764629840066975,2.309634208679199
-2.377061578670744,214.09259033203125
-2.0585753436264698,383.0883483886719
1.1848602197973823,162.43319702148438
4.97603191479674,-19195.79296875
4.27399441028646,61.24958419799805
-46.2372447228831,262.650390625
-31.4759298257721,-1.1646945476531982
-50.1674018945849,40.126163482666016
0.9601515747159592,-13.277997016906738
-11.864177458483407,155.67276000976562
-0.538262620928304,3486.971435546875
-0.6920482116816997,571.1387939453125
-1.5184696160120892,93.56248474121094
-3.0836644409391925,-8.538232803344727
11.316750179392892,-1205.331787109375
-11.183106529127476,64.26289367675781
3.59102041590596,-73.97935485839844
4.55602013063716,55.91020202636719
11.579228393987275,450.9425354003906
2.3067635611900137,-9.59177303314209
10.480393919522983,373.620361328125
-2.698100773809443,-9.158193588256836
3.776985072333982,-47.0657958984375
-11.773766374328297,322.2444763183594
8.681027307740193,22.228492736816406
-1.1091988250418725,413.5537109375
4.484288991501213,-139.26712036132812
0.0548896546292299,-100.64669799804688
0.1118559290339978,259.4436950683594
3.9797293996962297,2164.349365234375
-22.42608065327665,-8.266416549682617
7.37064384347005,454.6846618652344
-0.2642143205483515,845.9495849609375
5.344594984386832,87.02804565429688
-1.2497809936708242,87.07122802734375
13.71198107208239,6933.6796875
0.5045482395984724,-5.912700653076172
2.86709961553106,37.90161895751953
0.4423212163888063,-56.73823928833008
-3.724573545179619,619.4661865234375
0.2570808252882703,-3.4967377185821533
-70.65073406723695,-7.9080352783203125
-33.9587360563784,-7.979045867919922
9.2088386022025,353.800048828125
1.3318185914773402,445.63916015625
-9.176001953270983,64.05769348144531
-10.497767159210698,91.15151977539062
-0.4402086584014632,-9.44270133972168
2.1560784090827942,-9.524008750915527
-27.1636490162131,21.431819915771484
-0.670930828719279,74.82901763916016
-22.794043146736,-9.091978073120117
0.8105828534072201,88.3188247680664
1.2287673509824204,329.5099182128906
-0.6435038581465955,-36.801055908203125
8.474782023793379,759.3049926757812
-9.601847091024196,1.3124960660934448
-1.6610011043127195,612.6436767578125
-0.1091636509260827,112.37369537353516
7.570838092245207,295.3580017089844
-7.211196994815285,80.7816162109375
9.090654061652296,22.142154693603516
-26.6651088566214,279.2118835449219
-17.309192174305,247.72781372070312
4.14054171285972,4.207380771636963
4.097668935846943,145.18896484375
-0.29408409265346,313.68707275390625
-35.8165916579592,49.643253326416016
10.898098675545494,166.5174560546875
-1.6552655274048038,381.1140441894531
1.6729502580778592,69.5607681274414
-6.42491227706334,-8.495343208312988
-15.4752611754195,-8.296640396118164
-0.6907348474047925,17.82246971130371
-21.3629045873375,65.23239135742188
4.219145585451182,-6.765166282653809
-3.019531285218114,0.47972357273101807
4.25311060075082,1.7943578958511353
-15.0412339008878,-335.6466064453125
-8.237627320974727,93.08763122558594
-1.0683487237199796,1.8043659925460815
-1.7174251595272625,-8.224889755249023
4.069163600073605,309.14501953125
-10.162041561092582,255.19094848632812
-5.97248436581227,390.7616882324219
6.120538767403939,-10.462790489196777
-0.8028238008287005,270.44720458984375
-23.6042929930625,-7.58388614654541
-0.1777753404752198,5826.14306640625
-5.785469568057495,29.23895263671875
-0.0556983764780604,-2.5628039836883545
-25.4508968849616,-26.564308166503906
-5.3185412482723295,46.7427978515625
9.1356503291117,1156.412841796875
4.020569536845237,842.0698852539062
-58.5527340809363,92.53434753417969
-6.291328737399075,-10.49826431274414
4.187869588752649,571.9074096679688
8.922207576391518,42.27948760986328
22.7414116448382,648.0086669921875
-44.6057608529879,30.37555694580078
-26.5129077898497,306.247314453125
-2.13735826282737,4048.69140625
-1.14890133483728,494.366943359375
-15.2234416939723,284.70770263671875
0.369316059642221,-8.205934524536133
-0.6884117876070912,136.18310546875
-5.8772631055401,0.6794403195381165
3.6053774296538297,138.85934448242188
5.07108724357905,32.97873306274414
1.292753014965791,1039.27001953125
8.440986836263871,117.58544921875
-3.43040335892423,-3.1830291748046875
0.7651079053562314,-9.86266040802002
-37.13962469223695,250.78091430664062
-5.822632503482525,44.57597732543945
-6.879472048396067,263.4452819824219
2.11024229353816,636.6632690429688
-7.1526743450051855,295.6519775390625
-1.122073026503361,138.64418029785156
0.3302260274555297,412.9555969238281
-1.178255647098801,-183.01734924316406
-2.99361591491145,-326.8162536621094
-18.1070051290659,17.753673553466797
-3.0332808194811403,1036.23291015625
2.6303171850506604,-7.871340751647949
-9.72499716390718,74.85711669921875
0.2729453578388601,-7.092372417449951
-21.4503408223732,-9.14728832244873
-4.99755531471552,6509.279296875
-18.0018409950579,283.1796569824219
4.00031385473591,36.33920669555664
12.0378145652987,50.4755859375
14.1235470599023,353.5007629394531
6.55729051148795,-11.042282104492188
11.19992297656359,502.6300354003906
-7.81388191369781,270.8677978515625
-2.924593214648255,-10.081929206848145
3.7667366885646025,80.78659057617188
-6.68253431604433,46.59772491455078
0.7345204104922589,-881.4053344726562
-10.626155896203898,683.06787109375
8.106852576346123,1918.90087890625
-58.24412469223692,231.3512725830078
1.4955767028094,271.18841552734375
-17.6906096863185,390.07403564453125
-4.813871520282443,-54.3028564453125
-11.8973420493851,-1.582075595855713
-2.67676896274171,1629.13330078125
-3.9331393974605526,-25.03514862060547
8.756217929094177,1626.81884765625
-29.2662792150344,77.06062316894531
1.7249239205326918,73.07173919677734
-6.686975812883663,109.65567016601562
11.10272802991041,202.84622192382812
-10.956818171714705,294.9329528808594
-6.3500959185649,73.1696548461914
0.6681105368389735,244.35040283203125
-12.500029270357295,-1.5391411781311035
-2.591242863373206,320.4463195800781
5.954690473588823,8.71104907989502
-43.929359067237,305.6615905761719
-17.4841411730512,259.786376953125
3.61441892535489,-2.775381088256836
2.1112971208509976,164.657470703125
-41.8026500314277,89.6215591430664
7.028135642932115,-61.502044677734375
8.463248256721428,-35.631195068359375
-13.037072413777096,30.3695068359375
-1.6307504375632549,-25.20217514038086
-0.3284521577656807,13.657054901123047
0.4685622181175212,297.2742004394531
-5.316952415477393,32.27716064453125
4.584421564331302,412.7191162109375
-20.3593816575191,-1.6378588676452637
3.67041582610247,-66.01533508300781
2.204062447972561,194.28427124023438
-4.666937653128132,0.5634562969207764
-12.3781694316975,320.8345031738281
7.06923762363823,-23.063982009887695
-37.2883298194418,-7.256594657897949
6.442434166934048,1121.9169921875
-12.2162083245621,256.13043212890625
-20.3623076046531,-6.570093154907227
-5.45440876641342,480.71661376953125
3.1416241584890576,405.2357482910156
-4.96580172718434,-7.769217491149902
-37.4061766871973,232.0419921875
6.46185690649625,134.51922607421875
0.5403453062071405,-1.7342681884765625
8.656689402528613,139.57449340820312
12.331931266595111,-351.4162292480469
2.75380173901167,-2.374845504760742
-2.8447496930443927,10.632022857666016
0.0285872237409883,0.030509471893310547
-73.5286754265322,57.66437530517578
7.285509446842615,27.430347442626953
6.72046542688671,1128.27734375
-6.19730890695259,3624.13671875
-16.4599719883519,70.66352081298828
-10.288292260688207,208.68316650390625
-10.285920522724917,-8.013056755065918
-30.8171784242839,260.231689453125
-4.65691689928222,-0.7118558883666992
-37.1716279374795,-7.388350963592529
-36.50577458359941,-31.656688690185547
0.7942566624333496,52.37701416015625
-34.8552692363716,60.090858459472656
-2.491707941339629,96.92830657958984
1.7387039934851498,517.2422485351562
18.9715733525152,-4.616241455078125
-13.8996269060666,1590.08740234375
4.17561229224804,48.60866928100586
4.7680640763497,39.4248046875
-6.745372906074374,2.824016809463501
7.262818938793504,0.7462654113769531
-55.7541546140486,319.6780090332031
8.453421074249384,-118.66348266601562
-5.85807143580148,-9.605024337768555
-52.7336020518746,282.1360168457031
-1.995826789875676,315.9970703125
-1.3326443092463092,278.7144470214844
5.029017096161708,1155.459716796875
-0.71117494174041,-6.389739990234375
8.243548509216069,-1321.247802734375
5.81602235619721,303.6062927246094
5.978124919049687,-9.986465454101562
-2.8859593337581737,107.44025421142578
-26.0047332498617,304.94598388671875
-1.5220929784942658,254.46636962890625
-3.195242757261453,-288.2716064453125
-15.0089303719363,47.27744674682617
-1.757118944268968,342.93914794921875
-13.5091075877696,-2.0483624935150146
-4.0681667574955,34.5234260559082
4.43276114617859,1.3638815879821777
-4.665207913971671,-2.0894336700439453
7.33919324558513,24.971153259277344
-11.69780882660921,21.194311141967773
5.960801203295765,511.3432312011719
-29.9162730471743,29.332347869873047
-5.331847529263395,-1.9711368083953857
4.2006804390709,133.8056640625
4.76541245752904,-161.60891723632812
5.87221574658101,-183.4534912109375
-12.955988512618,411.19793701171875
-14.4061745570978,335.6349182128906
13.644333664082708,-207.14744567871094
7.522446474796843,463.87261962890625
2.858782897786812,-7.818357467651367
-49.8653288018085,-7.306259632110596
-4.029904705212941,-23.16669464111328
-6.2026319104393295,72.11060333251953
4.452168509343501,112.56800842285156
-16.475900892606802,248.36553955078125
-11.03094492075089,74.16531372070312
-8.08045020128908,149.15692138671875
1.39259946716825,143.52938842773438
-14.885807229381896,-8.48529052734375
-11.113180908425988,85.95849609375
5.506094216928792,104.84901428222656
5.29091659278858,59.79729461669922
3.42106467876526,121.21990966796875
5.162821279449693,6.5666046142578125
6.020551076354931,94.3564453125
0.8086942897832163,-58.877647399902344
-8.80546181278599,349.7195129394531
-7.42349600405968,-7.310133934020996
-14.4731176558811,108.1009521484375
-35.5448186771701,20.306015014648438
-1.657597602265355,36.772987365722656
-1.930224441335125,181.77964782714844
-10.398648228661925,-11.922412872314453
-1.6521884315998507,97.2280044555664
1.3131129859732091,-70.60188293457031
-0.1240821746904601,54.18061828613281
-35.1709788883515,-7.5936079025268555
0.6771989561182002,88.61125183105469
-5.8677981963370005,-36.914833068847656
0.7982616963508231,38.13527297973633
2.595279020812243,368.849609375
6.9472187772133225,175.7486114501953
-41.1395198834054,38.45281982421875
-35.4604736838065,-7.902087688446045
7.87379173269718,-8.146858215332031
-8.72128086410909,-7.2022504806518555
-82.13826531723697,390.9547119140625
-9.70693692529289,294.7431640625
-61.4386715672369,417.40484619140625
7.10938257895085,688.041748046875
0.4007388327427847,-214.86383056640625
-0.7455370396145937,395.4434814453125
1.674966057420845,22.52187156677246
11.877856996640997,50.77409362792969
-0.9096556467231308,-197.70361328125
-1.4680391508473674,78.00001525878906
15.6414782015599,316.1933898925781
-10.35739215730591,218.56239318847656
1.926107182225645,445.0299987792969
6.99756701325662,396.1177673339844
3.54836143321337,-1.8931198120117188
-7.726553411266567,-7.597685813903809
-48.51478094223695,-7.594697952270508
-3.0453156276270903,2.3622679710388184
-3.454798154796729,-9.820563316345215
9.503977484174175,460.724365234375
6.001532732018722,-365.7631530761719
1.775572054007981,-2.219426393508911
-2.6871577689602653,-3.7771711349487305
-7.920344649869953,66.80695343017578
2.578081311550471,-59.820491790771484
-14.434457477598505,-49.58824157714844
-1.338045882914232,345.2010498046875
-44.1817825469333,234.75289916992188
2.4314234692194163,60.464683532714844
-2.35314836228574,428.843994140625
-2.07036107592124,-49.70555114746094
-6.560167066336443,91.18571472167969
-2.54688332955635,-15.004718780517578
-7.940842049461227,-7.6304473876953125
-7.789052707582185,-1220.1641845703125
-1.4295761119406232,-7.610573768615723
7.206977941743588,-28.393936157226562
-4.081394009803599,-40.866302490234375
-30.167243616457,-0.8637514114379883
11.7225687296843,-2298.32080078125
-0.8984319813221007,241.70526123046875
10.349523074958825,134.95278930664062
5.42147270471237,-2201.140869140625
-0.3136273830120112,-13.636543273925781
4.398848813602776,-830.3135375976562
2.099307195887115,842.7166748046875
-61.6890402284636,-1.1027765274047852
-7.08434802004719,7.315732955932617
0.6962467393230812,489.4683837890625
9.0758909366509,194.8978271484375
-1.9263965715605047,-22.620372772216797
-6.262949496708321,101.10299682617188
-4.739766082030863,-36.43440246582031
-36.8822022827233,33.220298767089844
3.24770439300306,647.4113159179688
-2.289513933263135,113.9214859008789
1.41805545618482,1446.0142822265625
-24.4432878855492,-2.9881432056427
-24.96156751119129,-1.0330357551574707
-7.734574598544068,-1.6098053455352783
2.79124989437018,0.7919957637786865
-5.17831154550348,307.2213134765625
1.5275640312561216,-24.184619903564453
3.682989905065457,715.8690185546875
-10.8237586662752,-6.95732307434082
-6.929951553081727,71.18639373779297
-27.96215708599589,36.84104537963867
-2.88087637063392,-53.80397033691406
-5.960419628776203,-24.739559173583984
-37.189874708633695,55.64275360107422
1.1496085756031087,-1.2637698650360107
-12.7137936794919,346.85845947265625
8.398744223780918,286.2724304199219
-33.3004252633332,-7.023648262023926
9.144089281431205,69.30267333984375
4.065326821312747,-55.38703918457031
-41.9047429025821,-6.8992180824279785
7.383552345763623,-10.074532508850098
6.364261125349779,246.45693969726562
4.841793570156368,211.54177856445312
1.6198341998494314,127.99169921875
4.179707781567577,-1208.46728515625
-14.7229944429405,1167.603515625
7.078924552126015,221.8695526123047
-12.898019313824,65.30094909667969
-70.8116033690518,376.81903076171875
12.7359625054994,-151.74758911132812
5.586124430090477,-140.89739990234375
3.028467183462371,-49.005943298339844
-5.830142578087577,-7.467060089111328
-22.6841489367301,384.3998718261719
-1.51657819068512,-7.367806434631348
-81.52648016021857,-8.32005786895752
-3.36903782007548,133.6956024169922
-18.707844022,-1.6202281713485718
-34.48768519828235,70.68404388427734
-39.7169735486916,66.47445678710938
-1.593720937577549,-9.85254192352295
-23.2954444871652,30.488441467285156
-45.30258920076982,-7.470817565917969
12.5056328567953,141.1976318359375
-11.9299972333177,-38.451171875
-37.9495035857927,-35.82060623168945
0.7001962140772594,-2.4168801307678223
4.49418879319923,-266.4989013671875
-39.0646563811545,-1337.250732421875
-9.09730633851708,70.29901123046875
-17.5589533745204,-7.3879828453063965
-4.92782811871599,1427.1287841796875
-8.2299173561342,61.155555725097656
2.60625970962018,-221.54165649414062
2.726862934921635,432.80816650390625
4.071661498679735,-9.611775398254395
-13.2494383747796,54.88691711425781
-11.9154244975033,-925.26611328125
0.9090871567987184,89.90252685546875
7.92708077877978,1026.430419921875
-3.119647295186995,382.7620849609375
-2.248378586620203,-7.783908367156982
1.6646916021852596,92.80110168457031
0.1590569364430157,39.26633071899414
-77.3623903172369,-7.728527069091797
15.8859560938761,563.629638671875
-3.11888044241469,-2.1043193340301514
-2.7468186065138984,86.14995574951172
2.77922195660905,-546.7953491210938
4.052279150357491,375.1544189453125
-4.03806373695381,95.1407470703125
-2.4461467814868523,5.4608378410339355
-0.1639564470097907,316.31842041015625
0.8542168432631491,39.867332458496094
5.84905996845087,1.2668670415878296
-5.77665564868809,171.88978576660156
-3.7008288999313423,5.244838714599609
-7.18713065449027,70.03387451171875
-0.9529303605806088,-315.9947509765625
-15.902118442879,171.61865234375
-28.0636361890057,29.74987030029297
-26.912205886836706,303.3843078613281
8.596988309863011,482.4437255859375
0.2877587512502297,37.79621505737305
3.3899996482015826,2.0378832817077637
-20.5869014386951,32.3952751159668
-9.341800010912078,-1.8799829483032227
0.1692077246922899,292.6841125488281
-1.857666460494741,-70.63447570800781
-13.2752747780792,-6.853934288024902
0.7445982178878973,1177.2269287109375
4.49646859469848,1.9544265270233154
3.60913262992784,42.90306854248047
-5.653435188749545,73.68707275390625
1.51502173443586,1098.798095703125
8.143116180793372,1.5686620473861694
-8.36164856265281,60.88597869873047
-1.130678948105339,4.147064208984375
-4.349210006555943,-4132.193359375
0.2594141505344826,312.7111511230469
-32.1283374054069,-2.8239376544952393
-1.9051378030600723,-14.118110656738281
4.768047800449637,-8.79580020904541
2.264898495983479,46.714656829833984
-6.47138721063866,-16.76405143737793
4.93167956005568,42.161659240722656
2.4851768276660025,146.9362030029297
-3.930469946192945,318.19781494140625
11.923948375295712,-1422.37939453125
11.616605850275496,-225.77081298828125
10.41580460128629,49.000099182128906
-8.700462669667385,37.31289291381836
13.1991243046288,3.426708221435547
-4.75101729862813,406.1475524902344
-1.4230966237807086,-0.446774959564209
-2.07861348348741,-19.86778450012207
10.292368565007404,678.400390625
1.9007667723773176,266.67681884765625
17.1612744381531,-209.20248413085938
-0.1428452494230792,-39.6922607421875
2.4933992323843923,-7.305093288421631
-13.861300672159,-6.140448093414307
-1.7943154401891548,-9.649621963500977
-4.15624175439773,279.544677734375
-14.277645616907492,317.9125061035156
2.713132201978397,-9.224985122680664
-13.315456279797685,37.25608825683594
-5.36204355968609,-51.17290115356445
-1.4872271509121793,408.19305419921875
0.31232235517322,-590.5358276367188
3.0307168501552093,250.5919952392578
3.4484762474106,-26.8177490234375
-34.0729170807354,326.7472229003906
-25.0659802428987,-172.1123046875
0.86771933446589,-47.6402587890625
-11.996919710325,59.98642349243164
17.2594267615487,-537.4797973632812
-56.2560888739038,328.874755859375
-12.7386491421071,52.455596923828125
-3.520787796436005,74.81727600097656
-0.8014467498558491,68.86585998535156
-34.7812340468876,-1.4807183742523193
7.158235365631607,394.7952880859375
3.29681579894721,25.091726303100586
0.046018285265003,85.17408752441406
2.046344769010002,4.483447074890137
4.25403099118957,20.148014068603516
3.7804230286959792,363.2673645019531
-3.773219093074008,-7.7074432373046875
-9.722403045722997,48.73687744140625
2.81101468536903,67.1669692993164
-23.7494411406013,31.538188934326172
-75.56229656723696,364.29754638671875
4.366245372711767,-449.70037841796875
9.94612085382829,153.648681640625
-8.207132148775708,320.89434814453125
-3.09775596823669,71.13888549804688
3.77256113899207,-12.648749351501465
0.2016574678685985,-43.45810317993164
4.38808277416547,2.3296127319335938
3.7092867134231,87.15738677978516
1.6740112862957208,3.045146942138672
-5.472376660417956,23.7210693359375
12.283123760680592,285.198974609375
4.417989059347175,171.77764892578125
1.907333647224608,291.90545654296875
-3.73521146317182,576.5321044921875
7.837521570550837,-375.7991943359375
4.82455755953161,361.75714111328125
-0.6472060937938101,-38.906612396240234
-8.237956686764985,-7.545323848724365
7.36579899286375,447.93914794921875
7.859716520666763,-13.418527603149414
2.765011277030255,-110.76701354980469
4.62415639298937,-1877.583251953125
6.430237727930085,327.78173828125
2.44728958086436,380.0867004394531
-1.93656353174353,688.5953369140625
-33.7845903951132,408.0500183105469
10.960301672714698,-494.0576171875
6.147225205740463,75.1810531616211
2.4659746492236927,912.7120971679688
18.2642273209106,24.357967376708984
7.656482330373112,-2020.618408203125
-63.2346715672369,-15.097355842590332
-22.9610154952969,-12.186369895935059
4.39789099231211,-23.76750946044922
-46.587141393021525,213.87547302246094
-12.281506448986304,288.1573791503906
5.220668557811489,-13.660722732543945
-1.4412632820262703,199.31661987304688
-35.163016426576704,-1.518521785736084
-31.380009974583203,-8.121188163757324
-40.7258600860177,32.79957580566406
-35.3994683825842,-8.458625793457031
-10.968565079401992,50.824562072753906
15.384553292915324,282.11016845703125
-0.4271227388875901,-191.14297485351562
-7.69948364751984,200.26759338378906
-26.6822467124322,213.0807647705078
-0.2823200449385875,-3.3291471004486084
-3.8453528225106623,227.27134704589844
-2.4599041427842496,370.3734436035156
-12.7315114055493,264.8975524902344
1.418014053180695,-1.7358942031860352
-3.4922781726655696,-2.0118870735168457
9.58062385928767,1114.072998046875
-17.5801214502402,36.360809326171875
-49.5120706514507,124.49712371826172
-0.4503474699443348,430.8864440917969
2.332279780348585,1.7940319776535034
-42.2483635713802,21.170677185058594
-5.00028834575103,403.4949035644531
-5.14141487663266,-8.320111274719238
-19.923371510770203,37.11356735229492
4.28301459624688,-25.89889907836914
0.3224388648416145,-8.352885246276855
6.795393661635613,-751.280517578125
6.720388221210122,-760.6732788085938
-20.7558388881914,-2.0359575748443604
-12.5922662394529,36.49677658081055
-5.19085420781142,-1.2081037759780884
-27.3858072066324,-8.038681030273438
6.488490212037078,364.0152893066406
-12.5233171201947,47.984378814697266
0.996650643215182,-8.081000328063965
3.27144637329635,15.993413925170898
1.203208947199059,230.90809631347656
4.5031585012656095,-25.581743240356445
-46.6686841099013,-8.675085067749023
3.600655729290548,-8.470012664794922
-2.7077151362496297,-0.27330732345581055
-42.936846127142296,-7.893327713012695
2.679404112105611,378.6266784667969
-23.975827854410426,143.1422882080078
-24.4869919201538,228.52499389648438
-6.22433036882608,-30.022037506103516
-24.992167376126925,17.64444351196289
-9.742168339465294,-1.959768533706665
0.1235817830644999,38.48460006713867
-11.607028837624,65.30545043945312
5.321680837772678,-19.3419132232666
3.3452637215970498,-39.069061279296875
13.015759276594096,1078.226318359375
-6.13466459150186,-2.110398054122925
3.0897024917955025,658.93115234375
3.557691046156,-11081.4140625
2.0008593011464906,231.67202758789062
-1.2671721747064446,80.72499084472656
-2.989164004622407,61.69474411010742
-2.43808381047612,-8.143472671508789
-11.30813578108209,16.64300537109375
-9.619042312244815,0.8008484840393066
-4.01456885639382,2.30534029006958
-4.853312003098937,-7.114534854888916
2.78743688363977,-95.90531921386719
3.6035536346157695,-58.40441131591797
6.09033976794457,-97.18743896484375
-5.89266438028177,-12.673626899719238
4.780848076735348,68.52977752685547
-20.7592210135025,214.44580078125
-3.637071869773312,50.04388427734375
-4.396710286499547,-49.80792999267578
9.04709717330502,27.781599044799805
1.69213972357191,-6.269457817077637
-27.068723822751306,-1.7438424825668335
0.2886204877907422,-72.24082946777344
-0.592182005541919,38.89673614501953
-4.736229867816737,219.605224609375
7.877641553655238,273.0572814941406
-2.588665914009158,9.021400451660156
4.72846919446815,53.69865417480469
3.42669038506664,75.55207061767578
-10.274169876330886,4.239006042480469
-1.289264920121349,-7.272958755493164
-6.9648772325347394,49.62956619262695
-1.2236747050651609,-24.61846160888672
-12.208208404490907,39.099205017089844
4.40921359309415,-1257.0567626953125
16.4171583068458,-19.602294921875
-15.991582533821994,422.2450256347656
7.809600001042748,11.651626586914062
-3.0331069492891496,1848.9591064453125
2.603164662477901,171.46852111816406
-24.2572199033326,24.746780395507812
13.667582002208905,523.7301025390625
8.19307228691883,69.22935485839844
0.4664503305112299,44.83843994140625
-6.46133524603972,-12.1453218460083
-19.7520332208299,23.352108001708984
-7.75971004909346,144.57186889648438
7.66334596528203,39.42902755737305
-27.64770126959135,37.63883972167969
2.125547882163602,-1356.08056640625
-1.8239337240231768,-83.63555145263672
3.3696784995100426,255.6383514404297
5.265272900492549,239.34695434570312
6.753311816554961,261.5797119140625
0.9434331950199416,2.0790858268737793
2.13745295521649,206.47116088867188
2.76912169862866,1307.884033203125
2.409764321136161,542.5203857421875
3.7606671418030695,24.708908081054688
0.555665600488549,337.77423095703125
-89.04756219223692,-2.980386972427368
6.987950206462267,14.082135200500488
-10.09410467002709,-1.5806336402893066
8.16191414696451,1317.31787109375
-10.731303688850904,18.728527069091797
7.588764503474316,19.482345581054688
-5.25293160621848,-9.259567260742188
2.3065604778561424,-1340.51806640625
-3.8022266666193874,-8.517863273620605
3.22816419080692,314.65460205078125
1.1941842843275,816.6608276367188
9.772192422094813,40.481170654296875
-2.489313079893845,-600.74169921875
-13.547300817594484,129.9418487548828
-1.5403494549472296,293.5146789550781
-5.139364658294922,-28.115882873535156
-1.32131943338233,-12.410155296325684
-0.5284321769112605,-34.82218933105469
0.1119561526876595,234.9483642578125
14.8508222506114,-275.247802734375
-0.0918051514147744,-7.5900797843933105
-1.7237618714553775,29.636383056640625
-1.5699354762224491,132.5479278564453
1.5718362711845366,-61.62575149536133
3.58036180553514,25.460683822631836
7.45084701577923,38.98420715332031
-7.378812419643663,-607.275390625
-33.1832620874725,14.249872207641602
-6.066411004621831,921.7896728515625
-16.4910721624856,-0.8873648643493652
0.8267526169764301,62.34321212768555
-9.762453719841735,-7.624373435974121
8.07102955700163,-320.3471984863281
1.741670982094262,-2.7874221801757812
-0.0053525606393112,9.726728439331055
-51.4043293278057,200.05194091796875
14.9415296965116,-160.8868408203125
8.70853787657841,47.2012825012207
-2.149900469098629,-7.960158824920654
14.8229623836697,-209.086181640625
-0.0379657812584102,696.4183959960938
-15.3173389528898,-80.90714263916016
-1.7663441991754285,-46.96882629394531
-6.708306328674888,17.89675521850586
-78.7451798053926,17.63037872314453
-0.5413656534735456,0.33638620376586914
9.625121597198186,17.818706512451172
-3.15562863494722,-8.298124313354492
9.60447820177431,-54.007667541503906
-3.31847606547329,4.296821594238281
-4.12581810820042,-83.56614685058594
1.7706121017107803,-3.9610636234283447
0.5117341060036625,23.78771209716797
2.63157412115867,303.478515625
-4.763634360062484,5.125936031341553
-11.18181257464061,-11.117185592651367
-39.4932668903457,-1.8072675466537476
9.206200380526292,-1609.228271484375
-2.93911844531118,25.836763381958008
-28.13472322157985,-7.29843807220459
9.62907409316032,15.390823364257812
-7.042636248773623,44.42256164550781
-4.03025121975644,-59.859375
3.42951329804928,585.20166015625
2.5565427438131976,34.81941604614258
2.8513084033656,-22.707775115966797
-5.5623675139736175,67.19508361816406
16.9968892380515,-170.8223876953125
-4.144685584269085,606.911865234375
-11.221818720505304,-20.231170654296875
-2.111656589218961,250.73248291015625
-1.626797120535592,-37.62006759643555
0.7652624054000594,-34.32501220703125
-21.5531296050118,274.487548828125
-13.053772031257305,20.17765235900879
5.42509465390903,-13.585525512695312
-5.5186956836840375,-7.91886568069458
-2.260381023139061,-1588.678466796875
-30.3377383335249,8.531682968139648
7.380729755239978,13.155080795288086
-4.172986764275874,223.82557678222656
-1.2036514942358316,104.70633697509766
-35.2906329121599,-1.456022024154663
-2.54595208771381,52.300262451171875
-10.901275449743116,51.60600662231445
-17.0078420331655,51.62287521362305
-17.0314498829154,372.2868347167969
-11.9784507557909,10.26687240600586
-19.469018973061075,50.77473831176758
-3.2142130797467816,1061.16943359375
-0.5663484394051013,-1351.33544921875
-21.2195468929047,42.270729064941406
8.077984978184695,148.3123779296875
-17.0119321722455,257.5963134765625
4.67424026120176,-209.5101318359375
-47.9875704511971,-17.574382781982422
4.316615136301563,1211.3697509765625
11.2728180991378,399.9409484863281
-3.5546157663424616,27.82425880432129
-3.15887949932979,-7.527979850769043
-1.6422791314174887,1018.60205078125
-3.448025235667948,227.16424560546875
-13.5632540546311,13.404959678649902
0.8825935384285006,6.012490272521973
3.27100049685324,-7.318450450897217
-0.7762273913233743,726.7041015625
1.026942322157092,111.36825561523438
9.859104788483815,189.58837890625
-1.9977872313530125,-9.129117965698242
-13.1809903671301,1755.7301025390625
-35.1782981083837,-103.08912658691406
-35.8337806803641,-12.771721839904785
-7.639409008216227,1474.236083984375
-15.746453943284,-7.586424827575684
1.055995951979529,1085.031982421875
3.987299411465438,-9.321305274963379
-37.0930621901092,117.61310577392578
16.694612728237402,34.18115234375
-4.527979888097892,198.672607421875
14.6352674345898,51.811553955078125
5.034618319433818,207.56890869140625
-3.77133000272187,4.255065441131592
-1.61504571199055,175.97119140625
-56.3663437951974,-1.0564452409744263
10.088450856398616,213.59068298339844
-14.285610883283098,32.99725341796875
2.6210618799141923,678.5623168945312
-2.308732762121495,26.317981719970703
-83.9761260280997,23.188209533691406
-1.03656181464744,-49.16619110107422
10.16232173056559,-1003.4906005859375
-3.12013961477547,1202.542236328125
3.010752586641185,-1.5989937782287598
-1.5178355576616795,648.624755859375
-2.60072537807549,-1475.1348876953125
-2.367312137177082,18.959856033325195
6.075310726130807,299.9535217285156
2.24572304437811,-11.089424133300781
0.2044267191685782,30.35980987548828
3.85944773684647,-177.76885986328125
-14.409506408843407,221.8370819091797
-2.683955047842884,-293.80780029296875
-0.0075038478591599,-7.276076316833496
7.190050317883171,836.8247680664062
-2.1691769605730515,59.10211944580078
-7.910003358009165,-41.508331298828125
-69.1366966634013,36.85737228393555
1.437241653553571,292.43792724609375
-20.7409218490905,33.73835754394531
3.78247800369874,291.48944091796875
7.909526276907584,19.79170799255371
6.097122298913325,-7.232582092285156
24.5800902168924,54.30194091796875
-9.979741434164584,47.57087707519531
3.1327986373042376,536.0643920898438
-8.393586343504198,570.7373046875
8.678125432705007,-830.8184814453125
20.7428439693387,45.88362121582031
-1.511416195100045,36.22465896606445
-23.3725501337939,43.09891128540039
4.69437535963172,228.5698699951172
8.24149319055937,130.2686767578125
-0.2898522089969393,-13.864570617675781
-7.19378137939456,-1.5305708646774292
1.0271109700113177,-11.660338401794434
-14.564555056626377,-1.314892053604126
-9.657849716236,62.85639190673828
-0.7280966227290082,-20.58160400390625
-21.8962191024866,243.90359497070312
-40.2614734397264,-0.2624635696411133
-1.77750068778882,-7.105293273925781
-28.3488859938485,1.9034481048583984
-8.184373188662292,16.179157257080078
-6.135426654744688,-55.57725524902344
-3.270422191581055,237.8012237548828
-6.055427015859325,1.6587413549423218
-34.3143130117107,-2.692336082458496
-50.4820483838523,23.366500854492188
-4.639593570653838,28.7694091796875
-21.0606958753072,3.337106704711914
8.747205755218493,-254.16748046875
0.6884341878779402,119.55299377441406
0.300408103033295,0.7142820358276367
-2.6184282494780104,596.2658081054688
-37.3999740396079,26.412822723388672
-10.594900847222812,-2.9121103286743164
-23.227454082363305,23.20939826965332
-15.4814292943448,47.80486297607422
-6.89310310865277,-67.07176208496094
-11.7962452523223,398.0304260253906
-0.3887710448227697,21.786161422729492
-4.0896099478500325,831.5641479492188
-42.6579269422049,-6.767995834350586
-2.095241650043551,299.98455810546875
8.45389840526827,-103.94889068603516
-15.5157954828953,-1.2531919479370117
-1.9802660997523944,-8.557695388793945
1.8368511005450223,-2.053626537322998
2.11900133622217,538.958251953125
-38.4962238749225,-0.4417567253112793
0.8069046214032297,238.76417541503906
-1.73607437190069,262.4727783203125
-8.46093254820262,352.3229675292969
-0.0780407432645869,66.99311828613281
5.009535132419683,-0.5922075510025024
-74.9399761386801,41.07044982910156
2.806732553915905,282.1529541015625
-10.415057364934407,20.743135452270508
-4.81834176383161,-55.107391357421875
-1.4920816076829602,-33.814796447753906
-0.003939288658445,270.0640869140625
5.86288473591452,-3.115384101867676
0.4443344011282492,33.13484573364258
5.72263802046558,-24.502119064331055
5.46583466116103,32.00421905517578
5.05355462238675,-6.2793707847595215
-17.190033530139498,325.158935546875
-10.1192188918475,-39.34458923339844
-10.539071528779305,-35.21734619140625
0.2492257167476033,-117.17450714111328
5.35198813185094,44.021732330322266
14.9823899147147,348.8924255371094
1.7336328627834918,-8.117230415344238
3.2582764286422226,130.87794494628906
1.1615369027166365,19.497325897216797
-42.4099588259267,-7.811620712280273
-38.7823663998969,-8.115837097167969
7.99575647038201,103.2869644165039
11.644495901203598,-210.45611572265625
-39.0956747424042,255.01715087890625
-38.6438610292767,-2.5014662742614746
-40.5029244010595,224.69566345214844
-22.8644313188967,264.18890380859375
-0.897066728281827,-8.570331573486328
-17.6830733389949,-10.115434646606445
-0.0084306638066775,-54.94806671142578
0.5394390329931549,266.4572448730469
-21.61387508166409,227.0867462158203
5.053393098685065,-8.056318283081055
-15.7834934865799,243.59202575683594
-58.40351531723695,155.28024291992188
8.86280218600469,288.0867919921875
1.888243484494037,2.615118980407715
8.99923705482913,288.9159851074219
4.133325903305868,39.790122985839844
4.774357664359128,84.95274353027344
7.418770080750715,20.293357849121094
-2.25262466719878,582.8479614257812
-7.071587649042333,-3.63114070892334
4.398742241377427,-71.81924438476562
-8.692928400841772,-94.90950012207031
2.334382802629,57.55595016479492
2.8274240704709,5.773408889770508
2.1747311895065486,-602.9141235351562
-11.9965988914421,45.07749938964844
2.776867734737273,-12.777397155761719
-12.4595255596924,298.66748046875
18.5317724911246,-215.7047119140625
6.86106163750481,6.7064971923828125
-19.1693792779686,44.7887077331543
-4.20883890972707,87.7642822265625
-0.3530077955256401,39.742523193359375
-1.6020246929696491,248.21932983398438
-7.57557880794988,119.56632995605469
13.9692836454661,300.1563415527344
1.289294757415069,-129.2891387939453
-20.3746494688195,20.79092788696289
-8.044482691931467,-109.9148941040039
2.51340467963473,9.825352668762207
11.0282847349576,360.424560546875
-1.3944922949507652,2.566716194152832
-26.2706781913698,-0.8658633232116699
-71.7765711158932,-430.67608642578125
-44.2857422252861,-1.140376329421997
-3.057699221935841,-111.499755859375
10.116767222520318,192.72344970703125
-46.9980356488569,32.613487243652344
-8.677497573270493,47.19841766357422
-25.781275563237,16.32660484313965
-2.941164138388841,512.6051025390625
-26.5692742661385,16.64035987854004
1.2555345380058751,102.16754150390625
-0.810306898238276,-9.621402740478516
0.2404076931068699,25.902469635009766
-2.5590885431480426,347.6175842285156
-11.9846830308257,173.2490234375
-5.775806690181939,-52.55936050415039
1.9806048133258944,27.469390869140625
16.618750626525,75.560546875
8.204494762209066,17.013065338134766
6.80321923705408,-142.15713500976562
11.710679650337616,-32.806671142578125
3.181253849239128,-14.665018081665039
0.90894434552881,39.647216796875
3.547124544521316,-0.058435678482055664
-2.202886656443709,-1.4733731746673584
-11.133669865203094,13.152880668640137
9.328533024448705,-29.878631591796875
-0.7012610501602399,-74.92012786865234
-0.3170472839931941,-17.982666015625
-2.3458288386735573,-59.0577392578125
-26.1191329979098,151.3134307861328
-2.33292598982445,-9.15018367767334
2.461922216333884,176.40919494628906
3.73205068567752,-158.07168579101562
-22.4462583852743,0.4298849105834961
16.899113604615202,166.20327758789062
-2.85382252753121,15.949518203735352
1.2705701336207027,-423.0828857421875
7.960789166364423,-3.14007568359375
2.71808902854303,285.9583740234375
5.5273920092716775,223.602783203125
-4.11149235653684,50.73054122924805
-20.9676231329802,5.786924362182617
-0.89184437235696,240.8697052001953
-1.2816619609782416,-0.7321949005126953
4.85634828411675,-1052.907470703125
6.429854346358795,-51.08966064453125
4.71112087372323,39.05558395385742
-30.7199022255615,8.886541366577148
-3.8590388668775,18.449642181396484
-10.6557437737239,956.901123046875
-13.4460672849668,31.645801544189453
-5.527709296795018,-131.5442657470703
-1.876637029070265,43.52095031738281
10.2532613363299,-466.96673583984375
3.00680128293027,-11.456521987915039
19.33685959748449,33.472686767578125
-0.1058882282985149,-7.332389831542969
14.3436638764016,348.09844970703125
-16.1535771788668,12.72840690612793
0.9480162028997956,-241.1116180419922
-18.5891767455387,17.14575958251953
13.309934514349203,-491.32275390625
6.02246857213521,-16.158390045166016
5.16750826555368,22.007028579711914
-1.0190872666435924,-9.555706024169922
-19.100904418149,44.47639465332031
4.743603615290096,-6.875105381011963
-13.8157551615103,-6.627640247344971
-3.802611775309477,-138.96490478515625
4.30511943579503,-45.80152893066406
-22.482844278002705,17.536909103393555
0.60779733849738,46.58226776123047
17.8138573048897,-379.00811767578125
-38.4626262988146,-6.588231086730957
-0.6089836493556324,-2147.8212890625
0.8617451361473882,-19.36919403076172
-2.40000424902785,17.011295318603516
3.7078671714499096,23.763160705566406
-2.390619984667185,-12.600617408752441
-15.559462368784592,7.442728519439697
-13.790764753514,-123.296630859375
-9.325981865786185,45.847442626953125
-58.4491138315396,196.65847778320312
9.550892694239591,-338.7221984863281
4.435147085081137,-511.3997802734375
-2.3538192484503564,-96.94483947753906
-5.83438093189622,16.103099822998047
-7.10827059552493,12.964207649230957
-12.414939844598162,237.90444946289062
6.6154810826822,-232.9798583984375
1.3155747227446202,13.931489944458008
-2.56542276271332,-22.843544006347656
-13.546032832554804,180.2882080078125
-16.600339428286603,124.77971649169922
2.9737175212081803,707.372802734375
6.167862854629888,-20.901927947998047
-40.922076323723,102.39948272705078
16.9349100756105,-126.15283203125
-12.24911226903676,26.62432289123535
4.867927463076468,-12.58376693725586
-21.6327950573002,-11.995267868041992
7.11033993521173,-226.88919067382812
-9.59094984812801,43.888729095458984
4.92186081619874,195.42962646484375
-7.815562497274902,474.93963623046875
-2.20364176327536,45.31931686401367
-19.6754058911438,26.4173583984375
-91.8886792382854,37.476097106933594
-20.9507978903398,182.99269104003906
-17.8084408175675,33.127140045166016
-62.9612541332419,-7.530793190002441
5.598134989920393,-280.9195861816406
-7.283890318199592,172.74105834960938
6.1026124307435,366.47216796875
7.42840635595139,263.5998840332031
-5.179391847578812,51.230979919433594
-4.873152982370568,50.093563079833984
7.276768036701751,95.35890197753906
-10.739322929783883,-18.26740264892578
-22.9219832537164,26.58527374267578
1.5259403537211615,-133.80029296875
-44.7886924625105,96.06966400146484
-3.72583443525641,-34.673667907714844
-14.57002364123529,159.96287536621094
-10.128266274366498,-6.018342971801758
-28.0249952668106,11.382779121398926
-26.24662901330595,150.50758361816406
-40.3645652505015,-0.9124889373779297
-30.8056950922951,12.766528129577637
-3.9552380984537248,-71.23397827148438
-2.1789667599796294,-15.76550006866455
-0.5734820606807138,-37.29187774658203
-1.1617148968623687,-8.271331787109375
3.42848617073407,-6.999987602233887
-17.4030551064212,18.987688064575195
3.88109013796494,328.77362060546875
9.400493271217616,442.3329162597656
-11.302161927872188,27.07474136352539
-13.3709137252944,-6.459593772888184
-6.79658968512302,164.30279541015625
4.509456424718162,258.4444580078125
5.45103123545738,-58.708839416503906
8.149714042401495,218.85638427734375
-12.909180343140196,-58.4844970703125
-6.61979034735207,121.33113098144531
11.9978624338519,11.03805160522461
-12.53254789251529,177.1678924560547
-8.36198121766124,-6.378842830657959
-4.361976736345532,-47.75782775878906
-0.1898191226144924,-7.47730827331543
2.3166834950764685,-12.801233291625977
-12.6203596574975,0.38266801834106445
-1.207429910073891,112.07022094726562
-29.7403775200217,116.91588592529297
5.31082796058257,424.0915222167969
2.97844031586002,35.77443313598633
-12.533050119535002,189.3695068359375
-5.8684323426223,-848.7099609375
2.391980620215489,385.4119873046875
7.73570234615748,7.04006814956665
1.166748445159433,-187.36993408203125
6.093529951556334,277.0116882324219
17.709922444879297,248.40267944335938
11.779516260068313,-3.796853542327881
2.4866177573815964,314.5493469238281
-30.89708550466269,188.13812255859375
-9.231606713935047,-0.6406631469726562
-13.4089268865456,129.25282287597656
-9.06573754635488,22.434425354003906
9.30630078585379,207.9882354736328
-7.156550033865472,211.14981079101562
-10.5414716495377,42.700645446777344
-27.8178569354009,-0.7936478853225708
5.3817717725564,-45.32633972167969
-35.155236696245,183.2034454345703
-21.4141717786538,-5.691193580627441
-2.6053130644292946,223.34339904785156
-9.953220777101093,24.629051208496094
-8.798237091769485,149.0153045654297
-27.6920167541674,117.03224182128906
8.017093587799739,-176.46734619140625
-0.3550158381598589,-417.221923828125
-1.19024715514191,-14.973869323730469
-3.2855896341823474,-0.869457483291626
1.844566842421384,-3.677931070327759
-30.7366736665872,-6.704944133758545
-11.338238855350506,18.380550384521484
-1.059512617215007,-1523.760498046875
-33.7712071062874,-0.5996729135513306
3.812227003524945,-363.07904052734375
-2.8472026300298463,27.72403335571289
-21.5871320482388,166.48455810546875
1.845960760756301,-26.694622039794922
9.06213659212517,-659.9183349609375
-13.950148061363093,0.8247957229614258
-15.1006814359747,-1427.7987060546875
-8.65496498210776,92.78468322753906
-31.18852367408345,1.5514144897460938
2.35160533891099,-7.147035121917725
-7.06329362397977,13.2352294921875
-11.299328727708405,24.608253479003906
-5.73967918172164,-39.38903045654297
-4.062121175440552,-82.3105239868164
3.62056380925444,58.9376106262207
-6.512385872303066,212.67022705078125
