Score,Pred Score
-13.812973987503693,-1.711368203163147
-14.6311710829416,-8.572657585144043
-15.020937907067507,-9.188745498657227
5.61896917638109,11.505027770996094
0.1461877509898399,-6.7030487060546875
3.59745169898486,-5.137989521026611
-6.72144892291601,-4.730092525482178
4.304204520484877,-4.670751094818115
3.37898618824583,-5.780750274658203
3.939818822274421,12.03611946105957
13.9953943577381,-7.330792427062988
-5.39913759737588,5.084329605102539
-2.204579993178592,-10.930421829223633
8.829561804598438,-5.5551605224609375
6.01696699102072,-31.971031188964844
-6.376202369524528,-3.234104633331299
-6.50906463316165,-3.262887954711914
-60.92137282626391,-4.047002792358398
1.99934019108803,-5.3287763595581055
2.188685633501576,5.488031387329102
4.07090957771029,-4.712972164154053
0.5211206139658471,18.278987884521484
12.5580583918003,-0.44068044424057007
3.320229681965675,-6.164846420288086
-0.4381862293696001,-6.827859401702881
0.1752112379752922,-13.38437271118164
4.123908949931413,-0.3183932304382324
-14.2382866820043,17.158977508544922
12.966325580978296,57.165802001953125
7.692941411907634,-3.0966145992279053
-62.9031214125763,-6.915259838104248
-5.800670766453999,-3.9476070404052734
-11.705366535732304,-3.857938289642334
-4.786538605318405,-9.898358345031738
-82.4887013651952,-6.178564071655273
-8.251107402184557,0.5199546813964844
1.61677665352485,-7.955143451690674
-11.916211326129387,-6.2185211181640625
-45.634880019414,-15.012165069580078
-0.568998602339841,-2.471125841140747
-12.147399114840605,-13.36038875579834
-27.4476544011683,-7.2919697761535645
-2.306526469902426,-4.841315269470215
-0.4835459876036119,2.1355512142181396
-8.39479061793487,-14.17717170715332
-46.862925671502296,-4.686191558837891
0.3837795244341289,-6.66114616394043
7.184930267876617,36.6638069152832
2.8348518495029404,-3.9312360286712646
-9.859535687586003,12.006641387939453
-6.00025755794808,-6.3922038078308105
-4.764629840066975,-3.2784571647644043
-2.377061578670744,25.10523223876953
-2.0585753436264698,-9.785909652709961
1.1848602197973823,-5.846120834350586
4.97603191479674,-2.9046480655670166
4.27399441028646,-6.913073539733887
-46.2372447228831,-4.796076774597168
-31.4759298257721,-4.013030052185059
-50.1674018945849,-9.232497215270996
0.9601515747159592,-1.6970781087875366
-11.864177458483407,-5.434167861938477
-0.538262620928304,19.74688720703125
-0.6920482116816997,-4.009754657745361
-1.5184696160120892,-4.772477149963379
-3.0836644409391925,-6.683528900146484
11.316750179392892,-4.733772277832031
-11.183106529127476,-8.08790397644043
3.59102041590596,-6.36338472366333
4.55602013063716,-3.4989421367645264
11.579228393987275,-10.544301986694336
2.3067635611900137,-5.715689659118652
10.480393919522983,13.221015930175781
-2.698100773809443,-6.808492660522461
3.776985072333982,-4.411678314208984
-11.773766374328297,-7.208305358886719
8.681027307740193,9.58990478515625
-1.1091988250418725,-12.584157943725586
4.484288991501213,-4.573371887207031
0.0548896546292299,3.272739887237549
0.1118559290339978,-14.178040504455566
3.9797293996962297,-2.6746883392333984
-22.42608065327665,-6.978342056274414
7.37064384347005,-4.188690185546875
-0.2642143205483515,-10.364669799804688
5.344594984386832,-6.804697036743164
-1.2497809936708242,-11.525165557861328
13.71198107208239,-40.30670166015625
0.5045482395984724,-3.12921142578125
2.86709961553106,2.2492122650146484
0.4423212163888063,-6.469340801239014
-3.724573545179619,-6.26829719543457
0.2570808252882703,-1.8451206684112549
-70.65073406723695,-6.7852888107299805
-33.9587360563784,-6.19545841217041
9.2088386022025,-13.831827163696289
1.3318185914773402,24.746706008911133
-9.176001953270983,-5.078065395355225
-10.497767159210698,-14.050949096679688
-0.4402086584014632,-5.914542198181152
2.1560784090827942,-6.030068397521973
-27.1636490162131,-8.870264053344727
-0.670930828719279,-4.145462989807129
-22.794043146736,-7.213387966156006
0.8105828534072201,-5.09138298034668
1.2287673509824204,-8.19057559967041
-0.6435038581465955,10.012813568115234
8.474782023793379,-2.084172248840332
-9.601847091024196,-2.6607933044433594
-1.6610011043127195,-13.156323432922363
-0.1091636509260827,-7.450738906860352
7.570838092245207,-9.013107299804688
-7.211196994815285,-5.604803085327148
9.090654061652296,-5.596320152282715
-26.6651088566214,3.7276201248168945
-17.309192174305,-3.159766674041748
4.14054171285972,-5.995586395263672
4.097668935846943,-11.65228271484375
-0.29408409265346,-8.994983673095703
-35.8165916579592,-12.218012809753418
10.898098675545494,-8.718366622924805
-1.6552655274048038,-16.46064567565918
1.6729502580778592,-6.0905351638793945
-6.42491227706334,-6.977794647216797
-15.4752611754195,-6.962567329406738
-0.6907348474047925,-9.155213356018066
-21.3629045873375,-6.350219249725342
4.219145585451182,-2.950995922088623
-3.019531285218114,-2.8633270263671875
4.25311060075082,-3.553229808807373
-15.0412339008878,-8.52056884765625
-8.237627320974727,-16.335163116455078
-1.0683487237199796,-2.7689285278320312
-1.7174251595272625,-3.147578001022339
4.069163600073605,-1.5737859010696411
-10.162041561092582,-7.11151123046875
-5.97248436581227,-11.359910011291504
6.120538767403939,-7.959775924682617
-0.8028238008287005,-8.012850761413574
-23.6042929930625,-6.553868293762207
-0.1777753404752198,34.83148193359375
-5.785469568057495,-5.9857177734375
-0.0556983764780604,-2.726743698120117
-25.4508968849616,9.766558647155762
-5.3185412482723295,-2.0263242721557617
9.1356503291117,-8.464324951171875
4.020569536845237,-12.409187316894531
-58.5527340809363,0.1368551254272461
-6.291328737399075,-12.52042007446289
4.187869588752649,-0.13757610321044922
8.922207576391518,-6.7540388107299805
22.7414116448382,-1.3052749633789062
-44.6057608529879,-5.985250949859619
-26.5129077898497,-14.361885070800781
-2.13735826282737,-29.78857421875
-1.14890133483728,-10.3048095703125
-15.2234416939723,12.269546508789062
0.369316059642221,-3.1490423679351807
-0.6884117876070912,-0.986851692199707
-5.8772631055401,-2.8815765380859375
3.6053774296538297,0.5013387203216553
5.07108724357905,-5.765223979949951
1.292753014965791,5.1821441650390625
8.440986836263871,-3.0779452323913574
-3.43040335892423,-3.662191390991211
0.7651079053562314,-3.9146697521209717
-37.13962469223695,-16.38800811767578
-5.822632503482525,-0.4412693977355957
-6.879472048396067,-4.576358795166016
2.11024229353816,-1.544987678527832
-7.1526743450051855,-6.915436744689941
-1.122073026503361,-1.4864699840545654
0.3302260274555297,-9.846905708312988
-1.178255647098801,-10.887616157531738
-2.99361591491145,12.036989212036133
-18.1070051290659,-5.830265045166016
-3.0332808194811403,-6.755924224853516
2.6303171850506604,-4.187046051025391
-9.72499716390718,-10.316794395446777
0.2729453578388601,-3.1643853187561035
-21.4503408223732,-6.8247480392456055
-4.99755531471552,-63.9046630859375
-18.0018409950579,-16.19479751586914
4.00031385473591,-7.265744209289551
12.0378145652987,21.91061782836914
14.1235470599023,-10.638516426086426
6.55729051148795,11.40907096862793
11.19992297656359,-7.096639156341553
-7.81388191369781,-5.581771373748779
-2.924593214648255,-4.519796848297119
3.7667366885646025,-10.301283836364746
-6.68253431604433,-2.5608749389648438
0.7345204104922589,14.91265869140625
-10.626155896203898,-7.05805778503418
8.106852576346123,85.835205078125
-58.24412469223692,-12.21292495727539
1.4955767028094,31.76332664489746
-17.6906096863185,-11.470489501953125
-4.813871520282443,3.9477157592773438
-11.8973420493851,-4.1947784423828125
-2.67676896274171,-13.060760498046875
-3.9331393974605526,-3.798048734664917
8.756217929094177,19.20233154296875
-29.2662792150344,2.2236361503601074
1.7249239205326918,1.0757927894592285
-6.686975812883663,-5.521259307861328
11.10272802991041,-2.2339000701904297
-10.956818171714705,-0.8329697847366333
-6.3500959185649,-5.032700538635254
0.6681105368389735,5.781463146209717
-12.500029270357295,-4.1223249435424805
-2.591242863373206,-12.888103485107422
5.954690473588823,-3.3375601768493652
-43.929359067237,-15.04226303100586
-17.4841411730512,-3.860905647277832
3.61441892535489,-3.8479456901550293
2.1112971208509976,-2.1215710639953613
-41.8026500314277,-10.897187232971191
7.028135642932115,14.053997039794922
8.463248256721428,-6.270970344543457
-13.037072413777096,-6.195459365844727
-1.6307504375632549,2.3127384185791016
-0.3284521577656807,-11.716371536254883
0.4685622181175212,-4.011415481567383
-5.316952415477393,15.300945281982422
4.584421564331302,-6.235040664672852
-20.3593816575191,-3.871725082397461
3.67041582610247,-3.6464757919311523
2.204062447972561,-3.514309883117676
-4.666937653128132,-2.9764912128448486
-12.3781694316975,-4.921468257904053
7.06923762363823,-3.677720546722412
-37.2883298194418,-6.6712260246276855
6.442434166934048,12.089431762695312
-12.2162083245621,-8.067301750183105
-20.3623076046531,3.3593192100524902
-5.45440876641342,-2.3773579597473145
3.1416241584890576,-6.628418445587158
-4.96580172718434,-6.2815446853637695
-37.4061766871973,-9.515829086303711
6.46185690649625,-1.2832632064819336
0.5403453062071405,9.015408515930176
8.656689402528613,2.1419219970703125
12.331931266595111,-3.973226547241211
2.75380173901167,-11.58848762512207
-2.8447496930443927,6.9055256843566895
0.0285872237409883,-4.852272033691406
-73.5286754265322,-6.136176586151123
7.285509446842615,-6.138911724090576
6.72046542688671,-20.180950164794922
-6.19730890695259,-7.1156005859375
-16.4599719883519,4.628820419311523
-10.288292260688207,-7.865336894989014
-10.285920522724917,-6.514114856719971
-30.8171784242839,-8.210705757141113
-4.65691689928222,-4.377274990081787
-37.1716279374795,-6.587834358215332
-36.50577458359941,-2.5874104499816895
0.7942566624333496,-2.3498473167419434
-34.8552692363716,-5.782426357269287
-2.491707941339629,-11.75460433959961
1.7387039934851498,-5.373169898986816
18.9715733525152,-3.1204566955566406
-13.8996269060666,-16.3895263671875
4.17561229224804,-6.0224714279174805
4.7680640763497,-7.837716102600098
-6.745372906074374,-2.8571419715881348
7.262818938793504,-2.8268799781799316
-55.7541546140486,-7.7862467765808105
8.453421074249384,10.179420471191406
-5.85807143580148,-11.964293479919434
-52.7336020518746,-7.505891799926758
-1.995826789875676,-15.155988693237305
-1.3326443092463092,-3.6022984981536865
5.029017096161708,1.336503028869629
-0.71117494174041,-2.0111589431762695
8.243548509216069,11.224014282226562
5.81602235619721,-13.637829780578613
5.978124919049687,-2.2598812580108643
-2.8859593337581737,-6.382935523986816
-26.0047332498617,-9.421000480651855
-1.5220929784942658,-15.708963394165039
-3.195242757261453,-0.7690887451171875
-15.0089303719363,-8.587738990783691
-1.757118944268968,-11.99924087524414
-13.5091075877696,-3.718463182449341
-4.0681667574955,-5.913728713989258
4.43276114617859,-11.317129135131836
-4.665207913971671,1.417539119720459
7.33919324558513,-5.946954250335693
-11.69780882660921,-6.0004143714904785
5.960801203295765,-6.463299751281738
-29.9162730471743,-5.755518913269043
-5.331847529263395,-3.662398099899292
4.2006804390709,0.433074951171875
4.76541245752904,-2.2702693939208984
5.87221574658101,1.6062374114990234
-12.955988512618,-5.693629741668701
-14.4061745570978,-13.326452255249023
13.644333664082708,0.6824436187744141
7.522446474796843,-5.616501331329346
2.858782897786812,-3.1750965118408203
-49.8653288018085,-6.491930961608887
-4.029904705212941,-8.001260757446289
-6.2026319104393295,-8.191468238830566
4.452168509343501,12.2186279296875
-16.475900892606802,-0.29187870025634766
-11.03094492075089,-11.415228843688965
-8.08045020128908,-7.378344535827637
1.39259946716825,-0.034799814224243164
-14.885807229381896,1.2995920181274414
-11.113180908425988,-5.515987396240234
5.506094216928792,4.057208061218262
5.29091659278858,-8.572498321533203
3.42106467876526,-14.20854377746582
5.162821279449693,-6.303531646728516
6.020551076354931,-4.18602991104126
0.8086942897832163,-6.399844169616699
-8.80546181278599,-10.595342636108398
-7.42349600405968,-6.610005855560303
-14.4731176558811,16.10577392578125
-35.5448186771701,-5.4226274490356445
-1.657597602265355,-5.090397357940674
-1.930224441335125,-8.2326021194458
-10.398648228661925,-9.764411926269531
-1.6521884315998507,-6.600836753845215
1.3131129859732091,-5.391559600830078
-0.1240821746904601,-1.336153268814087
-35.1709788883515,-6.6951398849487305
0.6771989561182002,-6.306615829467773
-5.8677981963370005,-9.827590942382812
0.7982616963508231,-4.878346920013428
2.595279020812243,-13.12396240234375
6.9472187772133225,-6.330893516540527
-41.1395198834054,-7.305486679077148
-35.4604736838065,-7.008027076721191
7.87379173269718,-8.766611099243164
-8.72128086410909,-6.667532444000244
-82.13826531723697,-12.336113929748535
-9.70693692529289,-18.650562286376953
-61.4386715672369,-14.684597969055176
7.10938257895085,-12.54554557800293
0.4007388327427847,5.971762657165527
-0.7455370396145937,-4.7106404304504395
1.674966057420845,-5.675682544708252
11.877856996640997,-1.950160026550293
-0.9096556467231308,-0.8592529296875
-1.4680391508473674,-5.565696716308594
15.6414782015599,-9.181806564331055
-10.35739215730591,-8.170352935791016
1.926107182225645,-4.647777557373047
6.99756701325662,-8.505005836486816
3.54836143321337,-7.368163585662842
-7.726553411266567,-6.185476303100586
-48.51478094223695,-6.784186363220215
-3.0453156276270903,-2.9747791290283203
-3.454798154796729,4.919726371765137
9.503977484174175,2.7953262329101562
6.001532732018722,9.696395874023438
1.775572054007981,-3.4582252502441406
-2.6871577689602653,-4.706507682800293
-7.920344649869953,-9.342021942138672
2.578081311550471,-4.805759429931641
-14.434457477598505,-6.624843120574951
-1.338045882914232,-7.666657447814941
-44.1817825469333,-17.583709716796875
2.4314234692194163,-10.068485260009766
-2.35314836228574,-4.410551071166992
-2.07036107592124,-13.878978729248047
-6.560167066336443,-0.9199495315551758
-2.54688332955635,-3.517932415008545
-7.940842049461227,-6.587737560272217
-7.789052707582185,26.336639404296875
-1.4295761119406232,2.5265774726867676
7.206977941743588,-7.153931140899658
-4.081394009803599,-3.914475202560425
-30.167243616457,-4.228808879852295
11.7225687296843,-48.42127990722656
-0.8984319813221007,-8.353355407714844
10.349523074958825,-6.573380470275879
5.42147270471237,-105.701171875
-0.3136273830120112,-2.2077994346618652
4.398848813602776,-0.9516201019287109
2.099307195887115,-3.4108898639678955
-61.6890402284636,-3.9610631465911865
-7.08434802004719,-2.606311321258545
0.6962467393230812,-0.48669689893722534
9.0758909366509,-2.8718512058258057
-1.9263965715605047,0.21718692779541016
-6.262949496708321,-6.924408912658691
-4.739766082030863,-3.887056589126587
-36.8822022827233,-5.96169376373291
3.24770439300306,-5.548230171203613
-2.289513933263135,-10.329278945922852
1.41805545618482,35.82008361816406
-24.4432878855492,-4.924097061157227
-24.96156751119129,-4.435249328613281
-7.734574598544068,-4.044631481170654
2.79124989437018,-9.24701976776123
-5.17831154550348,-2.6281352043151855
1.5275640312561216,-6.847776889801025
3.682989905065457,-23.248437881469727
-10.8237586662752,-7.031491279602051
-6.929951553081727,2.4973459243774414
-27.96215708599589,-5.779731750488281
-2.88087637063392,-5.636495590209961
-5.960419628776203,-4.119831085205078
-37.189874708633695,-7.882163047790527
1.1496085756031087,-5.855560302734375
-12.7137936794919,-8.88763427734375
8.398744223780918,-5.418113708496094
-33.3004252633332,-6.843864917755127
9.144089281431205,-5.648897647857666
4.065326821312747,-6.219206809997559
-41.9047429025821,-7.034231185913086
7.383552345763623,0.953877329826355
6.364261125349779,6.048436164855957
4.841793570156368,-11.088699340820312
1.6198341998494314,-8.453649520874023
4.179707781567577,29.18840980529785
-14.7229944429405,62.48822021484375
7.078924552126015,7.65372371673584
-12.898019313824,-4.191155910491943
-70.8116033690518,-7.950925350189209
12.7359625054994,19.08013916015625
5.586124430090477,10.284950256347656
3.028467183462371,-6.088369369506836
-5.830142578087577,-6.703911781311035
-22.6841489367301,-10.873139381408691
-1.51657819068512,7.038995742797852
-81.52648016021857,-3.3109679222106934
-3.36903782007548,-8.39863395690918
-18.707844022,-4.178851127624512
-34.48768519828235,-4.836939811706543
-39.7169735486916,-4.56033992767334
-1.593720937577549,-4.915270805358887
-23.2954444871652,-6.166276931762695
-45.30258920076982,-6.777270793914795
12.5056328567953,-7.558862686157227
-11.9299972333177,17.078811645507812
-37.9495035857927,1.302933692932129
0.7001962140772594,-6.111852645874023
4.49418879319923,-19.58472442626953
-39.0646563811545,-7.468277931213379
-9.09730633851708,-9.283669471740723
-17.5589533745204,-7.142484664916992
-4.92782811871599,-6.249664306640625
-8.2299173561342,-2.3474771976470947
2.60625970962018,1.020787239074707
2.726862934921635,-9.226621627807617
4.071661498679735,-5.704313278198242
-13.2494383747796,-4.871111869812012
-11.9154244975033,22.571212768554688
0.9090871567987184,-17.208566665649414
7.92708077877978,-0.646087646484375
-3.119647295186995,-13.883692741394043
-2.248378586620203,-6.726056098937988
1.6646916021852596,-2.8754234313964844
0.1590569364430157,-6.344232082366943
-77.3623903172369,-7.023759365081787
15.8859560938761,-8.33599853515625
-3.11888044241469,-3.8107519149780273
-2.7468186065138984,2.1852335929870605
2.77922195660905,-1.5369412899017334
4.052279150357491,-16.595077514648438
-4.03806373695381,-8.442157745361328
-2.4461467814868523,-7.155324935913086
-0.1639564470097907,-6.202213287353516
0.8542168432631491,-3.481053352355957
5.84905996845087,-6.659454345703125
-5.77665564868809,0.45970261096954346
-3.7008288999313423,9.744185447692871
-7.18713065449027,-6.9104108810424805
-0.9529303605806088,-12.269111633300781
-15.902118442879,-6.969796180725098
-28.0636361890057,-7.255465507507324
-26.912205886836706,-14.212135314941406
8.596988309863011,18.184326171875
0.2877587512502297,-7.676583766937256
3.3899996482015826,-4.38399600982666
-20.5869014386951,2.0122435092926025
-9.341800010912078,-3.723191261291504
0.1692077246922899,-8.769561767578125
-1.857666460494741,-6.206038475036621
-13.2752747780792,-6.893540859222412
0.7445982178878973,21.686208724975586
4.49646859469848,-2.85536789894104
3.60913262992784,-6.493043899536133
-5.653435188749545,-0.9246686697006226
1.51502173443586,-1.8616561889648438
8.143116180793372,-3.7523369789123535
-8.36164856265281,-9.372091293334961
-1.130678948105339,-3.476181983947754
-4.349210006555943,0.4292001724243164
0.2594141505344826,-9.882591247558594
-32.1283374054069,-3.7338438034057617
-1.9051378030600723,-0.38117682933807373
4.768047800449637,-6.273508071899414
2.264898495983479,-7.1793293952941895
-6.47138721063866,9.171578407287598
4.93167956005568,-8.570144653320312
2.4851768276660025,-2.6730265617370605
-3.930469946192945,-10.384488105773926
11.923948375295712,5.477386474609375
11.616605850275496,1.441502571105957
10.41580460128629,-8.008814811706543
-8.700462669667385,-1.4966058731079102
13.1991243046288,-5.595180511474609
-4.75101729862813,-9.32353401184082
-1.4230966237807086,-4.233587265014648
-2.07861348348741,-10.029616355895996
10.292368565007404,19.342041015625
1.9007667723773176,-5.018327713012695
17.1612744381531,2.754444122314453
-0.1428452494230792,5.14154052734375
2.4933992323843923,-2.99546480178833
-13.861300672159,5.290201187133789
-1.7943154401891548,-5.150688171386719
-4.15624175439773,-4.4404802322387695
-14.277645616907492,-12.790802001953125
2.713132201978397,-2.512470245361328
-13.315456279797685,-7.366633892059326
-5.36204355968609,-3.287010669708252
-1.4872271509121793,-5.187256813049316
0.31232235517322,-5.046239852905273
3.0307168501552093,-7.873902320861816
3.4484762474106,-8.006473541259766
-34.0729170807354,-11.022785186767578
-25.0659802428987,5.874347686767578
0.86771933446589,-5.8271942138671875
-11.996919710325,-8.750494003295898
17.2594267615487,-1.15179443359375
-56.2560888739038,-12.709005355834961
-12.7386491421071,-6.370092868804932
-3.520787796436005,-10.179834365844727
-0.8014467498558491,-11.291196823120117
-34.7812340468876,-4.205631732940674
7.158235365631607,-8.248541831970215
3.29681579894721,12.597683906555176
0.046018285265003,-3.7966442108154297
2.046344769010002,-1.3446987867355347
4.25403099118957,-5.125790596008301
3.7804230286959792,-5.579751968383789
-3.773219093074008,-6.333974838256836
-9.722403045722997,-7.204122543334961
2.81101468536903,-1.5208020210266113
-23.7494411406013,-5.788653373718262
-75.56229656723696,-8.45474910736084
4.366245372711767,-0.49996185302734375
9.94612085382829,-7.964752197265625
-8.207132148775708,-10.703421592712402
-3.09775596823669,13.997358322143555
3.77256113899207,-10.056065559387207
0.2016574678685985,-0.4232215881347656
4.38808277416547,-2.9214589595794678
3.7092867134231,-7.915085315704346
1.6740112862957208,2.154696464538574
-5.472376660417956,-5.949629306793213
12.283123760680592,-3.6379361152648926
4.417989059347175,-6.174808979034424
1.907333647224608,-6.899216651916504
-3.73521146317182,-12.905228614807129
7.837521570550837,-14.32391357421875
4.82455755953161,-8.077502250671387
-0.6472060937938101,7.641690254211426
-8.237956686764985,-6.587791442871094
7.36579899286375,-9.434972763061523
7.859716520666763,-4.323038101196289
2.765011277030255,2.0020432472229004
4.62415639298937,-22.8551025390625
6.430237727930085,-14.691489219665527
2.44728958086436,-5.082457065582275
-1.93656353174353,-4.827291965484619
-33.7845903951132,-15.582204818725586
10.960301672714698,20.684200286865234
6.147225205740463,-6.084436416625977
2.4659746492236927,5.942234039306641
18.2642273209106,-5.680934906005859
7.656482330373112,-61.937042236328125
-63.2346715672369,-9.376262664794922
-22.9610154952969,-5.3120880126953125
4.39789099231211,1.8650245666503906
-46.587141393021525,-12.393745422363281
-12.281506448986304,-2.44913911819458
5.220668557811489,2.383493423461914
-1.4412632820262703,-2.9982526302337646
-35.163016426576704,-4.160017013549805
-31.380009974583203,-6.917388916015625
-40.7258600860177,-6.67473030090332
-35.3994683825842,-6.984043121337891
-10.968565079401992,-8.467921257019043
15.384553292915324,-18.33319091796875
-0.4271227388875901,-6.063345909118652
-7.69948364751984,-1.9129854440689087
-26.6822467124322,-8.060818672180176
-0.2823200449385875,-3.5370235443115234
-3.8453528225106623,-7.691368103027344
-2.4599041427842496,-8.423169136047363
-12.7315114055493,-9.542905807495117
1.418014053180695,-3.9939937591552734
-3.4922781726655696,-3.6230661869049072
9.58062385928767,-18.4940185546875
-17.5801214502402,-5.122154712677002
-49.5120706514507,-7.1548380851745605
-0.4503474699443348,-11.679496765136719
2.332279780348585,-3.00532865524292
-42.2483635713802,-5.93867826461792
-5.00028834575103,-14.251556396484375
-5.14141487663266,-6.497964859008789
-19.923371510770203,-6.486955165863037
4.28301459624688,-2.972287654876709
0.3224388648416145,-4.629537582397461
6.795393661635613,-3.8945693969726562
6.720388221210122,46.61994934082031
-20.7558388881914,-3.520244598388672
-12.5922662394529,-11.178462028503418
-5.19085420781142,-4.032033443450928
-27.3858072066324,-6.338857650756836
6.488490212037078,-2.0700721740722656
-12.5233171201947,-8.897632598876953
0.996650643215182,-6.651664733886719
3.27144637329635,-8.488199234008789
1.203208947199059,-14.124844551086426
4.5031585012656095,-4.354264736175537
-46.6686841099013,-7.439458847045898
3.600655729290548,-5.853668212890625
-2.7077151362496297,-4.787173748016357
-42.936846127142296,-6.998420715332031
2.679404112105611,-5.292029857635498
-23.975827854410426,-12.957817077636719
-24.4869919201538,-12.34737777709961
-6.22433036882608,2.6182498931884766
-24.992167376126925,-5.523379802703857
-9.742168339465294,-3.606051445007324
0.1235817830644999,-5.746179580688477
-11.607028837624,-13.775716781616211
5.321680837772678,2.766547918319702
3.3452637215970498,-6.327573299407959
13.015759276594096,-11.78887939453125
-6.13466459150186,-3.4539380073547363
3.0897024917955025,6.799562454223633
3.557691046156,-5.13502311706543
2.0008593011464906,-8.888887405395508
-1.2671721747064446,-12.02280044555664
-2.989164004622407,-12.468490600585938
-2.43808381047612,-7.102783203125
-11.30813578108209,3.690535306930542
-9.619042312244815,-4.738574028015137
-4.01456885639382,-2.8744752407073975
-4.853312003098937,-6.740286827087402
2.78743688363977,-3.0462019443511963
3.6035536346157695,-4.785925388336182
6.09033976794457,8.417591094970703
-5.89266438028177,-8.774080276489258
4.780848076735348,-4.153932094573975
-20.7592210135025,-9.880781173706055
-3.637071869773312,-8.31753158569336
-4.396710286499547,-7.987306594848633
9.04709717330502,-12.057968139648438
1.69213972357191,2.552051305770874
-27.068723822751306,-3.6374263763427734
0.2886204877907422,-13.059126853942871
-0.592182005541919,-13.72528076171875
-4.736229867816737,24.469223022460938
7.877641553655238,-5.762301445007324
-2.588665914009158,-3.5226693153381348
4.72846919446815,-10.248269081115723
3.42669038506664,-6.045702934265137
-10.274169876330886,-2.7142934799194336
-1.289264920121349,-6.487639904022217
-6.9648772325347394,-9.203783988952637
-1.2236747050651609,1.6677732467651367
-12.208208404490907,-8.987510681152344
4.40921359309415,-16.96390151977539
16.4171583068458,21.452789306640625
-15.991582533821994,-6.614589691162109
7.809600001042748,-4.250530242919922
-3.0331069492891496,37.4998779296875
2.603164662477901,-11.741583824157715
-24.2572199033326,-5.825445175170898
13.667582002208905,14.7791748046875
8.19307228691883,-14.091917991638184
0.4664503305112299,-3.381389617919922
-6.46133524603972,-4.787538528442383
-19.7520332208299,-5.60924768447876
-7.75971004909346,-18.403305053710938
7.66334596528203,-10.122598648071289
-27.64770126959135,-7.784970283508301
2.125547882163602,-1.337820053100586
-1.8239337240231768,-12.67487621307373
3.3696784995100426,-9.211969375610352
5.265272900492549,-9.43178939819336
6.753311816554961,-9.427740097045898
0.9434331950199416,-2.907701015472412
2.13745295521649,-6.288388252258301
2.76912169862866,80.1561279296875
2.409764321136161,2.668609619140625
3.7606671418030695,-5.847470283508301
0.555665600488549,-9.211999893188477
-89.04756219223692,-3.7489686012268066
6.987950206462267,-5.222982883453369
-10.09410467002709,-3.694399118423462
8.16191414696451,1.0164318084716797
-10.731303688850904,-5.961300849914551
7.588764503474316,-3.195755958557129
-5.25293160621848,-4.414129257202148
2.3065604778561424,6.0453338623046875
-3.8022266666193874,-7.131850242614746
3.22816419080692,-4.019289970397949
1.1941842843275,-13.660320281982422
9.772192422094813,-7.857863426208496
-2.489313079893845,-23.664657592773438
-13.547300817594484,-6.702138900756836
-1.5403494549472296,-4.242234230041504
-5.139364658294922,-5.836199760437012
-1.32131943338233,-2.69035005569458
-0.5284321769112605,2.041358470916748
0.1119561526876595,6.519785404205322
14.8508222506114,13.766033172607422
-0.0918051514147744,-6.148721694946289
-1.7237618714553775,-3.454599380493164
-1.5699354762224491,-1.559335708618164
1.5718362711845366,-1.6433868408203125
3.58036180553514,-5.002980709075928
7.45084701577923,-7.663439750671387
-7.378812419643663,3.6795289516448975
-33.1832620874725,-5.426074028015137
-6.066411004621831,7.98284912109375
-16.4910721624856,-3.6837759017944336
0.8267526169764301,-8.514567375183105
-9.762453719841735,-6.521899700164795
8.07102955700163,0.020030975341796875
1.741670982094262,-9.023988723754883
-0.0053525606393112,-1.8008249998092651
-51.4043293278057,-8.292956352233887
14.9415296965116,25.13888931274414
8.70853787657841,-7.23420524597168
-2.149900469098629,-6.49155330657959
14.8229623836697,21.834304809570312
-0.0379657812584102,18.307876586914062
-15.3173389528898,-7.69719123840332
-1.7663441991754285,-4.295594215393066
-6.708306328674888,-5.764451503753662
-78.7451798053926,-5.044473171234131
-0.5413656534735456,-5.846907615661621
9.625121597198186,-1.184324026107788
-3.15562863494722,8.559210777282715
9.60447820177431,21.60540199279785
-3.31847606547329,-5.818742275238037
-4.12581810820042,-4.189125061035156
1.7706121017107803,-5.259378910064697
0.5117341060036625,-6.250328063964844
2.63157412115867,-5.28077507019043
-4.763634360062484,-5.184849739074707
-11.18181257464061,-6.639944076538086
-39.4932668903457,-3.844416379928589
9.206200380526292,7.3805084228515625
-2.93911844531118,-5.323896884918213
-28.13472322157985,-6.462182998657227
9.62907409316032,18.900436401367188
-7.042636248773623,-4.967936038970947
-4.03025121975644,-0.21405839920043945
3.42951329804928,5.0452799797058105
2.5565427438131976,-1.1909127235412598
2.8513084033656,-10.942281723022461
-5.5623675139736175,-1.1975576877593994
16.9968892380515,10.070709228515625
-4.144685584269085,1.0921084880828857
-11.221818720505304,0.578743577003479
-2.111656589218961,-2.7609753608703613
-1.626797120535592,-2.556253433227539
0.7652624054000594,-7.348850250244141
-21.5531296050118,-20.109193801879883
-13.053772031257305,-6.325336456298828
5.42509465390903,-7.128619194030762
-5.5186956836840375,-4.966123104095459
-2.260381023139061,47.479705810546875
-30.3377383335249,4.522149562835693
7.380729755239978,-5.797695159912109
-4.172986764275874,-5.517268180847168
-1.2036514942358316,-15.80099105834961
-35.2906329121599,-3.831770658493042
-2.54595208771381,-8.54801082611084
-10.901275449743116,-10.608147621154785
-17.0078420331655,-12.673381805419922
-17.0314498829154,-6.797259330749512
-11.9784507557909,5.612482070922852
-19.469018973061075,-4.647664546966553
-3.2142130797467816,13.315597534179688
-0.5663484394051013,3.8134307861328125
-21.2195468929047,-7.97806978225708
8.077984978184695,-5.3499555587768555
-17.0119321722455,-15.328492164611816
4.67424026120176,6.967637062072754
-47.9875704511971,-7.090245246887207
4.316615136301563,-1.58538818359375
11.2728180991378,6.628803253173828
-3.5546157663424616,-7.749149799346924
-3.15887949932979,-7.255949974060059
-1.6422791314174887,-2.0553817749023438
-3.448025235667948,-12.52749252319336
-13.5632540546311,-5.518912315368652
0.8825935384285006,-4.777565956115723
3.27100049685324,-5.491179466247559
-0.7762273913233743,-9.113763809204102
1.026942322157092,-12.024219512939453
9.859104788483815,-6.9501495361328125
-1.9977872313530125,-3.9829087257385254
-13.1809903671301,-117.3204345703125
-35.1782981083837,-6.660299777984619
-35.8337806803641,-9.491910934448242
-7.639409008216227,-38.8145751953125
-15.746453943284,-7.427371978759766
1.055995951979529,0.9247474670410156
3.987299411465438,-5.837472915649414
-37.0930621901092,-3.343642473220825
16.694612728237402,-8.516378402709961
-4.527979888097892,-5.739709854125977
14.6352674345898,-10.926299095153809
5.034618319433818,-6.435221195220947
-3.77133000272187,-2.7068023681640625
-1.61504571199055,18.882652282714844
-56.3663437951974,-3.7442054748535156
10.088450856398616,-7.497934818267822
-14.285610883283098,-10.700418472290039
2.6210618799141923,8.590017318725586
-2.308732762121495,-8.124467849731445
-83.9761260280997,-8.438276290893555
-1.03656181464744,-6.734397888183594
10.16232173056559,-52.98780822753906
-3.12013961477547,15.05615234375
3.010752586641185,-4.0412068367004395
-1.5178355576616795,2.780588150024414
-2.60072537807549,11.833271026611328
-2.367312137177082,11.405496597290039
6.075310726130807,-7.029205322265625
2.24572304437811,13.21705436706543
0.2044267191685782,-6.011725425720215
3.85944773684647,-1.0169086456298828
-14.409506408843407,-12.331052780151367
-2.683955047842884,11.47830581665039
-0.0075038478591599,-7.239445209503174
7.190050317883171,-15.667457580566406
-2.1691769605730515,-13.092036247253418
-7.910003358009165,0.3975505828857422
-69.1366966634013,-8.108928680419922
1.437241653553571,-18.865074157714844
-20.7409218490905,-9.946720123291016
3.78247800369874,-6.606767654418945
7.909526276907584,-5.900376796722412
6.097122298913325,-7.117445945739746
24.5800902168924,23.578903198242188
-9.979741434164584,-9.293071746826172
3.1327986373042376,-15.353530883789062
-8.393586343504198,-3.6300621032714844
8.678125432705007,-30.481781005859375
20.7428439693387,-5.37042236328125
-1.511416195100045,-7.456831455230713
-23.3725501337939,-7.619487762451172
4.69437535963172,-13.14936351776123
8.24149319055937,-1.842345118522644
-0.2898522089969393,-8.934778213500977
-7.19378137939456,-3.825617790222168
1.0271109700113177,-6.632418632507324
-14.564555056626377,-4.174826622009277
-9.657849716236,-14.552477836608887
-0.7280966227290082,1.8038935661315918
-21.8962191024866,-16.27507972717285
-40.2614734397264,-4.415570259094238
-1.77750068778882,-3.2018887996673584
-28.3488859938485,-5.391768932342529
-8.184373188662292,-5.508391380310059
-6.135426654744688,-6.222890853881836
-3.270422191581055,-16.920000076293945
-6.055427015859325,-2.946021556854248
-34.3143130117107,-3.9287760257720947
-50.4820483838523,-8.686664581298828
-4.639593570653838,-4.920004367828369
-21.0606958753072,-6.87162446975708
8.747205755218493,10.287376403808594
0.6884341878779402,-7.804254531860352
0.300408103033295,-3.056941032409668
-2.6184282494780104,1.1224231719970703
-37.3999740396079,-4.894347667694092
-10.594900847222812,-3.9588093757629395
-23.227454082363305,-8.23877239227295
-15.4814292943448,-9.247872352600098
-6.89310310865277,-6.774561882019043
-11.7962452523223,-8.545085906982422
-0.3887710448227697,6.960916519165039
-4.0896099478500325,-25.094818115234375
-42.6579269422049,-7.340493202209473
-2.095241650043551,-8.137862205505371
8.45389840526827,-5.270840644836426
-15.5157954828953,-3.8665075302124023
-1.9802660997523944,-3.292114019393921
1.8368511005450223,-3.7327146530151367
2.11900133622217,20.451675415039062
-38.4962238749225,-4.028033256530762
0.8069046214032297,-13.800458908081055
-1.73607437190069,-8.084258079528809
-8.46093254820262,-10.756492614746094
-0.0780407432645869,-4.8917155265808105
5.009535132419683,-7.562832832336426
-74.9399761386801,-10.005553245544434
2.806732553915905,-5.12703800201416
-10.415057364934407,-7.720091819763184
-4.81834176383161,-5.963377952575684
-1.4920816076829602,-4.091792106628418
-0.003939288658445,-8.658075332641602
5.86288473591452,-4.033684253692627
0.4443344011282492,6.412484169006348
5.72263802046558,-4.665621757507324
5.46583466116103,-8.103434562683105
5.05355462238675,-0.9103776812553406
-17.190033530139498,-3.0142364501953125
-10.1192188918475,-9.081382751464844
-10.539071528779305,-0.6267833709716797
0.2492257167476033,2.6282825469970703
5.35198813185094,-13.19058609008789
14.9823899147147,-4.614765167236328
1.7336328627834918,-7.010052680969238
3.2582764286422226,-4.564023017883301
1.1615369027166365,-5.221960067749023
-42.4099588259267,-7.3422746658325195
-38.7823663998969,-7.352928161621094
7.99575647038201,11.5850248336792
11.644495901203598,4.07116174697876
-39.0956747424042,12.08311653137207
-38.6438610292767,-3.851013660430908
-40.5029244010595,-24.38624382019043
-22.8644313188967,-8.656768798828125
-0.897066728281827,-6.093132495880127
-17.6830733389949,-2.407620906829834
-0.0084306638066775,2.653672218322754
0.5394390329931549,-6.165583610534668
-21.61387508166409,-2.913097381591797
5.053393098685065,-6.671223163604736
-15.7834934865799,-15.900025367736816
-58.40351531723695,-12.322650909423828
8.86280218600469,3.5915374755859375
1.888243484494037,-3.416545867919922
8.99923705482913,-0.3370138704776764
4.133325903305868,-15.136924743652344
4.774357664359128,0.7260370254516602
7.418770080750715,-7.9694647789001465
-2.25262466719878,-1.5078182220458984
-7.071587649042333,3.846940279006958
4.398742241377427,-7.538107395172119
-8.692928400841772,-13.656487464904785
2.334382802629,-13.901811599731445
2.8274240704709,-3.809575319290161
2.1747311895065486,18.146942138671875
-11.9965988914421,-3.2422919273376465
2.776867734737273,-9.157114028930664
-12.4595255596924,-7.16683292388916
18.5317724911246,13.676651000976562
6.86106163750481,4.710622787475586
-19.1693792779686,-11.935370445251465
-4.20883890972707,5.117627143859863
-0.3530077955256401,-5.585553169250488
-1.6020246929696491,-14.397750854492188
-7.57557880794988,-9.866439819335938
13.9692836454661,2.0823211669921875
1.289294757415069,-14.01013469696045
-20.3746494688195,-6.081069469451904
-8.044482691931467,-4.896225929260254
2.51340467963473,-7.338873863220215
11.0282847349576,75.77880859375
-1.3944922949507652,-4.698681354522705
-26.2706781913698,-4.24535608291626
-71.7765711158932,-12.179106712341309
-44.2857422252861,-4.254364490509033
-3.057699221935841,0.6825408935546875
10.116767222520318,-7.097688674926758
-46.9980356488569,-52.74027633666992
-8.677497573270493,-5.787570953369141
-25.781275563237,-6.254485607147217
-2.941164138388841,12.627714157104492
-26.5692742661385,-7.871279716491699
1.2555345380058751,2.388425350189209
-0.810306898238276,-4.003081798553467
0.2404076931068699,-6.870457172393799
-2.5590885431480426,0.019309043884277344
-11.9846830308257,-4.475910663604736
-5.775806690181939,2.6793360710144043
1.9806048133258944,-3.868525981903076
16.618750626525,42.057403564453125
8.204494762209066,-8.004961967468262
6.80321923705408,15.44852352142334
11.710679650337616,0.5479652881622314
3.181253849239128,7.634833335876465
0.90894434552881,-7.586963653564453
3.547124544521316,-4.325173377990723
-2.202886656443709,-4.002881050109863
-11.133669865203094,-6.897800445556641
9.328533024448705,-4.903905868530273
-0.7012610501602399,4.319335460662842
-0.3170472839931941,-3.2422022819519043
-2.3458288386735573,-4.299289703369141
-26.1191329979098,-8.185160636901855
-2.33292598982445,-3.0508038997650146
2.461922216333884,14.87653923034668
3.73205068567752,2.2010879516601562
-22.4462583852743,-4.95616340637207
16.899113604615202,-11.749284744262695
-2.85382252753121,-6.775812149047852
1.2705701336207027,-7.087161064147949
7.960789166364423,14.294754028320312
2.71808902854303,-7.182466506958008
5.5273920092716775,-12.424310684204102
-4.11149235653684,-8.535406112670898
-20.9676231329802,5.494877338409424
-0.89184437235696,-5.310182094573975
-1.2816619609782416,-5.546918869018555
4.85634828411675,-54.59484100341797
6.429854346358795,8.316059112548828
4.71112087372323,-10.807210922241211
-30.7199022255615,-6.384016036987305
-3.8590388668775,-5.633017063140869
-10.6557437737239,31.942138671875
-13.4460672849668,-6.597080230712891
-5.527709296795018,-13.857614517211914
-1.876637029070265,-1.524968147277832
10.2532613363299,22.290382385253906
3.00680128293027,-4.929798603057861
19.33685959748449,-16.8072566986084
-0.1058882282985149,0.1265047788619995
14.3436638764016,-5.448162078857422
-16.1535771788668,11.351799011230469
0.9480162028997956,2.558596611022949
-18.5891767455387,-5.307756423950195
13.309934514349203,40.79814147949219
6.02246857213521,-3.077524185180664
5.16750826555368,-10.735029220581055
-1.0190872666435924,6.45606803894043
-19.100904418149,-11.251300811767578
4.743603615290096,-2.9445600509643555
-13.8157551615103,-6.45977783203125
-3.802611775309477,-2.13873291015625
4.30511943579503,-5.221845626831055
-22.482844278002705,-9.399503707885742
0.60779733849738,-4.179380893707275
17.8138573048897,10.615959167480469
-38.4626262988146,-7.17669677734375
-0.6089836493556324,-6.120348930358887
0.8617451361473882,-3.5721678733825684
-2.40000424902785,0.9904022216796875
3.7078671714499096,-1.3129520416259766
-2.390619984667185,-0.0016410350799560547
-15.559462368784592,-6.102928161621094
-13.790764753514,-13.000812530517578
-9.325981865786185,-10.915257453918457
-58.4491138315396,-17.451797485351562
9.550892694239591,-0.149169921875
4.435147085081137,2.997711181640625
-2.3538192484503564,-5.780368804931641
-5.83438093189622,-5.683201789855957
-7.10827059552493,-6.279738426208496
-12.414939844598162,-15.129035949707031
6.6154810826822,-1.510711669921875
1.3155747227446202,-5.303300380706787
-2.56542276271332,-9.264686584472656
-13.546032832554804,-9.802995681762695
-16.600339428286603,-11.578001022338867
2.9737175212081803,-4.36653995513916
6.167862854629888,-5.03851318359375
-40.922076323723,-11.392688751220703
16.9349100756105,-8.72821044921875
-12.24911226903676,-6.071241855621338
4.867927463076468,-9.164788246154785
-21.6327950573002,-5.324392795562744
7.11033993521173,-1.9585580825805664
-9.59094984812801,-11.578453063964844
4.92186081619874,-13.064379692077637
-7.815562497274902,8.512313842773438
-2.20364176327536,-8.053176879882812
-19.6754058911438,-6.327038764953613
-91.8886792382854,-4.381358623504639
-20.9507978903398,-5.391046524047852
-17.8084408175675,-10.251486778259277
-62.9612541332419,-7.479175567626953
5.598134989920393,1.7591514587402344
-7.283890318199592,-5.100857257843018
6.1026124307435,6.905918121337891
7.42840635595139,-1.5620286464691162
-5.179391847578812,-7.369456768035889
-4.873152982370568,-3.410186290740967
7.276768036701751,-3.0911221504211426
-10.739322929783883,-5.137992858886719
-22.9219832537164,-9.347317695617676
1.5259403537211615,10.240524291992188
-44.7886924625105,-5.179532051086426
-3.72583443525641,-5.783103942871094
-14.57002364123529,-15.307896614074707
-10.128266274366498,-6.7851152420043945
-28.0249952668106,-7.297729015350342
-26.24662901330595,-10.149380683898926
-40.3645652505015,-4.1477580070495605
-30.8056950922951,-6.307618141174316
-3.9552380984537248,-5.275082588195801
-2.1789667599796294,3.6091086864471436
-0.5734820606807138,-3.0975570678710938
-1.1617148968623687,-5.3149094581604
3.42848617073407,-2.921826124191284
-17.4030551064212,-5.491060733795166
3.88109013796494,-2.8720669746398926
9.400493271217616,21.13562774658203
-11.302161927872188,-10.538368225097656
-13.3709137252944,-6.724033832550049
-6.79658968512302,-5.566592216491699
4.509456424718162,-6.409271240234375
5.45103123545738,0.4095735549926758
8.149714042401495,-12.377778053283691
-12.909180343140196,5.23089599609375
-6.61979034735207,-15.082907676696777
11.9978624338519,-5.941451549530029
-12.53254789251529,-14.198031425476074
-8.36198121766124,-6.358114719390869
-4.361976736345532,-1.6791677474975586
-0.1898191226144924,-6.846890926361084
2.3166834950764685,-0.07603240013122559
-12.6203596574975,-4.389551162719727
-1.207429910073891,-3.817136526107788
-29.7403775200217,-13.088253021240234
5.31082796058257,-15.802865982055664
2.97844031586002,-3.5485329627990723
-12.533050119535002,-13.457594871520996
-5.8684323426223,-0.6796340942382812
2.391980620215489,-5.252235412597656
7.73570234615748,-5.769314765930176
1.166748445159433,9.564445495605469
6.093529951556334,-11.286815643310547
17.709922444879297,-3.4454259872436523
11.779516260068313,-4.564423561096191
2.4866177573815964,-8.071125030517578
-30.89708550466269,-21.701189041137695
-9.231606713935047,-8.67736530303955
-13.4089268865456,-11.595434188842773
-9.06573754635488,-5.556950092315674
9.30630078585379,-9.623613357543945
-7.156550033865472,-18.747034072875977
-10.5414716495377,-6.332043647766113
-27.8178569354009,-4.053727626800537
5.3817717725564,5.723788738250732
-35.155236696245,-16.914772033691406
-21.4141717786538,-6.64652681350708
-2.6053130644292946,-5.7293243408203125
-9.953220777101093,-5.076085567474365
-8.798237091769485,-9.562987327575684
-27.6920167541674,-8.643050193786621
8.017093587799739,7.27146053314209
-0.3550158381598589,15.981536865234375
-1.19024715514191,1.8390729427337646
-3.2855896341823474,-4.343021869659424
1.844566842421384,-5.421012878417969
-30.7366736665872,-7.099396705627441
-11.338238855350506,-8.086599349975586
-1.059512617215007,11.1585693359375
-33.7712071062874,-4.061007499694824
3.812227003524945,0.10238909721374512
-2.8472026300298463,-10.076471328735352
-21.5871320482388,-5.483062744140625
1.845960760756301,-7.260669708251953
9.06213659212517,-7.455902099609375
-13.950148061363093,-8.213884353637695
-15.1006814359747,-12.883819580078125
-8.65496498210776,-11.021600723266602
-31.18852367408345,-6.480926513671875
2.35160533891099,-6.961943626403809
-7.06329362397977,-5.397655963897705
-11.299328727708405,-9.931191444396973
-5.73967918172164,-4.9694905281066895
-4.062121175440552,-0.08591270446777344
3.62056380925444,-7.808293342590332
-6.512385872303066,-26.998870849609375
