Score,Pred Score
-13.812973987503693,0.0012350082397460938
-14.6311710829416,-0.04129098355770111
-15.020937907067507,-0.6640853881835938
5.61896917638109,-2.4173896312713623
0.1461877509898399,-0.0177009254693985
3.59745169898486,0.2934744358062744
-6.72144892291601,-0.5041747093200684
4.304204520484877,-1.3322627544403076
3.37898618824583,-0.11141175031661987
3.939818822274421,-2.110795736312866
13.9953943577381,-0.05950373411178589
-5.39913759737588,-14.969209671020508
-2.204579993178592,-0.0026163309812545776
8.829561804598438,-0.060859352350234985
6.01696699102072,-4.091536045074463
-6.376202369524528,-2.4212756156921387
-6.50906463316165,-0.8546134233474731
-60.92137282626391,-0.8200153112411499
1.99934019108803,-4.2146501541137695
2.188685633501576,-0.04196666181087494
4.07090957771029,-2.9853339195251465
0.5211206139658471,-3.953590154647827
12.5580583918003,2.201136589050293
3.320229681965675,-3.189098834991455
-0.4381862293696001,-0.04962969571352005
0.1752112379752922,-15.359746932983398
4.123908949931413,2.4387664794921875
-14.2382866820043,-0.07921173423528671
12.966325580978296,1.446619987487793
7.692941411907634,-0.046992674469947815
-62.9031214125763,-0.022646665573120117
-5.800670766453999,-0.4346928000450134
-11.705366535732304,-1.2718063592910767
-4.786538605318405,-0.021544285118579865
-82.4887013651952,-0.02851904183626175
-8.251107402184557,-0.028478629887104034
1.61677665352485,0.18825046718120575
-11.916211326129387,-0.04921727627515793
-45.634880019414,-0.03415992856025696
-0.568998602339841,0.3185892105102539
-12.147399114840605,-2.0418920516967773
-27.4476544011683,-0.05687406659126282
-2.306526469902426,-1.5442636013031006
-0.4835459876036119,4.473333835601807
-8.39479061793487,-0.2998669743537903
-46.862925671502296,-0.036282047629356384
0.3837795244341289,-0.10892609506845474
7.184930267876617,-1.7629220485687256
2.8348518495029404,-0.028428763151168823
-9.859535687586003,-2.640521764755249
-6.00025755794808,-0.01786620169878006
-4.764629840066975,-1.6764836311340332
-2.377061578670744,-0.01584051549434662
-2.0585753436264698,-0.10612957179546356
1.1848602197973823,2.3005666732788086
4.97603191479674,-0.0328725129365921
4.27399441028646,-0.09519857168197632
-46.2372447228831,-0.009628638625144958
-31.4759298257721,-1.412667989730835
-50.1674018945849,-0.030602172017097473
0.9601515747159592,0.6501778364181519
-11.864177458483407,1.6275914907455444
-0.538262620928304,-0.06667761504650116
-0.6920482116816997,-0.08768898993730545
-1.5184696160120892,-63.20628356933594
-3.0836644409391925,-0.027936086058616638
11.316750179392892,-0.013380996882915497
-11.183106529127476,0.04412916302680969
3.59102041590596,-5.347835063934326
4.55602013063716,-3.6368141174316406
11.579228393987275,-0.050824105739593506
2.3067635611900137,-2.0579514503479004
10.480393919522983,-0.04849773645401001
-2.698100773809443,-0.028966262936592102
3.776985072333982,-1.659470796585083
-11.773766374328297,-1.8766131401062012
8.681027307740193,4.950104713439941
-1.1091988250418725,-0.09446749091148376
4.484288991501213,-1.943967342376709
0.0548896546292299,-1.1875789165496826
0.1118559290339978,-0.09792018681764603
3.9797293996962297,-0.018823571503162384
-22.42608065327665,-0.02120841294527054
7.37064384347005,-2.438713788986206
-0.2642143205483515,-0.07131785154342651
5.344594984386832,-4.172926902770996
-1.2497809936708242,-0.05907527357339859
13.71198107208239,-0.04742465168237686
0.5045482395984724,2.8189280033111572
2.86709961553106,-0.012899823486804962
0.4423212163888063,-2.4813122749328613
-3.724573545179619,0.3386302888393402
0.2570808252882703,-4.045136451721191
-70.65073406723695,-0.02700209990143776
-33.9587360563784,-1.280235767364502
9.2088386022025,0.30610722303390503
1.3318185914773402,2.7429213523864746
-9.176001953270983,1.9688811302185059
-10.497767159210698,-1.526309609413147
-0.4402086584014632,-0.16802355647087097
2.1560784090827942,-0.04216398298740387
-27.1636490162131,-0.10385584831237793
-0.670930828719279,-0.7506918907165527
-22.794043146736,-0.028102651238441467
0.8105828534072201,-0.6198852062225342
1.2287673509824204,-0.08285578340291977
-0.6435038581465955,15.943117141723633
8.474782023793379,-0.06694311648607254
-9.601847091024196,-1.7536144256591797
-1.6610011043127195,-0.030676163733005524
-0.1091636509260827,0.41839027404785156
7.570838092245207,-0.07954562455415726
-7.211196994815285,-0.8261426091194153
9.090654061652296,-0.06046782433986664
-26.6651088566214,-0.7133830785751343
-17.309192174305,6.4420905113220215
4.14054171285972,-0.037442512810230255
4.097668935846943,1.8332356214523315
-0.29408409265346,-0.1108207255601883
-35.8165916579592,-0.028775960206985474
10.898098675545494,-0.047951266169548035
-1.6552655274048038,-0.13432474434375763
1.6729502580778592,0.6221719980239868
-6.42491227706334,-1.2281138896942139
-15.4752611754195,-0.030117452144622803
-0.6907348474047925,-0.09997958689928055
-21.3629045873375,-0.06881609559059143
4.219145585451182,21.05179214477539
-3.019531285218114,-1.339717149734497
4.25311060075082,-0.03716747462749481
-15.0412339008878,65.27091979980469
-8.237627320974727,-0.05333836376667023
-1.0683487237199796,-1.6355910301208496
-1.7174251595272625,-3.6256232261657715
4.069163600073605,-0.0220622718334198
-10.162041561092582,0.0030760914087295532
-5.97248436581227,-0.08050292730331421
6.120538767403939,-0.1131613478064537
-0.8028238008287005,-0.04865177720785141
-23.6042929930625,-0.03230118751525879
-0.1777753404752198,-0.010267438367009163
-5.785469568057495,-0.09060721844434738
-0.0556983764780604,-0.059100113809108734
-25.4508968849616,10.785102844238281
-5.3185412482723295,-0.10356444865465164
9.1356503291117,-0.12188449501991272
4.020569536845237,1.323638916015625
-58.5527340809363,-0.9164083003997803
-6.291328737399075,-0.06225542724132538
4.187869588752649,-0.1376791000366211
8.922207576391518,-0.06274642795324326
22.7414116448382,-0.311107337474823
-44.6057608529879,-0.0522494912147522
-26.5129077898497,-0.0988057553768158
-2.13735826282737,-0.056048132479190826
-1.14890133483728,-0.08959931880235672
-15.2234416939723,-0.49887073040008545
0.369316059642221,-0.4800345003604889
-0.6884117876070912,0.23845583200454712
-5.8772631055401,-1.2534270286560059
3.6053774296538297,-4.36226749420166
5.07108724357905,-0.03851679712533951
1.292753014965791,0.12845376133918762
8.440986836263871,-0.1891624480485916
-3.43040335892423,-1.4944967031478882
0.7651079053562314,-2.8701882362365723
-37.13962469223695,-0.10357131063938141
-5.822632503482525,-1.1056727170944214
-6.879472048396067,-0.09532925486564636
2.11024229353816,-0.033590927720069885
-7.1526743450051855,1.0233129262924194
-1.122073026503361,-0.05807770788669586
0.3302260274555297,-0.00825183093547821
-1.178255647098801,-6.085287570953369
-2.99361591491145,-4.122546195983887
-18.1070051290659,-0.3907754421234131
-3.0332808194811403,-0.14426279067993164
2.6303171850506604,3.649087905883789
-9.72499716390718,-0.07782164216041565
0.2729453578388601,13.724044799804688
-21.4503408223732,-1.1060192584991455
-4.99755531471552,-0.01734866388142109
-18.0018409950579,0.15094822645187378
4.00031385473591,-0.04853210598230362
12.0378145652987,-0.2104509174823761
14.1235470599023,-1.7944823503494263
6.55729051148795,71.79524230957031
11.19992297656359,-0.17892947793006897
-7.81388191369781,-1.3174352645874023
-2.924593214648255,-1.1101865768432617
3.7667366885646025,3.5705995559692383
-6.68253431604433,4.135021209716797
0.7345204104922589,0.02094859629869461
-10.626155896203898,-0.02803990989923477
8.106852576346123,-0.16686740517616272
-58.24412469223692,-0.1051759198307991
1.4955767028094,-0.5962213277816772
-17.6906096863185,-0.093610480427742
-4.813871520282443,-0.17433464527130127
-11.8973420493851,-1.4913790225982666
-2.67676896274171,-0.038431353867053986
-3.9331393974605526,-2.0244016647338867
8.756217929094177,-0.007507234811782837
-29.2662792150344,-1.0729591846466064
1.7249239205326918,-0.12130706757307053
-6.686975812883663,0.13344886898994446
11.10272802991041,-1.21328866481781
-10.956818171714705,-0.841349720954895
-6.3500959185649,15.754119873046875
0.6681105368389735,2.047679901123047
-12.500029270357295,-13.329090118408203
-2.591242863373206,0.08299024403095245
5.954690473588823,-0.01188354566693306
-43.929359067237,-0.07804736495018005
-17.4841411730512,1.052966833114624
3.61441892535489,-0.09065992385149002
2.1112971208509976,0.48527324199676514
-41.8026500314277,-0.06989280879497528
7.028135642932115,-0.1599058359861374
8.463248256721428,-1.0753321647644043
-13.037072413777096,-0.08103828877210617
-1.6307504375632549,-5.474969863891602
-0.3284521577656807,-0.07384277880191803
0.4685622181175212,-0.06670854985713959
-5.316952415477393,-2.0174400806427
4.584421564331302,-0.6886934041976929
-20.3593816575191,-0.30216312408447266
3.67041582610247,-0.07889370620250702
2.204062447972561,-0.06744244694709778
-4.666937653128132,-0.9464013576507568
-12.3781694316975,-0.8279557228088379
7.06923762363823,-2.1439433097839355
-37.2883298194418,-0.4841073751449585
6.442434166934048,-0.22875867784023285
-12.2162083245621,0.25947874784469604
-20.3623076046531,0.12129826098680496
-5.45440876641342,-0.061055079102516174
3.1416241584890576,-3.865419387817383
-4.96580172718434,-0.04300433397293091
-37.4061766871973,-0.12181373685598373
6.46185690649625,-0.08190318197011948
0.5403453062071405,1.2006549835205078
8.656689402528613,-0.06288197636604309
12.331931266595111,-0.06375575810670853
2.75380173901167,-0.08048727363348007
-2.8447496930443927,2.0274269580841064
0.0285872237409883,-1.5211166143417358
-73.5286754265322,-0.07913487404584885
7.285509446842615,-0.05414261668920517
6.72046542688671,-0.2453070431947708
-6.19730890695259,-0.024099651724100113
-16.4599719883519,-47.64509963989258
-10.288292260688207,1.1807541847229004
-10.285920522724917,-0.04319117218255997
-30.8171784242839,0.2793044447898865
-4.65691689928222,-1.765073299407959
-37.1716279374795,-1.281787633895874
-36.50577458359941,-0.7307535409927368
0.7942566624333496,-0.3847779631614685
-34.8552692363716,-2.6560773849487305
-2.491707941339629,-0.08503967523574829
1.7387039934851498,-2.671462059020996
18.9715733525152,-0.2084195464849472
-13.8996269060666,-0.03615704923868179
4.17561229224804,-0.0672350823879242
4.7680640763497,-0.3109259605407715
-6.745372906074374,-2.0132832527160645
7.262818938793504,-1.0114350318908691
-55.7541546140486,-0.09837846457958221
8.453421074249384,-0.07222253829240799
-5.85807143580148,-0.11206173896789551
-52.7336020518746,-0.04037453606724739
-1.995826789875676,0.09126709401607513
-1.3326443092463092,-0.037954866886138916
5.029017096161708,-0.015337593853473663
-0.71117494174041,-0.05078712850809097
8.243548509216069,-3.174097776412964
5.81602235619721,-0.10439283400774002
5.978124919049687,-2.582749128341675
-2.8859593337581737,1.7981507778167725
-26.0047332498617,-0.10056458413600922
-1.5220929784942658,0.1099894642829895
-3.195242757261453,-0.2082260400056839
-15.0089303719363,-1.53824782371521
-1.757118944268968,-0.02981381118297577
-13.5091075877696,-1.8130366802215576
-4.0681667574955,-0.05266479402780533
4.43276114617859,-0.07012156397104263
-4.665207913971671,-0.045692138373851776
7.33919324558513,-0.06565139442682266
-11.69780882660921,0.15391965210437775
5.960801203295765,0.27279776334762573
-29.9162730471743,-0.07003844529390335
-5.331847529263395,-1.4958720207214355
4.2006804390709,-0.07418014109134674
4.76541245752904,-0.0494622066617012
5.87221574658101,-2.965468406677246
-12.955988512618,-0.11705631762742996
-14.4061745570978,0.019201017916202545
13.644333664082708,-0.12815316021442413
7.522446474796843,0.2217467725276947
2.858782897786812,-9.301403045654297
-49.8653288018085,-0.032608650624752045
-4.029904705212941,0.445464551448822
-6.2026319104393295,-1.3631922006607056
4.452168509343501,4.515260696411133
-16.475900892606802,3.606616258621216
-11.03094492075089,-0.07650484144687653
-8.08045020128908,1.4890683889389038
1.39259946716825,-0.20966757833957672
-14.885807229381896,-0.6085950136184692
-11.113180908425988,3.1967930793762207
5.506094216928792,-0.4030020236968994
5.29091659278858,-0.041484806686639786
3.42106467876526,-0.04766087979078293
5.162821279449693,-0.080568328499794
6.020551076354931,-20.442951202392578
0.8086942897832163,-3.113358736038208
-8.80546181278599,-0.16710291802883148
-7.42349600405968,-0.02915079891681671
-14.4731176558811,-0.019032292068004608
-35.5448186771701,0.049025923013687134
-1.657597602265355,-0.6252385377883911
-1.930224441335125,0.1779460310935974
-10.398648228661925,-0.06770015507936478
-1.6521884315998507,-0.07047170400619507
1.3131129859732091,-1.2280910015106201
-0.1240821746904601,-0.04468166083097458
-35.1709788883515,-0.5996841192245483
0.6771989561182002,0.10492738336324692
-5.8677981963370005,-0.06466298550367355
0.7982616963508231,-0.0478261336684227
2.595279020812243,-0.09790022671222687
6.9472187772133225,1.0240633487701416
-41.1395198834054,0.03888142108917236
-35.4604736838065,-0.6193238496780396
7.87379173269718,-0.0682227611541748
-8.72128086410909,-0.02315647155046463
-82.13826531723697,-0.1013559103012085
-9.70693692529289,-1.0442606210708618
-61.4386715672369,-4.418566823005676e-05
7.10938257895085,-0.16956743597984314
0.4007388327427847,-3.107276439666748
-0.7455370396145937,-6.115727424621582
1.674966057420845,-0.04266853630542755
11.877856996640997,-4.8424482345581055
-0.9096556467231308,-0.039451420307159424
-1.4680391508473674,-0.31494128704071045
15.6414782015599,0.022564522922039032
-10.35739215730591,-0.7778706550598145
1.926107182225645,-0.09420707076787949
6.99756701325662,-0.1456395983695984
3.54836143321337,-0.034405969083309174
-7.726553411266567,-0.02437567710876465
-48.51478094223695,-0.024469919502735138
-3.0453156276270903,-0.710864782333374
-3.454798154796729,-1.0617730617523193
9.503977484174175,0.07063010334968567
6.001532732018722,-0.054295286536216736
1.775572054007981,-1.8428723812103271
-2.6871577689602653,-2.248415470123291
-7.920344649869953,0.32019519805908203
2.578081311550471,-2.721137046813965
-14.434457477598505,-0.04732316732406616
-1.338045882914232,-0.01699378341436386
-44.1817825469333,-0.10906551033258438
2.4314234692194163,-10.991188049316406
-2.35314836228574,-3.392442226409912
-2.07036107592124,-0.0018564313650131226
-6.560167066336443,2.734102249145508
-2.54688332955635,-0.7001683712005615
-7.940842049461227,-0.022309429943561554
-7.789052707582185,-0.06926096975803375
-1.4295761119406232,-0.00572466105222702
7.206977941743588,-1.4259275197982788
-4.081394009803599,-2.963327646255493
-30.167243616457,-1.6334376335144043
11.7225687296843,0.35424649715423584
-0.8984319813221007,0.37446829676628113
10.349523074958825,0.27663660049438477
5.42147270471237,0.07692062854766846
-0.3136273830120112,-0.2257024645805359
4.398848813602776,-4.2979888916015625
2.099307195887115,-0.10811976343393326
-61.6890402284636,-0.5117976069450378
-7.08434802004719,-0.05940680205821991
0.6962467393230812,-0.3629855811595917
9.0758909366509,1.4223307371139526
-1.9263965715605047,-0.0448681004345417
-6.262949496708321,-2.945044994354248
-4.739766082030863,-3.127922296524048
-36.8822022827233,-0.07475360482931137
3.24770439300306,-0.023508504033088684
-2.289513933263135,-3.7759437561035156
1.41805545618482,-0.0028870515525341034
-24.4432878855492,-0.06920844316482544
-24.96156751119129,-1.3830106258392334
-7.734574598544068,-5.876554489135742
2.79124989437018,-0.07546130567789078
-5.17831154550348,0.012367993593215942
1.5275640312561216,-0.08974731713533401
3.682989905065457,-0.10268168151378632
-10.8237586662752,-0.038999855518341064
-6.929951553081727,0.8215041160583496
-27.96215708599589,-0.4702843129634857
-2.88087637063392,-0.7327335476875305
-5.960419628776203,-1.162842035293579
-37.189874708633695,-0.10118583589792252
1.1496085756031087,-0.08966585993766785
-12.7137936794919,-0.6386215090751648
8.398744223780918,-0.031342215836048126
-33.3004252633332,-0.03954000025987625
9.144089281431205,-4.630149841308594
4.065326821312747,-2.1541028022766113
-41.9047429025821,-0.6120800971984863
7.383552345763623,-0.25375667214393616
6.364261125349779,2.203174591064453
4.841793570156368,-0.09107945114374161
1.6198341998494314,-5.395209312438965
4.179707781567577,2.0905022621154785
-14.7229944429405,-7.123717308044434
7.078924552126015,0.1422734260559082
-12.898019313824,0.14115235209465027
-70.8116033690518,-0.06809903681278229
12.7359625054994,-0.0682503804564476
5.586124430090477,-0.08682921528816223
3.028467183462371,-0.0966854840517044
-5.830142578087577,-0.04326001554727554
-22.6841489367301,-0.09203464537858963
-1.51657819068512,0.019045591354370117
-81.52648016021857,-10.101680755615234
-3.36903782007548,1.0159459114074707
-18.707844022,-4.086457252502441
-34.48768519828235,-0.5563685894012451
-39.7169735486916,-0.13669107854366302
-1.593720937577549,0.14118020236492157
-23.2954444871652,-0.06886766850948334
-45.30258920076982,-0.3693828582763672
12.5056328567953,-0.09642194211483002
-11.9299972333177,-0.10454751551151276
-37.9495035857927,-6.555654048919678
0.7001962140772594,-0.0689658597111702
4.49418879319923,-4.71011209487915
-39.0646563811545,-0.023830294609069824
-9.09730633851708,-0.08045698702335358
-17.5589533745204,-0.5836573243141174
-4.92782811871599,-0.16302478313446045
-8.2299173561342,3.4399824142456055
2.60625970962018,-1.0556042194366455
2.726862934921635,3.033444881439209
4.071661498679735,-0.37610405683517456
-13.2494383747796,-0.07546798139810562
-11.9154244975033,0.1953231394290924
0.9090871567987184,-0.487511545419693
7.92708077877978,-0.18483027815818787
-3.119647295186995,-0.062322504818439484
-2.248378586620203,-0.05703867971897125
1.6646916021852596,1.0045008659362793
0.1590569364430157,-1.8373167514801025
-77.3623903172369,-0.05702459067106247
15.8859560938761,-0.2353697419166565
-3.11888044241469,-0.14524932205677032
-2.7468186065138984,-1.2585737705230713
2.77922195660905,-2.535128116607666
4.052279150357491,-0.06478619575500488
-4.03806373695381,0.016218945384025574
-2.4461467814868523,-2.3994038105010986
-0.1639564470097907,-3.084195613861084
0.8542168432631491,-0.03585410118103027
5.84905996845087,-0.062384530901908875
-5.77665564868809,-0.16037805378437042
-3.7008288999313423,-3.4011669158935547
-7.18713065449027,0.09821498394012451
-0.9529303605806088,-0.11917521059513092
-15.902118442879,-0.3403692841529846
-28.0636361890057,-1.5039862394332886
-26.912205886836706,-0.04123890772461891
8.596988309863011,0.4924786686897278
0.2877587512502297,-0.08294058591127396
3.3899996482015826,-0.06826430559158325
-20.5869014386951,-1.2834776639938354
-9.341800010912078,-2.009343147277832
0.1692077246922899,-0.1486833691596985
-1.857666460494741,-1.890499472618103
-13.2752747780792,-0.051842402666807175
0.7445982178878973,-1.5793921947479248
4.49646859469848,-1.5269498825073242
3.60913262992784,-0.09751524031162262
-5.653435188749545,3.2153167724609375
1.51502173443586,-0.008216209709644318
8.143116180793372,-0.06282278895378113
-8.36164856265281,-0.13572227954864502
-1.130678948105339,-0.1030176430940628
-4.349210006555943,-0.0176340714097023
0.2594141505344826,-1.3116683959960938
-32.1283374054069,-6.577433109283447
-1.9051378030600723,0.049788713455200195
4.768047800449637,-1.9214272499084473
2.264898495983479,-0.08793890476226807
-6.47138721063866,-12.516347885131836
4.93167956005568,-0.07597106695175171
2.4851768276660025,-1.9671907424926758
-3.930469946192945,-0.04454074800014496
11.923948375295712,0.039575934410095215
11.616605850275496,-0.05051369592547417
10.41580460128629,-0.11246325820684433
-8.700462669667385,-1.8439290523529053
13.1991243046288,-0.06844878941774368
-4.75101729862813,-0.1067969799041748
-1.4230966237807086,-2.347399950027466
-2.07861348348741,-0.13228565454483032
10.292368565007404,-1.3074172735214233
1.9007667723773176,-0.9714202880859375
17.1612744381531,-0.10960924625396729
-0.1428452494230792,-0.07679879665374756
2.4933992323843923,-0.10105084627866745
-13.861300672159,-0.24071179330348969
-1.7943154401891548,-2.507516384124756
-4.15624175439773,-1.5177533626556396
-14.277645616907492,-0.06215384602546692
2.713132201978397,-1.1242979764938354
-13.315456279797685,-0.08273054659366608
-5.36204355968609,-2.43186092376709
-1.4872271509121793,-0.09909901022911072
0.31232235517322,-0.15978682041168213
3.0307168501552093,-0.03368132561445236
3.4484762474106,-0.26048174500465393
-34.0729170807354,-0.17133231461048126
-25.0659802428987,-4.128142356872559
0.86771933446589,-4.024774551391602
-11.996919710325,-0.1852223426103592
17.2594267615487,-0.11990893632173538
-56.2560888739038,-0.1250074803829193
-12.7386491421071,-0.8433015942573547
-3.520787796436005,-1.5478153228759766
-0.8014467498558491,-0.6265214681625366
-34.7812340468876,-26.03546714782715
7.158235365631607,-1.7367078065872192
3.29681579894721,0.6729283332824707
0.046018285265003,1.5014160871505737
2.046344769010002,-0.8020110726356506
4.25403099118957,-2.5494892597198486
3.7804230286959792,-1.2912333011627197
-3.773219093074008,-0.0722941905260086
-9.722403045722997,-0.17064853012561798
2.81101468536903,-0.22941452264785767
-23.7494411406013,-0.7475228905677795
-75.56229656723696,-0.1015184074640274
4.366245372711767,-0.11411458253860474
9.94612085382829,0.13059735298156738
-8.207132148775708,-0.09199655055999756
-3.09775596823669,-3.092031955718994
3.77256113899207,-0.0998925194144249
0.2016574678685985,-0.17721325159072876
4.38808277416547,-1.8335047960281372
3.7092867134231,0.45389649271965027
1.6740112862957208,-14.172744750976562
-5.472376660417956,-0.09993669390678406
12.283123760680592,-0.1298164427280426
4.417989059347175,-0.08222845941781998
1.907333647224608,-0.029194187372922897
-3.73521146317182,-0.10453945398330688
7.837521570550837,-0.0931672751903534
4.82455755953161,-2.2842535972595215
-0.6472060937938101,-0.10891304910182953
-8.237956686764985,-0.07128273695707321
7.36579899286375,-2.804889440536499
7.859716520666763,-0.1587640345096588
2.765011277030255,-2.512071371078491
4.62415639298937,0.05941915512084961
6.430237727930085,-0.09040205180644989
2.44728958086436,-0.05659463629126549
-1.93656353174353,-0.17581437528133392
-33.7845903951132,-0.16098397970199585
10.960301672714698,-0.08900654315948486
6.147225205740463,-0.6273579597473145
2.4659746492236927,0.2036033570766449
18.2642273209106,-0.1801389455795288
7.656482330373112,0.10793174803256989
-63.2346715672369,-0.12621933221817017
-22.9610154952969,-0.3371816873550415
4.39789099231211,-0.10116781294345856
-46.587141393021525,-0.11792311817407608
-12.281506448986304,-0.6035512685775757
5.220668557811489,2.115504264831543
-1.4412632820262703,18.83761978149414
-35.163016426576704,-12.696771621704102
-31.380009974583203,-0.04160416126251221
-40.7258600860177,0.023884832859039307
-35.3994683825842,-0.19907861948013306
-10.968565079401992,-1.3193411827087402
15.384553292915324,-0.08440139889717102
-0.4271227388875901,-0.03535173088312149
-7.69948364751984,-1.4950790405273438
-26.6822467124322,-0.09040439128875732
-0.2823200449385875,-1.063717246055603
-3.8453528225106623,-0.17280006408691406
-2.4599041427842496,-0.15162596106529236
-12.7315114055493,-0.366413950920105
1.418014053180695,-1.6494874954223633
-3.4922781726655696,-1.6611953973770142
9.58062385928767,0.1131032183766365
-17.5801214502402,0.11624860763549805
-49.5120706514507,-0.05616605654358864
-0.4503474699443348,-2.522239923477173
2.332279780348585,-1.5079797506332397
-42.2483635713802,-0.0831223875284195
-5.00028834575103,-0.11472149193286896
-5.14141487663266,-0.0785813257098198
-19.923371510770203,-0.05261205509305
4.28301459624688,-2.239077568054199
0.3224388648416145,-0.08105196058750153
6.795393661635613,-2.252357006072998
6.720388221210122,-6.014402866363525
-20.7558388881914,-1.0285604000091553
-12.5922662394529,-0.12120789289474487
-5.19085420781142,-0.10064063221216202
-27.3858072066324,-0.07469675689935684
6.488490212037078,0.06378085166215897
-12.5233171201947,-0.12697240710258484
0.996650643215182,-0.07443984597921371
3.27144637329635,-0.09381671994924545
1.203208947199059,-0.19423802196979523
4.5031585012656095,-1.7467907667160034
-46.6686841099013,-0.07927065342664719
3.600655729290548,-0.1983470916748047
-2.7077151362496297,-3.4391579627990723
-42.936846127142296,-0.07339703291654587
2.679404112105611,-0.11335167288780212
-23.975827854410426,-0.11613598465919495
-24.4869919201538,-0.05045891925692558
-6.22433036882608,-0.058322980999946594
-24.992167376126925,-0.25972434878349304
-9.742168339465294,-1.6028616428375244
0.1235817830644999,-0.10605525970458984
-11.607028837624,-0.12447603791952133
5.321680837772678,3.3296854496002197
3.3452637215970498,-1.835893988609314
13.015759276594096,0.32663846015930176
-6.13466459150186,-1.6610560417175293
3.0897024917955025,-0.09751266241073608
3.557691046156,-0.07992595434188843
2.0008593011464906,-0.09231451153755188
-1.2671721747064446,-0.1673603653907776
-2.989164004622407,-0.12513774633407593
-2.43808381047612,-0.10594283789396286
-11.30813578108209,-0.4183931350708008
-9.619042312244815,-1.129002571105957
-4.01456885639382,-1.338111400604248
-4.853312003098937,-0.0900925025343895
2.78743688363977,-1.576082468032837
3.6035536346157695,-2.104975700378418
6.09033976794457,-0.12850657105445862
-5.89266438028177,-0.13343313336372375
4.780848076735348,-0.2509269118309021
-20.7592210135025,-0.08682878315448761
-3.637071869773312,-0.24290502071380615
-4.396710286499547,-0.05159597843885422
9.04709717330502,0.07960638403892517
1.69213972357191,1.1392223834991455
-27.068723822751306,-85.91966247558594
0.2886204877907422,-0.10574569553136826
-0.592182005541919,0.3737756013870239
-4.736229867816737,-0.008244030177593231
7.877641553655238,-0.13009119033813477
-2.588665914009158,-0.10756130516529083
4.72846919446815,-0.13166439533233643
3.42669038506664,1.218275785446167
-10.274169876330886,-0.7418670654296875
-1.289264920121349,-0.09677956998348236
-6.9648772325347394,-0.1782107949256897
-1.2236747050651609,-1.7072151899337769
-12.208208404490907,-0.07460137456655502
4.40921359309415,0.3692588806152344
16.4171583068458,-0.15689203143119812
-15.991582533821994,0.028005331754684448
7.809600001042748,-0.14248371124267578
-3.0331069492891496,0.28495168685913086
2.603164662477901,-0.23272037506103516
-24.2572199033326,-0.11804807931184769
13.667582002208905,-0.16436153650283813
8.19307228691883,-0.2597043514251709
0.4664503305112299,0.13450798392295837
-6.46133524603972,-1.074724555015564
-19.7520332208299,-0.13850447535514832
-7.75971004909346,2.8250017166137695
7.66334596528203,-0.11325351148843765
-27.64770126959135,-0.21730613708496094
2.125547882163602,-0.706540584564209
-1.8239337240231768,-0.14151009917259216
3.3696784995100426,0.2395014762878418
5.265272900492549,-0.1041858047246933
6.753311816554961,0.5713973045349121
0.9434331950199416,-1.399050235748291
2.13745295521649,4.735528469085693
2.76912169862866,0.013507569208741188
2.409764321136161,-0.02773377299308777
3.7606671418030695,-0.11912336945533752
0.555665600488549,-0.5785722732543945
-89.04756219223692,-1.5206677913665771
6.987950206462267,-0.12390852719545364
-10.09410467002709,-0.8508632183074951
8.16191414696451,1.0173184871673584
-10.731303688850904,-0.18588554859161377
7.588764503474316,-0.06963860243558884
-5.25293160621848,-0.06120780110359192
2.3065604778561424,0.5681117177009583
-3.8022266666193874,-0.33114486932754517
3.22816419080692,-0.08124294877052307
1.1941842843275,-0.10675465315580368
9.772192422094813,-0.007023625075817108
-2.489313079893845,-0.24556706845760345
-13.547300817594484,-0.10919469594955444
-1.5403494549472296,-0.1121990755200386
-5.139364658294922,-0.19718286395072937
-1.32131943338233,-83.6572265625
-0.5284321769112605,17.92732810974121
0.1119561526876595,-4.689298152923584
14.8508222506114,-0.12903080880641937
-0.0918051514147744,-0.06835725903511047
-1.7237618714553775,-0.11003261804580688
-1.5699354762224491,2.5296876430511475
1.5718362711845366,-0.07912425696849823
3.58036180553514,-1.5415489673614502
7.45084701577923,-0.6879695653915405
-7.378812419643663,-0.11504014581441879
-33.1832620874725,-0.08348438888788223
-6.066411004621831,-0.06292673945426941
-16.4910721624856,-0.9766173958778381
0.8267526169764301,-0.10266222059726715
-9.762453719841735,-0.057899829000234604
8.07102955700163,-0.17152294516563416
1.741670982094262,-0.13647815585136414
-0.0053525606393112,-1.4117522239685059
-51.4043293278057,-0.0484420508146286
14.9415296965116,-0.6999411582946777
8.70853787657841,-0.12910528481006622
-2.149900469098629,-0.06847985833883286
14.8229623836697,-0.10655428469181061
-0.0379657812584102,4.191964626312256
-15.3173389528898,-0.06498829275369644
-1.7663441991754285,-2.372971534729004
-6.708306328674888,-1.463735580444336
-78.7451798053926,-0.08641152828931808
-0.5413656534735456,-1.663405179977417
9.625121597198186,-0.10107038915157318
-3.15562863494722,-14.870950698852539
9.60447820177431,-0.2721725106239319
-3.31847606547329,-0.08116678148508072
-4.12581810820042,-0.10234083235263824
1.7706121017107803,-0.09816519916057587
0.5117341060036625,-0.10373184829950333
2.63157412115867,-0.15321987867355347
-4.763634360062484,-1.6709249019622803
-11.18181257464061,-0.1486641764640808
-39.4932668903457,-1.5956604480743408
9.206200380526292,0.46566733717918396
-2.93911844531118,-0.06288252025842667
-28.13472322157985,-0.29607969522476196
9.62907409316032,-4.002156734466553
-7.042636248773623,0.31529858708381653
-4.03025121975644,-0.1290510892868042
3.42951329804928,-0.031670957803726196
2.5565427438131976,-0.13417451083660126
2.8513084033656,-0.18919438123703003
-5.5623675139736175,-46.733768463134766
16.9968892380515,-0.14588698744773865
-4.144685584269085,-0.060823265463113785
-11.221818720505304,-0.11833344399929047
-2.111656589218961,-0.07234898209571838
-1.626797120535592,0.24606038630008698
0.7652624054000594,-2.5476391315460205
-21.5531296050118,-0.09513960778713226
-13.053772031257305,-0.6394321918487549
5.42509465390903,-0.10479491949081421
-5.5186956836840375,-0.5906190276145935
-2.260381023139061,0.05429419130086899
-30.3377383335249,-1.7007914781570435
7.380729755239978,-0.0822419822216034
-4.172986764275874,-0.06057196483016014
-1.2036514942358316,-0.059896744787693024
-35.2906329121599,-9.107942581176758
-2.54595208771381,-3.0805349349975586
-10.901275449743116,-0.11153937876224518
-17.0078420331655,-0.11194410175085068
-17.0314498829154,-2.286639451980591
-11.9784507557909,-0.026239871978759766
-19.469018973061075,-3.6898412704467773
-3.2142130797467816,-0.08031850308179855
-0.5663484394051013,0.6900241374969482
-21.2195468929047,-2.156698703765869
8.077984978184695,-0.09275361150503159
-17.0119321722455,-0.15058377385139465
4.67424026120176,-2.8254339694976807
-47.9875704511971,-0.054211169481277466
4.316615136301563,-0.05787143111228943
11.2728180991378,1.699744462966919
-3.5546157663424616,-0.07122255116701126
-3.15887949932979,-0.05672559142112732
-1.6422791314174887,-0.12434779107570648
-3.448025235667948,-0.10197144001722336
-13.5632540546311,-0.014300808310508728
0.8825935384285006,-0.04114902392029762
3.27100049685324,-0.0499207004904747
-0.7762273913233743,-0.018307112157344818
1.026942322157092,-0.058482035994529724
9.859104788483815,-0.08481678366661072
-1.9977872313530125,-0.36510416865348816
-13.1809903671301,-0.11597581207752228
-35.1782981083837,-0.07847918570041656
-35.8337806803641,-0.5478304624557495
-7.639409008216227,-0.12185351550579071
-15.746453943284,-0.05903279781341553
1.055995951979529,-0.0669214278459549
3.987299411465438,-1.3338936567306519
-37.0930621901092,-0.25488442182540894
16.694612728237402,-0.044622644782066345
-4.527979888097892,0.16997650265693665
14.6352674345898,-0.027693867683410645
5.034618319433818,-0.10108975321054459
-3.77133000272187,-2.22523832321167
-1.61504571199055,-0.11365604400634766
-56.3663437951974,-1.2008832693099976
10.088450856398616,-0.07316037267446518
-14.285610883283098,-0.1424458771944046
2.6210618799141923,-0.9197818040847778
-2.308732762121495,-1.7877066135406494
-83.9761260280997,-0.11589841544628143
-1.03656181464744,-2.342008590698242
10.16232173056559,0.7580702900886536
-3.12013961477547,-0.115690678358078
3.010752586641185,-1.9532023668289185
-1.5178355576616795,-0.2372792363166809
-2.60072537807549,0.3686171770095825
-2.367312137177082,2.745530128479004
6.075310726130807,-3.839226245880127
2.24572304437811,-24.271560668945312
0.2044267191685782,-0.14807146787643433
3.85944773684647,-0.1879059225320816
-14.409506408843407,-0.7817641496658325
-2.683955047842884,-1.5445151329040527
-0.0075038478591599,-0.06559046357870102
7.190050317883171,-0.15105080604553223
-2.1691769605730515,-0.10334829241037369
-7.910003358009165,-0.03552526235580444
-69.1366966634013,-0.1103866696357727
1.437241653553571,-0.14281940460205078
-20.7409218490905,-2.2088329792022705
3.78247800369874,-0.2505362629890442
7.909526276907584,-0.07805807888507843
6.097122298913325,-0.06816861778497696
24.5800902168924,-0.7183068990707397
-9.979741434164584,0.11784639954566956
3.1327986373042376,-0.0985223799943924
-8.393586343504198,-0.06357520818710327
8.678125432705007,3.2785568237304688
20.7428439693387,6.953374862670898
-1.511416195100045,-0.09145239740610123
-23.3725501337939,-0.10115848481655121
4.69437535963172,-0.12530186772346497
8.24149319055937,-48.90966033935547
-0.2898522089969393,-0.10997463762760162
-7.19378137939456,-2.1321732997894287
1.0271109700113177,-0.08962108939886093
-14.564555056626377,-2.1544041633605957
-9.657849716236,-0.07668095827102661
-0.7280966227290082,-9.894145965576172
-21.8962191024866,-0.5762407779693604
-40.2614734397264,-13.871292114257812
-1.77750068778882,-1.665715217590332
-28.3488859938485,-2.5131049156188965
-8.184373188662292,-0.06627045571804047
-6.135426654744688,-2.818898916244507
-3.270422191581055,0.22927197813987732
-6.055427015859325,-1.826721429824829
-34.3143130117107,-2.0680975914001465
-50.4820483838523,-0.08104508370161057
-4.639593570653838,0.027444779872894287
-21.0606958753072,-62.67721176147461
8.747205755218493,-0.1827070415019989
0.6884341878779402,2.541351318359375
0.300408103033295,-0.6986531019210815
-17.2817979072755,-1.5652257204055786
5.79128728304933,-3.490460157394409
3.7921116228684086,-0.05938319116830826
0.51700222845629,-1.6918989419937134
1.0966146270020711,-0.08214948326349258
-6.613686761665703,-0.06064419448375702
-39.873530292237,-0.45767325162887573
-35.0272315856836,-0.0629117488861084
0.2475632146873464,-0.13268399238586426
5.59963570142504,-0.05363583564758301
5.29419053806362,-0.1606786549091339
6.457932781589695,-0.11766975373029709
6.4251548431743295,-0.11303559690713882
-19.7885249955934,-0.7897607088088989
-2.4097304318056905,-0.0355503112077713
7.543407488617369,0.8820340633392334
1.83593808226401,-0.08333045989274979
-1.5082203021212124,-4.384903430938721
5.99108205682079,-0.08587868511676788
-18.1797235112709,-0.0364394374191761
-12.840088322870097,-0.08225726336240768
-2.23616712442702,-0.010441310703754425
-4.662511414401839,-0.06330273300409317
3.41802282280863,-0.1358424425125122
-12.0320822507053,-2.1535208225250244
-25.9801803981754,-19.293203353881836
-5.97419023328963,-5.036511421203613
15.4186986077963,-2.2253589630126953
4.480465220149085,-1.6890748739242554
-13.2363849677504,1.768641710281372
-9.362863686069195,-0.9380640983581543
4.128157012788561,-0.09777157008647919
2.26767773086615,-0.05970792472362518
-24.1634597090208,-0.1353662610054016
10.013204486477417,-0.36235785484313965
-31.934070451053,-0.13248522579669952
-22.9515728231767,14.927702903747559
-11.219410776078313,-19.0423641204834
6.00089213826483,-0.08567682653665543
-28.9638748432599,0.09459897875785828
3.11049964318654,-0.533822774887085
-1.073248118887358,-0.07050858438014984
-10.249148139079496,-10.472460746765137
-13.14009076535719,-0.006185799837112427
0.7364260970712593,-0.0924006998538971
-44.9949251983702,43.989463806152344
-5.159519294761907,-7.7081756591796875
1.869241020829697,-5.190629005432129
-55.54568697318505,-0.07914289832115173
0.3065104335081801,-4.9819416999816895
-10.386374558578522,-0.22820813953876495
-3.0345245902191325,-1.3556458950042725
-57.144820014625296,-0.17168445885181427
2.85060083445348,0.21533840894699097
2.446050707651698,-3.659121513366699
5.50221601830175,-0.08719778060913086
3.455876052191651,-0.09247715026140213
-14.6157572128631,-0.08138947933912277
-0.874105623616695,0.6477546691894531
-1.378759213278819,-0.15385356545448303
1.350733135180331,5.277018070220947
-1.94666134980912,-3.5389628410339355
-3.36735139960915,-0.0753684863448143
0.8319171014720902,-0.11993032693862915
-40.2101205720394,-0.338842511177063
-24.577379709126298,-0.06057652086019516
-18.6292132467089,-0.8149247765541077
-46.39510994896701,-10.237764358520508
-2.487076105276776,-2.62721586227417
-4.752960817423343,-2.8417911529541016
-0.1160299782726794,-15.089759826660156
-18.5277286275242,-16.968490600585938
-14.1325019191809,-0.11482644081115723
10.909208084253878,-0.3755607604980469
1.30779520720034,-2.443406105041504
-5.77436797253085,-5.057761192321777
3.986867952152618,-0.03776663541793823
-21.7936206120663,-0.06176076829433441
-2.643556292002,-3.4512462615966797
11.0853991753379,-0.17842933535575867
-12.9397422629832,-0.05954363942146301
-0.190891674386513,4.215685844421387
-6.32558602127377,-0.10790777206420898
5.391699208755202,-7.030964374542236
-8.998840630677615,-2.5942697525024414
-1.6005087696864486,-0.3571283221244812
7.5482379424635875,-0.08358227461576462
-7.642910278690365,-33.71974563598633
3.719171936095444,-8.598616600036621
-0.8981307679622897,69.13774871826172
7.06032809637297,5.872150421142578
-3.134999611446543,-5.044450759887695
-5.94174589421185,47.499061584472656
-17.7883076547542,-0.08385782688856125
-25.2381267145584,-0.06327592581510544
-27.5445722402187,-3.017867088317871
2.6678241356197647,-0.07691392302513123
5.02066543392875,38.89888000488281
-1.67197513843126,-0.10136455297470093
6.58117049992555,14.671774864196777
3.12612254618191,-0.10585900396108627
-2.1147225087047508,1.5529801845550537
-76.9668504799361,1.9116125106811523
10.11870938841209,-0.2586248219013214
4.755697845162629,-4.2055745124816895
16.5479703149859,-0.25890326499938965
4.001938538520379,-4.068981170654297
-14.1813773041305,-0.07937508076429367
0.7709161631446207,-5.677927494049072
-24.2508933717269,-0.5442292094230652
-22.3071231538392,-0.10064757615327835
7.2595381633228,-0.12187576293945312
11.555346181601609,-0.07955233007669449
-26.258782255785,-1.0836503505706787
10.3189652047012,67.86388397216797
0.809697096857583,-0.13011296093463898
-18.5255095356289,-0.07578833401203156
-1.0680791130593923,2.8946986198425293
-3.5390830989045075,-1.9865995645523071
10.468583156479704,-0.22658534348011017
-10.613183176373598,-3.414414167404175
-6.40442742836347,-0.7841135859489441
7.196532980977684,-0.065651535987854
-10.586292641023492,-0.09620498865842819
-26.79502671025515,-3.483182430267334
-7.187555808667961,-0.14861474931240082
5.4465900456679694,-0.12378964573144913
3.1988276731025875,-5.381867408752441
7.827394642815597,-0.13317616283893585
3.887422638441485,-0.11923086643218994
-3.41466344580097,-0.13074302673339844
2.667044757168528,-4.011291980743408
1.0590749185315824,-5.991055965423584
-3.9965921287470247,-1.0490854978561401
10.982614675109394,-0.1111866682767868
0.4076170529080399,-2.6034741401672363
2.71319811317338,-0.08900851756334305
8.652061852316729,4.981937408447266
-0.6579761516790089,-3.455352544784546
-51.6773231694491,-0.06680384278297424
-2.8325461302865187,-0.04753834009170532
2.12749125232924,-0.08198811113834381
3.562549470771905,-0.17628781497478485
-16.517773128145326,-0.05365998297929764
6.874655354673765,12.545425415039062
0.2047767843086013,0.10402482748031616
-2.698758931910008,-3.3914809226989746
1.8601156760560384,-0.11860112100839615
-22.2455703021075,-0.13441824913024902
2.4288820651169605,4.40594482421875
-16.8307740899425,0.04367636516690254
20.7191486697607,-0.3924133777618408
-30.7261055182573,-0.09121458232402802
-38.4849400567448,-0.06641057133674622
-14.3103126367969,-0.20029768347740173
0.7860328468455551,-0.11969900131225586
-48.3858044800915,-0.10036320239305496
-3.21662088766757,-0.08286193013191223
1.675245639565673,-0.10730444639921188
-90.3299705619704,-0.08937361091375351
-9.28527551691871,0.06272583454847336
-1.2293411329062325,-0.1582859456539154
-4.534682244798708,1.850142478942871
-68.1959205924323,-0.07426311075687408
-24.5242345195019,-2.2266504764556885
-2.77042962989298,-0.0936649963259697
3.8009101564042025,-0.19712874293327332
8.933703319425492,-0.09854333102703094
-11.341527235964405,-75.12677764892578
6.71098989067457,-0.10112323611974716
4.54734483862441,-0.11933549493551254
-5.16341129781556,-3.1211414337158203
-49.062306315025,-2.697660446166992
5.26551760771767,-3.024949789047241
3.33951124606136,-0.08321815729141235
5.006519903780723,-0.06092289090156555
4.05485944970297,2.9674882888793945
2.283405953189745,4.113574981689453
-2.66483863280114,-0.09387174248695374
12.566471603210276,-1.823072910308838
-27.9020155354992,-0.6299452781677246
8.88265541550952,-0.10455696284770966
0.1652887870268324,-0.11227266490459442
15.4985727759109,-0.10329920053482056
9.014890317831036,-0.11452686786651611
1.4803529144374856,-2.497171640396118
18.1939100849816,-0.38457775115966797
-2.6304973605131474,-0.10079067945480347
-5.493763326806099,-0.1158573180437088
-0.6715208179901364,-0.22285763919353485
-36.7383193130824,-8.398157119750977
5.062784719364307,-0.11604369431734085
-12.026803679110706,-0.14005549252033234
-3.01321716593974,-0.04485446587204933
8.35813394800668,-0.13875553011894226
-3.60075442831331,-0.04588460177183151
-9.509135784465323,-3.7977757453918457
-19.6175855102284,-3.1075801849365234
-27.8629509568953,-0.07848022878170013
1.74273211890989,-0.17939963936805725
-2.19578977406709,-3.8986332416534424
2.42002639701588,-3.862138509750366
-25.55316918036869,-0.8124890327453613
5.635020609606415,-0.10550730675458908
-34.727836669101,-0.6604300737380981
4.4516036428765,-0.33083194494247437
4.967381413305823,-4.067490100860596
-6.81516141534704,-0.09862226247787476
-24.3954295810688,-0.08783767372369766
8.658679095048068,-1.8942593336105347
3.7347243087796,-5.437010765075684
-12.909633143366396,-0.22227387130260468
-60.49569009623433,-0.08750227093696594
-3.790702882666694,-0.06677288562059402
-12.41068356063,-1.5798240900039673
2.76740193393285,-0.17517390847206116
-18.9061714872788,-0.05110552906990051
-3.681083449701528,-0.09559053182601929
8.13893448615947,-0.05302907153964043
-51.402683514636095,-0.14677712321281433
-3.0703466753296,-0.031346794217824936
0.4646043967887734,-0.9834895133972168
5.989492839405608,-0.04786011576652527
8.833837192566008,-0.28764915466308594
-26.1965705632023,-0.9435181617736816
0.0804428699766095,-6.334576606750488
10.229168329440906,-0.08386105298995972
2.12042655289975,-0.12794940173625946
3.88810032819938,-0.05419834330677986
-31.515616413872173,-0.674354076385498
2.28163515100639,-0.06344422698020935
-9.633163292669298,-1.9078587293624878
2.63206586722876,-0.09167938679456711
0.3189015990893598,-0.08809131383895874
-6.31868596379813,-0.26877665519714355
-6.4648984000359935,-0.1285211145877838
8.91646092056966,2.5791893005371094
-42.637521131086125,-0.4265860915184021
-89.5439156156453,-0.09057524800300598
9.179556151687803,-3.5844595432281494
8.754663680824095,8.350253105163574
0.8838679103249854,-6.888589859008789
4.338369925074482,-0.08336690068244934
-18.23432595343749,-0.06752033531665802
6.92534745147092,-0.04814436286687851
-1.768261666543676,-0.0827043429017067
-7.87226820943855,-0.08949726074934006
-12.0847368637308,-2.592682361602783
-4.4222229386498375,-0.10723885893821716
6.63109301847755,-0.08338416367769241
1.675381804264854,0.00016197562217712402
-6.897600670415837,-0.5917381048202515
-12.2774867069717,-2.4378087520599365
-3.963646539183849,-0.21321719884872437
-2.552277046947741,-0.1252376139163971
-10.78700495517378,-1.338138222694397
-6.426376983867103,-0.05822383612394333
8.2142562177934,-0.0952112078666687
-16.967828162594074,-5.506405353546143
6.07843040491799,-3.2424426078796387
3.08443697315444,-2.759072780609131
-1.3811964732242277,-1.5298652648925781
-4.51305804704249,-1.8965654373168945
-9.93375477053989,-0.12249814718961716
-0.6581754288220045,0.02230922132730484
-7.952166005584182,-1.9518442153930664
-13.563015982384195,-4.39280891418457
-47.9957157156951,-0.08092961460351944
4.96190002222477,-0.17495110630989075
-2.0240269290899,-0.12746214866638184
3.47166270740147,-0.23276740312576294
-5.2815921348029296,-0.12842264771461487
2.369358494612781,-1.6312835216522217
-4.214346026907057,-2.7807013988494873
-23.8934551543691,-0.6667441129684448
-1.0659561461183158,-2.4758222103118896
3.126169348435272,-1.8869738578796387
2.35164464781062,8.112430572509766
-1.79502295092813,-0.09503831714391708
-15.957982665262508,-0.4310874044895172
-64.65676531723692,-0.16823497414588928
-27.8195558011628,-0.11003916710615158
-10.480511156242285,-0.1592474728822708
-6.18357684414468,-0.051642321050167084
-6.75960002722117,-0.46459612250328064
4.4105627388370605,-2.2132184505462646
5.58846482112586,0.1141442209482193
-16.8483709423333,-1.4144747257232666
16.1850033157246,-0.2464379519224167
-3.34531377329845,-2.4727938175201416
5.893700156574014,1.5001235008239746
2.745769909533195,-0.48512327671051025
2.53362859007723,-0.12441051006317139
1.0880788430276551,4.0103912353515625
