Score,Pred Score
-13.812973987503693,-3.991786003112793
-14.6311710829416,-3.304126262664795
-15.020937907067507,-16.169466018676758
5.61896917638109,-3.349493980407715
0.1461877509898399,-3.2121787071228027
3.59745169898486,-4.874372482299805
-6.72144892291601,-2.9794416427612305
4.304204520484877,-5.9642181396484375
3.37898618824583,-3.3946590423583984
3.939818822274421,-5.233538627624512
13.9953943577381,-3.182689905166626
-5.39913759737588,-4.379073143005371
-2.204579993178592,-3.147404432296753
8.829561804598438,-3.267505168914795
6.01696699102072,-1.744497537612915
-6.376202369524528,-5.829754829406738
-6.50906463316165,-6.062872409820557
-60.92137282626391,-6.494905948638916
1.99934019108803,-0.7733254432678223
2.188685633501576,-3.228325605392456
4.07090957771029,-4.334995269775391
0.5211206139658471,-4.711833953857422
12.5580583918003,-4.112529754638672
3.320229681965675,-5.744528293609619
-0.4381862293696001,-3.2955567836761475
0.1752112379752922,-4.906764030456543
4.123908949931413,0.14352989196777344
-14.2382866820043,-3.073087453842163
12.966325580978296,0.5163766741752625
7.692941411907634,-2.539558172225952
-62.9031214125763,-3.055277109146118
-5.800670766453999,-3.7361562252044678
-11.705366535732304,-13.744161605834961
-4.786538605318405,-3.2138400077819824
-82.4887013651952,-3.2552490234375
-8.251107402184557,-3.276728630065918
1.61677665352485,-3.0184707641601562
-11.916211326129387,-3.3062448501586914
-45.634880019414,-3.347134590148926
-0.568998602339841,-3.3894965648651123
-12.147399114840605,-11.830672264099121
-27.4476544011683,-3.3531339168548584
-2.306526469902426,-3.0972790718078613
-0.4835459876036119,-4.36757755279541
-8.39479061793487,-10.369514465332031
-46.862925671502296,-3.2756290435791016
0.3837795244341289,-3.3058578968048096
7.184930267876617,-4.986804962158203
2.8348518495029404,-3.2240748405456543
-9.859535687586003,-5.3916215896606445
-6.00025755794808,-3.2279021739959717
-4.764629840066975,-6.772808074951172
-2.377061578670744,-3.2416324615478516
-2.0585753436264698,-3.3779337406158447
1.1848602197973823,-0.5092756748199463
4.97603191479674,-3.0850725173950195
4.27399441028646,-3.356072425842285
-46.2372447228831,-3.3081398010253906
-31.4759298257721,-6.688807487487793
-50.1674018945849,-3.2622673511505127
0.9601515747159592,-3.654756546020508
-11.864177458483407,-0.36069756746292114
-0.538262620928304,-3.2358973026275635
-0.6920482116816997,-2.6050782203674316
-1.5184696160120892,8.01669979095459
-3.0836644409391925,-3.1670775413513184
11.316750179392892,-3.151116132736206
-11.183106529127476,-3.9191770553588867
3.59102041590596,-1.576028823852539
4.55602013063716,1.188619613647461
11.579228393987275,-3.740057945251465
2.3067635611900137,-5.817251205444336
10.480393919522983,-3.0575942993164062
-2.698100773809443,-3.165860652923584
3.776985072333982,-6.319799900054932
-11.773766374328297,-9.652003288269043
8.681027307740193,0.9989595413208008
-1.1091988250418725,-3.080474376678467
4.484288991501213,-5.145293712615967
0.0548896546292299,-5.2716217041015625
0.1118559290339978,-3.191727638244629
3.9797293996962297,-3.17787766456604
-22.42608065327665,-3.0836400985717773
7.37064384347005,-5.699946403503418
-0.2642143205483515,-2.156752109527588
5.344594984386832,-6.998931884765625
-1.2497809936708242,-3.237358808517456
13.71198107208239,-3.147952079772949
0.5045482395984724,-4.739415168762207
2.86709961553106,-3.201059579849243
0.4423212163888063,-4.985671520233154
-3.724573545179619,-3.1663031578063965
0.2570808252882703,-4.978886604309082
-70.65073406723695,-3.1438164710998535
-33.9587360563784,-15.915935516357422
9.2088386022025,-3.5785226821899414
1.3318185914773402,-1.5628504753112793
-9.176001953270983,-3.2238223552703857
-10.497767159210698,-9.639934539794922
-0.4402086584014632,-6.683840751647949
2.1560784090827942,-2.511472225189209
-27.1636490162131,-3.2576465606689453
-0.670930828719279,-7.492150783538818
-22.794043146736,-3.1631407737731934
0.8105828534072201,-4.949889183044434
1.2287673509824204,-3.198455572128296
-0.6435038581465955,-4.357422828674316
8.474782023793379,-3.2720723152160645
-9.601847091024196,-6.570633888244629
-1.6610011043127195,-1.4579854011535645
-0.1091636509260827,-4.319316864013672
7.570838092245207,-3.2305874824523926
-7.211196994815285,-3.4702866077423096
9.090654061652296,-3.176278591156006
-26.6651088566214,-2.5700244903564453
-17.309192174305,-2.58605694770813
4.14054171285972,-3.1697161197662354
4.097668935846943,6.803635120391846
-0.29408409265346,-3.2011048793792725
-35.8165916579592,-3.1845862865448
10.898098675545494,-3.1460018157958984
-1.6552655274048038,-3.1781535148620605
1.6729502580778592,-15.403496742248535
-6.42491227706334,-13.37364673614502
-15.4752611754195,-2.903088331222534
-0.6907348474047925,-3.2671828269958496
-21.3629045873375,-3.196091651916504
4.219145585451182,-4.700868606567383
-3.019531285218114,-6.289079666137695
4.25311060075082,-3.147459030151367
-15.0412339008878,-11.628767013549805
-8.237627320974727,-3.2028567790985107
-1.0683487237199796,-6.478583335876465
-1.7174251595272625,-1.9119923114776611
4.069163600073605,-3.1821236610412598
-10.162041561092582,-3.1269352436065674
-5.97248436581227,-3.198261022567749
6.120538767403939,-3.276597261428833
-0.8028238008287005,-3.211071729660034
-23.6042929930625,-3.1253504753112793
-0.1777753404752198,-3.1060667037963867
-5.785469568057495,-3.0317893028259277
-0.0556983764780604,-3.1835811138153076
-25.4508968849616,-5.05793571472168
-5.3185412482723295,-3.008359909057617
9.1356503291117,-3.08624267578125
4.020569536845237,-4.111568927764893
-58.5527340809363,-3.418607234954834
-6.291328737399075,-3.091219902038574
4.187869588752649,-2.643024444580078
8.922207576391518,-3.2141919136047363
22.7414116448382,-3.986193895339966
-44.6057608529879,-3.145923137664795
-26.5129077898497,-3.2435240745544434
-2.13735826282737,-3.0565621852874756
-1.14890133483728,-3.121962785720825
-15.2234416939723,-2.8702521324157715
0.369316059642221,-4.484257221221924
-0.6884117876070912,-2.92618727684021
-5.8772631055401,-6.321418285369873
3.6053774296538297,-1.9960317611694336
5.07108724357905,-3.1402571201324463
1.292753014965791,-1.198639154434204
8.440986836263871,-1.812697172164917
-3.43040335892423,-6.211169242858887
0.7651079053562314,0.8429908752441406
-37.13962469223695,-3.2448525428771973
-5.822632503482525,-3.715550661087036
-6.879472048396067,-3.058309555053711
2.11024229353816,-1.4604051113128662
-7.1526743450051855,-15.915525436401367
-1.122073026503361,-2.2797436714172363
0.3302260274555297,-3.223316192626953
-1.178255647098801,3.9311676025390625
-2.99361591491145,-4.039156436920166
-18.1070051290659,-17.0132999420166
-3.0332808194811403,-2.985180139541626
2.6303171850506604,-5.505638122558594
-9.72499716390718,-3.197845935821533
0.2729453578388601,0.23045730590820312
-21.4503408223732,-9.452077865600586
-4.99755531471552,-3.1294376850128174
-18.0018409950579,-1.615838885307312
4.00031385473591,-3.149162530899048
12.0378145652987,-3.0597095489501953
14.1235470599023,-12.11442756652832
6.55729051148795,2.377880096435547
11.19992297656359,-3.4572503566741943
-7.81388191369781,-12.466259002685547
-2.924593214648255,-7.800534248352051
3.7667366885646025,-5.308060646057129
-6.68253431604433,-9.409248352050781
0.7345204104922589,-1.1279373168945312
-10.626155896203898,-3.1078507900238037
8.106852576346123,-3.186708927154541
-58.24412469223692,-3.095183849334717
1.4955767028094,-4.623998641967773
-17.6906096863185,-3.126448154449463
-4.813871520282443,-3.001086950302124
-11.8973420493851,-6.141632080078125
-2.67676896274171,-3.178537607192993
-3.9331393974605526,-6.141068458557129
8.756217929094177,-3.5659079551696777
-29.2662792150344,-7.432507514953613
1.7249239205326918,-3.028076410293579
-6.686975812883663,-4.432825088500977
11.10272802991041,-3.8726680278778076
-10.956818171714705,-12.77281379699707
-6.3500959185649,-2.7858734130859375
0.6681105368389735,-1.3813406229019165
-12.500029270357295,-33.25049591064453
-2.591242863373206,-2.062330722808838
5.954690473588823,-3.1074891090393066
-43.929359067237,-3.1781368255615234
-17.4841411730512,-15.225377082824707
3.61441892535489,-3.2447781562805176
2.1112971208509976,-3.110879421234131
-41.8026500314277,-3.2387804985046387
7.028135642932115,-3.1665096282958984
8.463248256721428,-5.737285614013672
-13.037072413777096,-3.1628055572509766
-1.6307504375632549,-4.302572250366211
-0.3284521577656807,-3.176842212677002
0.4685622181175212,-3.2552719116210938
-5.316952415477393,-5.023858547210693
4.584421564331302,-14.46212387084961
-20.3593816575191,-9.783127784729004
3.67041582610247,-3.233726739883423
2.204062447972561,-3.162263870239258
-4.666937653128132,-6.324039459228516
-12.3781694316975,-14.932355880737305
7.06923762363823,-6.28267765045166
-37.2883298194418,-13.611084938049316
6.442434166934048,-3.148014545440674
-12.2162083245621,-13.714203834533691
-20.3623076046531,-4.112391471862793
-5.45440876641342,-2.4915618896484375
3.1416241584890576,-6.795368671417236
-4.96580172718434,-3.1571948528289795
-37.4061766871973,-3.086791515350342
6.46185690649625,-3.139951705932617
0.5403453062071405,-2.0621109008789062
8.656689402528613,-3.103926420211792
12.331931266595111,-3.0077285766601562
2.75380173901167,-3.180065631866455
-2.8447496930443927,1.9520554542541504
0.0285872237409883,-5.766365051269531
-73.5286754265322,-3.239680767059326
7.285509446842615,-3.178252696990967
6.72046542688671,-3.1541101932525635
-6.19730890695259,-3.1192116737365723
-16.4599719883519,-19.029293060302734
-10.288292260688207,-2.6061785221099854
-10.285920522724917,-3.147536039352417
-30.8171784242839,-1.8079900741577148
-4.65691689928222,-6.387612342834473
-37.1716279374795,-12.816985130310059
-36.50577458359941,-3.135138988494873
0.7942566624333496,-5.1488776206970215
-34.8552692363716,-5.860250473022461
-2.491707941339629,-3.2384684085845947
1.7387039934851498,-0.28487396240234375
18.9715733525152,-3.1947877407073975
-13.8996269060666,-3.137268543243408
4.17561229224804,-2.982170343399048
4.7680640763497,-15.814508438110352
-6.745372906074374,-3.3691959381103516
7.262818938793504,-5.179945945739746
-55.7541546140486,-3.229750394821167
8.453421074249384,-3.1161231994628906
-5.85807143580148,-3.33174991607666
-52.7336020518746,-3.229560613632202
-1.995826789875676,-6.262693405151367
-1.3326443092463092,-3.2544214725494385
5.029017096161708,-3.2069244384765625
-0.71117494174041,-3.2283034324645996
8.243548509216069,-3.0629043579101562
5.81602235619721,-3.2900047302246094
5.978124919049687,-2.767444133758545
-2.8859593337581737,-0.328662633895874
-26.0047332498617,-3.224532127380371
-1.5220929784942658,-3.0245866775512695
-3.195242757261453,-3.1355948448181152
-15.0089303719363,-12.786371231079102
-1.757118944268968,-3.228888988494873
-13.5091075877696,-5.859353065490723
-4.0681667574955,-3.191197156906128
4.43276114617859,-3.23337459564209
-4.665207913971671,-3.205678939819336
7.33919324558513,-3.1770081520080566
-11.69780882660921,-2.893153429031372
5.960801203295765,-3.854238510131836
-29.9162730471743,-3.2795186042785645
-5.331847529263395,-6.165749549865723
4.2006804390709,-3.696956157684326
4.76541245752904,-3.065753698348999
5.87221574658101,-4.035095691680908
-12.955988512618,-3.330479621887207
-14.4061745570978,-3.1880013942718506
13.644333664082708,-4.380751609802246
7.522446474796843,-3.0110936164855957
2.858782897786812,0.2608070373535156
-49.8653288018085,-3.1962056159973145
-4.029904705212941,-3.3132998943328857
-6.2026319104393295,-5.697754859924316
4.452168509343501,-4.223095417022705
-16.475900892606802,-1.1023627519607544
-11.03094492075089,-3.2350924015045166
-8.08045020128908,-1.13083016872406
1.39259946716825,-3.0715503692626953
-14.885807229381896,-3.5790903568267822
-11.113180908425988,-13.494384765625
5.506094216928792,-3.151592493057251
5.29091659278858,-2.4532675743103027
3.42106467876526,-3.1504952907562256
5.162821279449693,-3.145419120788574
6.020551076354931,-6.859641075134277
0.8086942897832163,-5.109396934509277
-8.80546181278599,-3.1121246814727783
-7.42349600405968,-3.1043860912323
-14.4731176558811,-3.108696460723877
-35.5448186771701,-14.59386157989502
-1.657597602265355,-3.8211958408355713
-1.930224441335125,-2.971371650695801
-10.398648228661925,-3.1890878677368164
-1.6521884315998507,-2.460329055786133
1.3131129859732091,-4.869592666625977
-0.1240821746904601,-2.3467090129852295
-35.1709788883515,-16.78986167907715
0.6771989561182002,-3.5472888946533203
-5.8677981963370005,-3.2513632774353027
0.7982616963508231,-2.431513547897339
2.595279020812243,-3.2623839378356934
6.9472187772133225,-0.9672684073448181
-41.1395198834054,-14.66558837890625
-35.4604736838065,-16.73930549621582
7.87379173269718,-3.1103928089141846
-8.72128086410909,-3.127048969268799
-82.13826531723697,-3.266847610473633
-9.70693692529289,-7.293851852416992
-61.4386715672369,-3.235283851623535
7.10938257895085,-3.11812424659729
0.4007388327427847,-1.8763532638549805
-0.7455370396145937,1.594740867614746
1.674966057420845,-3.16184663772583
11.877856996640997,1.447951316833496
-0.9096556467231308,-3.139503002166748
-1.4680391508473674,-3.2788565158843994
15.6414782015599,-2.9338250160217285
-10.35739215730591,-2.7857370376586914
1.926107182225645,-2.6812877655029297
6.99756701325662,-3.362645387649536
3.54836143321337,-3.1013810634613037
-7.726553411266567,-3.1340878009796143
-48.51478094223695,-3.146866798400879
-3.0453156276270903,-6.1699957847595215
-3.454798154796729,-3.7790095806121826
9.503977484174175,-3.5298314094543457
6.001532732018722,-3.011082410812378
1.775572054007981,-6.357632637023926
-2.6871577689602653,-2.959562063217163
-7.920344649869953,-3.39829683303833
2.578081311550471,-5.627994537353516
-14.434457477598505,-3.2263641357421875
-1.338045882914232,-3.2200844287872314
-44.1817825469333,-3.3020074367523193
2.4314234692194163,-10.871786117553711
-2.35314836228574,-3.1511240005493164
-2.07036107592124,-3.2278518676757812
-6.560167066336443,-7.390581130981445
-2.54688332955635,-6.26068639755249
-7.940842049461227,-3.105552911758423
-7.789052707582185,-3.0888874530792236
-1.4295761119406232,-1.6895266771316528
7.206977941743588,-6.1386213302612305
-4.081394009803599,-5.545726776123047
-30.167243616457,-6.006255149841309
11.7225687296843,-2.6027450561523438
-0.8984319813221007,-0.592589259147644
10.349523074958825,-1.755722999572754
5.42147270471237,-2.992537021636963
-0.3136273830120112,-4.180971145629883
4.398848813602776,-3.067570209503174
2.099307195887115,-3.1860461235046387
-61.6890402284636,-6.130273342132568
-7.08434802004719,-3.1792755126953125
0.6962467393230812,-6.648858547210693
9.0758909366509,-0.9741511344909668
-1.9263965715605047,-3.3190345764160156
-6.262949496708321,-14.000089645385742
-4.739766082030863,-5.8943915367126465
-36.8822022827233,-3.2963643074035645
3.24770439300306,-2.374856472015381
-2.289513933263135,-5.33293342590332
1.41805545618482,-3.2514376640319824
-24.4432878855492,-3.286059856414795
-24.96156751119129,-6.388206481933594
-7.734574598544068,-18.788902282714844
2.79124989437018,-3.271855115890503
-5.17831154550348,-16.025590896606445
1.5275640312561216,-3.2218017578125
3.682989905065457,-3.337769031524658
-10.8237586662752,-3.1707093715667725
-6.929951553081727,-2.3315603733062744
-27.96215708599589,-16.206993103027344
-2.88087637063392,-5.0590362548828125
-5.960419628776203,-6.083971977233887
-37.189874708633695,-3.143355369567871
1.1496085756031087,-3.257723331451416
-12.7137936794919,-16.340673446655273
8.398744223780918,-3.3134608268737793
-33.3004252633332,-3.2057759761810303
9.144089281431205,-1.9924776554107666
4.065326821312747,-5.607546329498291
-41.9047429025821,-17.736059188842773
7.383552345763623,-4.737559795379639
6.364261125349779,0.8144879341125488
4.841793570156368,-3.355874538421631
1.6198341998494314,3.5237679481506348
4.179707781567577,-1.6354817152023315
-14.7229944429405,-5.460535049438477
7.078924552126015,-2.0866832733154297
-12.898019313824,-3.305368185043335
-70.8116033690518,-3.3375399112701416
12.7359625054994,-3.1088552474975586
5.586124430090477,-3.2009506225585938
3.028467183462371,-3.2095794677734375
-5.830142578087577,-3.2096314430236816
-22.6841489367301,-3.384042739868164
-1.51657819068512,-4.24312686920166
-81.52648016021857,-5.838777542114258
-3.36903782007548,-0.28820276260375977
-18.707844022,-20.948490142822266
-34.48768519828235,-3.2130672931671143
-39.7169735486916,-3.4393556118011475
-1.593720937577549,-3.6496710777282715
-23.2954444871652,-3.0197830200195312
-45.30258920076982,-16.90306282043457
12.5056328567953,-3.34375
-11.9299972333177,-3.1617727279663086
-37.9495035857927,2.199604034423828
0.7001962140772594,-3.2921528816223145
4.49418879319923,-4.787611961364746
-39.0646563811545,-3.2312231063842773
-9.09730633851708,-3.3042585849761963
-17.5589533745204,-17.014347076416016
-4.92782811871599,-3.1859283447265625
-8.2299173561342,-4.699712753295898
2.60625970962018,-3.62399959564209
2.726862934921635,-0.045981526374816895
4.071661498679735,-3.572213649749756
-13.2494383747796,-3.0866518020629883
-11.9154244975033,-3.2851204872131348
0.9090871567987184,-14.349956512451172
7.92708077877978,-3.2066588401794434
-3.119647295186995,-3.197913408279419
-2.248378586620203,-3.2032182216644287
1.6646916021852596,-4.496192932128906
0.1590569364430157,-5.67170524597168
-77.3623903172369,-3.2533724308013916
15.8859560938761,-3.4176478385925293
-3.11888044241469,-3.2708969116210938
-2.7468186065138984,-4.856241703033447
2.77922195660905,-6.2928385734558105
4.052279150357491,-3.0408036708831787
-4.03806373695381,-1.768768310546875
-2.4461467814868523,-5.203289985656738
-0.1639564470097907,-0.9511394500732422
0.8542168432631491,-4.3205060958862305
5.84905996845087,-3.2160632610321045
-5.77665564868809,-4.061923980712891
-3.7008288999313423,-4.711520195007324
-7.18713065449027,-3.6282875537872314
-0.9529303605806088,-3.1715025901794434
-15.902118442879,-14.683916091918945
-28.0636361890057,-13.782461166381836
-26.912205886836706,-3.299095630645752
8.596988309863011,-3.3178632259368896
0.2877587512502297,-3.3097164630889893
3.3899996482015826,-3.275071620941162
-20.5869014386951,-12.48145580291748
-9.341800010912078,-6.400035858154297
0.1692077246922899,-3.130740165710449
-1.857666460494741,-5.885173320770264
-13.2752747780792,-3.0448379516601562
0.7445982178878973,-3.603245973587036
4.49646859469848,-6.635647296905518
3.60913262992784,-2.288522720336914
-5.653435188749545,-5.835979461669922
1.51502173443586,-3.2493791580200195
8.143116180793372,-3.2296245098114014
-8.36164856265281,-2.746880531311035
-1.130678948105339,-3.2252719402313232
-4.349210006555943,-3.175102472305298
0.2594141505344826,-13.508207321166992
-32.1283374054069,-20.444000244140625
-1.9051378030600723,-4.956742286682129
4.768047800449637,-7.318055629730225
2.264898495983479,-3.291691541671753
-6.47138721063866,0.14400672912597656
4.93167956005568,-3.2272257804870605
2.4851768276660025,-5.963143348693848
-3.930469946192945,-3.292483329772949
11.923948375295712,-2.7123892307281494
11.616605850275496,-3.206894636154175
10.41580460128629,-3.2616124153137207
-8.700462669667385,-3.4345030784606934
13.1991243046288,-3.219978094100952
-4.75101729862813,-3.2869486808776855
-1.4230966237807086,0.08236503601074219
-2.07861348348741,-3.3429183959960938
10.292368565007404,-2.4931278228759766
1.9007667723773176,-5.726138114929199
17.1612744381531,-3.1621668338775635
-0.1428452494230792,-3.3041069507598877
2.4933992323843923,-3.2762675285339355
-13.861300672159,-3.1783242225646973
-1.7943154401891548,-2.070141315460205
-4.15624175439773,-13.239145278930664
-14.277645616907492,-3.2673962116241455
2.713132201978397,-4.5625410079956055
-13.315456279797685,-2.6754159927368164
-5.36204355968609,-6.078352928161621
-1.4872271509121793,-3.6458678245544434
0.31232235517322,-3.1509170532226562
3.0307168501552093,-3.3534131050109863
3.4484762474106,-3.174525499343872
-34.0729170807354,-3.2167441844940186
-25.0659802428987,-4.711740016937256
0.86771933446589,-4.919538497924805
-11.996919710325,-3.333163261413574
17.2594267615487,-3.194174289703369
-56.2560888739038,-3.3347113132476807
-12.7386491421071,-16.228078842163086
-3.520787796436005,-13.408912658691406
-0.8014467498558491,-15.461751937866211
-34.7812340468876,-39.35542297363281
7.158235365631607,-12.390535354614258
3.29681579894721,3.7378079891204834
0.046018285265003,-4.471639156341553
2.046344769010002,-3.1297178268432617
4.25403099118957,-7.318536758422852
3.7804230286959792,-13.54675579071045
-3.773219093074008,-3.1829211711883545
-9.722403045722997,-3.279308795928955
2.81101468536903,-4.826054573059082
-23.7494411406013,-16.347612380981445
-75.56229656723696,-3.182182788848877
4.366245372711767,-3.197114944458008
9.94612085382829,-4.506435871124268
-8.207132148775708,-3.3668882846832275
-3.09775596823669,-3.194295883178711
3.77256113899207,-3.2643940448760986
0.2016574678685985,-3.305305242538452
4.38808277416547,-6.663753986358643
3.7092867134231,-4.778138637542725
1.6740112862957208,-3.946746826171875
-5.472376660417956,-3.3105626106262207
12.283123760680592,-4.7605977058410645
4.417989059347175,-3.296848773956299
1.907333647224608,-3.297093629837036
-3.73521146317182,-3.132908821105957
7.837521570550837,-3.1487226486206055
4.82455755953161,-12.971004486083984
-0.6472060937938101,-3.2508230209350586
-8.237956686764985,-2.8879833221435547
7.36579899286375,-1.5742768049240112
7.859716520666763,-3.3281137943267822
2.765011277030255,-2.834077835083008
4.62415639298937,-2.073434829711914
6.430237727930085,-3.2451388835906982
2.44728958086436,-3.303546667098999
-1.93656353174353,-3.2420108318328857
-33.7845903951132,-2.6277270317077637
10.960301672714698,-3.0948474407196045
6.147225205740463,-3.626890182495117
2.4659746492236927,-3.205777883529663
18.2642273209106,-3.25158953666687
7.656482330373112,-2.8056325912475586
-63.2346715672369,-3.2477638721466064
-22.9610154952969,-5.2335591316223145
4.39789099231211,-3.2873799800872803
-46.587141393021525,-3.2365074157714844
-12.281506448986304,-3.5496625900268555
5.220668557811489,-3.3054282665252686
-1.4412632820262703,-6.824396133422852
-35.163016426576704,-19.81104850769043
-31.380009974583203,-13.400091171264648
-40.7258600860177,-3.8622162342071533
-35.3994683825842,-15.908121109008789
-10.968565079401992,-15.108189582824707
15.384553292915324,-3.2660131454467773
-0.4271227388875901,-3.083439350128174
-7.69948364751984,0.9567759037017822
-26.6822467124322,-3.3004374504089355
-0.2823200449385875,-6.0677571296691895
-3.8453528225106623,-15.559406280517578
-2.4599041427842496,-3.210538625717163
-12.7315114055493,-14.76106071472168
1.418014053180695,-4.572929382324219
-3.4922781726655696,-6.247457504272461
9.58062385928767,-1.8036161661148071
-17.5801214502402,-4.71247673034668
-49.5120706514507,-3.0753748416900635
-0.4503474699443348,-6.852609157562256
2.332279780348585,-6.09460973739624
-42.2483635713802,-3.178330421447754
-5.00028834575103,-3.0233891010284424
-5.14141487663266,-3.2110180854797363
-19.923371510770203,-1.420688271522522
4.28301459624688,-5.739107608795166
0.3224388648416145,-2.9423651695251465
6.795393661635613,0.050548553466796875
6.720388221210122,-2.452425479888916
-20.7558388881914,-5.919358730316162
-12.5922662394529,-14.73415470123291
-5.19085420781142,-3.2524542808532715
-27.3858072066324,-3.207444667816162
6.488490212037078,-4.336775302886963
-12.5233171201947,-2.98193097114563
0.996650643215182,-3.1374030113220215
3.27144637329635,-3.200599431991577
1.203208947199059,-3.277496814727783
4.5031585012656095,-2.6406211853027344
-46.6686841099013,-3.1760456562042236
3.600655729290548,2.110167980194092
-2.7077151362496297,-4.209038257598877
-42.936846127142296,-3.141559362411499
2.679404112105611,-3.199167490005493
-23.975827854410426,-3.28933048248291
-24.4869919201538,-3.241974353790283
-6.22433036882608,-3.2240164279937744
-24.992167376126925,-14.93636417388916
-9.742168339465294,-6.440831184387207
0.1235817830644999,-2.5088467597961426
-11.607028837624,-3.2239809036254883
5.321680837772678,4.60306453704834
3.3452637215970498,-5.823409557342529
13.015759276594096,-4.109591960906982
-6.13466459150186,-6.390753746032715
3.0897024917955025,-3.096972942352295
3.557691046156,-3.241582155227661
2.0008593011464906,-3.202357530593872
-1.2671721747064446,-3.21659255027771
-2.989164004622407,-3.2077765464782715
-2.43808381047612,-3.229665756225586
-11.30813578108209,-5.625887870788574
-9.619042312244815,-5.6086225509643555
-4.01456885639382,-6.446643352508545
-4.853312003098937,-3.1891860961914062
2.78743688363977,-4.420624256134033
3.6035536346157695,-4.3629255294799805
6.09033976794457,-3.0802364349365234
-5.89266438028177,-3.215956211090088
4.780848076735348,-3.5806944370269775
-20.7592210135025,-3.0576071739196777
-3.637071869773312,-15.854724884033203
-4.396710286499547,-3.24299693107605
9.04709717330502,-3.8570735454559326
1.69213972357191,-4.221729278564453
-27.068723822751306,-19.050941467285156
0.2886204877907422,-3.2710626125335693
-0.592182005541919,-2.703211545944214
-4.736229867816737,-3.221426248550415
7.877641553655238,-3.2824018001556396
-2.588665914009158,-3.1736109256744385
4.72846919446815,-14.89492130279541
3.42669038506664,-3.2964181900024414
-10.274169876330886,-6.553226470947266
-1.289264920121349,-3.0359554290771484
-6.9648772325347394,-3.5997297763824463
-1.2236747050651609,-4.97739315032959
-12.208208404490907,-3.2328805923461914
4.40921359309415,-2.590834140777588
16.4171583068458,-3.072514295578003
-15.991582533821994,-3.201449394226074
7.809600001042748,-3.1354048252105713
-3.0331069492891496,-3.1661813259124756
2.603164662477901,-3.2465431690216064
-24.2572199033326,-3.231722831726074
13.667582002208905,-3.1642911434173584
8.19307228691883,-14.56436538696289
0.4664503305112299,-4.189173221588135
-6.46133524603972,-5.188714027404785
-19.7520332208299,-3.1240224838256836
-7.75971004909346,-0.30299919843673706
7.66334596528203,-3.1634349822998047
-27.64770126959135,-13.392827033996582
2.125547882163602,-1.5316466093063354
-1.8239337240231768,-3.237488269805908
3.3696784995100426,3.8878917694091797
5.265272900492549,-3.1906886100769043
6.753311816554961,-6.453021049499512
0.9434331950199416,-5.684135437011719
2.13745295521649,1.8073439598083496
2.76912169862866,-3.1450648307800293
2.409764321136161,-3.0537362098693848
3.7606671418030695,-3.1655421257019043
0.555665600488549,0.33731532096862793
-89.04756219223692,-6.195633888244629
6.987950206462267,-3.160527467727661
-10.09410467002709,-6.531064987182617
8.16191414696451,5.135499477386475
-10.731303688850904,-15.228764533996582
7.588764503474316,-3.1644704341888428
-5.25293160621848,-2.5539677143096924
2.3065604778561424,-3.0823888778686523
-3.8022266666193874,-15.09858512878418
3.22816419080692,-3.2888870239257812
1.1941842843275,-3.1424427032470703
9.772192422094813,-4.204618453979492
-2.489313079893845,-3.111971139907837
-13.547300817594484,-3.269710063934326
-1.5403494549472296,-3.2919178009033203
-5.139364658294922,-3.1558361053466797
-1.32131943338233,7.2158203125
-0.5284321769112605,-1.3883848190307617
0.1119561526876595,-3.824718475341797
14.8508222506114,-3.0858004093170166
-0.0918051514147744,-3.1445541381835938
-1.7237618714553775,-3.148223876953125
-1.5699354762224491,1.366598129272461
1.5718362711845366,-3.2839393615722656
3.58036180553514,2.2627687454223633
7.45084701577923,-14.402106285095215
-7.378812419643663,-3.198355197906494
-33.1832620874725,-3.267674207687378
-6.066411004621831,-3.2395009994506836
-16.4910721624856,-6.528037071228027
0.8267526169764301,-3.2287046909332275
-9.762453719841735,-3.1526236534118652
8.07102955700163,-3.0610713958740234
1.741670982094262,-3.1500349044799805
-0.0053525606393112,0.8224067687988281
-51.4043293278057,-3.2878007888793945
14.9415296965116,-3.8957180976867676
8.70853787657841,-3.239086866378784
-2.149900469098629,-3.2074177265167236
14.8229623836697,-3.099900722503662
-0.0379657812584102,-1.619309663772583
-15.3173389528898,-3.145761489868164
-1.7663441991754285,-5.305968284606934
-6.708306328674888,3.2968006134033203
-78.7451798053926,-3.2342746257781982
-0.5413656534735456,1.0679397583007812
9.625121597198186,-3.132981777191162
-3.15562863494722,-2.4387102127075195
9.60447820177431,-5.398965835571289
-3.31847606547329,-3.153616428375244
-4.12581810820042,-3.256321907043457
1.7706121017107803,-3.204368829727173
0.5117341060036625,-3.1995186805725098
2.63157412115867,-3.165163278579712
-4.763634360062484,-5.357728004455566
-11.18181257464061,-3.245518207550049
-39.4932668903457,-5.9940080642700195
9.206200380526292,-3.3353335857391357
-2.93911844531118,-3.1975624561309814
-28.13472322157985,-16.632511138916016
9.62907409316032,-5.339603900909424
-7.042636248773623,-3.3108863830566406
-4.03025121975644,-3.005911350250244
3.42951329804928,-3.275527238845825
2.5565427438131976,-3.1757261753082275
2.8513084033656,-3.165104389190674
-5.5623675139736175,-15.236120223999023
16.9968892380515,-3.1045374870300293
-4.144685584269085,-3.218386173248291
-11.221818720505304,-3.402884006500244
-2.111656589218961,-6.460472106933594
-1.626797120535592,-1.0777454376220703
0.7652624054000594,-5.713728427886963
-21.5531296050118,-3.284846305847168
-13.053772031257305,-16.801645278930664
5.42509465390903,-3.271047830581665
-5.5186956836840375,-6.237114429473877
-2.260381023139061,-3.1134495735168457
-30.3377383335249,-4.970124244689941
7.380729755239978,-3.2997517585754395
-4.172986764275874,-3.293739080429077
-1.2036514942358316,-3.196380138397217
-35.2906329121599,-15.45240592956543
-2.54595208771381,-7.283759117126465
-10.901275449743116,-3.2844202518463135
-17.0078420331655,-3.2746593952178955
-17.0314498829154,-4.860879421234131
-11.9784507557909,-13.751932144165039
-19.469018973061075,-15.372668266296387
-3.2142130797467816,-3.2322139739990234
-0.5663484394051013,-2.1730446815490723
-21.2195468929047,-10.625609397888184
8.077984978184695,-3.2271080017089844
-17.0119321722455,-3.09843111038208
4.67424026120176,-4.357728481292725
-47.9875704511971,-3.082273244857788
4.316615136301563,-3.193009614944458
11.2728180991378,-3.438852310180664
-3.5546157663424616,-3.296281337738037
-3.15887949932979,-3.181297779083252
-1.6422791314174887,-3.2205517292022705
-3.448025235667948,-3.29030442237854
-13.5632540546311,-3.2048873901367188
0.8825935384285006,-3.0652873516082764
3.27100049685324,-1.388779640197754
-0.7762273913233743,-3.2744088172912598
1.026942322157092,-3.2246899604797363
9.859104788483815,-3.257317066192627
-1.9977872313530125,-5.210123062133789
-13.1809903671301,-3.13061261177063
-35.1782981083837,-3.1084606647491455
-35.8337806803641,-13.620019912719727
-7.639409008216227,-3.1492371559143066
-15.746453943284,-3.185366153717041
1.055995951979529,-3.2289600372314453
3.987299411465438,-2.9836463928222656
-37.0930621901092,-4.428727149963379
16.694612728237402,-3.287513256072998
-4.527979888097892,-2.9212491512298584
14.6352674345898,-2.9738473892211914
5.034618319433818,-3.334120750427246
-3.77133000272187,-0.8010272979736328
-1.61504571199055,-3.265805721282959
-56.3663437951974,-6.428789138793945
10.088450856398616,-3.2901690006256104
-14.285610883283098,-3.278636932373047
2.6210618799141923,-4.747440338134766
-2.308732762121495,-9.19394302368164
-83.9761260280997,-3.30159854888916
-1.03656181464744,-5.861801624298096
10.16232173056559,-3.1278936862945557
-3.12013961477547,-3.240158796310425
3.010752586641185,-5.177474021911621
-1.5178355576616795,-3.348869800567627
-2.60072537807549,-2.15104341506958
-2.367312137177082,5.113809585571289
6.075310726130807,-5.306353569030762
2.24572304437811,2.2472591400146484
0.2044267191685782,-3.249532461166382
3.85944773684647,-3.10520339012146
-14.409506408843407,-15.666807174682617
-2.683955047842884,-4.590343952178955
-0.0075038478591599,-3.1518051624298096
7.190050317883171,-3.1959431171417236
-2.1691769605730515,-3.261554479598999
-7.910003358009165,-3.335679531097412
-69.1366966634013,-3.2564873695373535
1.437241653553571,-15.263635635375977
-20.7409218490905,-11.750842094421387
3.78247800369874,-3.212769031524658
7.909526276907584,-3.2226743698120117
6.097122298913325,-3.214561939239502
24.5800902168924,-2.7013907432556152
-9.979741434164584,-3.615652084350586
3.1327986373042376,-1.808280110359192
-8.393586343504198,-3.218963146209717
8.678125432705007,-0.11580061912536621
20.7428439693387,-13.683571815490723
-1.511416195100045,-3.2787067890167236
-23.3725501337939,-3.2668275833129883
4.69437535963172,-3.310633659362793
8.24149319055937,-3.9488630294799805
-0.2898522089969393,-3.269245147705078
-7.19378137939456,-6.33100700378418
1.0271109700113177,-3.251116991043091
-14.564555056626377,-2.9421653747558594
-9.657849716236,-3.298664093017578
-0.7280966227290082,-1.20444655418396
-21.8962191024866,-14.086565017700195
-40.2614734397264,-35.72097396850586
-1.77750068778882,-5.759995937347412
-28.3488859938485,0.015962600708007812
-8.184373188662292,-3.217149019241333
-6.135426654744688,-3.835033416748047
-3.270422191581055,-15.686422348022461
-6.055427015859325,-5.6646294593811035
-34.3143130117107,-5.417736053466797
-50.4820483838523,-3.211420774459839
-4.639593570653838,-3.6445698738098145
-21.0606958753072,-33.2433967590332
8.747205755218493,-2.9919023513793945
0.6884341878779402,-0.8056889772415161
0.300408103033295,-6.064086437225342
-17.2817979072755,-5.880971431732178
5.79128728304933,0.4361705780029297
3.7921116228684086,-3.2572426795959473
0.51700222845629,-6.291950225830078
1.0966146270020711,-3.1793975830078125
-6.613686761665703,-3.191899538040161
-39.873530292237,-6.207396984100342
-35.0272315856836,-3.288055181503296
0.2475632146873464,-2.971313953399658
5.59963570142504,-3.24381685256958
5.29419053806362,-4.647223472595215
6.457932781589695,-3.250429153442383
6.4251548431743295,-3.3000426292419434
-19.7885249955934,-5.626040458679199
-2.4097304318056905,-3.1823623180389404
7.543407488617369,4.421832084655762
1.83593808226401,-2.974118709564209
-1.5082203021212124,-6.059196472167969
5.99108205682079,-3.2628867626190186
-18.1797235112709,-3.167205333709717
-12.840088322870097,-3.2351157665252686
-2.23616712442702,-1.4187893867492676
-4.662511414401839,-3.194605588912964
3.41802282280863,-3.294943332672119
-12.0320822507053,-6.542284965515137
-25.9801803981754,-21.182680130004883
-5.97419023328963,-5.1410627365112305
15.4186986077963,-5.353846549987793
4.480465220149085,-3.9457287788391113
-13.2363849677504,-3.327458381652832
-9.362863686069195,-15.142921447753906
4.128157012788561,-3.2034990787506104
2.26767773086615,-3.091648578643799
-24.1634597090208,-2.7137889862060547
10.013204486477417,-2.530393123626709
-31.934070451053,-3.059358835220337
-22.9515728231767,12.896659851074219
-11.219410776078313,-17.92293930053711
6.00089213826483,-3.125338315963745
-28.9638748432599,-3.2744226455688477
3.11049964318654,-4.64468240737915
-1.073248118887358,-3.2430038452148438
-10.249148139079496,-18.29241180419922
-13.14009076535719,-3.844825267791748
0.7364260970712593,-3.19980788230896
-44.9949251983702,-4.614224910736084
-5.159519294761907,-8.00722885131836
1.869241020829697,-3.6326651573181152
-55.54568697318505,-3.306725025177002
0.3065104335081801,-5.431451797485352
-10.386374558578522,-3.130080461502075
-3.0345245902191325,-4.970277786254883
-57.144820014625296,-3.3065133094787598
2.85060083445348,-3.228743553161621
2.446050707651698,-5.7818169593811035
5.50221601830175,-1.8611621856689453
3.455876052191651,-3.3010034561157227
-14.6157572128631,-3.272425651550293
-0.874105623616695,-0.12364798784255981
-1.378759213278819,-3.0186095237731934
1.350733135180331,0.46905994415283203
-1.94666134980912,-5.30952787399292
-3.36735139960915,-3.2569360733032227
0.8319171014720902,-3.329033374786377
-40.2101205720394,-3.3040452003479004
-24.577379709126298,-3.175394058227539
-18.6292132467089,-15.425765991210938
-46.39510994896701,-10.004961013793945
-2.487076105276776,-6.260390281677246
-4.752960817423343,-6.2300124168396
-0.1160299782726794,-8.504714965820312
-18.5277286275242,-10.524245262145996
-14.1325019191809,-3.2551310062408447
10.909208084253878,-4.249978065490723
1.30779520720034,-4.848942756652832
-5.77436797253085,-5.731290817260742
3.986867952152618,-3.179856300354004
-21.7936206120663,-3.1855790615081787
-2.643556292002,-6.233476638793945
11.0853991753379,-3.2909064292907715
-12.9397422629832,-15.641144752502441
-0.190891674386513,-0.9577169418334961
-6.32558602127377,-3.1599032878875732
5.391699208755202,-4.374512672424316
-8.998840630677615,-6.359580039978027
-1.6005087696864486,-3.1697614192962646
7.5482379424635875,-3.149951934814453
-7.642910278690365,13.470611572265625
3.719171936095444,-6.253325462341309
-0.8981307679622897,-4.645905494689941
7.06032809637297,-0.06818926334381104
-3.134999611446543,-5.828249454498291
-5.94174589421185,15.910065650939941
-17.7883076547542,-3.196475028991699
-25.2381267145584,-3.2526607513427734
-27.5445722402187,-6.725016117095947
2.6678241356197647,-2.959493637084961
5.02066543392875,-4.598634243011475
-1.67197513843126,-3.240870952606201
6.58117049992555,-3.981715679168701
3.12612254618191,-3.0398952960968018
-2.1147225087047508,4.464826583862305
-76.9668504799361,-4.061801433563232
10.11870938841209,-3.2272510528564453
4.755697845162629,5.647285461425781
16.5479703149859,-4.584395408630371
4.001938538520379,-10.605927467346191
-14.1813773041305,-3.2084646224975586
0.7709161631446207,-5.662185192108154
-24.2508933717269,-12.774446487426758
-22.3071231538392,-3.247725248336792
7.2595381633228,-3.0714964866638184
11.555346181601609,-3.0591819286346436
-26.258782255785,-16.97538948059082
10.3189652047012,-2.749131202697754
0.809697096857583,-2.4882712364196777
-18.5255095356289,-3.1703755855560303
-1.0680791130593923,-3.0472872257232666
-3.5390830989045075,-11.47475528717041
10.468583156479704,-3.6110970973968506
-10.613183176373598,-4.331487655639648
-6.40442742836347,-3.453781843185425
7.196532980977684,-3.171550750732422
-10.586292641023492,-3.1929774284362793
-26.79502671025515,-2.836668014526367
-7.187555808667961,-3.258634090423584
5.4465900456679694,-3.0845072269439697
3.1988276731025875,2.180196762084961
7.827394642815597,-4.539803981781006
3.887422638441485,-3.4294838905334473
-3.41466344580097,-3.208693504333496
2.667044757168528,-3.2845444679260254
1.0590749185315824,-6.5356316566467285
-3.9965921287470247,-2.978778123855591
10.982614675109394,-3.2121975421905518
0.4076170529080399,-6.296453475952148
2.71319811317338,-3.2687087059020996
8.652061852316729,6.266036510467529
-0.6579761516790089,-5.9413909912109375
-51.6773231694491,-3.0824713706970215
-2.8325461302865187,-2.912020206451416
2.12749125232924,-3.20226788520813
3.562549470771905,-3.2443981170654297
-16.517773128145326,-3.306399345397949
6.874655354673765,2.626675605773926
0.2047767843086013,-3.293807029724121
-2.698758931910008,-6.551346778869629
1.8601156760560384,-3.2623395919799805
-22.2455703021075,-3.321193218231201
2.4288820651169605,4.840927600860596
-16.8307740899425,-3.3163375854492188
20.7191486697607,-4.561392784118652
-30.7261055182573,-3.258314609527588
-38.4849400567448,-3.202728033065796
-14.3103126367969,-3.36043643951416
0.7860328468455551,-2.8536500930786133
-48.3858044800915,-3.278041124343872
-3.21662088766757,-3.236294746398926
1.675245639565673,-3.220594882965088
-90.3299705619704,-3.334977865219116
-9.28527551691871,-3.4048309326171875
-1.2293411329062325,-3.3765552043914795
-4.534682244798708,0.15102270245552063
-68.1959205924323,-3.222994804382324
-24.5242345195019,-5.976675987243652
-2.77042962989298,-3.2691426277160645
3.8009101564042025,-3.3606181144714355
8.933703319425492,-4.313781261444092
-11.341527235964405,-13.464347839355469
6.71098989067457,-3.131134033203125
4.54734483862441,-3.2306623458862305
-5.16341129781556,-15.792572021484375
-49.062306315025,-5.385017395019531
5.26551760771767,1.223358154296875
3.33951124606136,-3.189674139022827
5.006519903780723,-3.3451619148254395
4.05485944970297,-4.055729866027832
2.283405953189745,0.25275516510009766
-2.66483863280114,-3.3913462162017822
12.566471603210276,-3.7632534503936768
-27.9020155354992,-12.997225761413574
8.88265541550952,-3.2640748023986816
0.1652887870268324,-3.3147499561309814
15.4985727759109,-3.256181240081787
9.014890317831036,-3.307827949523926
1.4803529144374856,-6.352476119995117
18.1939100849816,-5.090517044067383
-2.6304973605131474,-3.2425429821014404
-5.493763326806099,-3.313791513442993
-0.6715208179901364,-2.7835729122161865
-36.7383193130824,-14.955556869506836
5.062784719364307,-3.274447202682495
-12.026803679110706,-3.1771347522735596
-3.01321716593974,-3.375566244125366
8.35813394800668,-3.111948013305664
-3.60075442831331,-3.216564178466797
-9.509135784465323,-4.5760579109191895
-19.6175855102284,-11.290295600891113
-27.8629509568953,-3.0042433738708496
1.74273211890989,-3.3873698711395264
-2.19578977406709,-7.988081932067871
2.42002639701588,-2.840226173400879
-25.55316918036869,-17.65082550048828
5.635020609606415,-3.319206714630127
-34.727836669101,-16.809795379638672
4.4516036428765,-3.2194418907165527
4.967381413305823,-5.358225345611572
-6.81516141534704,-3.2196731567382812
-24.3954295810688,-2.5000247955322266
8.658679095048068,-4.853997707366943
3.7347243087796,-3.1245784759521484
-12.909633143366396,-4.610033988952637
-60.49569009623433,-3.203005075454712
-3.790702882666694,-3.2439987659454346
-12.41068356063,-6.3907952308654785
2.76740193393285,-3.1835029125213623
-18.9061714872788,-3.171999454498291
-3.681083449701528,-3.2454118728637695
8.13893448615947,-3.2242839336395264
-51.402683514636095,-3.3062455654144287
-3.0703466753296,-3.156285524368286
0.4646043967887734,-6.575925827026367
5.989492839405608,-2.8526692390441895
8.833837192566008,-4.277827262878418
-26.1965705632023,-5.8308258056640625
0.0804428699766095,4.2575883865356445
10.229168329440906,-3.191103935241699
2.12042655289975,-3.19741153717041
3.88810032819938,-2.4889144897460938
-31.515616413872173,-15.244346618652344
2.28163515100639,-2.41611909866333
-9.633163292669298,-10.926817893981934
2.63206586722876,-3.1485466957092285
0.3189015990893598,-3.2860054969787598
-6.31868596379813,-4.012320518493652
-6.4648984000359935,-3.212972402572632
8.91646092056966,-3.0826258659362793
-42.637521131086125,-16.858118057250977
-89.5439156156453,-3.0469322204589844
9.179556151687803,-5.0002875328063965
8.754663680824095,7.243975639343262
0.8838679103249854,6.6355299949646
4.338369925074482,-3.126220703125
-18.23432595343749,-3.233616590499878
6.92534745147092,-3.252676010131836
-1.768261666543676,-3.2416629791259766
-7.87226820943855,-3.2336878776550293
-12.0847368637308,-7.73465633392334
-4.4222229386498375,-3.2940964698791504
6.63109301847755,-3.200427532196045
1.675381804264854,-2.241199493408203
-6.897600670415837,-6.034646987915039
-12.2774867069717,-4.628087043762207
-3.963646539183849,-3.263089179992676
-2.552277046947741,-3.242443084716797
-10.78700495517378,-5.519786834716797
-6.426376983867103,-3.2400403022766113
8.2142562177934,-3.272383689880371
-16.967828162594074,-11.565614700317383
6.07843040491799,4.032462120056152
3.08443697315444,-6.349817276000977
-1.3811964732242277,-6.149584770202637
-4.51305804704249,-6.6386003494262695
-9.93375477053989,-3.290476083755493
-0.6581754288220045,-4.341195106506348
-7.952166005584182,-11.539703369140625
-13.563015982384195,-14.4030122756958
-47.9957157156951,-3.264021873474121
4.96190002222477,-3.261202573776245
-2.0240269290899,-3.0554816722869873
3.47166270740147,-3.426386833190918
-5.2815921348029296,-3.0620906352996826
2.369358494612781,-3.468937635421753
-4.214346026907057,-13.004045486450195
-23.8934551543691,-5.991392135620117
-1.0659561461183158,-6.723453521728516
3.126169348435272,-17.57874298095703
2.35164464781062,6.097434043884277
-1.79502295092813,-3.197448253631592
-15.957982665262508,-16.043949127197266
-64.65676531723692,-3.3057003021240234
-27.8195558011628,-3.2159464359283447
-10.480511156242285,-3.351637363433838
-6.18357684414468,-3.0049986839294434
-6.75960002722117,-6.260077953338623
4.4105627388370605,-5.802023887634277
5.58846482112586,-3.607084274291992
-16.8483709423333,-5.912949085235596
16.1850033157246,-3.167363166809082
-3.34531377329845,-5.8418731689453125
5.893700156574014,9.369821548461914
2.745769909533195,-0.2794445753097534
2.53362859007723,-2.5377354621887207
1.0880788430276551,6.673966407775879
