Score,Pred Score
-13.812973987503693,-0.8538658618927002
-14.6311710829416,-2.908499240875244
-15.020937907067507,-9.994397163391113
5.61896917638109,-1.3823179006576538
0.1461877509898399,-1.0943872928619385
3.59745169898486,-1.6024959087371826
-6.72144892291601,-0.030773773789405823
4.304204520484877,-1.7010142803192139
3.37898618824583,-1.6072880029678345
3.939818822274421,-1.308073878288269
13.9953943577381,0.12511926889419556
-5.39913759737588,-2.793060779571533
-2.204579993178592,0.18979349732398987
8.829561804598438,0.11041775345802307
6.01696699102072,-0.5032106637954712
-6.376202369524528,-0.5863274335861206
-6.50906463316165,-7.379440784454346
-60.92137282626391,0.4403175711631775
1.99934019108803,0.11145389080047607
2.188685633501576,0.1262521743774414
4.07090957771029,-2.9599292278289795
0.5211206139658471,-3.0594959259033203
12.5580583918003,-0.7703241109848022
3.320229681965675,-2.190117359161377
-0.4381862293696001,-1.6153321266174316
0.1752112379752922,-0.3892793655395508
4.123908949931413,-0.17636525630950928
-14.2382866820043,0.07217028737068176
12.966325580978296,-1.7313058376312256
7.692941411907634,-0.03606520593166351
-62.9031214125763,-1.3986780643463135
-5.800670766453999,-8.23928451538086
-11.705366535732304,-0.7552046775817871
-4.786538605318405,-0.029978103935718536
-82.4887013651952,-2.911573648452759
-8.251107402184557,-2.4138872623443604
1.61677665352485,-11.60127067565918
-11.916211326129387,-2.846942901611328
-45.634880019414,-3.0230443477630615
-0.568998602339841,-3.845513343811035
-12.147399114840605,-11.884190559387207
-27.4476544011683,-2.6418983936309814
-2.306526469902426,0.16501200199127197
-0.4835459876036119,-4.376214981079102
-8.39479061793487,-7.538347244262695
-46.862925671502296,-2.9879093170166016
0.3837795244341289,0.004762738943099976
7.184930267876617,-2.5315182209014893
2.8348518495029404,-2.535543918609619
-9.859535687586003,-2.6359338760375977
-6.00025755794808,-0.8350030779838562
-4.764629840066975,-3.492521286010742
-2.377061578670744,-2.409353733062744
-2.0585753436264698,-1.9029302597045898
1.1848602197973823,-0.12468957901000977
4.97603191479674,0.17087265849113464
4.27399441028646,-2.049992322921753
-46.2372447228831,-3.002750873565674
-31.4759298257721,-6.908330917358398
-50.1674018945849,-2.729173183441162
0.9601515747159592,-3.7185544967651367
-11.864177458483407,-1.2440838813781738
-0.538262620928304,0.033000022172927856
-0.6920482116816997,-6.51973819732666
-1.5184696160120892,-0.17630204558372498
-3.0836644409391925,-0.8847611546516418
11.316750179392892,-0.37295863032341003
-11.183106529127476,-1.634968876838684
3.59102041590596,-0.7440084218978882
4.55602013063716,0.015280231833457947
11.579228393987275,-0.5009239912033081
2.3067635611900137,0.20711854100227356
10.480393919522983,0.07361428439617157
-2.698100773809443,-1.1707173585891724
3.776985072333982,-2.4872941970825195
-11.773766374328297,-6.389978885650635
8.681027307740193,-1.7219266891479492
-1.1091988250418725,-1.9133437871932983
4.484288991501213,-1.2516403198242188
0.0548896546292299,-0.9997986555099487
0.1118559290339978,-2.3750038146972656
3.9797293996962297,-0.0359930545091629
-22.42608065327665,-1.2723605632781982
7.37064384347005,0.12371155619621277
-0.2642143205483515,-5.425469398498535
5.344594984386832,-8.56302547454834
-1.2497809936708242,-1.7669086456298828
13.71198107208239,0.008545979857444763
0.5045482395984724,-16.109477996826172
2.86709961553106,-2.799234390258789
0.4423212163888063,-1.8601956367492676
-3.724573545179619,0.012096047401428223
0.2570808252882703,-3.0704288482666016
-70.65073406723695,-1.2999283075332642
-33.9587360563784,0.038364067673683167
9.2088386022025,-0.8249537348747253
1.3318185914773402,-0.6047250032424927
-9.176001953270983,-12.709266662597656
-10.497767159210698,-6.3475542068481445
-0.4402086584014632,-3.289440631866455
2.1560784090827942,0.20391742885112762
-27.1636490162131,-2.6845808029174805
-0.670930828719279,-8.301815032958984
-22.794043146736,-1.3742188215255737
0.8105828534072201,-0.6041571497917175
1.2287673509824204,-1.9366419315338135
-0.6435038581465955,-2.5216894149780273
8.474782023793379,-0.4061279296875
-9.601847091024196,-3.0816245079040527
-1.6610011043127195,-0.10856041312217712
-0.1091636509260827,-4.694450378417969
7.570838092245207,-2.207164764404297
-7.211196994815285,-6.054149627685547
9.090654061652296,-2.008803367614746
-26.6651088566214,-10.67873477935791
-17.309192174305,-0.5779770612716675
4.14054171285972,-2.614250659942627
4.097668935846943,-0.9766955375671387
-0.29408409265346,-2.0601799488067627
-35.8165916579592,-2.612459421157837
10.898098675545494,0.014614641666412354
-1.6552655274048038,0.044845134019851685
1.6729502580778592,-14.3155517578125
-6.42491227706334,-0.24627843499183655
-15.4752611754195,-9.129837036132812
-0.6907348474047925,-2.937598943710327
-21.3629045873375,30.430294036865234
4.219145585451182,-1.919419765472412
-3.019531285218114,-4.839753150939941
4.25311060075082,-2.5247702598571777
-15.0412339008878,-2.0996551513671875
-8.237627320974727,-2.6192352771759033
-1.0683487237199796,-3.3890066146850586
-1.7174251595272625,-6.193951606750488
4.069163600073605,-0.9804248809814453
-10.162041561092582,-2.5104968547821045
-5.97248436581227,-1.8650473356246948
6.120538767403939,-2.8248462677001953
-0.8028238008287005,-2.910033702850342
-23.6042929930625,-1.352700114250183
-0.1777753404752198,-0.049698829650878906
-5.785469568057495,-2.712932586669922
-0.0556983764780604,-2.687784433364868
-25.4508968849616,-2.1647980213165283
-5.3185412482723295,-2.7043399810791016
9.1356503291117,-0.025352388620376587
4.020569536845237,-1.3854056596755981
-58.5527340809363,-3.927550792694092
-6.291328737399075,-2.7757718563079834
4.187869588752649,0.03691384196281433
8.922207576391518,-0.8832863569259644
22.7414116448382,-0.766306459903717
-44.6057608529879,-2.685706377029419
-26.5129077898497,-8.22468376159668
-2.13735826282737,0.023433402180671692
-1.14890133483728,0.12112720310688019
-15.2234416939723,-0.029811009764671326
0.369316059642221,19.505897521972656
-0.6884117876070912,-1.9034738540649414
-5.8772631055401,-4.948490619659424
3.6053774296538297,-6.927778720855713
5.07108724357905,-2.2895078659057617
1.292753014965791,-0.42058974504470825
8.440986836263871,5.487942695617676
-3.43040335892423,-4.0887627601623535
0.7651079053562314,0.17942696809768677
-37.13962469223695,-2.96400785446167
-5.822632503482525,-5.843739986419678
-6.879472048396067,-5.510315895080566
2.11024229353816,0.053811848163604736
-7.1526743450051855,-5.874348163604736
-1.122073026503361,-5.554566383361816
0.3302260274555297,-2.0587239265441895
-1.178255647098801,-1.0171034336090088
-2.99361591491145,-2.4334707260131836
-18.1070051290659,-7.5807671546936035
-3.0332808194811403,-0.16050343215465546
2.6303171850506604,-0.661821722984314
-9.72499716390718,-2.0825138092041016
0.2729453578388601,-2.1573386192321777
-21.4503408223732,-2.9562666416168213
-4.99755531471552,-0.03385902941226959
-18.0018409950579,-2.967926025390625
4.00031385473591,-1.8959312438964844
12.0378145652987,0.06690087914466858
14.1235470599023,-0.7352447509765625
6.55729051148795,-1.1062157154083252
11.19992297656359,-0.35586684942245483
-7.81388191369781,-0.5778423547744751
-2.924593214648255,-1.3002585172653198
3.7667366885646025,-13.571497917175293
-6.68253431604433,-3.6403841972351074
0.7345204104922589,-1.1055755615234375
-10.626155896203898,0.08554621040821075
8.106852576346123,-0.1330098807811737
-58.24412469223692,-3.1364171504974365
1.4955767028094,-0.43326395750045776
-17.6906096863185,-3.079444408416748
-4.813871520282443,0.023467332124710083
-11.8973420493851,-2.4042623043060303
-2.67676896274171,-0.03587132692337036
-3.9331393974605526,-1.9612321853637695
8.756217929094177,-0.33293548226356506
-29.2662792150344,-2.847701072692871
1.7249239205326918,0.0871298611164093
-6.686975812883663,-6.374320983886719
11.10272802991041,-1.0153172016143799
-10.956818171714705,-2.7512426376342773
-6.3500959185649,-4.323751926422119
0.6681105368389735,-0.45595312118530273
-12.500029270357295,-5.016844272613525
-2.591242863373206,-2.7035279273986816
5.954690473588823,-3.0165047645568848
-43.929359067237,-3.152357578277588
-17.4841411730512,-8.901994705200195
3.61441892535489,-2.953896999359131
2.1112971208509976,-20.613887786865234
-41.8026500314277,-2.88631534576416
7.028135642932115,0.07113291323184967
8.463248256721428,-0.8901457786560059
-13.037072413777096,-8.301984786987305
-1.6307504375632549,-0.4304642081260681
-0.3284521577656807,-2.4109323024749756
0.4685622181175212,-0.8661727905273438
-5.316952415477393,-4.235842227935791
4.584421564331302,-0.1409679353237152
-20.3593816575191,-2.488057851791382
3.67041582610247,-2.9921553134918213
2.204062447972561,-2.6598024368286133
-4.666937653128132,-7.563035011291504
-12.3781694316975,-7.428512096405029
7.06923762363823,-2.4122064113616943
-37.2883298194418,-0.10183686017990112
6.442434166934048,0.0034809112548828125
-12.2162083245621,-7.852162837982178
-20.3623076046531,-4.7627153396606445
-5.45440876641342,-7.973976135253906
3.1416241584890576,-0.2916312515735626
-4.96580172718434,-0.8807605504989624
-37.4061766871973,-3.1696088314056396
6.46185690649625,-0.6654863357543945
0.5403453062071405,-2.0640463829040527
8.656689402528613,0.03812536597251892
12.331931266595111,0.0278225839138031
2.75380173901167,-2.975328207015991
-2.8447496930443927,-1.7610585689544678
0.0285872237409883,-4.112493991851807
-73.5286754265322,-3.38093900680542
7.285509446842615,-1.7783701419830322
6.72046542688671,-2.2744932174682617
-6.19730890695259,-0.05037754774093628
-16.4599719883519,42.12871551513672
-10.288292260688207,-1.280498743057251
-10.285920522724917,-0.7577300071716309
-30.8171784242839,-0.05964729189872742
-4.65691689928222,-2.602466583251953
-37.1716279374795,-0.26018914580345154
-36.50577458359941,-5.1046857833862305
0.7942566624333496,-1.089146614074707
-34.8552692363716,0.11587673425674438
-2.491707941339629,-0.888839066028595
1.7387039934851498,-0.6929933428764343
18.9715733525152,0.04170943796634674
-13.8996269060666,0.062134385108947754
4.17561229224804,-2.7292747497558594
4.7680640763497,-7.092682838439941
-6.745372906074374,-6.048166751861572
7.262818938793504,-3.2082178592681885
-55.7541546140486,-3.017524480819702
8.453421074249384,0.07125224173069
-5.85807143580148,-2.8947086334228516
-52.7336020518746,-3.0595004558563232
-1.995826789875676,-1.0046336650848389
-1.3326443092463092,-3.148125410079956
5.029017096161708,0.007668890058994293
-0.71117494174041,-2.633546829223633
8.243548509216069,-0.39116257429122925
5.81602235619721,-1.4156802892684937
5.978124919049687,0.26833659410476685
-2.8859593337581737,-1.4172630310058594
-26.0047332498617,-3.153984308242798
-1.5220929784942658,-11.439247131347656
-3.195242757261453,0.10628524422645569
-15.0089303719363,-7.480987548828125
-1.757118944268968,-2.73067569732666
-13.5091075877696,-3.362215995788574
-4.0681667574955,-1.8706825971603394
4.43276114617859,-2.8072991371154785
-4.665207913971671,-2.822195053100586
7.33919324558513,-2.0462241172790527
-11.69780882660921,-11.48674201965332
5.960801203295765,-0.2430860549211502
-29.9162730471743,-2.881187915802002
-5.331847529263395,-2.713580369949341
4.2006804390709,-0.10484941303730011
4.76541245752904,0.1291702687740326
5.87221574658101,-1.5662909746170044
-12.955988512618,-3.0385890007019043
-14.4061745570978,-9.672337532043457
13.644333664082708,0.08455105125904083
7.522446474796843,-3.7760419845581055
2.858782897786812,-2.3731064796447754
-49.8653288018085,-1.3289580345153809
-4.029904705212941,-2.4575343132019043
-6.2026319104393295,-8.367959022521973
4.452168509343501,-0.255854070186615
-16.475900892606802,-0.7691713571548462
-11.03094492075089,-2.8054120540618896
-8.08045020128908,-0.861962616443634
1.39259946716825,0.12538564205169678
-14.885807229381896,-5.11994743347168
-11.113180908425988,-23.299453735351562
5.506094216928792,-4.647996425628662
5.29091659278858,0.15604637563228607
3.42106467876526,-0.02023819088935852
5.162821279449693,0.07409772276878357
6.020551076354931,-0.6090707778930664
0.8086942897832163,-2.0372231006622314
-8.80546181278599,-9.517256736755371
-7.42349600405968,-0.05046874284744263
-14.4731176558811,0.12351201474666595
-35.5448186771701,-7.058557510375977
-1.657597602265355,-5.12188720703125
-1.930224441335125,-1.6980290412902832
-10.398648228661925,-3.1848886013031006
-1.6521884315998507,-4.940400123596191
1.3131129859732091,-1.984411358833313
-0.1240821746904601,-6.296874523162842
-35.1709788883515,-5.837916374206543
0.6771989561182002,-5.390766143798828
-5.8677981963370005,-3.005949020385742
0.7982616963508231,-5.454092502593994
2.595279020812243,-2.2212510108947754
6.9472187772133225,-1.5572009086608887
-41.1395198834054,-6.119890213012695
-35.4604736838065,-5.3923234939575195
7.87379173269718,0.17304953932762146
-8.72128086410909,-1.3337748050689697
-82.13826531723697,-0.917464554309845
-9.70693692529289,-8.282976150512695
-61.4386715672369,-3.2587015628814697
7.10938257895085,-0.37124061584472656
0.4007388327427847,-0.9471601247787476
-0.7455370396145937,-0.03379113972187042
1.674966057420845,-2.7227044105529785
11.877856996640997,-0.18150612711906433
-0.9096556467231308,-0.07752543687820435
-1.4680391508473674,-3.3329224586486816
15.6414782015599,6.495960235595703
-10.35739215730591,-0.1603490114212036
1.926107182225645,0.028469860553741455
6.99756701325662,-0.544394850730896
3.54836143321337,-2.9418506622314453
-7.726553411266567,-0.8059816360473633
-48.51478094223695,-1.3750638961791992
-3.0453156276270903,-8.927372932434082
-3.454798154796729,-6.670815467834473
9.503977484174175,-1.8520071506500244
6.001532732018722,0.03351423144340515
1.775572054007981,-4.308121681213379
-2.6871577689602653,0.03979767858982086
-7.920344649869953,-5.2441887855529785
2.578081311550471,-1.3765662908554077
-14.434457477598505,-2.9792778491973877
-1.338045882914232,-2.4512441158294678
-44.1817825469333,-3.3017702102661133
2.4314234692194163,-5.564338207244873
-2.35314836228574,0.02721688151359558
-2.07036107592124,-2.9727039337158203
-6.560167066336443,-14.500893592834473
-2.54688332955635,-1.2357770204544067
-7.940842049461227,-1.4509905576705933
-7.789052707582185,-0.008040264248847961
-1.4295761119406232,0.317207396030426
7.206977941743588,-1.8847723007202148
-4.081394009803599,-1.5755207538604736
-30.167243616457,-6.746567726135254
11.7225687296843,-0.5393886566162109
-0.8984319813221007,-1.2960586547851562
10.349523074958825,-0.03252434730529785
5.42147270471237,-0.16154101490974426
-0.3136273830120112,-5.454256057739258
4.398848813602776,0.057279571890830994
2.099307195887115,-0.04990231990814209
-61.6890402284636,-10.100826263427734
-7.08434802004719,-3.4076361656188965
0.6962467393230812,-5.165778160095215
9.0758909366509,-1.3023422956466675
-1.9263965715605047,-3.561744213104248
-6.262949496708321,-14.82827091217041
-4.739766082030863,-1.7878865003585815
-36.8822022827233,-3.7418549060821533
3.24770439300306,-4.2835893630981445
-2.289513933263135,0.0997353196144104
1.41805545618482,-0.00017001479864120483
-24.4432878855492,-3.5577635765075684
-24.96156751119129,-6.267618656158447
-7.734574598544068,-2.5108425617218018
2.79124989437018,-3.4155306816101074
-5.17831154550348,-10.534823417663574
1.5275640312561216,-0.06220895051956177
3.682989905065457,-0.9036039113998413
-10.8237586662752,-1.434184193611145
-6.929951553081727,33.277366638183594
-27.96215708599589,-9.680233001708984
-2.88087637063392,-2.1715755462646484
-5.960419628776203,-0.6131289601325989
-37.189874708633695,-3.7436916828155518
1.1496085756031087,-3.2824759483337402
-12.7137936794919,-8.691211700439453
8.398744223780918,-2.541112184524536
-33.3004252633332,-1.485714077949524
9.144089281431205,-0.6871957778930664
4.065326821312747,-3.1730120182037354
-41.9047429025821,-4.710648536682129
7.383552345763623,-5.756020545959473
6.364261125349779,-0.38998550176620483
4.841793570156368,-1.9539730548858643
1.6198341998494314,0.017791375517845154
4.179707781567577,-0.9112014770507812
-14.7229944429405,-6.097173690795898
7.078924552126015,8.779837608337402
-12.898019313824,2.1245341300964355
-70.8116033690518,-2.3052594661712646
12.7359625054994,0.10142480581998825
5.586124430090477,0.09744419157505035
3.028467183462371,0.027836427092552185
-5.830142578087577,-0.7708501815795898
-22.6841489367301,-2.388132333755493
-1.51657819068512,-5.233841419219971
-81.52648016021857,-1.2361822128295898
-3.36903782007548,-1.690147876739502
-18.707844022,-2.8150863647460938
-34.48768519828235,-6.293381214141846
-39.7169735486916,-2.169355869293213
-1.593720937577549,0.40843838453292847
-23.2954444871652,-11.522274017333984
-45.30258920076982,-5.4085283279418945
12.5056328567953,-2.0291500091552734
-11.9299972333177,0.14623311161994934
-37.9495035857927,-0.8606871962547302
0.7001962140772594,-3.471721887588501
4.49418879319923,-1.2166461944580078
-39.0646563811545,-3.794732093811035
-9.09730633851708,-2.453036308288574
-17.5589533745204,-4.5167741775512695
-4.92782811871599,-0.6827889680862427
-8.2299173561342,-5.7890825271606445
2.60625970962018,-1.4906550645828247
2.726862934921635,9.735179901123047
4.071661498679735,-8.431350708007812
-13.2494383747796,3.102177619934082
-11.9154244975033,-0.4959997832775116
0.9090871567987184,-6.763613700866699
7.92708077877978,-0.1813567727804184
-3.119647295186995,-2.144181728363037
-2.248378586620203,-1.040262222290039
1.6646916021852596,-3.9724953174591064
0.1590569364430157,0.06625192612409592
-77.3623903172369,-1.599017858505249
15.8859560938761,-0.2051202654838562
-3.11888044241469,-2.7784807682037354
-2.7468186065138984,-0.2925533056259155
2.77922195660905,-1.7486295700073242
4.052279150357491,4.163687229156494
-4.03806373695381,-4.554662227630615
-2.4461467814868523,-5.951032638549805
-0.1639564470097907,-0.6593514680862427
0.8542168432631491,-5.2631731033325195
5.84905996845087,-1.981587290763855
-5.77665564868809,-1.360025405883789
-3.7008288999313423,-2.504112482070923
-7.18713065449027,-4.498993873596191
-0.9529303605806088,0.05095185339450836
-15.902118442879,-6.629490852355957
-28.0636361890057,-0.7149996757507324
-26.912205886836706,-3.324777364730835
8.596988309863011,-0.17073167860507965
0.2877587512502297,-1.3362926244735718
3.3899996482015826,-2.906203508377075
-20.5869014386951,-9.804569244384766
-9.341800010912078,-6.355903148651123
0.1692077246922899,-0.5013256072998047
-1.857666460494741,-2.2636170387268066
-13.2752747780792,-1.5297541618347168
0.7445982178878973,-0.07849317789077759
4.49646859469848,-9.229141235351562
3.60913262992784,-2.9808473587036133
-5.653435188749545,-0.1170274019241333
1.51502173443586,-0.470913827419281
8.143116180793372,-2.8700244426727295
-8.36164856265281,-2.9982004165649414
-1.130678948105339,-2.6131274700164795
-4.349210006555943,-0.3636842668056488
0.2594141505344826,-6.484407424926758
-32.1283374054069,-17.640254974365234
-1.9051378030600723,-7.5228376388549805
4.768047800449637,0.07237178087234497
2.264898495983479,-1.4852458238601685
-6.47138721063866,-0.9459074139595032
4.93167956005568,-1.898400068283081
2.4851768276660025,-11.660724639892578
-3.930469946192945,-2.0883984565734863
11.923948375295712,-0.1618293672800064
11.616605850275496,-0.3586347699165344
10.41580460128629,-0.8672990798950195
-8.700462669667385,-9.825572967529297
13.1991243046288,-2.7074246406555176
-4.75101729862813,-0.36639469861984253
-1.4230966237807086,-1.7870914936065674
-2.07861348348741,-3.0654654502868652
10.292368565007404,-0.2609459459781647
1.9007667723773176,0.0920337662100792
17.1612744381531,0.011160820722579956
-0.1428452494230792,-2.6236422061920166
2.4933992323843923,-2.9515843391418457
-13.861300672159,-3.743962287902832
-1.7943154401891548,-0.19669750332832336
-4.15624175439773,-7.345184803009033
-14.277645616907492,-1.9527602195739746
2.713132201978397,-6.68110990524292
-13.315456279797685,-1.7038971185684204
-5.36204355968609,-0.4959914982318878
-1.4872271509121793,-0.14981037378311157
0.31232235517322,0.16485577821731567
3.0307168501552093,-2.2988290786743164
3.4484762474106,0.11045535653829575
-34.0729170807354,-3.1282849311828613
-25.0659802428987,-0.8394525647163391
0.86771933446589,-2.1795146465301514
-11.996919710325,-2.297943115234375
17.2594267615487,0.12711261212825775
-56.2560888739038,-3.127340316772461
-12.7386491421071,-7.585587501525879
-3.520787796436005,-7.467911243438721
-0.8014467498558491,-8.07872200012207
-34.7812340468876,-0.6039304733276367
7.158235365631607,-7.606963157653809
3.29681579894721,-3.9980828762054443
0.046018285265003,-6.122084617614746
2.046344769010002,0.3147916793823242
4.25403099118957,-0.38329017162323
3.7804230286959792,-2.604865074157715
-3.773219093074008,-1.3655662536621094
-9.722403045722997,-1.1956268548965454
2.81101468536903,-6.494002819061279
-23.7494411406013,-8.700544357299805
-75.56229656723696,-3.143197536468506
4.366245372711767,0.12491688132286072
9.94612085382829,-0.20682446658611298
-8.207132148775708,-3.183450222015381
-3.09775596823669,-0.5965355634689331
3.77256113899207,-2.681128978729248
0.2016574678685985,-2.472719669342041
4.38808277416547,-7.657230377197266
3.7092867134231,-3.4545865058898926
1.6740112862957208,-1.5780365467071533
-5.472376660417956,-3.176443576812744
12.283123760680592,-1.0126043558120728
4.417989059347175,-2.588027000427246
1.907333647224608,-2.185178756713867
-3.73521146317182,1.9525995254516602
7.837521570550837,0.4115052819252014
4.82455755953161,-7.12901496887207
-0.6472060937938101,-2.7895352840423584
-8.237956686764985,-16.721237182617188
7.36579899286375,0.07187862694263458
7.859716520666763,-2.89349365234375
2.765011277030255,-0.5209479331970215
4.62415639298937,-0.8636237382888794
6.430237727930085,-0.9110873341560364
2.44728958086436,-0.9314597845077515
-1.93656353174353,-0.29943424463272095
-33.7845903951132,-3.1456778049468994
10.960301672714698,0.1740541160106659
6.147225205740463,-4.014430999755859
2.4659746492236927,-0.11963053047657013
18.2642273209106,-1.965982437133789
7.656482330373112,-1.002856731414795
-63.2346715672369,-1.600231647491455
-22.9610154952969,-6.705634117126465
4.39789099231211,-2.994778633117676
-46.587141393021525,-3.086639881134033
-12.281506448986304,-0.4502490162849426
5.220668557811489,-4.074460983276367
-1.4412632820262703,3.1692709922790527
-35.163016426576704,-7.655970096588135
-31.380009974583203,-5.634263038635254
-2.6184282494780104,-0.6258038282394409
-37.3999740396079,-6.635910987854004
-10.594900847222812,-7.652642250061035
-23.227454082363305,-2.8132452964782715
-15.4814292943448,-5.9701972007751465
-6.89310310865277,-2.931745767593384
-11.7962452523223,2.439851760864258
-0.3887710448227697,0.5415310859680176
-4.0896099478500325,-0.8483395576477051
-42.6579269422049,-1.4127781391143799
-2.095241650043551,-0.004503458738327026
8.45389840526827,-1.0832934379577637
-15.5157954828953,-15.751825332641602
-1.9802660997523944,0.043418437242507935
1.8368511005450223,-5.325051784515381
2.11900133622217,-0.43979018926620483
-38.4962238749225,-6.987107753753662
0.8069046214032297,-2.1835989952087402
-1.73607437190069,-4.232835292816162
-8.46093254820262,-0.09817707538604736
-0.0780407432645869,-1.5247634649276733
5.009535132419683,-2.2333457469940186
-74.9399761386801,-3.004316806793213
2.806732553915905,3.0917186737060547
-10.415057364934407,-0.012092411518096924
-4.81834176383161,-1.6692537069320679
-1.4920816076829602,-2.3356926441192627
-0.003939288658445,-0.14545215666294098
5.86288473591452,-2.716850757598877
0.4443344011282492,-2.7473134994506836
5.72263802046558,-0.9942498207092285
5.46583466116103,-8.46649169921875
5.05355462238675,-0.20662933588027954
-17.190033530139498,-0.9841383695602417
-10.1192188918475,-2.86617374420166
-10.539071528779305,-2.5299038887023926
0.2492257167476033,-1.0518611669540405
5.35198813185094,0.1212959885597229
14.9823899147147,-1.4073314666748047
1.7336328627834918,-0.12588444352149963
3.2582764286422226,-0.3841868042945862
1.1615369027166365,-0.008433371782302856
-42.4099588259267,-26.867935180664062
-38.7823663998969,-1.5714335441589355
7.99575647038201,-4.988117218017578
11.644495901203598,-0.6438193321228027
-39.0956747424042,-0.8706727027893066
-38.6438610292767,-7.464219093322754
-40.5029244010595,-3.077840566635132
-22.8644313188967,-0.825495719909668
-0.897066728281827,0.298003226518631
-17.6830733389949,-2.3719866275787354
-0.0084306638066775,-3.3933544158935547
0.5394390329931549,-0.2090291976928711
-21.61387508166409,-3.525125026702881
5.053393098685065,-0.6920434236526489
-15.7834934865799,-6.5445356369018555
-58.40351531723695,-3.4630863666534424
8.86280218600469,-0.04619826376438141
1.888243484494037,-2.7756664752960205
8.99923705482913,-0.1489567756652832
4.133325903305868,-1.6423993110656738
4.774357664359128,-0.007339663803577423
7.418770080750715,-3.8659873008728027
-2.25262466719878,-0.6947965025901794
-7.071587649042333,0.3745894432067871
4.398742241377427,-0.9801193475723267
-8.692928400841772,-2.0137295722961426
2.334382802629,-1.9393365383148193
2.8274240704709,-3.966388702392578
2.1747311895065486,-0.7225323915481567
-11.9965988914421,-1.8158295154571533
2.776867734737273,-0.17363086342811584
-12.4595255596924,-0.4336734116077423
18.5317724911246,0.12509000301361084
6.86106163750481,-1.2508580684661865
-19.1693792779686,0.0353861004114151
-4.20883890972707,-0.757209062576294
-0.3530077955256401,-3.502797842025757
-1.6020246929696491,-3.488532543182373
-7.57557880794988,-9.32684326171875
13.9692836454661,-1.187591552734375
1.289294757415069,-3.1508026123046875
-20.3746494688195,-3.354724407196045
-8.044482691931467,-3.192473888397217
2.51340467963473,-9.894041061401367
11.0282847349576,-0.14420457184314728
-1.3944922949507652,0.2354838252067566
-26.2706781913698,-26.362930297851562
-71.7765711158932,-3.459395170211792
-44.2857422252861,-13.940932273864746
-3.057699221935841,0.062040068209171295
10.116767222520318,-1.2100043296813965
-46.9980356488569,-2.1765637397766113
-8.677497573270493,-6.734766006469727
-25.781275563237,-2.3778133392333984
-2.941164138388841,-0.7479854822158813
-26.5692742661385,-7.416328430175781
1.2555345380058751,-6.0967183113098145
-0.810306898238276,-2.7691562175750732
0.2404076931068699,-8.298105239868164
-2.5590885431480426,-2.419151544570923
-11.9846830308257,-8.635164260864258
-5.775806690181939,-3.0210790634155273
1.9806048133258944,-8.58614730834961
16.618750626525,-0.09467603266239166
8.204494762209066,-2.082288980484009
6.80321923705408,-0.40138283371925354
11.710679650337616,-9.06746768951416
3.181253849239128,-0.587416410446167
0.90894434552881,-0.07855507731437683
3.547124544521316,-8.763568878173828
-2.202886656443709,-5.996321678161621
-11.133669865203094,-9.225912094116211
9.328533024448705,-0.6038841009140015
-0.7012610501602399,-3.2719836235046387
-0.3170472839931941,-3.4519264698028564
-2.3458288386735573,-1.3273545503616333
-26.1191329979098,-15.620058059692383
-2.33292598982445,-0.5602143406867981
2.461922216333884,0.07454940676689148
3.73205068567752,0.10712984204292297
-22.4462583852743,-4.479465007781982
16.899113604615202,-1.5305842161178589
-2.85382252753121,-3.219224452972412
1.2705701336207027,0.15205484628677368
7.960789166364423,0.23245903849601746
2.71808902854303,0.19451582431793213
5.5273920092716775,-3.5854411125183105
-4.11149235653684,-7.8457746505737305
-20.9676231329802,-0.8538516759872437
-0.89184437235696,0.2502908706665039
-1.2816619609782416,-6.352101802825928
4.85634828411675,-0.23947037756443024
6.429854346358795,0.13635574281215668
4.71112087372323,-2.1675217151641846
-30.7199022255615,-9.9535493850708
-3.8590388668775,-0.9539783000946045
-10.6557437737239,0.09351818263530731
-13.4460672849668,-5.225478649139404
-5.527709296795018,-3.258972644805908
-1.876637029070265,-3.5985236167907715
10.2532613363299,0.5770938992500305
3.00680128293027,-1.5390008687973022
19.33685959748449,0.048173412680625916
-0.1058882282985149,-2.6045684814453125
14.3436638764016,-0.15351583063602448
-16.1535771788668,-7.7948994636535645
0.9480162028997956,0.0649745836853981
-18.5891767455387,-3.1975784301757812
13.309934514349203,0.1647827923297882
6.02246857213521,-1.3450981378555298
5.16750826555368,-1.5967354774475098
-1.0190872666435924,14.275794982910156
-19.100904418149,-2.048389196395874
4.743603615290096,-0.24028831720352173
-13.8157551615103,-0.9331400990486145
-3.802611775309477,0.1799597144126892
4.30511943579503,-1.718673586845398
-22.482844278002705,-5.406235218048096
0.60779733849738,-3.4623289108276367
17.8138573048897,0.13897493481636047
-38.4626262988146,-8.585304260253906
-0.6089836493556324,-0.32594043016433716
0.8617451361473882,-3.4266679286956787
-2.40000424902785,-2.8432531356811523
3.7078671714499096,0.16735732555389404
-2.390619984667185,-11.550577163696289
-15.559462368784592,-11.050411224365234
-13.790764753514,-3.4513797760009766
-9.325981865786185,-6.965334892272949
-58.4491138315396,-3.6144661903381348
9.550892694239591,0.27173006534576416
4.435147085081137,0.1652112901210785
-2.3538192484503564,-3.23852801322937
-5.83438093189622,-2.9302093982696533
-7.10827059552493,-10.166555404663086
-12.414939844598162,-2.2246885299682617
6.6154810826822,0.127889946103096
1.3155747227446202,-0.9476398229598999
-2.56542276271332,0.29808932542800903
-13.546032832554804,-2.220641613006592
-16.600339428286603,-12.841232299804688
2.9737175212081803,-8.180946350097656
6.167862854629888,-3.8974862098693848
-40.922076323723,-3.544034957885742
16.9349100756105,0.17569832503795624
-12.24911226903676,-13.124013900756836
4.867927463076468,0.30458107590675354
-21.6327950573002,-27.260669708251953
7.11033993521173,0.2888070344924927
-9.59094984812801,-3.9022340774536133
4.92186081619874,-2.9572291374206543
-7.815562497274902,-2.6027991771698
-2.20364176327536,-1.5057697296142578
-19.6754058911438,-4.212560653686523
-91.8886792382854,-5.846253395080566
-20.9507978903398,-4.107695579528809
-17.8084408175675,-10.641501426696777
-62.9612541332419,-1.7181048393249512
5.598134989920393,0.32808488607406616
-7.283890318199592,0.1213507205247879
6.1026124307435,-0.7474608421325684
7.42840635595139,0.33304619789123535
-5.179391847578812,-22.21044921875
-4.873152982370568,-14.930749893188477
7.276768036701751,0.28775155544281006
-10.739322929783883,-3.7288594245910645
-22.9219832537164,-4.049596786499023
1.5259403537211615,0.29734012484550476
-44.7886924625105,-4.263357639312744
-3.72583443525641,-2.74169659614563
-14.57002364123529,-4.149893283843994
-10.128266274366498,-6.316208839416504
-28.0249952668106,-3.438631296157837
-26.24662901330595,-3.765047311782837
-40.3645652505015,-19.729637145996094
-30.8056950922951,-0.5337420701980591
-3.9552380984537248,-3.8663127422332764
-2.1789667599796294,-1.290536642074585
-0.5734820606807138,-5.801580905914307
-1.1617148968623687,0.33447104692459106
3.42848617073407,-28.688247680664062
-17.4030551064212,-2.9334685802459717
3.88109013796494,0.23929117619991302
9.400493271217616,-0.2961944341659546
-11.302161927872188,-11.277972221374512
-13.3709137252944,-20.92346954345703
-6.79658968512302,0.3126164674758911
4.509456424718162,-0.1728101223707199
5.45103123545738,-0.7147324085235596
8.149714042401495,-0.8311275243759155
-12.909180343140196,0.2708721160888672
-6.61979034735207,-3.902174234390259
11.9978624338519,-2.7814714908599854
-12.53254789251529,0.21441525220870972
-8.36198121766124,-0.4969586730003357
-4.361976736345532,-10.779623031616211
-0.1898191226144924,-0.8029877543449402
2.3166834950764685,0.03752802312374115
-12.6203596574975,-10.870718955993652
-1.207429910073891,-1.2531774044036865
-29.7403775200217,-10.598088264465332
5.31082796058257,-0.6375508308410645
2.97844031586002,5.544960021972656
-12.533050119535002,-0.6700743436813354
-5.8684323426223,-0.992328405380249
2.391980620215489,-0.44079750776290894
7.73570234615748,-3.098163604736328
1.166748445159433,0.278085857629776
6.093529951556334,0.23796896636486053
17.709922444879297,0.21578797698020935
11.779516260068313,-3.346763849258423
2.4866177573815964,-0.2572263777256012
-30.89708550466269,-4.330095291137695
-9.231606713935047,0.24441713094711304
-13.4089268865456,-11.689620971679688
-9.06573754635488,-9.949431419372559
9.30630078585379,-1.1090664863586426
-7.156550033865472,-9.966421127319336
-10.5414716495377,-13.9059419631958
-27.8178569354009,-9.92431640625
5.3817717725564,-0.1172134131193161
-35.155236696245,-4.2564496994018555
-21.4141717786538,-1.6827821731567383
-2.6053130644292946,-0.023519687354564667
-9.953220777101093,-37.21575164794922
-8.798237091769485,-17.58269500732422
-27.6920167541674,-10.298216819763184
8.017093587799739,0.09219808131456375
-0.3550158381598589,0.2194499373435974
-1.19024715514191,-0.4638073444366455
-3.2855896341823474,-10.956979751586914
1.844566842421384,-0.4679459035396576
-30.7366736665872,-1.5911790132522583
-11.338238855350506,-7.394728660583496
-1.059512617215007,0.20284585654735565
-33.7712071062874,-10.732871055603027
3.812227003524945,-0.16478027403354645
-2.8472026300298463,-4.360541343688965
-21.5871320482388,-5.530062198638916
1.845960760756301,-9.94145679473877
9.06213659212517,0.3165518045425415
-13.950148061363093,-0.05473378300666809
-15.1006814359747,-0.571269690990448
-8.65496498210776,-2.286107063293457
-31.18852367408345,-11.015917778015137
2.35160533891099,-1.0523107051849365
-7.06329362397977,-2.6817219257354736
-11.299328727708405,-0.8160054683685303
-5.73967918172164,-4.932042121887207
-4.062121175440552,-3.921677589416504
3.62056380925444,-2.5384249687194824
-6.512385872303066,-4.353531837463379
-17.2817979072755,-11.572589874267578
5.79128728304933,0.15668967366218567
3.7921116228684086,0.06534172594547272
0.51700222845629,-10.230527877807617
1.0966146270020711,0.21437609195709229
-6.613686761665703,-1.6105077266693115
-39.873530292237,-10.191386222839355
-35.0272315856836,-1.7795157432556152
0.2475632146873464,0.22122667729854584
5.59963570142504,-2.9704818725585938
5.29419053806362,-5.715306282043457
6.457932781589695,0.22763265669345856
6.4251548431743295,-2.5312225818634033
-19.7885249955934,-10.636545181274414
-2.4097304318056905,-2.986769676208496
7.543407488617369,-0.22484877705574036
1.83593808226401,0.2295752465724945
-1.5082203021212124,-1.3800700902938843
5.99108205682079,-3.288046360015869
-18.1797235112709,-0.02970103919506073
-12.840088322870097,-4.0726165771484375
-2.23616712442702,-0.047210514545440674
-4.662511414401839,-1.1303343772888184
3.41802282280863,-3.779433250427246
-12.0320822507053,-9.341902732849121
-25.9801803981754,-18.015701293945312
-5.97419023328963,-0.745935320854187
15.4186986077963,-0.7699741125106812
4.480465220149085,-8.628670692443848
-13.2363849677504,-6.165059566497803
-9.362863686069195,-11.283307075500488
4.128157012788561,-0.07808700203895569
2.26767773086615,-1.1419042348861694
-24.1634597090208,-4.521537780761719
10.013204486477417,-0.3568643629550934
-31.934070451053,-11.931526184082031
-22.9515728231767,-1.5554980039596558
-11.219410776078313,-22.10728645324707
6.00089213826483,-0.7842397689819336
-28.9638748432599,-4.474502086639404
3.11049964318654,-0.4684094190597534
-1.073248118887358,-3.863112449645996
-10.249148139079496,-24.607357025146484
-13.14009076535719,-6.795708656311035
0.7364260970712593,0.05881664156913757
-44.9949251983702,-0.24390652775764465
-5.159519294761907,-1.5627096891403198
1.869241020829697,0.17276859283447266
-55.54568697318505,-4.61149787902832
0.3065104335081801,-1.6162813901901245
-10.386374558578522,-3.896672248840332
-3.0345245902191325,0.15110304951667786
-57.144820014625296,-7.010529518127441
2.85060083445348,0.10860395431518555
2.446050707651698,-0.2678368389606476
5.50221601830175,-32.63793182373047
3.455876052191651,-3.6203839778900146
-14.6157572128631,-4.5173115730285645
-0.874105623616695,-1.479706048965454
-1.378759213278819,-2.971312999725342
1.350733135180331,-1.169379711151123
-1.94666134980912,0.12250669300556183
-3.36735139960915,-3.9571120738983154
0.8319171014720902,-3.5858089923858643
-40.2101205720394,-1.7128770351409912
-24.577379709126298,-1.4946460723876953
-18.6292132467089,-10.439229011535645
-46.39510994896701,-21.853870391845703
-2.487076105276776,-8.16250991821289
-4.752960817423343,-8.5651273727417
-0.1160299782726794,-0.23400071263313293
-18.5277286275242,-1.2857680320739746
-14.1325019191809,-4.083512783050537
10.909208084253878,0.032885923981666565
1.30779520720034,-0.02542455494403839
-5.77436797253085,0.29912108182907104
3.986867952152618,-0.22551968693733215
-21.7936206120663,-1.559733271598816
-2.643556292002,-1.1845811605453491
11.0853991753379,9.812118530273438
-12.9397422629832,-9.783283233642578
-0.190891674386513,-1.1510192155838013
-6.32558602127377,0.19520145654678345
5.391699208755202,-0.09544827044010162
-8.998840630677615,-10.328685760498047
-1.6005087696864486,-2.7965197563171387
7.5482379424635875,0.1891789734363556
-7.642910278690365,-1.0535295009613037
3.719171936095444,-8.784557342529297
-0.8981307679622897,-1.998522162437439
7.06032809637297,0.39466309547424316
-3.134999611446543,0.32701608538627625
-5.94174589421185,-1.7135374546051025
-17.7883076547542,-4.016257286071777
-25.2381267145584,-4.363080024719238
-27.5445722402187,-8.727895736694336
2.6678241356197647,-30.44428253173828
5.02066543392875,-0.7242724299430847
-1.67197513843126,-4.5250349044799805
6.58117049992555,-2.2485404014587402
3.12612254618191,-2.877835273742676
-2.1147225087047508,-8.183156967163086
-76.9668504799361,-5.381845474243164
10.11870938841209,-2.9076035022735596
4.755697845162629,-1.1123855113983154
16.5479703149859,0.20289969444274902
4.001938538520379,-10.917403221130371
-14.1813773041305,-4.18717098236084
0.7709161631446207,0.33694538474082947
-24.2508933717269,-9.770279884338379
-22.3071231538392,-4.043150901794434
7.2595381633228,0.25782278180122375
11.555346181601609,0.28082579374313354
-26.258782255785,-9.27793025970459
10.3189652047012,-1.0793873071670532
0.809697096857583,-0.667609691619873
-18.5255095356289,-1.6433079242706299
-1.0680791130593923,0.23666222393512726
-3.5390830989045075,-10.094578742980957
10.468583156479704,-0.7725316286087036
-10.613183176373598,-8.889518737792969
-6.40442742836347,0.043415144085884094
7.196532980977684,-3.3586690425872803
-10.586292641023492,0.2442759871482849
-26.79502671025515,-7.6452317237854
-7.187555808667961,-6.191530227661133
5.4465900456679694,0.21304480731487274
3.1988276731025875,0.36800992488861084
7.827394642815597,-1.8784087896347046
3.887422638441485,0.07525470852851868
-3.41466344580097,-0.6694486141204834
2.667044757168528,-1.6694773435592651
1.0590749185315824,-8.811004638671875
-3.9965921287470247,0.21813693642616272
10.982614675109394,-0.3367060422897339
0.4076170529080399,-7.690116882324219
2.71319811317338,-3.6969542503356934
8.652061852316729,-0.12596088647842407
-0.6579761516790089,-7.302669525146484
-51.6773231694491,-1.608336329460144
-2.8325461302865187,-0.42934343218803406
2.12749125232924,-4.412621974945068
3.562549470771905,0.2743470370769501
-16.517773128145326,-4.145053386688232
6.874655354673765,0.24309316277503967
0.2047767843086013,5.378349304199219
-2.698758931910008,-0.25310423970222473
1.8601156760560384,-4.091531753540039
-22.2455703021075,-4.545600414276123
2.4288820651169605,-0.3091380000114441
-16.8307740899425,-0.7149316668510437
20.7191486697607,-0.16878291964530945
-30.7261055182573,-4.386430740356445
-38.4849400567448,-10.635205268859863
-14.3103126367969,-4.485281467437744
0.7860328468455551,-0.9073189496994019
-48.3858044800915,-4.101179599761963
-3.21662088766757,0.22201880812644958
1.675245639565673,-4.983904838562012
-90.3299705619704,-4.701833248138428
-9.28527551691871,0.22138631343841553
-1.2293411329062325,-3.944775104522705
-4.534682244798708,59.97544860839844
-68.1959205924323,-1.5993599891662598
-24.5242345195019,-27.385334014892578
-2.77042962989298,-4.1533637046813965
3.8009101564042025,0.25675538182258606
8.933703319425492,-0.09710793197154999
-11.341527235964405,-1.3244223594665527
6.71098989067457,0.3436114192008972
4.54734483862441,0.012218713760375977
-5.16341129781556,-0.32448187470436096
-49.062306315025,-10.20959758758545
5.26551760771767,-0.8253413438796997
3.33951124606136,0.264876127243042
5.006519903780723,-5.012550354003906
4.05485944970297,-6.024686813354492
2.283405953189745,-1.1926188468933105
-2.66483863280114,-3.769566059112549
12.566471603210276,-0.23933584988117218
-27.9020155354992,-12.268302917480469
8.88265541550952,0.33348482847213745
0.1652887870268324,-3.420535087585449
15.4985727759109,0.1599523276090622
9.014890317831036,-4.243535041809082
1.4803529144374856,-1.6151337623596191
18.1939100849816,0.1419009268283844
-2.6304973605131474,0.31775861978530884
-5.493763326806099,-4.019137382507324
-0.6715208179901364,0.39000314474105835
-36.7383193130824,-21.645254135131836
5.062784719364307,-4.115702152252197
-12.026803679110706,-4.186478137969971
-3.01321716593974,-0.5195237994194031
8.35813394800668,0.32783380150794983
-3.60075442831331,0.2406124770641327
-9.509135784465323,-0.9894119501113892
-19.6175855102284,-3.4115967750549316
-27.8629509568953,-5.896640777587891
1.74273211890989,-4.273409843444824
-2.19578977406709,-0.4737872779369354
2.42002639701588,-0.7405697107315063
-25.55316918036869,-10.614633560180664
5.635020609606415,-3.488543748855591
-34.727836669101,-4.311155319213867
4.4516036428765,-0.751300573348999
4.967381413305823,-1.0743765830993652
-6.81516141534704,-4.003476142883301
-24.3954295810688,-0.7920871376991272
8.658679095048068,-2.1736505031585693
3.7347243087796,-1.792372465133667
-12.909633143366396,-19.144227981567383
-60.49569009623433,-3.876302719116211
-3.790702882666694,-3.7367186546325684
-12.41068356063,-8.097513198852539
2.76740193393285,0.24578434228897095
-18.9061714872788,0.23535652458667755
-3.681083449701528,-4.194099426269531
8.13893448615947,-0.13917690515518188
-51.402683514636095,-4.153745651245117
-3.0703466753296,0.24791470170021057
0.4646043967887734,-7.115677356719971
5.989492839405608,-23.90753936767578
8.833837192566008,-1.2313511371612549
-26.1965705632023,0.040411919355392456
0.0804428699766095,0.2771681249141693
10.229168329440906,-3.4277071952819824
2.12042655289975,-3.9067881107330322
3.88810032819938,-0.8225104808807373
-31.515616413872173,-11.151496887207031
2.28163515100639,-14.086969375610352
-9.633163292669298,-6.158020496368408
2.63206586722876,0.2542257010936737
0.3189015990893598,-2.8609020709991455
-6.31868596379813,-5.683642387390137
-6.4648984000359935,-11.215855598449707
8.91646092056966,-4.491655349731445
-42.637521131086125,-9.884872436523438
-89.5439156156453,-3.5523431301116943
9.179556151687803,-0.19657933712005615
8.754663680824095,-0.05023682862520218
0.8838679103249854,0.26502400636672974
4.338369925074482,-0.9676772356033325
-18.23432595343749,-3.8727238178253174
6.92534745147092,-4.051964282989502
-1.768261666543676,-2.2631912231445312
-7.87226820943855,-3.4725418090820312
-12.0847368637308,-8.61215591430664
-4.4222229386498375,-3.744710683822632
6.63109301847755,-3.578378200531006
1.675381804264854,-2.6348893642425537
-6.897600670415837,-1.3026883602142334
-12.2774867069717,-16.332340240478516
-3.963646539183849,0.24158760905265808
-2.552277046947741,-3.280285120010376
-10.78700495517378,-1.270240306854248
-6.426376983867103,-3.9720654487609863
8.2142562177934,-1.6042078733444214
-16.967828162594074,0.28040024638175964
6.07843040491799,0.14609050750732422
3.08443697315444,-5.212248802185059
-1.3811964732242277,-9.986579895019531
-4.51305804704249,-8.346183776855469
-9.93375477053989,-3.9018402099609375
-0.6581754288220045,-7.598396301269531
-7.952166005584182,-6.426523208618164
-13.563015982384195,-15.968027114868164
-47.9957157156951,-3.4612340927124023
4.96190002222477,-0.5409579873085022
-2.0240269290899,-3.69732666015625
3.47166270740147,0.032338932156562805
-5.2815921348029296,-3.557192325592041
2.369358494612781,-0.1333085000514984
-4.214346026907057,-9.542346954345703
-23.8934551543691,-9.504473686218262
-1.0659561461183158,0.1915869265794754
3.126169348435272,-21.461483001708984
2.35164464781062,-2.0008621215820312
-1.79502295092813,-3.631542205810547
-15.957982665262508,-6.904105186462402
-64.65676531723692,-3.9937593936920166
-27.8195558011628,-3.807103157043457
-10.480511156242285,-6.593262195587158
-6.18357684414468,-10.055880546569824
-6.75960002722117,-8.713008880615234
4.4105627388370605,-1.3818753957748413
5.58846482112586,-7.79073429107666
-16.8483709423333,-7.36015510559082
16.1850033157246,0.1544652283191681
-3.34531377329845,-7.660846710205078
5.893700156574014,7.86277437210083
2.745769909533195,-1.683779239654541
2.53362859007723,-3.4689626693725586
1.0880788430276551,-3.000457763671875
