Score,Pred Score
-13.812973987503693,-0.28000861406326294
-14.6311710829416,-7.405345916748047
-15.020937907067507,-14.600114822387695
5.61896917638109,0.15836696326732635
0.1461877509898399,-5.516132354736328
3.59745169898486,-1.5087642669677734
-6.72144892291601,0.5414868593215942
4.304204520484877,-0.4538513422012329
3.37898618824583,-5.033660888671875
3.939818822274421,-0.5839141607284546
13.9953943577381,0.5804300904273987
-5.39913759737588,-2.028683662414551
-2.204579993178592,0.5629671812057495
8.829561804598438,0.5532862544059753
6.01696699102072,-0.0892515480518341
-6.376202369524528,-5.557594299316406
-6.50906463316165,-15.883035659790039
-60.92137282626391,-2.396484851837158
1.99934019108803,0.6472569108009338
2.188685633501576,0.5867423415184021
4.07090957771029,-1.3687610626220703
0.5211206139658471,-3.5270333290100098
12.5580583918003,-0.3581334948539734
3.320229681965675,-1.7086975574493408
-0.4381862293696001,-4.856170654296875
0.1752112379752922,0.0014319121837615967
4.123908949931413,-0.21979892253875732
-14.2382866820043,0.49684882164001465
12.966325580978296,-1.5515395402908325
7.692941411907634,-5.197971343994141
-62.9031214125763,-6.315338611602783
-5.800670766453999,-8.207831382751465
-11.705366535732304,-10.501045227050781
-4.786538605318405,0.6301862001419067
-82.4887013651952,-7.345139980316162
-8.251107402184557,-7.027896404266357
1.61677665352485,-15.83243179321289
-11.916211326129387,-7.320204257965088
-45.634880019414,-7.5026726722717285
-0.568998602339841,-10.378262519836426
-12.147399114840605,-15.376832962036133
-27.4476544011683,-7.216775894165039
-2.306526469902426,0.7503471374511719
-0.4835459876036119,-11.332696914672852
-8.39479061793487,-10.28338623046875
-46.862925671502296,-7.394624710083008
0.3837795244341289,0.5182840824127197
7.184930267876617,-0.4704253375530243
2.8348518495029404,-6.540987014770508
-9.859535687586003,-1.8401167392730713
-6.00025755794808,-4.925015449523926
-4.764629840066975,-6.684325218200684
-2.377061578670744,-6.153450965881348
-2.0585753436264698,-5.415218353271484
1.1848602197973823,0.6719356775283813
4.97603191479674,0.6601239442825317
4.27399441028646,-5.869905471801758
-46.2372447228831,-7.416586399078369
-31.4759298257721,-12.504278182983398
-50.1674018945849,-7.248054504394531
0.9601515747159592,-11.446634292602539
-11.864177458483407,-0.14561688899993896
-0.538262620928304,0.4699084758758545
-0.6920482116816997,-12.812117576599121
-1.5184696160120892,0.2692010998725891
-3.0836644409391925,-4.976114273071289
11.316750179392892,-0.21907374262809753
-11.183106529127476,-2.237429618835449
3.59102041590596,0.2739664912223816
4.55602013063716,0.5628931522369385
11.579228393987275,-0.0873425155878067
2.3067635611900137,0.5131289958953857
10.480393919522983,0.512391209602356
-2.698100773809443,-5.6062397956848145
3.776985072333982,-2.062655448913574
-11.773766374328297,-16.21253204345703
8.681027307740193,-1.7510185241699219
-1.1091988250418725,-6.70849609375
4.484288991501213,-0.4158661961555481
0.0548896546292299,-0.23468506336212158
0.1118559290339978,-5.963527202606201
3.9797293996962297,0.3894869089126587
-22.42608065327665,-6.217243671417236
7.37064384347005,0.7161532640457153
-0.2642143205483515,-5.502287864685059
5.344594984386832,-0.5988950729370117
-1.2497809936708242,-5.2887725830078125
13.71198107208239,0.33171170949935913
0.5045482395984724,-15.396121978759766
2.86709961553106,-6.687261581420898
0.4423212163888063,-0.973092257976532
-3.724573545179619,2.241764783859253
0.2570808252882703,-8.235816955566406
-70.65073406723695,-6.040462017059326
-33.9587360563784,-2.5054843425750732
9.2088386022025,-0.675724446773529
1.3318185914773402,-0.634413480758667
-9.176001953270983,-20.069286346435547
-10.497767159210698,-13.569013595581055
-0.4402086584014632,-7.149036884307861
2.1560784090827942,0.6834928393363953
-27.1636490162131,-6.9633049964904785
-0.670930828719279,-19.2205810546875
-22.794043146736,-6.19730281829834
0.8105828534072201,0.424783855676651
1.2287673509824204,-6.579071044921875
-0.6435038581465955,-1.9182578325271606
8.474782023793379,-0.0500355064868927
-9.601847091024196,-6.1521315574646
-1.6610011043127195,0.45531466603279114
-0.1091636509260827,-13.052119255065918
7.570838092245207,-5.780858039855957
-7.211196994815285,-15.095791816711426
9.090654061652296,-5.741857528686523
-26.6651088566214,-10.936822891235352
-17.309192174305,0.17852357029914856
4.14054171285972,-6.625426769256592
4.097668935846943,0.42763182520866394
-0.29408409265346,-5.818664073944092
-35.8165916579592,-7.072109699249268
10.898098675545494,0.49824291467666626
-1.6552655274048038,0.48610547184944153
1.6729502580778592,-20.716777801513672
-6.42491227706334,-6.162049293518066
-15.4752611754195,-2.858790874481201
-0.6907348474047925,-6.990020751953125
-21.3629045873375,-24.492483139038086
4.219145585451182,-1.0482094287872314
-3.019531285218114,-7.226177215576172
4.25311060075082,-6.806243896484375
-15.0412339008878,-2.5379130840301514
-8.237627320974727,-7.197426795959473
-1.0683487237199796,-5.4310126304626465
-1.7174251595272625,-0.06363463401794434
4.069163600073605,-4.125920295715332
-10.162041561092582,-7.278135299682617
-5.97248436581227,-5.436251640319824
6.120538767403939,-8.290786743164062
-0.8028238008287005,-7.302964687347412
-23.6042929930625,-6.799338340759277
-0.1777753404752198,0.2683594822883606
-5.785469568057495,-7.191825866699219
-0.0556983764780604,-6.665419578552246
-25.4508968849616,-3.0940349102020264
-5.3185412482723295,-7.065206527709961
9.1356503291117,0.26681458950042725
4.020569536845237,-1.2838138341903687
-58.5527340809363,-11.138927459716797
-6.291328737399075,-6.977389335632324
4.187869588752649,-0.2535058856010437
8.922207576391518,-3.0047121047973633
22.7414116448382,0.08712694048881531
-44.6057608529879,-7.136823654174805
-26.5129077898497,-13.33415412902832
-2.13735826282737,0.4775388240814209
-1.14890133483728,0.6598842144012451
-15.2234416939723,0.4815600514411926
0.369316059642221,-7.780247211456299
-0.6884117876070912,-3.4309897422790527
-5.8772631055401,-7.386061668395996
3.6053774296538297,-4.778611660003662
5.07108724357905,-6.48929500579834
1.292753014965791,0.5677427649497986
8.440986836263871,1.3659725189208984
-3.43040335892423,-6.260010719299316
0.7651079053562314,0.7830721139907837
-37.13962469223695,-7.294936656951904
-5.822632503482525,-15.260936737060547
-6.879472048396067,-15.575055122375488
2.11024229353816,0.5935405492782593
-7.1526743450051855,-7.546836853027344
-1.122073026503361,-5.497628211975098
0.3302260274555297,-6.033624649047852
-1.178255647098801,-0.050367437303066254
-2.99361591491145,-1.9859331846237183
-18.1070051290659,-11.409286499023438
-3.0332808194811403,0.4221350848674774
2.6303171850506604,-0.40386950969696045
-9.72499716390718,-5.551126956939697
0.2729453578388601,-1.735145092010498
-21.4503408223732,-13.636488914489746
-4.99755531471552,0.38744857907295227
-18.0018409950579,-7.429484844207764
4.00031385473591,-5.47686767578125
12.0378145652987,0.5579907894134521
14.1235470599023,-7.440729141235352
6.55729051148795,-0.5976850390434265
11.19992297656359,0.4652898609638214
-7.81388191369781,-7.178802013397217
-2.924593214648255,-0.7720022201538086
3.7667366885646025,-24.462186813354492
-6.68253431604433,-20.706430435180664
0.7345204104922589,-0.972534716129303
-10.626155896203898,0.3949739336967468
8.106852576346123,0.24404744803905487
-58.24412469223692,-7.176886558532715
1.4955767028094,0.04078962653875351
-17.6906096863185,-8.339338302612305
-4.813871520282443,0.3858884871006012
-11.8973420493851,-1.5834603309631348
-2.67676896274171,0.30049389600753784
-3.9331393974605526,-2.2324230670928955
8.756217929094177,0.22256992757320404
-29.2662792150344,-8.381019592285156
1.7249239205326918,0.4655829966068268
-6.686975812883663,-15.435523986816406
11.10272802991041,-0.9719098210334778
-10.956818171714705,-13.31802749633789
-6.3500959185649,-10.408656120300293
0.6681105368389735,0.6982706785202026
-12.500029270357295,-0.3470139503479004
-2.591242863373206,-6.498743057250977
5.954690473588823,-6.867121696472168
-43.929359067237,-7.205479621887207
-17.4841411730512,-9.708662033081055
3.61441892535489,-6.728545188903809
2.1112971208509976,-12.467416763305664
-41.8026500314277,-7.180498123168945
7.028135642932115,0.4663976728916168
8.463248256721428,-0.8492208123207092
-13.037072413777096,-12.856597900390625
-1.6307504375632549,-0.014057740569114685
-0.3284521577656807,-6.184985160827637
0.4685622181175212,-2.9136805534362793
-5.316952415477393,-11.409318923950195
4.584421564331302,-1.8678593635559082
-20.3593816575191,-23.019577026367188
3.67041582610247,-7.849908828735352
2.204062447972561,-6.437415599822998
-4.666937653128132,-9.999933242797852
-12.3781694316975,-9.87732982635498
7.06923762363823,-2.405378580093384
-37.2883298194418,-10.304708480834961
6.442434166934048,0.3201301097869873
-12.2162083245621,-12.310442924499512
-20.3623076046531,-10.898604393005371
-5.45440876641342,-8.24321460723877
3.1416241584890576,0.09383577108383179
-4.96580172718434,-5.421057224273682
-37.4061766871973,-7.3832621574401855
6.46185690649625,-0.6599083542823792
0.5403453062071405,-3.214749574661255
8.656689402528613,0.4082004725933075
12.331931266595111,0.4212004542350769
2.75380173901167,-6.821359634399414
-2.8447496930443927,-2.7954487800598145
0.0285872237409883,-8.071817398071289
-73.5286754265322,-7.359742164611816
7.285509446842615,-4.9442644119262695
6.72046542688671,-5.93783712387085
-6.19730890695259,0.2975189685821533
-16.4599719883519,64.96524047851562
-10.288292260688207,-0.14216548204421997
-10.285920522724917,-4.9246721267700195
-30.8171784242839,0.31337523460388184
-4.65691689928222,-2.831024169921875
-37.1716279374795,-12.180309295654297
-36.50577458359941,-13.162064552307129
0.7942566624333496,-1.0033034086227417
-34.8552692363716,0.4006965756416321
-2.491707941339629,-3.0125272274017334
1.7387039934851498,-0.7855664491653442
18.9715733525152,0.36343687772750854
-13.8996269060666,0.33399564027786255
4.17561229224804,-1.6874561309814453
4.7680640763497,-11.150323867797852
-6.745372906074374,-11.653850555419922
7.262818938793504,-3.0535733699798584
-55.7541546140486,-8.07280158996582
8.453421074249384,0.430769145488739
-5.85807143580148,-6.734743118286133
-52.7336020518746,-8.084917068481445
-1.995826789875676,-0.629278302192688
-1.3326443092463092,-8.074760437011719
5.029017096161708,0.3682064414024353
-0.71117494174041,-6.348089218139648
8.243548509216069,-0.09003430604934692
5.81602235619721,-4.51848840713501
5.978124919049687,0.8526532053947449
-2.8859593337581737,-0.3403804302215576
-26.0047332498617,-7.803823471069336
-1.5220929784942658,-13.104650497436523
-3.195242757261453,0.49451112747192383
-15.0089303719363,-8.686910629272461
-1.757118944268968,-7.032295227050781
-13.5091075877696,-5.185867786407471
-4.0681667574955,-5.547642707824707
4.43276114617859,-6.4867963790893555
-4.665207913971671,-6.589672088623047
7.33919324558513,-5.624635696411133
-11.69780882660921,-13.330503463745117
5.960801203295765,0.1312965601682663
-29.9162730471743,-7.010487079620361
-5.331847529263395,-2.4125120639801025
4.2006804390709,0.3731549084186554
4.76541245752904,0.5054548382759094
5.87221574658101,-2.08048677444458
-12.955988512618,-6.913838863372803
-14.4061745570978,-10.766286849975586
13.644333664082708,0.47908279299736023
7.522446474796843,-3.4702749252319336
2.858782897786812,-2.6750595569610596
-49.8653288018085,-6.84110164642334
-4.029904705212941,-6.424213409423828
-6.2026319104393295,-18.94866371154785
4.452168509343501,0.3501952886581421
-16.475900892606802,0.703606367111206
-11.03094492075089,-6.929645538330078
-8.08045020128908,0.9343454837799072
1.39259946716825,0.47503387928009033
-14.885807229381896,-12.94624137878418
-11.113180908425988,-22.033048629760742
5.506094216928792,-5.110013961791992
5.29091659278858,0.628678560256958
3.42106467876526,0.4344872236251831
5.162821279449693,0.47655022144317627
6.020551076354931,-0.45162299275398254
0.8086942897832163,-2.1241958141326904
-8.80546181278599,-14.839131355285645
-7.42349600405968,-2.298745632171631
-14.4731176558811,0.32883748412132263
-35.5448186771701,-8.401485443115234
-1.657597602265355,-3.787973642349243
-1.930224441335125,-3.238196849822998
-10.398648228661925,-6.9193501472473145
-1.6521884315998507,0.7029781341552734
1.3131129859732091,-1.9594560861587524
-0.1240821746904601,-6.306029796600342
-35.1709788883515,-21.556808471679688
0.6771989561182002,-11.833559036254883
-5.8677981963370005,-6.9431939125061035
0.7982616963508231,-4.218560218811035
2.595279020812243,-5.400769233703613
6.9472187772133225,-1.1321842670440674
-41.1395198834054,-7.9132232666015625
-35.4604736838065,-22.570276260375977
7.87379173269718,0.6653554439544678
-8.72128086410909,-7.556624889373779
-82.13826531723697,-3.4109058380126953
-9.70693692529289,-8.907337188720703
-61.4386715672369,-7.4405388832092285
7.10938257895085,-0.47275710105895996
0.4007388327427847,-0.8957523703575134
-0.7455370396145937,0.40091007947921753
1.674966057420845,-6.540469169616699
11.877856996640997,-0.09626282751560211
-0.9096556467231308,0.2001475989818573
-1.4680391508473674,-8.895975112915039
15.6414782015599,7.029486656188965
-10.35739215730591,0.914210319519043
1.926107182225645,-0.3806493878364563
6.99756701325662,-0.281491219997406
3.54836143321337,-6.852567672729492
-7.726553411266567,-5.443526268005371
-48.51478094223695,-7.573227882385254
-3.0453156276270903,-15.638021469116211
-3.454798154796729,-15.658946990966797
9.503977484174175,-1.6765373945236206
6.001532732018722,0.3769046664237976
1.775572054007981,-6.062751770019531
-2.6871577689602653,0.4876871705055237
-7.920344649869953,-11.537805557250977
2.578081311550471,-1.469247817993164
-14.434457477598505,-7.641980171203613
-1.338045882914232,-6.335558891296387
-44.1817825469333,-7.2400922775268555
2.4314234692194163,-7.239560127258301
-2.35314836228574,0.4895644783973694
-2.07036107592124,-6.868777275085449
-6.560167066336443,-14.49608039855957
-2.54688332955635,-1.5467860698699951
-7.940842049461227,-7.834400177001953
-7.789052707582185,0.2638825476169586
-1.4295761119406232,1.369675874710083
7.206977941743588,-2.055466413497925
-4.081394009803599,-1.7761324644088745
-30.167243616457,-5.603453636169434
11.7225687296843,-0.4840767979621887
-0.8984319813221007,-0.9097428321838379
10.349523074958825,0.36911600828170776
5.42147270471237,-0.04050615429878235
-0.3136273830120112,-12.966123580932617
4.398848813602776,0.4271281063556671
2.099307195887115,0.30742716789245605
-61.6890402284636,-18.76746368408203
-7.08434802004719,-7.417736530303955
0.6962467393230812,-7.136331558227539
9.0758909366509,-0.002010941505432129
-1.9263965715605047,-7.372117042541504
-6.262949496708321,-20.571533203125
-4.739766082030863,-1.4168285131454468
-36.8822022827233,-7.665286064147949
3.24770439300306,-3.9983363151550293
-2.289513933263135,-0.4138537049293518
1.41805545618482,0.3892363905906677
-24.4432878855492,-7.30599308013916
-24.96156751119129,-7.411255359649658
-7.734574598544068,-6.816545009613037
2.79124989437018,-7.031762599945068
-5.17831154550348,-10.951181411743164
1.5275640312561216,0.43307527899742126
3.682989905065457,-1.1736583709716797
-10.8237586662752,-9.026544570922852
-6.929951553081727,25.139968872070312
-27.96215708599589,-9.452133178710938
-2.88087637063392,-2.182957410812378
-5.960419628776203,-1.0447189807891846
-37.189874708633695,-7.648303985595703
1.1496085756031087,-7.506148338317871
-12.7137936794919,-13.916248321533203
8.398744223780918,-5.598593711853027
-33.3004252633332,-9.173544883728027
9.144089281431205,-0.9874414801597595
4.065326821312747,-4.250695705413818
-41.9047429025821,-18.103038787841797
7.383552345763623,-13.175156593322754
6.364261125349779,-0.5707099437713623
4.841793570156368,-5.1832194328308105
1.6198341998494314,0.35215744376182556
4.179707781567577,-0.8733095526695251
-14.7229944429405,-11.98829174041748
7.078924552126015,28.908329010009766
-12.898019313824,-10.186361312866211
-70.8116033690518,-6.26120662689209
12.7359625054994,0.5712707042694092
5.586124430090477,0.39865773916244507
3.028467183462371,0.4757543206214905
-5.830142578087577,-6.204720497131348
-22.6841489367301,-1.1005462408065796
-1.51657819068512,-10.972476959228516
-81.52648016021857,-2.347808599472046
-3.36903782007548,-1.0569734573364258
-18.707844022,-9.613853454589844
-34.48768519828235,-15.161333084106445
-39.7169735486916,-7.087371826171875
-1.593720937577549,1.584462285041809
-23.2954444871652,-13.399911880493164
-45.30258920076982,-25.316574096679688
12.5056328567953,-5.530769348144531
-11.9299972333177,0.34840643405914307
-37.9495035857927,-0.9263618588447571
0.7001962140772594,-7.378788948059082
4.49418879319923,-1.0221211910247803
-39.0646563811545,-7.781077861785889
-9.09730633851708,-5.585310935974121
-17.5589533745204,-19.384666442871094
-4.92782811871599,-0.5591142773628235
-8.2299173561342,-12.358560562133789
2.60625970962018,-0.8945319652557373
2.726862934921635,6.333988666534424
4.071661498679735,-27.655691146850586
-13.2494383747796,1.959355354309082
-11.9154244975033,-0.7157210111618042
0.9090871567987184,-12.361733436584473
7.92708077877978,0.3455107808113098
-3.119647295186995,-5.9150896072387695
-2.248378586620203,-7.200066089630127
1.6646916021852596,-12.798968315124512
0.1590569364430157,0.5768039226531982
-77.3623903172369,-9.280835151672363
15.8859560938761,0.1998746395111084
-3.11888044241469,-7.173187255859375
-2.7468186065138984,-0.067010298371315
2.77922195660905,-1.5647106170654297
4.052279150357491,7.7386980056762695
-4.03806373695381,-13.055645942687988
-2.4461467814868523,-11.258379936218262
-0.1639564470097907,-1.088424563407898
0.8542168432631491,-12.353635787963867
5.84905996845087,-7.747166633605957
-5.77665564868809,-1.6280162334442139
-3.7008288999313423,-1.932283878326416
-7.18713065449027,-2.229180335998535
-0.9529303605806088,0.4040580689907074
-15.902118442879,-6.655963897705078
-28.0636361890057,-11.002729415893555
-26.912205886836706,-8.067882537841797
8.596988309863011,0.274092435836792
0.2877587512502297,-7.5747880935668945
3.3899996482015826,-6.9417643547058105
-20.5869014386951,-11.737924575805664
-9.341800010912078,-11.183870315551758
0.1692077246922899,-0.5089222192764282
-1.857666460494741,-1.8618156909942627
-13.2752747780792,-9.107955932617188
0.7445982178878973,0.36477211117744446
4.49646859469848,-16.188020706176758
3.60913262992784,-7.185964584350586
-5.653435188749545,-0.2415316104888916
1.51502173443586,-0.5231068134307861
8.143116180793372,-7.285534858703613
-8.36164856265281,-7.846808910369873
-1.130678948105339,-7.256867408752441
-4.349210006555943,0.19531124830245972
0.2594141505344826,-4.437978744506836
-32.1283374054069,-11.96561336517334
-1.9051378030600723,-17.345409393310547
4.768047800449637,0.4301774501800537
2.264898495983479,-5.6859893798828125
-6.47138721063866,-0.8072739243507385
4.93167956005568,-5.81041955947876
2.4851768276660025,-17.209897994995117
-3.930469946192945,-6.070910453796387
11.923948375295712,0.007265448570251465
11.616605850275496,0.1974109262228012
10.41580460128629,-3.4119181632995605
-8.700462669667385,-8.857128143310547
13.1991243046288,-7.420989036560059
-4.75101729862813,-0.4693444073200226
-1.4230966237807086,-4.997500896453857
-2.07861348348741,-7.235022068023682
10.292368565007404,0.3881937265396118
1.9007667723773176,0.10398592799901962
17.1612744381531,0.2762494683265686
-0.1428452494230792,-6.740782737731934
2.4933992323843923,-6.853089809417725
-13.861300672159,-12.297343254089355
-1.7943154401891548,-0.6992050409317017
-4.15624175439773,-5.918349266052246
-14.277645616907492,-5.781989574432373
2.713132201978397,14.475378036499023
-13.315456279797685,-8.551687240600586
-5.36204355968609,-0.11332853883504868
-1.4872271509121793,0.08948104083538055
0.31232235517322,0.6481539011001587
3.0307168501552093,-5.936635971069336
3.4484762474106,0.5602947473526001
-34.0729170807354,-7.257215976715088
-25.0659802428987,-0.6742199063301086
0.86771933446589,-2.114882469177246
-11.996919710325,-6.353909015655518
17.2594267615487,0.521454930305481
-56.2560888739038,-7.209474563598633
-12.7386491421071,-8.114021301269531
-3.520787796436005,-5.284929275512695
-0.8014467498558491,-9.14199447631836
-34.7812340468876,-14.526826858520508
7.158235365631607,-6.705176830291748
3.29681579894721,-11.876134872436523
0.046018285265003,-15.597369194030762
2.046344769010002,0.9876797795295715
4.25403099118957,-0.1261228621006012
3.7804230286959792,-12.725341796875
-3.773219093074008,-8.00892162322998
-9.722403045722997,-4.668210983276367
2.81101468536903,-15.57534122467041
-23.7494411406013,-8.229654312133789
-75.56229656723696,-7.5968451499938965
4.366245372711767,0.4155176281929016
9.94612085382829,0.35504233837127686
-8.207132148775708,-8.275716781616211
-3.09775596823669,-0.4892445504665375
3.77256113899207,-6.984225749969482
0.2016574678685985,-6.846141815185547
4.38808277416547,-11.84780502319336
3.7092867134231,-11.135774612426758
1.6740112862957208,-1.8402965068817139
-5.472376660417956,-7.445233345031738
12.283123760680592,-1.0764875411987305
4.417989059347175,-6.61978006362915
1.907333647224608,-5.977687835693359
-3.73521146317182,5.193117141723633
7.837521570550837,1.5766255855560303
4.82455755953161,-5.57110595703125
-0.6472060937938101,-6.647658348083496
-8.237956686764985,-27.10460662841797
7.36579899286375,0.2773168087005615
7.859716520666763,-6.7423601150512695
2.765011277030255,-0.045676350593566895
4.62415639298937,-0.8389585018157959
6.430237727930085,-1.2062668800354004
2.44728958086436,-3.6573081016540527
-1.93656353174353,-0.18769976496696472
-33.7845903951132,-7.310546398162842
10.960301672714698,0.7106791138648987
6.147225205740463,-1.0923340320587158
2.4659746492236927,0.337948739528656
18.2642273209106,-5.613110065460205
7.656482330373112,-0.7283857464790344
-63.2346715672369,-7.625665664672852
-22.9610154952969,-13.773547172546387
4.39789099231211,-8.22988510131836
-46.587141393021525,-7.268651008605957
-12.281506448986304,0.44739413261413574
5.220668557811489,-9.595516204833984
-1.4412632820262703,8.676161766052246
-35.163016426576704,-18.65111541748047
-31.380009974583203,-20.849599838256836
-2.6184282494780104,-0.2952481210231781
-37.3999740396079,-15.769966125488281
-10.594900847222812,-9.8863525390625
-23.227454082363305,-6.856199264526367
-15.4814292943448,-2.881702423095703
-6.89310310865277,-6.794618129730225
-11.7962452523223,2.008913993835449
-0.3887710448227697,-4.1790266036987305
-4.0896099478500325,-0.9679477214813232
-42.6579269422049,-7.88173770904541
-2.095241650043551,0.4603915512561798
8.45389840526827,-0.04891500622034073
-15.5157954828953,-11.239757537841797
-1.9802660997523944,-0.6213946342468262
1.8368511005450223,-7.520415306091309
2.11900133622217,-0.08957730233669281
-38.4962238749225,-10.790788650512695
0.8069046214032297,-5.687959671020508
-1.73607437190069,-2.41751766204834
-8.46093254820262,0.3795594871044159
-0.0780407432645869,-1.1199215650558472
5.009535132419683,-6.092399597167969
-74.9399761386801,-6.824349403381348
2.806732553915905,3.4616823196411133
-10.415057364934407,0.45378851890563965
-4.81834176383161,-1.0364952087402344
-1.4920816076829602,-6.326038360595703
-0.003939288658445,0.2838762104511261
5.86288473591452,-6.305548667907715
0.4443344011282492,-7.522826194763184
5.72263802046558,-0.8592700958251953
5.46583466116103,-23.065195083618164
5.05355462238675,-0.09712725877761841
-17.190033530139498,-0.5541650056838989
-10.1192188918475,-6.76573371887207
-10.539071528779305,-6.709712982177734
0.2492257167476033,-0.8200424313545227
5.35198813185094,0.561293363571167
14.9823899147147,-0.5383016467094421
1.7336328627834918,-3.007991313934326
3.2582764286422226,0.04884879291057587
1.1615369027166365,0.42154061794281006
-42.4099588259267,-26.97193145751953
-38.7823663998969,-14.822650909423828
7.99575647038201,-2.7678046226501465
11.644495901203598,0.019296839833259583
-39.0956747424042,0.029327571392059326
-38.6438610292767,-9.392324447631836
-40.5029244010595,-6.92703914642334
-22.8644313188967,-5.527751922607422
-0.897066728281827,1.2320817708969116
-17.6830733389949,-7.08903169631958
-0.0084306638066775,-9.400223731994629
0.5394390329931549,0.2803071141242981
-21.61387508166409,-9.715286254882812
5.053393098685065,-5.748045444488525
-15.7834934865799,-6.408945083618164
-58.40351531723695,-8.765568733215332
8.86280218600469,0.29482802748680115
1.888243484494037,-6.666249752044678
8.99923705482913,2.7741446495056152
4.133325903305868,-0.7842146158218384
4.774357664359128,0.5461423397064209
7.418770080750715,-3.80903959274292
-2.25262466719878,-0.7571789026260376
-7.071587649042333,1.5205028057098389
4.398742241377427,-0.9053899645805359
-8.692928400841772,-1.9294310808181763
2.334382802629,-5.43092679977417
2.8274240704709,-3.2169456481933594
2.1747311895065486,-0.6659605503082275
-11.9965988914421,-5.153923034667969
2.776867734737273,-0.20214161276817322
-12.4595255596924,0.4806869626045227
18.5317724911246,0.38877278566360474
6.86106163750481,-2.239213705062866
-19.1693792779686,0.4301663041114807
-4.20883890972707,-0.4693218767642975
-0.3530077955256401,-8.607522964477539
-1.6020246929696491,-8.521617889404297
-7.57557880794988,-11.065213203430176
13.9692836454661,-0.7083932161331177
1.289294757415069,-7.166855812072754
-20.3746494688195,-7.145627975463867
-8.044482691931467,-7.377902030944824
2.51340467963473,-9.727153778076172
11.0282847349576,0.5368626117706299
-1.3944922949507652,-0.23111140727996826
-26.2706781913698,-28.082138061523438
-71.7765711158932,-7.730245113372803
-44.2857422252861,-18.71962547302246
-3.057699221935841,0.23648184537887573
10.116767222520318,-0.9438004493713379
-46.9980356488569,-8.08552360534668
-8.677497573270493,-15.544795036315918
-25.781275563237,-5.998016357421875
-2.941164138388841,-0.4951683282852173
-26.5692742661385,-12.273384094238281
1.2555345380058751,4.499202728271484
-0.810306898238276,-6.637545108795166
0.2404076931068699,-7.25665283203125
-2.5590885431480426,-1.0309122800827026
-11.9846830308257,-9.777894973754883
-5.775806690181939,-6.636049270629883
1.9806048133258944,-18.035022735595703
16.618750626525,0.4686161279678345
8.204494762209066,-5.614418029785156
6.80321923705408,0.424263060092926
11.710679650337616,-19.27018928527832
3.181253849239128,-2.4850902557373047
0.90894434552881,0.37710511684417725
3.547124544521316,-11.902645111083984
-2.202886656443709,-13.335309982299805
-11.133669865203094,-14.337457656860352
9.328533024448705,0.09102468192577362
-0.7012610501602399,-8.662857055664062
-0.3170472839931941,-7.123231887817383
-2.3458288386735573,-1.0767545700073242
-26.1191329979098,-10.410198211669922
-2.33292598982445,-0.022780507802963257
2.461922216333884,0.8227584362030029
3.73205068567752,0.24979275465011597
-22.4462583852743,-8.704371452331543
16.899113604615202,-1.7713851928710938
-2.85382252753121,-6.791654109954834
1.2705701336207027,0.43882453441619873
7.960789166364423,0.45925450325012207
2.71808902854303,0.2518603801727295
5.5273920092716775,-7.8443121910095215
-4.11149235653684,-16.679285049438477
-20.9676231329802,-0.5956568717956543
-0.89184437235696,0.6441947817802429
-1.2816619609782416,-6.541863441467285
4.85634828411675,0.03490346670150757
6.429854346358795,0.35308727622032166
4.71112087372323,-5.380648612976074
-30.7199022255615,-14.553910255432129
-3.8590388668775,-0.355943500995636
-10.6557437737239,0.3502722978591919
-13.4460672849668,-11.954891204833984
-5.527709296795018,-6.823278427124023
-1.876637029070265,-9.218871116638184
10.2532613363299,1.8266104459762573
3.00680128293027,-1.1359128952026367
19.33685959748449,0.5038641095161438
-0.1058882282985149,-4.622689723968506
14.3436638764016,-0.24567456543445587
-16.1535771788668,-17.21033477783203
0.9480162028997956,0.3666723370552063
-18.5891767455387,-7.394077301025391
13.309934514349203,0.17309412360191345
6.02246857213521,-1.0824097394943237
5.16750826555368,-5.4748077392578125
-1.0190872666435924,0.8449721336364746
-19.100904418149,-11.797943115234375
4.743603615290096,0.508564829826355
-13.8157551615103,-6.23997688293457
-3.802611775309477,0.8701604604721069
4.30511943579503,-1.0266772508621216
-22.482844278002705,-13.830962181091309
0.60779733849738,-8.84669303894043
17.8138573048897,0.37678223848342896
-38.4626262988146,-23.42780876159668
-0.6089836493556324,-0.36126890778541565
0.8617451361473882,-7.097077369689941
-2.40000424902785,-6.619654655456543
3.7078671714499096,0.6037458181381226
-2.390619984667185,-8.397055625915527
-15.559462368784592,-15.778239250183105
-13.790764753514,-8.100116729736328
-9.325981865786185,-15.606037139892578
-58.4491138315396,-8.296649932861328
9.550892694239591,0.7314823865890503
4.435147085081137,0.37405359745025635
-2.3538192484503564,-7.3381452560424805
-5.83438093189622,-6.483893394470215
-7.10827059552493,-13.715766906738281
-12.414939844598162,-6.285638809204102
6.6154810826822,0.38252538442611694
1.3155747227446202,-3.4147558212280273
-2.56542276271332,0.5915528535842896
-13.546032832554804,-5.952291488647461
-16.600339428286603,-10.623699188232422
2.9737175212081803,-4.889638900756836
6.167862854629888,-7.419259548187256
-40.922076323723,-7.991189956665039
16.9349100756105,0.642583429813385
-12.24911226903676,-11.432083129882812
4.867927463076468,0.6646317839622498
-21.6327950573002,-20.87159538269043
7.11033993521173,0.42080584168434143
-9.59094984812801,-8.088046073913574
4.92186081619874,-6.2757039070129395
-7.815562497274902,-4.821765899658203
-2.20364176327536,-1.44983971118927
-19.6754058911438,-7.9483232498168945
-91.8886792382854,-12.903383255004883
-20.9507978903398,-7.981799125671387
-17.8084408175675,-9.347983360290527
-62.9612541332419,-9.741517066955566
5.598134989920393,0.6670945882797241
-7.283890318199592,-0.44542115926742554
6.1026124307435,-0.6393975019454956
7.42840635595139,0.7274045944213867
-5.179391847578812,-17.274673461914062
-4.873152982370568,-31.647991180419922
7.276768036701751,0.8258724212646484
-10.739322929783883,-7.166172027587891
-22.9219832537164,-7.865522384643555
1.5259403537211615,0.4249317944049835
-44.7886924625105,-9.689821243286133
-3.72583443525641,-2.7298171520233154
-14.57002364123529,-8.110128402709961
-10.128266274366498,-24.379634857177734
-28.0249952668106,-8.15830135345459
-26.24662901330595,-8.045654296875
-40.3645652505015,-14.845548629760742
-30.8056950922951,-11.851256370544434
-3.9552380984537248,-7.723132133483887
-2.1789667599796294,-1.196268081665039
-0.5734820606807138,-11.646217346191406
-1.1617148968623687,-0.5331975221633911
3.42848617073407,-8.203361511230469
-17.4030551064212,-5.895855903625488
3.88109013796494,0.604661226272583
9.400493271217616,0.06744129955768585
-11.302161927872188,-12.3404541015625
-13.3709137252944,-32.92152404785156
-6.79658968512302,0.6745981574058533
4.509456424718162,0.8526516556739807
5.45103123545738,-0.6734418272972107
8.149714042401495,-3.949338436126709
-12.909180343140196,0.6571544408798218
-6.61979034735207,-7.428866386413574
11.9978624338519,-6.5465497970581055
-12.53254789251529,0.2286209911108017
-8.36198121766124,-5.868269920349121
-4.361976736345532,-20.554460525512695
-0.1898191226144924,-7.011314392089844
2.3166834950764685,-0.36966976523399353
-12.6203596574975,-16.56281280517578
-1.207429910073891,-0.8316988945007324
-29.7403775200217,-8.884546279907227
5.31082796058257,-0.438631534576416
2.97844031586002,-6.649179458618164
-12.533050119535002,-12.62220573425293
-5.8684323426223,-1.068455696105957
2.391980620215489,-0.35104238986968994
7.73570234615748,-5.943639755249023
1.166748445159433,0.40118399262428284
6.093529951556334,0.5789921283721924
17.709922444879297,0.6438892483711243
11.779516260068313,-7.330008029937744
2.4866177573815964,0.04668763279914856
-30.89708550466269,-8.55772876739502
-9.231606713935047,0.5714374780654907
-13.4089268865456,-14.211044311523438
-9.06573754635488,-12.40670108795166
9.30630078585379,-0.8749707341194153
-7.156550033865472,-12.141765594482422
-10.5414716495377,-17.825037002563477
-27.8178569354009,-17.372447967529297
5.3817717725564,-0.35535287857055664
-35.155236696245,-8.094857215881348
-21.4141717786538,-9.142951965332031
-2.6053130644292946,0.8879073858261108
-9.953220777101093,-33.210105895996094
-8.798237091769485,-21.052448272705078
-27.6920167541674,-14.992569923400879
8.017093587799739,0.5116262435913086
-0.3550158381598589,0.45690277218818665
-1.19024715514191,-0.39035481214523315
-3.2855896341823474,-20.168052673339844
1.844566842421384,0.029196903109550476
-30.7366736665872,-9.578672409057617
-11.338238855350506,-14.850872039794922
-1.059512617215007,0.5040549039840698
-33.7712071062874,-16.527406692504883
3.812227003524945,-0.36560359597206116
-2.8472026300298463,-8.09963321685791
-21.5871320482388,-9.239242553710938
1.845960760756301,-11.337994575500488
9.06213659212517,0.6540379524230957
-13.950148061363093,-3.130011558532715
-15.1006814359747,-0.5209895968437195
-8.65496498210776,-13.305822372436523
-31.18852367408345,-10.84253978729248
2.35160533891099,-7.546496391296387
-7.06329362397977,-5.742661476135254
-11.299328727708405,-1.0277827978134155
-5.73967918172164,-10.994623184204102
-4.062121175440552,-7.966522216796875
3.62056380925444,-5.820194244384766
-6.512385872303066,-8.392021179199219
-17.2817979072755,-13.815338134765625
5.79128728304933,0.5608054399490356
3.7921116228684086,0.35657671093940735
0.51700222845629,-16.887351989746094
1.0966146270020711,0.5119947791099548
-6.613686761665703,-9.144359588623047
-39.873530292237,-18.023414611816406
-35.0272315856836,-8.985514640808105
0.2475632146873464,0.3151129484176636
5.59963570142504,-6.4671220779418945
5.29419053806362,-12.730551719665527
6.457932781589695,0.5675832033157349
6.4251548431743295,-6.0278167724609375
-19.7885249955934,-18.800682067871094
-2.4097304318056905,-6.6134514808654785
7.543407488617369,0.6574464440345764
1.83593808226401,0.40805503726005554
-1.5082203021212124,-1.214593768119812
5.99108205682079,-6.220223903656006
-18.1797235112709,0.34616619348526
-12.840088322870097,-8.143450736999512
-2.23616712442702,0.5322563648223877
-4.662511414401839,-7.8107829093933105
3.41802282280863,-7.799548149108887
-12.0320822507053,-8.352209091186523
-25.9801803981754,-2.158742904663086
-5.97419023328963,-0.7999452352523804
15.4186986077963,-1.1662722826004028
4.480465220149085,-4.520812034606934
-13.2363849677504,-11.70319938659668
-9.362863686069195,-12.616641998291016
4.128157012788561,0.3568858206272125
2.26767773086615,-8.16353702545166
-24.1634597090208,-8.229021072387695
10.013204486477417,0.06911900639533997
-31.934070451053,-16.407920837402344
-22.9515728231767,-2.0671777725219727
-11.219410776078313,-6.053747653961182
6.00089213826483,-1.2124450206756592
-28.9638748432599,-8.743743896484375
3.11049964318654,0.5308573246002197
-1.073248118887358,-7.457552909851074
-10.249148139079496,-25.01846694946289
-13.14009076535719,-13.066727638244629
0.7364260970712593,0.5014649629592896
-44.9949251983702,-1.2448803186416626
-5.159519294761907,-9.504815101623535
1.869241020829697,7.423161506652832
-55.54568697318505,-9.170969009399414
0.3065104335081801,-1.3231672048568726
-10.386374558578522,-7.164772987365723
-3.0345245902191325,0.5886548757553101
-57.144820014625296,-14.484580039978027
2.85060083445348,2.085404872894287
2.446050707651698,0.5785708427429199
5.50221601830175,-22.33441925048828
3.455876052191651,-7.77748966217041
-14.6157572128631,-8.135804176330566
-0.874105623616695,-0.7134842872619629
-1.378759213278819,-7.1495256423950195
1.350733135180331,0.4290658235549927
-1.94666134980912,-0.518576979637146
-3.36735139960915,-7.766877174377441
0.8319171014720902,-8.128140449523926
-40.2101205720394,-1.6852864027023315
-24.577379709126298,-10.48327350616455
-18.6292132467089,-17.10052490234375
-46.39510994896701,-31.71857452392578
-2.487076105276776,-6.892755508422852
-4.752960817423343,-6.78818416595459
-0.1160299782726794,0.37457799911499023
-18.5277286275242,-18.643089294433594
-14.1325019191809,-8.158738136291504
10.909208084253878,0.5608311295509338
1.30779520720034,0.6754875183105469
-5.77436797253085,0.8182222843170166
3.986867952152618,0.05862203985452652
-21.7936206120663,-10.376975059509277
-2.643556292002,-1.6071163415908813
11.0853991753379,3.6652379035949707
-12.9397422629832,-11.79423999786377
-0.190891674386513,-0.495026171207428
-6.32558602127377,0.5666556358337402
5.391699208755202,0.562751054763794
-8.998840630677615,-16.367849349975586
-1.6005087696864486,-6.396711349487305
7.5482379424635875,0.6098965406417847
-7.642910278690365,-0.5090012550354004
3.719171936095444,-11.398381233215332
-0.8981307679622897,-2.0857534408569336
7.06032809637297,0.6670830249786377
-3.134999611446543,0.3988955318927765
-5.94174589421185,-1.5256637334823608
-17.7883076547542,-8.432299613952637
-25.2381267145584,-8.31362247467041
-27.5445722402187,-12.976348876953125
2.6678241356197647,-10.381255149841309
5.02066543392875,-0.8559948205947876
-1.67197513843126,-8.372125625610352
6.58117049992555,-2.3819918632507324
3.12612254618191,-9.564054489135742
-2.1147225087047508,-17.233793258666992
-76.9668504799361,-11.478039741516113
10.11870938841209,-7.632198333740234
4.755697845162629,-1.1011264324188232
16.5479703149859,0.4803747236728668
4.001938538520379,-16.33722686767578
-14.1813773041305,-8.447709083557129
0.7709161631446207,0.8436137437820435
-24.2508933717269,-11.471090316772461
-22.3071231538392,-8.314298629760742
7.2595381633228,0.45713528990745544
11.555346181601609,0.7579224109649658
-26.258782255785,-14.714960098266602
10.3189652047012,-0.9311223030090332
0.809697096857583,-8.102266311645508
-18.5255095356289,-10.000582695007324
-1.0680791130593923,0.8163857460021973
-3.5390830989045075,-10.422863006591797
10.468583156479704,0.8122974634170532
-10.613183176373598,-14.759940147399902
-6.40442742836347,0.8868310451507568
7.196532980977684,-6.754521369934082
-10.586292641023492,0.6428975462913513
-26.79502671025515,-12.666767120361328
-7.187555808667961,-13.855325698852539
5.4465900456679694,0.3005525469779968
3.1988276731025875,0.43671953678131104
7.827394642815597,-1.982105016708374
3.887422638441485,0.6791089177131653
-3.41466344580097,-0.6506428718566895
2.667044757168528,-1.8211147785186768
1.0590749185315824,13.745682716369629
-3.9965921287470247,0.7241861820220947
10.982614675109394,-0.0345965251326561
0.4076170529080399,-11.23183536529541
2.71319811317338,-7.788250923156738
8.652061852316729,0.42919301986694336
-0.6579761516790089,-10.965778350830078
-51.6773231694491,-10.244414329528809
-2.8325461302865187,-0.28903141617774963
2.12749125232924,-8.328792572021484
3.562549470771905,0.6057343482971191
-16.517773128145326,-9.603291511535645
6.874655354673765,0.6905391216278076
0.2047767843086013,-6.664353370666504
-2.698758931910008,0.3689740300178528
1.8601156760560384,-8.226214408874512
-22.2455703021075,-8.52341079711914
2.4288820651169605,0.3016219735145569
-16.8307740899425,-0.709771990776062
20.7191486697607,0.8934458494186401
-30.7261055182573,-8.81995964050293
-38.4849400567448,-6.7823991775512695
-14.3103126367969,-2.35396146774292
0.7860328468455551,0.1361130326986313
-48.3858044800915,-8.766592979431152
-3.21662088766757,0.4190201759338379
1.675245639565673,-9.325868606567383
-90.3299705619704,-8.686412811279297
-9.28527551691871,0.9155126214027405
-1.2293411329062325,-8.38056755065918
-4.534682244798708,21.695554733276367
-68.1959205924323,-10.711071014404297
-24.5242345195019,-38.2105712890625
-2.77042962989298,-8.238641738891602
3.8009101564042025,0.8911536335945129
8.933703319425492,1.0141931772232056
-11.341527235964405,-1.2771005630493164
6.71098989067457,0.682726263999939
4.54734483862441,0.7786151170730591
-5.16341129781556,-4.695926666259766
-49.062306315025,-18.26121711730957
5.26551760771767,-0.5888115167617798
3.33951124606136,0.47736749053001404
5.006519903780723,-9.679943084716797
4.05485944970297,-12.304250717163086
2.283405953189745,-0.44444507360458374
-2.66483863280114,-8.0117769241333
12.566471603210276,1.1796221733093262
-27.9020155354992,-16.631683349609375
8.88265541550952,0.6278623342514038
0.1652887870268324,-7.050548553466797
15.4985727759109,0.5332547426223755
9.014890317831036,-8.224395751953125
1.4803529144374856,-0.7101279497146606
18.1939100849816,1.0412931442260742
-2.6304973605131474,0.74109947681427
-5.493763326806099,-8.13082504272461
-0.6715208179901364,-0.15711566805839539
-36.7383193130824,-18.81861114501953
5.062784719364307,-8.449928283691406
-12.026803679110706,-8.757488250732422
-3.01321716593974,-0.25234103202819824
8.35813394800668,0.650908350944519
-3.60075442831331,0.5515955090522766
-9.509135784465323,-0.6006098389625549
-19.6175855102284,-14.250457763671875
-27.8629509568953,1.914015769958496
1.74273211890989,-7.830198287963867
-2.19578977406709,0.10677316784858704
2.42002639701588,-0.7616652250289917
-25.55316918036869,-15.731973648071289
5.635020609606415,-8.68454360961914
-34.727836669101,-13.589597702026367
4.4516036428765,-0.6857195496559143
4.967381413305823,-0.47021710872650146
-6.81516141534704,-9.286319732666016
-24.3954295810688,-9.229178428649902
8.658679095048068,-1.8699345588684082
3.7347243087796,-1.2570996284484863
-12.909633143366396,-31.47565269470215
-60.49569009623433,-8.35052490234375
-3.790702882666694,-7.679358959197998
-12.41068356063,-16.56700325012207
2.76740193393285,0.727234423160553
-18.9061714872788,0.547309398651123
-3.681083449701528,-10.167280197143555
8.13893448615947,0.6584810018539429
-51.402683514636095,-8.245826721191406
-3.0703466753296,0.5509138107299805
0.4646043967887734,-6.608386993408203
5.989492839405608,-45.54926681518555
8.833837192566008,-0.3918263614177704
-26.1965705632023,1.0385665893554688
0.0804428699766095,0.7207722663879395
10.229168329440906,-7.906810760498047
2.12042655289975,-7.8104400634765625
3.88810032819938,-9.505901336669922
-31.515616413872173,-14.285430908203125
2.28163515100639,-42.618675231933594
-9.633163292669298,-5.676140785217285
2.63206586722876,0.7467604875564575
0.3189015990893598,-6.867306232452393
-6.31868596379813,-13.76481819152832
-6.4648984000359935,-15.600166320800781
8.91646092056966,-6.208939552307129
-42.637521131086125,-34.19209671020508
-89.5439156156453,-8.611004829406738
9.179556151687803,0.7227703928947449
8.754663680824095,0.7558597326278687
0.8838679103249854,0.655379056930542
4.338369925074482,-1.091092586517334
-18.23432595343749,-8.469673156738281
6.92534745147092,-9.399253845214844
-1.768261666543676,-6.407921314239502
-7.87226820943855,-7.633892059326172
-12.0847368637308,-18.98202896118164
-4.4222229386498375,-7.777738094329834
6.63109301847755,-8.028646469116211
1.675381804264854,-6.430086135864258
-6.897600670415837,-0.5952503681182861
-12.2774867069717,-30.304386138916016
-3.963646539183849,0.9140165448188782
-2.552277046947741,-7.3220062255859375
-10.78700495517378,-0.1238134503364563
-6.426376983867103,-9.761207580566406
8.2142562177934,-10.17077922821045
-16.967828162594074,0.2758696973323822
6.07843040491799,-8.361043930053711
3.08443697315444,-6.488945007324219
-1.3811964732242277,-17.473602294921875
-4.51305804704249,-14.525379180908203
-9.93375477053989,-7.829624176025391
-0.6581754288220045,-17.677165985107422
-7.952166005584182,-26.649702072143555
-13.563015982384195,-27.86744499206543
-47.9957157156951,-9.348679542541504
4.96190002222477,-0.33360832929611206
-2.0240269290899,-8.229303359985352
3.47166270740147,-0.2995389699935913
-5.2815921348029296,-9.521684646606445
2.369358494612781,1.1784896850585938
-4.214346026907057,-11.554420471191406
-23.8934551543691,-17.314163208007812
-1.0659561461183158,0.6706481575965881
3.126169348435272,-27.03145408630371
2.35164464781062,-1.9571914672851562
-1.79502295092813,-7.669307231903076
-15.957982665262508,-24.338768005371094
-64.65676531723692,-8.583711624145508
-27.8195558011628,-8.283306121826172
-10.480511156242285,-15.5144624710083
-6.18357684414468,-11.357401847839355
-6.75960002722117,-18.37241554260254
4.4105627388370605,0.2932850122451782
5.58846482112586,-16.439346313476562
-16.8483709423333,-16.929363250732422
16.1850033157246,0.5104422569274902
-3.34531377329845,-15.936138153076172
5.893700156574014,-2.5854265689849854
2.745769909533195,-1.5009387731552124
2.53362859007723,-7.3986053466796875
1.0880788430276551,3.191445827484131
