Score,Pred Score
-13.812973987503693,93.7742919921875
-14.6311710829416,144.8265380859375
-15.020937907067507,76.6976318359375
5.61896917638109,1260.755859375
0.1461877509898399,-109.4921875
3.59745169898486,229.90447998046875
-6.72144892291601,-114.2960205078125
4.304204520484877,677.5208740234375
3.37898618824583,614.2327880859375
3.939818822274421,292.888671875
13.9953943577381,-600.9978637695312
-5.39913759737588,-1066.76171875
-2.204579993178592,-237.57269287109375
8.829561804598438,118.338623046875
6.01696699102072,-439.4844970703125
-6.376202369524528,-1360.357666015625
-6.50906463316165,-249.6461181640625
-60.92137282626391,-45.321533203125
1.99934019108803,-141.54421997070312
2.188685633501576,-178.52777099609375
4.07090957771029,-117.33544921875
0.5211206139658471,-507.201171875
12.5580583918003,144.95440673828125
3.320229681965675,16.7265625
-0.4381862293696001,60.3643798828125
0.1752112379752922,57.217132568359375
4.123908949931413,-308.76171875
-14.2382866820043,88.60688781738281
12.966325580978296,-293.51513671875
7.692941411907634,73.21893310546875
-62.9031214125763,-28.281494140625
-5.800670766453999,-145.9652099609375
-11.705366535732304,-1.7152099609375
-4.786538605318405,301.32501220703125
-82.4887013651952,152.3668212890625
-8.251107402184557,260.7333984375
1.61677665352485,-87.22332763671875
-11.916211326129387,91.65219116210938
-45.634880019414,-137.8505859375
-0.568998602339841,102.24615478515625
-12.147399114840605,-2.7410888671875
-27.4476544011683,96.63934326171875
-2.306526469902426,-11.07867431640625
-0.4835459876036119,110.87158203125
-8.39479061793487,41.65087890625
-46.862925671502296,-119.678955078125
0.3837795244341289,262.269775390625
7.184930267876617,778.021484375
2.8348518495029404,-109.92803955078125
-9.859535687586003,-236.20751953125
-6.00025755794808,-361.7135009765625
-4.764629840066975,730.777099609375
-2.377061578670744,79.197509765625
-2.0585753436264698,77.16217041015625
1.1848602197973823,346.0302734375
4.97603191479674,719.43408203125
4.27399441028646,-119.38018798828125
-46.2372447228831,-229.77880859375
-31.4759298257721,296.9833984375
-50.1674018945849,201.86767578125
0.9601515747159592,-284.3060607910156
-11.864177458483407,-2031.484375
-0.538262620928304,117.68637084960938
-0.6920482116816997,35.38671875
-1.5184696160120892,-323.22100830078125
-3.0836644409391925,-158.8974609375
11.316750179392892,288.8822021484375
-11.183106529127476,53.23284912109375
3.59102041590596,-98.63134765625
4.55602013063716,-166.21694946289062
11.579228393987275,10.668815612792969
2.3067635611900137,119.47027587890625
10.480393919522983,-150.99574279785156
-2.698100773809443,110.03759765625
3.776985072333982,130.9794921875
-11.773766374328297,-250.48956298828125
8.681027307740193,-932.36328125
-1.1091988250418725,25.5400390625
4.484288991501213,969.4755859375
0.0548896546292299,196.2119140625
0.1118559290339978,-80.0306396484375
3.9797293996962297,-520.7840576171875
-22.42608065327665,223.2698974609375
7.37064384347005,-41.1663818359375
-0.2642143205483515,220.4251708984375
5.344594984386832,-37.90264892578125
-1.2497809936708242,81.93133544921875
13.71198107208239,-212.11082458496094
0.5045482395984724,131.3353271484375
2.86709961553106,119.7335205078125
0.4423212163888063,278.0283203125
-3.724573545179619,-109.07025146484375
0.2570808252882703,1952.9609375
-70.65073406723695,-313.346923828125
-33.9587360563784,-205.609375
9.2088386022025,81.74296569824219
1.3318185914773402,-85.17578125
-9.176001953270983,-31.6412353515625
-10.497767159210698,-19.56298828125
-0.4402086584014632,173.4783935546875
2.1560784090827942,159.89434814453125
-27.1636490162131,-32.1412353515625
-0.670930828719279,38.48773193359375
-22.794043146736,77.3319091796875
0.8105828534072201,-529.2486572265625
1.2287673509824204,-61.9774169921875
-0.6435038581465955,693.962890625
8.474782023793379,251.7838134765625
-9.601847091024196,854.07080078125
-1.6610011043127195,-186.99560546875
-0.1091636509260827,92.10250854492188
7.570838092245207,-45.031982421875
-7.211196994815285,-28.271575927734375
9.090654061652296,-209.67340087890625
-26.6651088566214,210.09811401367188
-17.309192174305,51.922271728515625
4.14054171285972,63.74845886230469
4.097668935846943,-1170.186767578125
-0.29408409265346,32.34710693359375
-35.8165916579592,46.724090576171875
10.898098675545494,244.2979278564453
-1.6552655274048038,298.2072448730469
1.6729502580778592,-41.9686279296875
-6.42491227706334,-52.4833984375
-15.4752611754195,-236.8902587890625
-0.6907348474047925,917.4951171875
-21.3629045873375,-6.734100341796875
4.219145585451182,281.708984375
-3.019531285218114,-943.4986572265625
4.25311060075082,22.534820556640625
-15.0412339008878,695.40625
-8.237627320974727,72.8594970703125
-1.0683487237199796,582.0433349609375
-1.7174251595272625,-522.898193359375
4.069163600073605,217.9669189453125
-10.162041561092582,-46.55419921875
-5.97248436581227,55.612548828125
6.120538767403939,-524.3681640625
-0.8028238008287005,22.61651611328125
-23.6042929930625,260.59490966796875
-0.1777753404752198,-239.65972900390625
-5.785469568057495,162.92230224609375
-0.0556983764780604,-159.39724731445312
-25.4508968849616,451.923828125
-5.3185412482723295,119.2403564453125
9.1356503291117,-20.507415771484375
4.020569536845237,-196.5968017578125
-58.5527340809363,-1.9908447265625
-6.291328737399075,31.1669921875
4.187869588752649,74.243896484375
8.922207576391518,-67.49649047851562
22.7414116448382,-32.7786865234375
-44.6057608529879,197.7671661376953
-26.5129077898497,-175.3228759765625
-2.13735826282737,-32.87001037597656
-1.14890133483728,-275.84930419921875
-15.2234416939723,-41.681182861328125
0.369316059642221,317.50830078125
-0.6884117876070912,57.1336669921875
-5.8772631055401,-1483.5045166015625
3.6053774296538297,-197.298095703125
5.07108724357905,-130.03204345703125
1.292753014965791,-12.720947265625
8.440986836263871,-159.75537109375
-3.43040335892423,118.3607177734375
0.7651079053562314,-36.1715087890625
-37.13962469223695,225.9368896484375
-5.822632503482525,160.78485107421875
-6.879472048396067,-124.5810546875
2.11024229353816,-12.8876953125
-7.1526743450051855,15.9915771484375
-1.122073026503361,53.422576904296875
0.3302260274555297,113.178955078125
-1.178255647098801,-492.11474609375
-2.99361591491145,-13.8916015625
-18.1070051290659,33.815673828125
-3.0332808194811403,401.62908935546875
2.6303171850506604,15.010009765625
-9.72499716390718,38.8746337890625
0.2729453578388601,44.39892578125
-21.4503408223732,125.8304443359375
-4.99755531471552,-131.36724853515625
-18.0018409950579,228.57489013671875
4.00031385473591,-89.76181030273438
12.0378145652987,-660.0045776367188
14.1235470599023,-7.0972900390625
6.55729051148795,-480.53515625
11.19992297656359,172.33126831054688
-7.81388191369781,23.8341064453125
-2.924593214648255,69.540283203125
3.7667366885646025,162.673583984375
-6.68253431604433,-191.87948608398438
0.7345204104922589,243.15374755859375
-10.626155896203898,-75.177978515625
8.106852576346123,16.96484375
-58.24412469223692,151.94195556640625
1.4955767028094,-1129.746826171875
-17.6906096863185,-46.6810302734375
-4.813871520282443,49.58544921875
-11.8973420493851,-388.98193359375
-2.67676896274171,437.01153564453125
-3.9331393974605526,87.739013671875
8.756217929094177,-203.265625
-29.2662792150344,68.457763671875
1.7249239205326918,-63.265228271484375
-6.686975812883663,-99.81613159179688
11.10272802991041,44.320159912109375
-10.956818171714705,-59.89752197265625
-6.3500959185649,39.710540771484375
0.6681105368389735,-1946.5556640625
-12.500029270357295,-89.3804931640625
-2.591242863373206,-2.33685302734375
5.954690473588823,-235.9641876220703
-43.929359067237,20.5274658203125
-17.4841411730512,-32.5791015625
3.61441892535489,-200.75799560546875
2.1112971208509976,-3.142181396484375
-41.8026500314277,32.58795166015625
7.028135642932115,754.334716796875
8.463248256721428,-222.55810546875
-13.037072413777096,-88.1043701171875
-1.6307504375632549,129.6171875
-0.3284521577656807,-163.0445556640625
0.4685622181175212,11.839599609375
-5.316952415477393,-769.6217651367188
4.584421564331302,91.380859375
-20.3593816575191,44.29150390625
3.67041582610247,-312.68902587890625
2.204062447972561,300.89190673828125
-4.666937653128132,14.5498046875
-12.3781694316975,-140.59295654296875
7.06923762363823,679.99560546875
-37.2883298194418,-0.9759521484375
6.442434166934048,127.1875
-12.2162083245621,-174.7137451171875
-20.3623076046531,229.344482421875
-5.45440876641342,-68.8935546875
3.1416241584890576,233.62646484375
-4.96580172718434,-388.4169921875
-37.4061766871973,177.45263671875
6.46185690649625,-40.41192626953125
0.5403453062071405,-727.8740234375
8.656689402528613,-187.41458129882812
12.331931266595111,-102.84535217285156
2.75380173901167,-123.36210632324219
-2.8447496930443927,-563.48828125
0.0285872237409883,37.6171875
-73.5286754265322,-141.73114013671875
7.285509446842615,-126.7530517578125
6.72046542688671,-309.2115478515625
-6.19730890695259,152.61572265625
-16.4599719883519,18.6455078125
-10.288292260688207,-1490.1376953125
-10.285920522724917,-77.79736328125
-30.8171784242839,-20.70281982421875
-4.65691689928222,248.580810546875
-37.1716279374795,-303.46295166015625
-36.50577458359941,-251.53741455078125
0.7942566624333496,-409.7965087890625
-34.8552692363716,-38.845794677734375
-2.491707941339629,160.8817138671875
1.7387039934851498,-216.14486694335938
18.9715733525152,-113.31878662109375
-13.8996269060666,-38.597015380859375
4.17561229224804,17.8203125
4.7680640763497,16.756744384765625
-6.745372906074374,15.0263671875
7.262818938793504,-240.0882568359375
-55.7541546140486,-60.85308837890625
8.453421074249384,-48.356109619140625
-5.85807143580148,-261.7630615234375
-52.7336020518746,-73.03839111328125
-1.995826789875676,-749.979736328125
-1.3326443092463092,28.95013427734375
5.029017096161708,-403.35467529296875
-0.71117494174041,-2.74517822265625
8.243548509216069,415.0870361328125
5.81602235619721,208.0390625
5.978124919049687,28.62677001953125
-2.8859593337581737,-131.009765625
-26.0047332498617,-92.4603271484375
-1.5220929784942658,-143.37420654296875
-3.195242757261453,-330.6805419921875
-15.0089303719363,-82.40408325195312
-1.757118944268968,76.4178466796875
-13.5091075877696,-152.35400390625
-4.0681667574955,63.87237548828125
4.43276114617859,-68.29484558105469
-4.665207913971671,-102.89208984375
7.33919324558513,-284.6889343261719
-11.69780882660921,49.92608642578125
5.960801203295765,42.2100830078125
-29.9162730471743,118.97119140625
-5.331847529263395,-201.42236328125
4.2006804390709,-426.909912109375
4.76541245752904,121.53250122070312
5.87221574658101,-547.6953125
-12.955988512618,-225.97276306152344
-14.4061745570978,-59.92608642578125
13.644333664082708,-252.35794067382812
7.522446474796843,-159.20684814453125
2.858782897786812,-230.1865234375
-49.8653288018085,-221.1123046875
-4.029904705212941,636.3468017578125
-6.2026319104393295,48.1031494140625
4.452168509343501,141.66229248046875
-16.475900892606802,293.3525390625
-11.03094492075089,63.05718994140625
-8.08045020128908,-123.81640625
1.39259946716825,-16.45281982421875
-14.885807229381896,123.04541015625
-11.113180908425988,-412.21044921875
5.506094216928792,-173.253662109375
5.29091659278858,-117.54843139648438
3.42106467876526,158.8370361328125
5.162821279449693,126.81295776367188
6.020551076354931,83.39797973632812
0.8086942897832163,326.4412841796875
-8.80546181278599,-102.5250244140625
-7.42349600405968,-98.4814453125
-14.4731176558811,-216.15792846679688
-35.5448186771701,-118.5322265625
-1.657597602265355,-82.68136596679688
-1.930224441335125,117.3131103515625
-10.398648228661925,-226.29647827148438
-1.6521884315998507,24.303680419921875
1.3131129859732091,178.39111328125
-0.1240821746904601,-115.54971313476562
-35.1709788883515,-31.10675048828125
0.6771989561182002,192.87893676757812
-5.8677981963370005,-139.6912841796875
0.7982616963508231,-93.19802856445312
2.595279020812243,135.0572509765625
6.9472187772133225,876.92626953125
-41.1395198834054,-131.33953857421875
-35.4604736838065,119.90594482421875
7.87379173269718,14.31689453125
-8.72128086410909,114.9525146484375
-82.13826531723697,23.52099609375
-9.70693692529289,152.50177001953125
-61.4386715672369,-11.49932861328125
7.10938257895085,-713.8975830078125
0.4007388327427847,425.7939453125
-0.7455370396145937,-114.849609375
1.674966057420845,-110.14102172851562
11.877856996640997,-83.53854370117188
-0.9096556467231308,241.53326416015625
-1.4680391508473674,238.93362426757812
15.6414782015599,-42.119140625
-10.35739215730591,1425.42333984375
1.926107182225645,78.4150390625
6.99756701325662,18.592742919921875
3.54836143321337,77.88314819335938
-7.726553411266567,-197.2554931640625
-48.51478094223695,-14.14263916015625
-3.0453156276270903,-60.21826171875
-3.454798154796729,401.9140625
9.503977484174175,88.65863037109375
6.001532732018722,114.84774780273438
1.775572054007981,-5.861572265625
-2.6871577689602653,-189.56048583984375
-7.920344649869953,12.822265625
2.578081311550471,-25.9796142578125
-14.434457477598505,256.52783203125
-1.338045882914232,1.00347900390625
-44.1817825469333,-73.80780029296875
2.4314234692194163,-213.4094696044922
-2.35314836228574,211.937255859375
-2.07036107592124,54.7515869140625
-6.560167066336443,50.75592041015625
-2.54688332955635,299.10400390625
-7.940842049461227,-33.037841796875
-7.789052707582185,-287.0993957519531
-1.4295761119406232,30.66357421875
7.206977941743588,-190.36083984375
-4.081394009803599,60.19091796875
-30.167243616457,450.8204345703125
11.7225687296843,213.836181640625
-0.8984319813221007,927.759033203125
10.349523074958825,-60.270751953125
5.42147270471237,28.674560546875
-0.3136273830120112,64.3192138671875
4.398848813602776,-99.22676086425781
2.099307195887115,26.029052734375
-61.6890402284636,81.13525390625
-7.08434802004719,38.313720703125
0.6962467393230812,64.3671875
9.0758909366509,346.021484375
-1.9263965715605047,-204.720947265625
-6.262949496708321,-98.15731811523438
-4.739766082030863,-327.620849609375
-36.8822022827233,134.74285888671875
3.24770439300306,142.0123291015625
-2.289513933263135,58.86260986328125
1.41805545618482,-511.92059326171875
-24.4432878855492,-75.59823608398438
-24.96156751119129,-4.23193359375
-7.734574598544068,366.148681640625
2.79124989437018,-174.75457763671875
-5.17831154550348,120.2027587890625
1.5275640312561216,120.98194885253906
3.682989905065457,120.5064697265625
-10.8237586662752,46.66888427734375
-6.929951553081727,-13.03485107421875
-27.96215708599589,-2.918212890625
-2.88087637063392,-298.26904296875
-5.960419628776203,418.32275390625
-37.189874708633695,-104.10739135742188
1.1496085756031087,-391.8594665527344
-12.7137936794919,166.6033935546875
8.398744223780918,68.6614990234375
-33.3004252633332,-47.34564208984375
9.144089281431205,-15.65252685546875
4.065326821312747,-366.13525390625
-41.9047429025821,-216.3408203125
7.383552345763623,-309.1441650390625
6.364261125349779,182.70123291015625
4.841793570156368,261.9710693359375
1.6198341998494314,-31.8756103515625
4.179707781567577,-284.7310791015625
-14.7229944429405,1010.38037109375
7.078924552126015,29.9140625
-12.898019313824,-202.53826904296875
-70.8116033690518,154.1202392578125
12.7359625054994,-161.5435333251953
5.586124430090477,6.6361236572265625
3.028467183462371,-176.39501953125
-5.830142578087577,-174.42828369140625
-22.6841489367301,-25.5130615234375
-1.51657819068512,-3.6583251953125
-81.52648016021857,694.8492431640625
-3.36903782007548,68.89501953125
-18.707844022,509.714111328125
-34.48768519828235,32.47428894042969
-39.7169735486916,123.07269287109375
-1.593720937577549,152.2318115234375
-23.2954444871652,-34.901763916015625
-45.30258920076982,-182.0985107421875
12.5056328567953,-319.58837890625
-11.9299972333177,-306.445068359375
-37.9495035857927,-539.755859375
0.7001962140772594,-33.344085693359375
4.49418879319923,-529.59375
-39.0646563811545,-148.96868896484375
-9.09730633851708,41.751953125
-17.5589533745204,-123.1624755859375
-4.92782811871599,30.90869140625
-8.2299173561342,-22.56402587890625
2.60625970962018,-395.689453125
2.726862934921635,-37.62445068359375
4.071661498679735,226.26385498046875
-13.2494383747796,16.4453125
-11.9154244975033,-49.78759765625
0.9090871567987184,-2.66705322265625
7.92708077877978,-221.6318359375
-3.119647295186995,69.8251953125
-2.248378586620203,-201.266845703125
1.6646916021852596,43.773468017578125
0.1590569364430157,-72.91177368164062
-77.3623903172369,214.02056884765625
15.8859560938761,-186.984130859375
-3.11888044241469,-261.0634765625
-2.7468186065138984,-137.8759002685547
2.77922195660905,-280.802734375
4.052279150357491,-70.3487548828125
-4.03806373695381,33.814117431640625
-2.4461467814868523,-45.7783203125
-0.1639564470097907,-107.69482421875
0.8542168432631491,-32.1220703125
5.84905996845087,274.85400390625
-5.77665564868809,101.92941284179688
-3.7008288999313423,-538.939697265625
-7.18713065449027,-76.15719604492188
-0.9529303605806088,-63.777374267578125
-15.902118442879,-14.746337890625
-28.0636361890057,-257.53875732421875
-26.912205886836706,-63.6473388671875
8.596988309863011,111.22320556640625
0.2877587512502297,-92.1204833984375
3.3899996482015826,-48.635833740234375
-20.5869014386951,-335.6037292480469
-9.341800010912078,244.98974609375
0.1692077246922899,238.4345703125
-1.857666460494741,102.640625
-13.2752747780792,-0.99090576171875
0.7445982178878973,10.94873046875
4.49646859469848,-526.8232421875
3.60913262992784,447.28424072265625
-5.653435188749545,154.2730712890625
1.51502173443586,-40.701171875
8.143116180793372,75.21990966796875
-8.36164856265281,46.9898681640625
-1.130678948105339,35.178131103515625
-4.349210006555943,16.415695190429688
0.2594141505344826,-62.2274169921875
-32.1283374054069,-451.8414306640625
-1.9051378030600723,215.3411865234375
4.768047800449637,390.791748046875
2.264898495983479,-0.334014892578125
-6.47138721063866,2027.943359375
4.93167956005568,-167.607666015625
2.4851768276660025,79.58709716796875
-3.930469946192945,45.44036865234375
11.923948375295712,-382.2000732421875
11.616605850275496,145.81005859375
10.41580460128629,-2.00048828125
-8.700462669667385,20.115478515625
13.1991243046288,-93.333984375
-4.75101729862813,29.2607421875
-1.4230966237807086,429.126708984375
-2.07861348348741,-325.9189453125
10.292368565007404,260.107666015625
1.9007667723773176,9.72039794921875
17.1612744381531,56.083770751953125
-0.1428452494230792,-359.8638916015625
2.4933992323843923,-254.8990478515625
-13.861300672159,206.5882568359375
-1.7943154401891548,91.8203125
-4.15624175439773,-256.589111328125
-14.277645616907492,-21.1829833984375
2.713132201978397,-126.87646484375
-13.315456279797685,49.387542724609375
-5.36204355968609,443.9716796875
-1.4872271509121793,-96.269287109375
0.31232235517322,-150.0483856201172
3.0307168501552093,-103.597412109375
3.4484762474106,434.3457336425781
-34.0729170807354,-143.387451171875
-25.0659802428987,130.54345703125
0.86771933446589,-1011.426025390625
-11.996919710325,123.7779541015625
17.2594267615487,361.6602478027344
-56.2560888739038,-100.82867431640625
-12.7386491421071,-30.488372802734375
-3.520787796436005,-2.512115478515625
-0.8014467498558491,54.97674560546875
-34.7812340468876,-445.654541015625
7.158235365631607,-64.4232177734375
3.29681579894721,-585.5048828125
0.046018285265003,-28.89111328125
2.046344769010002,381.7652587890625
4.25403099118957,-44.98638916015625
3.7804230286959792,-53.73504638671875
-3.773219093074008,-88.01666259765625
-9.722403045722997,-63.14630126953125
2.81101468536903,269.82672119140625
-23.7494411406013,33.6475830078125
-75.56229656723696,-136.756591796875
4.366245372711767,-118.07119750976562
9.94612085382829,-318.58935546875
-8.207132148775708,-38.6802978515625
-3.09775596823669,20.077880859375
3.77256113899207,-83.8055419921875
0.2016574678685985,422.8935546875
4.38808277416547,566.517578125
3.7092867134231,204.0316162109375
1.6740112862957208,-541.13671875
-5.472376660417956,-111.95993041992188
12.283123760680592,44.393035888671875
4.417989059347175,-134.22802734375
1.907333647224608,-25.8734130859375
-3.73521146317182,154.4609375
7.837521570550837,235.41397094726562
4.82455755953161,-266.1728515625
-0.6472060937938101,-180.4239501953125
-8.237956686764985,119.50247192382812
7.36579899286375,165.9892578125
7.859716520666763,744.115478515625
2.765011277030255,-1113.6181640625
4.62415639298937,16.9490966796875
6.430237727930085,-155.7777099609375
2.44728958086436,61.0347900390625
-1.93656353174353,114.900390625
-33.7845903951132,-133.37469482421875
10.960301672714698,-417.6630554199219
6.147225205740463,-43.40960693359375
2.4659746492236927,-223.85498046875
18.2642273209106,-39.425933837890625
7.656482330373112,122.9107666015625
-63.2346715672369,452.00714111328125
-22.9610154952969,-250.07489013671875
4.39789099231211,-788.6240234375
-46.587141393021525,-191.9705810546875
-12.281506448986304,-241.08792114257812
5.220668557811489,-20.244354248046875
-1.4412632820262703,20.725723266601562
-35.163016426576704,-58.30517578125
-31.380009974583203,-315.91729736328125
-40.7258600860177,-112.15328979492188
-35.3994683825842,-218.96832275390625
-10.968565079401992,-28.54949951171875
15.384553292915324,77.6475830078125
-0.4271227388875901,321.45220947265625
-7.69948364751984,103.46533203125
-26.6822467124322,-53.16314697265625
-0.2823200449385875,-512.7836303710938
-3.8453528225106623,92.0001220703125
-2.4599041427842496,-475.77691650390625
-12.7315114055493,116.525390625
1.418014053180695,247.31787109375
-3.4922781726655696,-186.15673828125
9.58062385928767,-76.972900390625
-17.5801214502402,-107.35809326171875
-49.5120706514507,161.88629150390625
-0.4503474699443348,111.4039306640625
2.332279780348585,-1231.0615234375
-42.2483635713802,126.61361694335938
-5.00028834575103,133.63946533203125
-5.14141487663266,-40.502197265625
-19.923371510770203,-2.259063720703125
4.28301459624688,316.8267822265625
0.3224388648416145,222.74835205078125
6.795393661635613,1605.15625
6.720388221210122,-593.172119140625
-20.7558388881914,-494.551513671875
-12.5922662394529,3.27008056640625
-5.19085420781142,50.61468505859375
-27.3858072066324,-194.7386474609375
6.488490212037078,-117.88742065429688
-12.5233171201947,63.40216064453125
0.996650643215182,25.30584716796875
3.27144637329635,237.18350219726562
1.203208947199059,166.77880859375
4.5031585012656095,520.240234375
-46.6686841099013,225.66558837890625
3.600655729290548,-33.8228759765625
-2.7077151362496297,-551.64111328125
-42.936846127142296,-143.717041015625
2.679404112105611,6.7230224609375
-23.975827854410426,225.0579833984375
-24.4869919201538,-104.51348876953125
-6.22433036882608,231.16015625
-24.992167376126925,57.30120849609375
-9.742168339465294,-273.837158203125
0.1235817830644999,-50.962371826171875
-11.607028837624,17.14788818359375
5.321680837772678,-366.005615234375
3.3452637215970498,885.29296875
13.015759276594096,194.3798828125
-6.13466459150186,-510.13720703125
3.0897024917955025,-244.1849365234375
3.557691046156,38.8641357421875
2.0008593011464906,101.7596435546875
-1.2671721747064446,76.62518310546875
-2.989164004622407,135.45703125
-2.43808381047612,-84.21044921875
-11.30813578108209,-1416.689453125
-9.619042312244815,142.4892578125
-4.01456885639382,-257.3033447265625
-4.853312003098937,-152.3360595703125
2.78743688363977,-450.2177734375
3.6035536346157695,329.275146484375
6.09033976794457,-133.71778869628906
-5.89266438028177,-199.24502563476562
4.780848076735348,-171.7032470703125
-20.7592210135025,33.2373046875
-3.637071869773312,11.039794921875
-4.396710286499547,-210.19512939453125
9.04709717330502,80.8639144897461
1.69213972357191,-431.735595703125
-27.068723822751306,77.97119140625
0.2886204877907422,255.4091796875
-0.592182005541919,-296.527099609375
-4.736229867816737,300.221435546875
7.877641553655238,-28.80340576171875
-2.588665914009158,-40.777435302734375
4.72846919446815,53.14813232421875
3.42669038506664,66.17716979980469
-10.274169876330886,-1586.33837890625
-1.289264920121349,-325.408935546875
-6.9648772325347394,51.9627685546875
-1.2236747050651609,25.17828369140625
-12.208208404490907,103.012939453125
4.40921359309415,-58.028076171875
16.4171583068458,-143.98333740234375
-15.991582533821994,-197.59100341796875
7.809600001042748,-5.72900390625
-3.0331069492891496,173.96029663085938
2.603164662477901,85.36553955078125
-24.2572199033326,-191.95709228515625
13.667582002208905,-273.1240234375
8.19307228691883,74.05538940429688
0.4664503305112299,-85.212646484375
-6.46133524603972,73.4488525390625
-19.7520332208299,19.64599609375
-7.75971004909346,247.52197265625
7.66334596528203,38.78369140625
-27.64770126959135,-62.040435791015625
2.125547882163602,136.29397583007812
-1.8239337240231768,-207.521484375
3.3696784995100426,-133.298095703125
5.265272900492549,88.9111328125
6.753311816554961,57.4671630859375
0.9434331950199416,-261.596435546875
2.13745295521649,14.770416259765625
2.76912169862866,-207.00143432617188
2.409764321136161,-200.10595703125
3.7606671418030695,-119.74920654296875
0.555665600488549,-90.502685546875
-89.04756219223692,-316.32373046875
6.987950206462267,234.44580078125
-10.09410467002709,325.6278076171875
8.16191414696451,-17.277618408203125
-10.731303688850904,-38.113128662109375
7.588764503474316,348.8863525390625
-5.25293160621848,5.12103271484375
2.3065604778561424,106.9114990234375
-3.8022266666193874,79.86309814453125
3.22816419080692,40.3040771484375
1.1941842843275,71.0107421875
9.772192422094813,76.141845703125
-2.489313079893845,186.53759765625
-13.547300817594484,-73.144775390625
-1.5403494549472296,154.1702880859375
-5.139364658294922,-168.43922424316406
-1.32131943338233,1711.37060546875
-0.5284321769112605,390.7708435058594
0.1119561526876595,221.34616088867188
14.8508222506114,53.9970703125
-0.0918051514147744,-169.5542449951172
-1.7237618714553775,187.926513671875
-1.5699354762224491,-2019.7890625
1.5718362711845366,244.2591552734375
3.58036180553514,-92.02774047851562
7.45084701577923,82.83204650878906
-7.378812419643663,-175.55343627929688
-33.1832620874725,149.43179321289062
-6.066411004621831,164.1102294921875
-16.4910721624856,-29.26123046875
0.8267526169764301,45.292724609375
-9.762453719841735,213.0628662109375
8.07102955700163,-156.98568725585938
1.741670982094262,126.56883239746094
-0.0053525606393112,1807.734375
-51.4043293278057,56.9222412109375
14.9415296965116,1049.5660400390625
8.70853787657841,13.2354736328125
-2.149900469098629,-118.6668701171875
14.8229623836697,187.57717895507812
-0.0379657812584102,-1366.634765625
-15.3173389528898,-20.916107177734375
-1.7663441991754285,274.531982421875
-6.708306328674888,-34.65972900390625
-78.7451798053926,105.15518188476562
-0.5413656534735456,124.818359375
9.625121597198186,193.05715942382812
-3.15562863494722,-310.703125
9.60447820177431,1072.634765625
-3.31847606547329,520.923095703125
-4.12581810820042,-12.228546142578125
1.7706121017107803,67.40188598632812
0.5117341060036625,-111.66940307617188
2.63157412115867,34.4134521484375
-4.763634360062484,1517.3681640625
-11.18181257464061,-337.64862060546875
-39.4932668903457,158.4287109375
9.206200380526292,-196.58697509765625
-2.93911844531118,105.4150390625
-28.13472322157985,-381.15838623046875
9.62907409316032,-345.859619140625
-7.042636248773623,-41.85337829589844
-4.03025121975644,-34.1240234375
3.42951329804928,-75.7899169921875
2.5565427438131976,-87.032470703125
2.8513084033656,25.969284057617188
-5.5623675139736175,-45.264312744140625
16.9968892380515,143.25576782226562
-4.144685584269085,186.8134765625
-11.221818720505304,139.1749267578125
-2.111656589218961,-44.93597412109375
-1.626797120535592,-133.13385009765625
0.7652624054000594,165.80029296875
-21.5531296050118,-169.33770751953125
-13.053772031257305,35.86553955078125
5.42509465390903,-157.15771484375
-5.5186956836840375,-99.26275634765625
-2.260381023139061,80.66192626953125
-30.3377383335249,23.30938720703125
7.380729755239978,-111.64044189453125
-4.172986764275874,26.032958984375
-1.2036514942358316,59.858306884765625
-35.2906329121599,-400.981689453125
-2.54595208771381,-55.3609619140625
-10.901275449743116,41.53631591796875
-17.0078420331655,35.084075927734375
-17.0314498829154,76.082275390625
-11.9784507557909,33.842620849609375
-19.469018973061075,38.1551513671875
-3.2142130797467816,47.8275146484375
-0.5663484394051013,-176.9923095703125
-21.2195468929047,-173.02828979492188
8.077984978184695,83.53189086914062
-17.0119321722455,-57.31243896484375
4.67424026120176,-102.302734375
-47.9875704511971,107.42413330078125
4.316615136301563,-60.48822021484375
11.2728180991378,19.214813232421875
-3.5546157663424616,73.016357421875
-3.15887949932979,-149.5341796875
-1.6422791314174887,37.13751220703125
-3.448025235667948,84.13507080078125
-13.5632540546311,93.47488403320312
0.8825935384285006,-43.456268310546875
3.27100049685324,361.2171630859375
-0.7762273913233743,-73.1683349609375
1.026942322157092,398.2405090332031
9.859104788483815,74.00244140625
-1.9977872313530125,171.7979736328125
-13.1809903671301,33.19917297363281
-35.1782981083837,38.219482421875
-35.8337806803641,198.19580078125
-7.639409008216227,223.16197204589844
-15.746453943284,247.56646728515625
1.055995951979529,24.5849609375
3.987299411465438,-132.12884521484375
-37.0930621901092,-2.4063568115234375
16.694612728237402,-23.760498046875
-4.527979888097892,-20.217864990234375
14.6352674345898,-125.87713623046875
5.034618319433818,22.91015625
-3.77133000272187,36.23388671875
-1.61504571199055,114.4058837890625
-56.3663437951974,-411.412841796875
10.088450856398616,-15.499267578125
-14.285610883283098,45.0419921875
2.6210618799141923,-12.926513671875
-2.308732762121495,-107.56716918945312
-83.9761260280997,71.8001708984375
-1.03656181464744,-181.05517578125
10.16232173056559,-60.253173828125
-3.12013961477547,211.36126708984375
3.010752586641185,196.681640625
-1.5178355576616795,-67.6102294921875
-2.60072537807549,105.08935546875
-2.367312137177082,-89.54681396484375
6.075310726130807,-22.660720825195312
2.24572304437811,407.73828125
0.2044267191685782,-28.54388427734375
3.85944773684647,331.223876953125
-14.409506408843407,97.796142578125
-2.683955047842884,-166.43359375
-0.0075038478591599,-165.447021484375
7.190050317883171,3.5263671875
-2.1691769605730515,120.25726318359375
-7.910003358009165,-613.0736083984375
-69.1366966634013,89.74160766601562
1.437241653553571,-57.57440185546875
-20.7409218490905,-203.62255859375
3.78247800369874,386.5224609375
7.909526276907584,-20.782073974609375
6.097122298913325,-131.59771728515625
24.5800902168924,247.852783203125
-9.979741434164584,-3.345703125
3.1327986373042376,-27.3802490234375
-8.393586343504198,-67.0574951171875
8.678125432705007,285.4195556640625
20.7428439693387,-69.65432739257812
-1.511416195100045,88.66796875
-23.3725501337939,87.2889404296875
4.69437535963172,173.580322265625
8.24149319055937,-91.34066772460938
-0.2898522089969393,-283.12506103515625
-7.19378137939456,288.6470947265625
1.0271109700113177,-10.13311767578125
-14.564555056626377,676.453857421875
-9.657849716236,137.78656005859375
-0.7280966227290082,123.31005859375
-21.8962191024866,-253.912353515625
-40.2614734397264,575.86669921875
-1.77750068778882,351.89892578125
-28.3488859938485,604.53076171875
-8.184373188662292,86.08245849609375
-6.135426654744688,538.7724609375
-3.270422191581055,25.99310302734375
-6.055427015859325,116.01318359375
-34.3143130117107,258.45166015625
-50.4820483838523,133.14907836914062
-4.639593570653838,-264.7988586425781
-21.0606958753072,42.462890625
8.747205755218493,94.29776000976562
0.6884341878779402,1284.716796875
0.300408103033295,1362.19384765625
-2.6184282494780104,-66.659423828125
-37.3999740396079,-40.759613037109375
-10.594900847222812,-136.368896484375
-23.227454082363305,71.86520385742188
-15.4814292943448,-57.9715576171875
-6.89310310865277,477.04638671875
-11.7962452523223,71.945068359375
-0.3887710448227697,426.8212890625
-4.0896099478500325,96.826416015625
-42.6579269422049,-36.373291015625
-2.095241650043551,-92.524658203125
8.45389840526827,244.14111328125
-15.5157954828953,229.7484130859375
-1.9802660997523944,183.56072998046875
1.8368511005450223,25.6009521484375
2.11900133622217,-301.99871826171875
-38.4962238749225,-386.27783203125
0.8069046214032297,-7.131103515625
-1.73607437190069,-92.7398681640625
-8.46093254820262,-71.2904052734375
-0.0780407432645869,659.80078125
5.009535132419683,-30.6336669921875
-74.9399761386801,123.72171020507812
2.806732553915905,47.7293701171875
-10.415057364934407,-28.55902099609375
-4.81834176383161,-560.348876953125
-1.4920816076829602,49.010101318359375
-0.003939288658445,-35.95037841796875
5.86288473591452,39.7454833984375
0.4443344011282492,105.0968017578125
5.72263802046558,-381.45849609375
5.46583466116103,3.09832763671875
5.05355462238675,26.59613037109375
-17.190033530139498,-188.20416259765625
-10.1192188918475,-526.2117919921875
-10.539071528779305,-65.7432861328125
0.2492257167476033,1385.533203125
5.35198813185094,-88.780029296875
14.9823899147147,-237.47412109375
1.7336328627834918,-90.98345947265625
3.2582764286422226,-720.708984375
1.1615369027166365,-85.79705810546875
-42.4099588259267,84.2149658203125
-38.7823663998969,-235.64752197265625
7.99575647038201,-57.29510498046875
11.644495901203598,-504.2451171875
-39.0956747424042,-4.2989501953125
-38.6438610292767,-186.3572998046875
-40.5029244010595,-109.61566162109375
-22.8644313188967,14.96405029296875
-0.897066728281827,8.4139404296875
-17.6830733389949,174.422119140625
-0.0084306638066775,-164.5064697265625
0.5394390329931549,-48.1287841796875
-21.61387508166409,-108.94696044921875
5.053393098685065,-468.0457763671875
-15.7834934865799,31.4539794921875
-58.40351531723695,45.79168701171875
8.86280218600469,-237.7177734375
1.888243484494037,106.69972229003906
8.99923705482913,-55.0238037109375
4.133325903305868,1155.16552734375
4.774357664359128,54.48553466796875
7.418770080750715,-252.83018493652344
-2.25262466719878,-38.138427734375
-7.071587649042333,-66.0885009765625
4.398742241377427,259.322265625
-8.692928400841772,-954.21875
2.334382802629,131.39923095703125
2.8274240704709,-85.78274536132812
2.1747311895065486,-130.236083984375
-11.9965988914421,-27.1038818359375
2.776867734737273,216.41949462890625
-12.4595255596924,37.134033203125
18.5317724911246,139.1794891357422
6.86106163750481,-458.6884765625
-19.1693792779686,2.663330078125
-4.20883890972707,-64.0511474609375
-0.3530077955256401,198.17697143554688
-1.6020246929696491,-49.81414794921875
-7.57557880794988,-5.068603515625
13.9692836454661,-66.197021484375
1.289294757415069,-283.37127685546875
-20.3746494688195,133.51168823242188
-8.044482691931467,-84.289306640625
2.51340467963473,105.59466552734375
11.0282847349576,254.5843505859375
-1.3944922949507652,-107.1282958984375
-26.2706781913698,-193.270263671875
-71.7765711158932,-104.248291015625
-44.2857422252861,-1.1776123046875
-3.057699221935841,-186.68017578125
10.116767222520318,240.8604736328125
-46.9980356488569,109.02423095703125
-8.677497573270493,3.3182373046875
-25.781275563237,-52.2364501953125
-2.941164138388841,-89.48974609375
-26.5692742661385,-71.99774169921875
1.2555345380058751,297.63543701171875
-0.810306898238276,210.72216796875
0.2404076931068699,63.439453125
-2.5590885431480426,55.993896484375
-11.9846830308257,30.4215087890625
-5.775806690181939,355.08172607421875
1.9806048133258944,52.9718017578125
16.618750626525,-166.963134765625
8.204494762209066,-218.42706298828125
6.80321923705408,623.18115234375
11.710679650337616,86.889892578125
3.181253849239128,401.048828125
0.90894434552881,207.414794921875
3.547124544521316,-193.33935546875
-2.202886656443709,373.8377685546875
-11.133669865203094,65.02362060546875
9.328533024448705,-368.8974609375
-0.7012610501602399,-245.2078857421875
-0.3170472839931941,-119.76498413085938
-2.3458288386735573,185.600830078125
-26.1191329979098,-208.5509033203125
-2.33292598982445,374.8392333984375
2.461922216333884,-210.3277587890625
3.73205068567752,-95.41455841064453
-22.4462583852743,-225.25537109375
16.899113604615202,226.121337890625
-2.85382252753121,3.551025390625
1.2705701336207027,51.428466796875
7.960789166364423,3.946044921875
2.71808902854303,78.4630126953125
5.5273920092716775,-37.08294677734375
-4.11149235653684,-148.05154418945312
-20.9676231329802,97.1044921875
-0.89184437235696,-46.5048828125
-1.2816619609782416,77.72561645507812
4.85634828411675,-148.81878662109375
6.429854346358795,-202.43743896484375
4.71112087372323,23.180908203125
-30.7199022255615,-126.31866455078125
-3.8590388668775,-81.811279296875
-10.6557437737239,135.42730712890625
-13.4460672849668,-70.38760375976562
-5.527709296795018,101.04299926757812
-1.876637029070265,55.0537109375
10.2532613363299,777.5634155273438
3.00680128293027,-531.951904296875
19.33685959748449,31.8468017578125
-0.1058882282985149,148.9112548828125
14.3436638764016,194.32708740234375
-16.1535771788668,-128.5841064453125
0.9480162028997956,14.2626953125
-18.5891767455387,34.08544921875
13.309934514349203,111.91860961914062
6.02246857213521,-373.99462890625
5.16750826555368,-116.5511474609375
-1.0190872666435924,397.72265625
-19.100904418149,21.03594970703125
4.743603615290096,31.41357421875
-13.8157551615103,-27.9178466796875
-3.802611775309477,-324.59521484375
4.30511943579503,-7.66064453125
-22.482844278002705,2.233184814453125
0.60779733849738,100.98672485351562
17.8138573048897,-250.78236389160156
-38.4626262988146,-237.734375
-0.6089836493556324,-97.0205078125
0.8617451361473882,-534.377197265625
-2.40000424902785,121.946533203125
3.7078671714499096,-48.01409912109375
-2.390619984667185,555.703125
-15.559462368784592,-118.26736450195312
-13.790764753514,30.93536376953125
-9.325981865786185,187.95379638671875
-58.4491138315396,1.06475830078125
9.550892694239591,-224.15310668945312
4.435147085081137,141.76956176757812
-2.3538192484503564,155.0360107421875
-5.83438093189622,-43.68524169921875
-7.10827059552493,-27.7467041015625
-12.414939844598162,67.3028564453125
6.6154810826822,5.82501220703125
1.3155747227446202,84.12261962890625
-2.56542276271332,200.55502319335938
-13.546032832554804,104.1217041015625
-16.600339428286603,93.988525390625
2.9737175212081803,-30.827880859375
6.167862854629888,-53.23883056640625
-40.922076323723,-95.17120361328125
16.9349100756105,-187.723876953125
-12.24911226903676,48.1669921875
4.867927463076468,297.3458251953125
-21.6327950573002,-232.0101318359375
7.11033993521173,232.6979522705078
-9.59094984812801,107.91387939453125
4.92186081619874,-40.9056396484375
-7.815562497274902,-48.5225830078125
-2.20364176327536,248.42578125
-19.6754058911438,108.88909912109375
-91.8886792382854,-12.73675537109375
-20.9507978903398,-90.5401611328125
-17.8084408175675,-44.16143798828125
-62.9612541332419,153.034912109375
5.598134989920393,-182.92596435546875
-7.283890318199592,55.3525390625
6.1026124307435,-3.3729248046875
7.42840635595139,170.98098754882812
-5.179391847578812,-62.4505615234375
-4.873152982370568,-113.957275390625
7.276768036701751,476.134521484375
-10.739322929783883,-102.39828491210938
-22.9219832537164,160.8846435546875
1.5259403537211615,277.7904052734375
-44.7886924625105,145.3028564453125
-3.72583443525641,538.4365234375
-14.57002364123529,34.49505615234375
-10.128266274366498,-277.24688720703125
-28.0249952668106,149.5556640625
-26.24662901330595,47.1920166015625
-40.3645652505015,-15.0361328125
-30.8056950922951,72.35113525390625
-3.9552380984537248,-186.52020263671875
-2.1789667599796294,-53.052734375
-0.5734820606807138,33.1585693359375
-1.1617148968623687,63.77459716796875
3.42848617073407,927.745361328125
-17.4030551064212,254.76800537109375
3.88109013796494,53.839599609375
9.400493271217616,-287.38189697265625
-11.302161927872188,20.67913818359375
-13.3709137252944,-229.67315673828125
-6.79658968512302,-16.4593505859375
4.509456424718162,-61.7913818359375
5.45103123545738,-40.46484375
8.149714042401495,28.7364501953125
-12.909180343140196,277.2952880859375
-6.61979034735207,-103.275634765625
11.9978624338519,-29.8409423828125
-12.53254789251529,-92.416015625
-8.36198121766124,-332.9874267578125
-4.361976736345532,144.81658935546875
-0.1898191226144924,-113.71856689453125
2.3166834950764685,-124.3173828125
-12.6203596574975,64.25830078125
-1.207429910073891,15.48828125
-29.7403775200217,299.9375
5.31082796058257,-218.860107421875
2.97844031586002,41.786346435546875
-12.533050119535002,37.955322265625
-5.8684323426223,-105.53466796875
2.391980620215489,-12.39288330078125
7.73570234615748,51.469207763671875
1.166748445159433,218.3603515625
6.093529951556334,-330.2109375
17.709922444879297,-176.54556274414062
11.779516260068313,402.7013244628906
2.4866177573815964,-562.939453125
-30.89708550466269,-45.51287841796875
-9.231606713935047,320.5180358886719
-13.4089268865456,-197.552001953125
-9.06573754635488,-45.519500732421875
9.30630078585379,261.92059326171875
-7.156550033865472,113.71380615234375
-10.5414716495377,-86.17645263671875
-27.8178569354009,-38.44970703125
5.3817717725564,-77.890625
-35.155236696245,90.54052734375
-21.4141717786538,191.20059204101562
-2.6053130644292946,95.2205810546875
-9.953220777101093,79.1884765625
-8.798237091769485,-106.4248046875
-27.6920167541674,249.7720947265625
8.017093587799739,141.7744140625
-0.3550158381598589,124.4144287109375
-1.19024715514191,-133.846923828125
-3.2855896341823474,-174.71826171875
1.844566842421384,-53.128814697265625
-30.7366736665872,-351.18560791015625
-11.338238855350506,-30.5770263671875
-1.059512617215007,-72.0474853515625
-33.7712071062874,-529.080322265625
3.812227003524945,124.978759765625
-2.8472026300298463,16.626129150390625
-21.5871320482388,-61.67524719238281
1.845960760756301,-89.66650390625
9.06213659212517,55.52423095703125
-13.950148061363093,-187.63851928710938
-15.1006814359747,-183.1873779296875
-8.65496498210776,11.5386962890625
-31.18852367408345,-662.67724609375
2.35160533891099,-86.5794677734375
-7.06329362397977,247.804931640625
-11.299328727708405,-7.3787841796875
-5.73967918172164,-107.62139892578125
-4.062121175440552,-115.72705078125
3.62056380925444,-551.3065795898438
-6.512385872303066,-132.2135009765625
