Score,Pred Score
-13.812973987503693,126.267578125
-14.6311710829416,220.56866455078125
-15.020937907067507,30.1485595703125
5.61896917638109,-1653.443359375
0.1461877509898399,-142.748046875
3.59745169898486,141.98260498046875
-6.72144892291601,-166.124755859375
4.304204520484877,261.940673828125
3.37898618824583,393.5371398925781
3.939818822274421,-258.77001953125
13.9953943577381,-732.912109375
-5.39913759737588,981.640625
-2.204579993178592,-279.06719970703125
8.829561804598438,-35.9163818359375
6.01696699102072,-282.4969482421875
-6.376202369524528,-1773.943115234375
-6.50906463316165,-552.6636962890625
-60.92137282626391,-353.45947265625
1.99934019108803,-164.51766967773438
2.188685633501576,-155.7023468017578
4.07090957771029,-466.40966796875
0.5211206139658471,-11.927734375
12.5580583918003,82.71755981445312
3.320229681965675,-984.3798828125
-0.4381862293696001,108.14984130859375
0.1752112379752922,41.315338134765625
4.123908949931413,-698.310546875
-14.2382866820043,112.51901245117188
12.966325580978296,-787.643310546875
7.692941411907634,94.8228759765625
-62.9031214125763,-61.29925537109375
-5.800670766453999,-166.0364990234375
-11.705366535732304,-0.5433349609375
-4.786538605318405,404.4495544433594
-82.4887013651952,195.16482543945312
-8.251107402184557,194.422607421875
1.61677665352485,-118.1109619140625
-11.916211326129387,147.67877197265625
-45.634880019414,-107.76800537109375
-0.568998602339841,65.48898315429688
-12.147399114840605,41.6966552734375
-27.4476544011683,157.27764892578125
-2.306526469902426,-68.99749755859375
-0.4835459876036119,-91.6419677734375
-8.39479061793487,24.707763671875
-46.862925671502296,-159.43695068359375
0.3837795244341289,213.249755859375
7.184930267876617,-186.7841796875
2.8348518495029404,-42.24513244628906
-9.859535687586003,-1515.6796875
-6.00025755794808,-380.561767578125
-4.764629840066975,59.417724609375
-2.377061578670744,559.4737548828125
-2.0585753436264698,155.9864501953125
1.1848602197973823,-192.42578125
4.97603191479674,852.0707397460938
4.27399441028646,-165.51318359375
-46.2372447228831,-280.3104248046875
-31.4759298257721,-26.34130859375
-50.1674018945849,242.10098266601562
0.9601515747159592,-374.9095153808594
-11.864177458483407,-2144.404296875
-0.538262620928304,254.037109375
-0.6920482116816997,-8.31591796875
-1.5184696160120892,-369.9019775390625
-3.0836644409391925,-141.5882568359375
11.316750179392892,103.622802734375
-11.183106529127476,-4.4375
3.59102041590596,-79.63818359375
4.55602013063716,-187.711181640625
11.579228393987275,-14.535400390625
2.3067635611900137,138.273193359375
10.480393919522983,-167.1396026611328
-2.698100773809443,124.62127685546875
3.776985072333982,65.6767578125
-11.773766374328297,-255.40972900390625
8.681027307740193,-833.880859375
-1.1091988250418725,35.377197265625
4.484288991501213,1712.55029296875
0.0548896546292299,933.37158203125
0.1118559290339978,-19.937255859375
3.9797293996962297,-570.93603515625
-22.42608065327665,176.1885986328125
7.37064384347005,-91.96435546875
-0.2642143205483515,82.550537109375
5.344594984386832,-104.06684875488281
-1.2497809936708242,124.703125
13.71198107208239,-200.03250122070312
0.5045482395984724,-73.060546875
2.86709961553106,116.04107666015625
0.4423212163888063,179.98583984375
-3.724573545179619,-242.12109375
0.2570808252882703,2113.0888671875
-70.65073406723695,-275.15673828125
-33.9587360563784,-159.5877685546875
9.2088386022025,92.1912841796875
1.3318185914773402,-1935.9111328125
-9.176001953270983,-71.55838012695312
-10.497767159210698,-33.0687255859375
-0.4402086584014632,194.37353515625
2.1560784090827942,180.1737060546875
-27.1636490162131,-9.78564453125
-0.670930828719279,-138.37908935546875
-22.794043146736,35.06573486328125
0.8105828534072201,-808.379638671875
1.2287673509824204,-55.0272216796875
-0.6435038581465955,916.44140625
8.474782023793379,179.3284912109375
-9.601847091024196,787.67431640625
-1.6610011043127195,-220.3203125
-0.1091636509260827,149.6627197265625
7.570838092245207,-44.593017578125
-7.211196994815285,-77.046142578125
9.090654061652296,-201.74298095703125
-26.6651088566214,183.75039672851562
-17.309192174305,-2.00439453125
4.14054171285972,156.61285400390625
4.097668935846943,-1388.8759765625
-0.29408409265346,44.281494140625
-35.8165916579592,91.84994506835938
10.898098675545494,297.0023498535156
-1.6552655274048038,351.5367736816406
1.6729502580778592,68.49334716796875
-6.42491227706334,-30.09320068359375
-15.4752611754195,-284.3551025390625
-0.6907348474047925,755.3538818359375
-21.3629045873375,-46.10015869140625
4.219145585451182,25.405517578125
-3.019531285218114,-953.592529296875
4.25311060075082,74.87905883789062
-15.0412339008878,639.359375
-8.237627320974727,127.381591796875
-1.0683487237199796,808.7349853515625
-1.7174251595272625,-643.7454223632812
4.069163600073605,150.0804443359375
-10.162041561092582,-89.24078369140625
-5.97248436581227,29.00830078125
6.120538767403939,-687.334228515625
-0.8028238008287005,27.5068359375
-23.6042929930625,246.7965087890625
-0.1777753404752198,-261.8067626953125
-5.785469568057495,146.25927734375
-0.0556983764780604,-180.63330078125
-25.4508968849616,-70.359375
-5.3185412482723295,139.4859619140625
9.1356503291117,5.3199462890625
4.020569536845237,-108.26466369628906
-58.5527340809363,55.2147216796875
-6.291328737399075,39.7431640625
4.187869588752649,46.30615234375
8.922207576391518,-27.2882080078125
22.7414116448382,-122.492431640625
-44.6057608529879,205.82705688476562
-26.5129077898497,-165.180908203125
-2.13735826282737,-114.89349365234375
-1.14890133483728,-310.7709045410156
-15.2234416939723,-71.3668212890625
0.369316059642221,-2.917236328125
-0.6884117876070912,-17.3804931640625
-5.8772631055401,-2387.074462890625
3.6053774296538297,-217.79159545898438
5.07108724357905,-86.33334350585938
1.292753014965791,-54.932861328125
8.440986836263871,-199.0521240234375
-3.43040335892423,-168.0172119140625
0.7651079053562314,-3.757568359375
-37.13962469223695,271.978759765625
-5.822632503482525,100.021484375
-6.879472048396067,-217.75732421875
2.11024229353816,-48.7735595703125
-7.1526743450051855,-67.6690673828125
-1.122073026503361,-17.0869140625
0.3302260274555297,125.9976806640625
-1.178255647098801,-69.4189453125
-2.99361591491145,2010.390625
-18.1070051290659,30.34747314453125
-3.0332808194811403,210.69476318359375
2.6303171850506604,-318.6094970703125
-9.72499716390718,82.44451904296875
0.2729453578388601,-433.5303955078125
-21.4503408223732,68.05035400390625
-4.99755531471552,-156.76406860351562
-18.0018409950579,311.8831787109375
4.00031385473591,-71.33901977539062
12.0378145652987,-661.7546997070312
14.1235470599023,-72.3675537109375
6.55729051148795,-759.07666015625
11.19992297656359,42.3157958984375
-7.81388191369781,-49.5753173828125
-2.924593214648255,-237.25439453125
3.7667366885646025,66.65924072265625
-6.68253431604433,-203.84072875976562
0.7345204104922589,326.4906005859375
-10.626155896203898,-47.2196044921875
8.106852576346123,-223.266845703125
-58.24412469223692,237.57452392578125
1.4955767028094,-1470.297607421875
-17.6906096863185,-64.1787109375
-4.813871520282443,48.6549072265625
-11.8973420493851,-293.353515625
-2.67676896274171,482.92578125
-3.9331393974605526,58.77294921875
8.756217929094177,-96.212890625
-29.2662792150344,-27.5462646484375
1.7249239205326918,-78.4561767578125
-6.686975812883663,-91.96893310546875
11.10272802991041,-27.86041259765625
-10.956818171714705,-72.661376953125
-6.3500959185649,-13.076873779296875
0.6681105368389735,-2226.1123046875
-12.500029270357295,-353.7197265625
-2.591242863373206,48.31915283203125
5.954690473588823,-204.20318603515625
-43.929359067237,100.37652587890625
-17.4841411730512,-31.0830078125
3.61441892535489,-188.7144775390625
2.1112971208509976,-83.68008422851562
-41.8026500314277,82.2103271484375
7.028135642932115,688.779541015625
8.463248256721428,-418.09246826171875
-13.037072413777096,-102.447509765625
-1.6307504375632549,-344.574462890625
-0.3284521577656807,-104.64854431152344
0.4685622181175212,53.768310546875
-5.316952415477393,-897.7844848632812
4.584421564331302,37.54638671875
-20.3593816575191,72.026123046875
3.67041582610247,-323.86181640625
2.204062447972561,383.63800048828125
-4.666937653128132,425.36669921875
-12.3781694316975,-172.16131591796875
7.06923762363823,789.9981689453125
-37.2883298194418,15.52825927734375
6.442434166934048,455.688720703125
-12.2162083245621,-177.65234375
-20.3623076046531,380.72088623046875
-5.45440876641342,-118.2086181640625
3.1416241584890576,249.9737548828125
-4.96580172718434,-387.82147216796875
-37.4061766871973,269.080810546875
6.46185690649625,-52.84942626953125
0.5403453062071405,-1569.2978515625
8.656689402528613,-232.61631774902344
12.331931266595111,19.706787109375
2.75380173901167,-141.32327270507812
-2.8447496930443927,-1213.9404296875
0.0285872237409883,19.501708984375
-73.5286754265322,-140.54025268554688
7.285509446842615,-115.42352294921875
6.72046542688671,-266.14178466796875
-6.19730890695259,219.1988067626953
-16.4599719883519,49.09954833984375
-10.288292260688207,-2305.4169921875
-10.285920522724917,-53.5853271484375
-30.8171784242839,-43.79156494140625
-4.65691689928222,424.71142578125
-37.1716279374795,-351.27899169921875
-36.50577458359941,-285.06292724609375
0.7942566624333496,-554.8079833984375
-34.8552692363716,-43.80841064453125
-2.491707941339629,166.8763427734375
1.7387039934851498,-224.64068603515625
18.9715733525152,-58.2403564453125
-13.8996269060666,47.50018310546875
4.17561229224804,13.5048828125
4.7680640763497,-37.156829833984375
-6.745372906074374,-594.98291015625
7.262818938793504,-860.186279296875
-55.7541546140486,-90.4896240234375
8.453421074249384,-37.750274658203125
-5.85807143580148,-229.26220703125
-52.7336020518746,-31.51397705078125
-1.995826789875676,-945.854736328125
-1.3326443092463092,-30.7625732421875
5.029017096161708,-483.3271484375
-0.71117494174041,17.942138671875
8.243548509216069,453.1209716796875
5.81602235619721,285.5081787109375
5.978124919049687,127.38427734375
-2.8859593337581737,-899.53173828125
-26.0047332498617,-110.599365234375
-1.5220929784942658,-153.237060546875
-3.195242757261453,-406.997314453125
-15.0089303719363,-120.47763061523438
-1.757118944268968,57.907470703125
-13.5091075877696,21.1048583984375
-4.0681667574955,94.8507080078125
4.43276114617859,-7.3366241455078125
-4.665207913971671,-245.2100830078125
7.33919324558513,-291.18743896484375
-11.69780882660921,3.68927001953125
5.960801203295765,84.962646484375
-29.9162730471743,147.83010864257812
-5.331847529263395,177.155517578125
4.2006804390709,20.68310546875
4.76541245752904,182.5689697265625
5.87221574658101,-815.427734375
-12.955988512618,-340.95635986328125
-14.4061745570978,-113.1873779296875
13.644333664082708,-244.32398986816406
7.522446474796843,-364.5467529296875
2.858782897786812,-197.0
-49.8653288018085,-219.3128662109375
-4.029904705212941,598.979248046875
-6.2026319104393295,-145.624267578125
4.452168509343501,215.91781616210938
-16.475900892606802,589.408203125
-11.03094492075089,102.1552734375
-8.08045020128908,103.7548828125
1.39259946716825,-10.25115966796875
-14.885807229381896,130.01953125
-11.113180908425988,-392.0799560546875
5.506094216928792,-210.78164672851562
5.29091659278858,-119.33053588867188
3.42106467876526,235.34860229492188
5.162821279449693,196.07867431640625
6.020551076354931,50.458282470703125
0.8086942897832163,401.059814453125
-8.80546181278599,-183.480712890625
-7.42349600405968,-38.02294921875
-14.4731176558811,-198.3162384033203
-35.5448186771701,-160.9926300048828
-1.657597602265355,-104.97817993164062
-1.930224441335125,60.2530517578125
-10.398648228661925,-277.7770690917969
-1.6521884315998507,49.72039794921875
1.3131129859732091,21.49658203125
-0.1240821746904601,-157.46878051757812
-35.1709788883515,-52.9808349609375
0.6771989561182002,262.8568115234375
-5.8677981963370005,-241.83233642578125
0.7982616963508231,-94.1151123046875
2.595279020812243,159.0509033203125
6.9472187772133225,437.7470703125
-41.1395198834054,-192.5449676513672
-35.4604736838065,92.117431640625
7.87379173269718,-14.236846923828125
-8.72128086410909,122.360595703125
-82.13826531723697,56.0543212890625
-9.70693692529289,247.3358154296875
-61.4386715672369,-18.10382080078125
7.10938257895085,-675.888916015625
0.4007388327427847,-0.0546875
-0.7455370396145937,-171.778076171875
1.674966057420845,-82.11407470703125
11.877856996640997,-93.76950073242188
-0.9096556467231308,273.415283203125
-1.4680391508473674,284.3415832519531
15.6414782015599,-79.9366455078125
-10.35739215730591,1129.6962890625
1.926107182225645,84.3233642578125
6.99756701325662,32.885772705078125
3.54836143321337,136.79595947265625
-7.726553411266567,-226.97613525390625
-48.51478094223695,-17.84716796875
-3.0453156276270903,263.94873046875
-3.454798154796729,470.68609619140625
9.503977484174175,104.64286804199219
6.001532732018722,160.4068603515625
1.775572054007981,-23.58203125
-2.6871577689602653,-247.4349365234375
-7.920344649869953,-58.560943603515625
2.578081311550471,-256.5572509765625
-14.434457477598505,248.76171875
-1.338045882914232,76.6710205078125
-44.1817825469333,-29.59912109375
2.4314234692194163,-226.74578857421875
-2.35314836228574,117.981201171875
-2.07036107592124,42.42083740234375
-6.560167066336443,139.71002197265625
-2.54688332955635,97.9052734375
-7.940842049461227,15.4443359375
-7.789052707582185,-311.81304931640625
-1.4295761119406232,82.12591552734375
7.206977941743588,-320.032958984375
-4.081394009803599,-54.373779296875
-30.167243616457,87.1044921875
11.7225687296843,309.29736328125
-0.8984319813221007,909.66357421875
10.349523074958825,-92.88864135742188
5.42147270471237,16.714599609375
-0.3136273830120112,153.9537353515625
4.398848813602776,-138.179931640625
2.099307195887115,73.8294677734375
-61.6890402284636,273.6287841796875
-7.08434802004719,-109.1138916015625
0.6962467393230812,-14.7518310546875
9.0758909366509,126.11328125
-1.9263965715605047,-142.563232421875
-6.262949496708321,-49.964324951171875
-4.739766082030863,-298.62109375
-36.8822022827233,195.9041748046875
3.24770439300306,0.1177978515625
-2.289513933263135,23.6517333984375
1.41805545618482,-510.7796630859375
-24.4432878855492,-40.2550048828125
-24.96156751119129,238.685546875
-7.734574598544068,364.550537109375
2.79124989437018,-168.25091552734375
-5.17831154550348,50.1529541015625
1.5275640312561216,182.7840118408203
3.682989905065457,140.998046875
-10.8237586662752,38.29998779296875
-6.929951553081727,21.36846923828125
-27.96215708599589,-19.76898193359375
-2.88087637063392,38.57373046875
-5.960419628776203,88.4013671875
-37.189874708633695,-122.83847045898438
1.1496085756031087,-369.3398742675781
-12.7137936794919,121.459228515625
8.398744223780918,46.85986328125
-33.3004252633332,-96.54400634765625
9.144089281431205,-17.50958251953125
4.065326821312747,-270.099609375
-41.9047429025821,-225.91424560546875
7.383552345763623,-544.7344360351562
6.364261125349779,141.422607421875
4.841793570156368,350.032470703125
1.6198341998494314,-27.48077392578125
4.179707781567577,-312.6690673828125
-14.7229944429405,1042.583740234375
7.078924552126015,40.90936279296875
-12.898019313824,-236.59376525878906
-70.8116033690518,140.2364501953125
12.7359625054994,-113.13739013671875
5.586124430090477,29.347564697265625
3.028467183462371,-172.7432098388672
-5.830142578087577,-224.266357421875
-22.6841489367301,-43.2938232421875
-1.51657819068512,180.1103515625
-81.52648016021857,286.7220458984375
-3.36903782007548,138.36181640625
-18.707844022,519.352783203125
-34.48768519828235,-22.432510375976562
-39.7169735486916,187.76739501953125
-1.593720937577549,212.3427734375
-23.2954444871652,-61.257110595703125
-45.30258920076982,-243.19482421875
12.5056328567953,-480.802001953125
-11.9299972333177,-426.970458984375
-37.9495035857927,-1719.78125
0.7001962140772594,-42.6119384765625
4.49418879319923,10.3583984375
-39.0646563811545,-130.89996337890625
-9.09730633851708,66.6407470703125
-17.5589533745204,-167.0386962890625
-4.92782811871599,-86.449462890625
-8.2299173561342,-69.49993896484375
2.60625970962018,-385.2421875
2.726862934921635,-20.351913452148438
4.071661498679735,242.000244140625
-13.2494383747796,15.80426025390625
-11.9154244975033,34.7813720703125
0.9090871567987184,-29.23681640625
7.92708077877978,-234.338623046875
-3.119647295186995,88.204345703125
-2.248378586620203,-235.06060791015625
1.6646916021852596,62.46856689453125
0.1590569364430157,-85.31341552734375
-77.3623903172369,206.75079345703125
15.8859560938761,-104.25732421875
-3.11888044241469,-287.432373046875
-2.7468186065138984,-161.00930786132812
2.77922195660905,-181.894775390625
4.052279150357491,-85.5731201171875
-4.03806373695381,124.26333618164062
-2.4461467814868523,24.9990234375
-0.1639564470097907,-111.0166015625
0.8542168432631491,-110.26828002929688
5.84905996845087,316.6976318359375
-5.77665564868809,54.704193115234375
-3.7008288999313423,-657.44384765625
-7.18713065449027,27.618927001953125
-0.9529303605806088,-103.25979614257812
-15.902118442879,61.0816650390625
-28.0636361890057,-288.1953125
-26.912205886836706,-30.50531005859375
8.596988309863011,-36.90185546875
0.2877587512502297,-52.302490234375
3.3899996482015826,3.3221893310546875
-20.5869014386951,-350.2572937011719
-9.341800010912078,170.5440673828125
0.1692077246922899,277.7017822265625
-1.857666460494741,-119.373046875
-13.2752747780792,-25.96539306640625
0.7445982178878973,-46.805419921875
4.49646859469848,-595.8172607421875
3.60913262992784,452.0870361328125
-5.653435188749545,103.33389282226562
1.51502173443586,52.73291015625
8.143116180793372,89.82536315917969
-8.36164856265281,54.11376953125
-1.130678948105339,90.1622314453125
-4.349210006555943,84.00114440917969
0.2594141505344826,-5.90087890625
-32.1283374054069,-594.1361083984375
-1.9051378030600723,359.73760986328125
4.768047800449637,340.37579345703125
2.264898495983479,20.12249755859375
-6.47138721063866,1096.818359375
4.93167956005568,-190.48455810546875
2.4851768276660025,62.89262390136719
-3.930469946192945,88.709716796875
11.923948375295712,-226.06475830078125
11.616605850275496,202.69580078125
10.41580460128629,3.47479248046875
-8.700462669667385,-114.46905517578125
13.1991243046288,-202.69354248046875
-4.75101729862813,-14.5001220703125
-1.4230966237807086,637.10693359375
-2.07861348348741,-456.5338134765625
10.292368565007404,391.87548828125
1.9007667723773176,-24.4593505859375
17.1612744381531,99.94622802734375
-0.1428452494230792,-370.822021484375
2.4933992323843923,-240.34786987304688
-13.861300672159,257.8690185546875
-1.7943154401891548,101.78717041015625
-4.15624175439773,-289.71722412109375
-14.277645616907492,-39.91790771484375
2.713132201978397,-399.3243408203125
-13.315456279797685,92.3519287109375
-5.36204355968609,213.306884765625
-1.4872271509121793,-68.551513671875
0.31232235517322,-135.2506103515625
3.0307168501552093,-65.37548828125
3.4484762474106,533.4696655273438
-34.0729170807354,-105.2108154296875
-25.0659802428987,-282.61767578125
0.86771933446589,-1316.9794921875
-11.996919710325,72.926513671875
17.2594267615487,390.6907958984375
-56.2560888739038,-78.7362060546875
-12.7386491421071,-48.65179443359375
-3.520787796436005,-38.388427734375
-0.8014467498558491,26.4700927734375
-34.7812340468876,-783.941162109375
7.158235365631607,-26.795654296875
3.29681579894721,-517.0418090820312
0.046018285265003,-85.15469360351562
2.046344769010002,371.9021911621094
4.25403099118957,-42.339813232421875
3.7804230286959792,-47.1942138671875
-3.773219093074008,-84.88494873046875
-9.722403045722997,-55.715576171875
2.81101468536903,318.67840576171875
-23.7494411406013,36.57354736328125
-75.56229656723696,-178.21282958984375
4.366245372711767,-52.4639892578125
9.94612085382829,-250.44580078125
-8.207132148775708,-100.892333984375
-3.09775596823669,-72.18115234375
3.77256113899207,-105.40713500976562
0.2016574678685985,332.1966552734375
4.38808277416547,364.556640625
3.7092867134231,122.58804321289062
1.6740112862957208,-262.29296875
-5.472376660417956,-63.190093994140625
12.283123760680592,-13.833099365234375
4.417989059347175,-138.644775390625
1.907333647224608,-26.8916015625
-3.73521146317182,148.35479736328125
7.837521570550837,273.63360595703125
4.82455755953161,-298.366455078125
-0.6472060937938101,-295.489501953125
-8.237956686764985,130.06011962890625
7.36579899286375,130.1102294921875
7.859716520666763,794.0770263671875
2.765011277030255,-1168.73291015625
4.62415639298937,50.69464111328125
6.430237727930085,-92.3873291015625
2.44728958086436,74.320556640625
-1.93656353174353,192.92333984375
-33.7845903951132,-75.69390869140625
10.960301672714698,-410.0382995605469
6.147225205740463,-54.05963134765625
2.4659746492236927,-277.234375
18.2642273209106,-34.432159423828125
7.656482330373112,39.7960205078125
-63.2346715672369,419.4765319824219
-22.9610154952969,-401.6224365234375
4.39789099231211,-922.32763671875
-46.587141393021525,-210.6331787109375
-12.281506448986304,-240.193359375
5.220668557811489,-46.127197265625
-1.4412632820262703,-7.3478851318359375
-35.163016426576704,-178.6859130859375
-31.380009974583203,-360.550048828125
-40.7258600860177,-102.87615966796875
-35.3994683825842,-218.573974609375
-10.968565079401992,63.75396728515625
15.384553292915324,27.66168212890625
-0.4271227388875901,429.3210144042969
-7.69948364751984,170.420166015625
-26.6822467124322,-108.24212646484375
-0.2823200449385875,-547.400146484375
-3.8453528225106623,47.860107421875
-2.4599041427842496,-658.7130737304688
-12.7315114055493,31.4786376953125
1.418014053180695,426.14306640625
-3.4922781726655696,-70.4559326171875
9.58062385928767,-114.9921875
-17.5801214502402,-184.15060424804688
-49.5120706514507,228.278564453125
-0.4503474699443348,155.3306884765625
2.332279780348585,-121.3212890625
-42.2483635713802,182.625732421875
-5.00028834575103,131.73992919921875
-5.14141487663266,-34.72198486328125
-19.923371510770203,17.2625732421875
4.28301459624688,545.8626708984375
0.3224388648416145,215.30059814453125
6.795393661635613,3109.0947265625
6.720388221210122,-807.1806030273438
-20.7558388881914,-555.52587890625
-12.5922662394529,-17.050872802734375
-5.19085420781142,132.02542114257812
-27.3858072066324,-229.853271484375
6.488490212037078,-44.11322021484375
-12.5233171201947,61.2904052734375
0.996650643215182,42.66815185546875
3.27144637329635,169.65069580078125
1.203208947199059,73.7955322265625
4.5031585012656095,313.322265625
-46.6686841099013,189.32379150390625
3.600655729290548,-66.49407958984375
-2.7077151362496297,-398.110107421875
-42.936846127142296,-184.62451171875
2.679404112105611,27.6263427734375
-23.975827854410426,292.07342529296875
-24.4869919201538,-69.20263671875
-6.22433036882608,220.5203857421875
-24.992167376126925,31.06329345703125
-9.742168339465294,-293.8489990234375
0.1235817830644999,-62.85614013671875
-11.607028837624,38.23760986328125
5.321680837772678,-71.6180419921875
3.3452637215970498,673.83935546875
13.015759276594096,312.69482421875
-6.13466459150186,-571.81201171875
3.0897024917955025,-267.33056640625
3.557691046156,21.849365234375
2.0008593011464906,108.536865234375
-1.2671721747064446,123.76385498046875
-2.989164004622407,165.05889892578125
-2.43808381047612,-75.936767578125
-11.30813578108209,-1589.3310546875
-9.619042312244815,-205.84423828125
-4.01456885639382,566.14013671875
-4.853312003098937,-156.4827880859375
2.78743688363977,108.427734375
3.6035536346157695,259.68994140625
6.09033976794457,-141.85226440429688
-5.89266438028177,-214.2860107421875
4.780848076735348,-225.19183349609375
-20.7592210135025,90.5340576171875
-3.637071869773312,0.79754638671875
-4.396710286499547,-200.1888427734375
9.04709717330502,66.9012451171875
1.69213972357191,-471.9993896484375
-27.068723822751306,-160.5869140625
0.2886204877907422,79.0015869140625
-0.592182005541919,-338.15728759765625
-4.736229867816737,170.60498046875
7.877641553655238,-8.943954467773438
-2.588665914009158,29.272476196289062
4.72846919446815,33.19464111328125
3.42669038506664,95.42057800292969
-10.274169876330886,-1481.906494140625
-1.289264920121349,-353.30169677734375
-6.9648772325347394,84.18846130371094
-1.2236747050651609,133.79840087890625
-12.208208404490907,132.3367919921875
4.40921359309415,255.867919921875
16.4171583068458,-103.41885375976562
-15.991582533821994,-262.8887939453125
7.809600001042748,-4.517578125
-3.0331069492891496,211.64581298828125
2.603164662477901,31.838623046875
-24.2572199033326,-245.0574188232422
13.667582002208905,-289.363037109375
8.19307228691883,62.32568359375
0.4664503305112299,-119.83879089355469
-6.46133524603972,-163.107666015625
-19.7520332208299,0.11279296875
-7.75971004909346,-90.262451171875
7.66334596528203,62.84918212890625
-27.64770126959135,-93.69464111328125
2.125547882163602,5.228759765625
-1.8239337240231768,-179.7220458984375
3.3696784995100426,-142.9764404296875
5.265272900492549,123.07861328125
6.753311816554961,33.6619873046875
0.9434331950199416,473.268798828125
2.13745295521649,71.80953979492188
2.76912169862866,-253.7799072265625
2.409764321136161,-231.993896484375
3.7606671418030695,-109.80307006835938
0.555665600488549,-74.2960205078125
-89.04756219223692,-532.8465576171875
6.987950206462267,286.0557556152344
-10.09410467002709,-129.558349609375
8.16191414696451,-72.29042053222656
-10.731303688850904,-51.157562255859375
7.588764503474316,400.8722229003906
-5.25293160621848,6.2430419921875
2.3065604778561424,223.42578125
-3.8022266666193874,95.30303955078125
3.22816419080692,30.699462890625
1.1941842843275,98.369384765625
9.772192422094813,-17.58154296875
-2.489313079893845,497.1396484375
-13.547300817594484,-46.6512451171875
-1.5403494549472296,149.744384765625
-5.139364658294922,-168.05772399902344
-1.32131943338233,1390.501953125
-0.5284321769112605,373.19720458984375
0.1119561526876595,137.59927368164062
14.8508222506114,34.383056640625
-0.0918051514147744,-114.33444213867188
-1.7237618714553775,235.31805419921875
-1.5699354762224491,-1390.70849609375
1.5718362711845366,230.22705078125
3.58036180553514,-113.20053100585938
7.45084701577923,58.61236572265625
-7.378812419643663,-177.44454956054688
-33.1832620874725,181.8353271484375
-6.066411004621831,199.0572509765625
-16.4910721624856,155.955322265625
0.8267526169764301,108.416259765625
-9.762453719841735,343.9656982421875
8.07102955700163,-140.4630126953125
1.741670982094262,134.1753387451172
-0.0053525606393112,2079.164794921875
-51.4043293278057,127.79815673828125
14.9415296965116,1278.6455078125
8.70853787657841,58.46148681640625
-2.149900469098629,-143.53076171875
14.8229623836697,95.1351318359375
-0.0379657812584102,-348.09765625
-15.3173389528898,-243.97552490234375
-1.7663441991754285,99.2138671875
-6.708306328674888,-23.57427978515625
-78.7451798053926,147.29266357421875
-0.5413656534735456,337.36669921875
9.625121597198186,221.79283142089844
-3.15562863494722,-270.0390625
9.60447820177431,1107.711181640625
-3.31847606547329,552.0751953125
-4.12581810820042,-81.018798828125
1.7706121017107803,93.94964599609375
0.5117341060036625,-86.08160400390625
2.63157412115867,38.665283203125
-4.763634360062484,1750.061767578125
-11.18181257464061,-396.83868408203125
-39.4932668903457,134.2874755859375
9.206200380526292,-137.852783203125
-2.93911844531118,153.3680419921875
-28.13472322157985,-333.1599426269531
9.62907409316032,-641.427490234375
-7.042636248773623,-70.33700561523438
-4.03025121975644,-97.2242431640625
3.42951329804928,-273.99945068359375
2.5565427438131976,-24.08514404296875
2.8513084033656,50.77180480957031
-5.5623675139736175,-133.42291259765625
16.9968892380515,145.99322509765625
-4.144685584269085,173.2691650390625
-11.221818720505304,258.86236572265625
-2.111656589218961,-92.82275390625
-1.626797120535592,26.50341796875
0.7652624054000594,399.361083984375
-21.5531296050118,-149.8138427734375
-13.053772031257305,1.433441162109375
5.42509465390903,-191.7713623046875
-5.5186956836840375,-194.9765625
-2.260381023139061,162.5775146484375
-30.3377383335249,4.2928466796875
7.380729755239978,-99.58267211914062
-4.172986764275874,74.5413818359375
-1.2036514942358316,124.48492431640625
-35.2906329121599,-428.9483642578125
-2.54595208771381,-107.34060668945312
-10.901275449743116,42.6002197265625
-17.0078420331655,94.07513427734375
-17.0314498829154,-0.5667724609375
-11.9784507557909,54.878143310546875
-19.469018973061075,24.64410400390625
-3.2142130797467816,17.2520751953125
-0.5663484394051013,99.3670654296875
-21.2195468929047,-253.83929443359375
8.077984978184695,103.67648315429688
-17.0119321722455,-79.12939453125
4.67424026120176,-48.76953125
-47.9875704511971,1.486328125
4.316615136301563,-82.99090576171875
11.2728180991378,-19.96142578125
-3.5546157663424616,83.45599365234375
-3.15887949932979,-163.21087646484375
-1.6422791314174887,32.87249755859375
-3.448025235667948,172.40875244140625
-13.5632540546311,94.89035034179688
0.8825935384285006,-40.79486083984375
3.27100049685324,291.4033203125
-0.7762273913233743,10.5087890625
1.026942322157092,441.0418701171875
9.859104788483815,147.0413818359375
-1.9977872313530125,394.2923583984375
-13.1809903671301,61.54878234863281
-35.1782981083837,75.3394775390625
-35.8337806803641,184.16424560546875
-7.639409008216227,222.71212768554688
-15.746453943284,274.7515869140625
1.055995951979529,92.1890869140625
3.987299411465438,-83.22967529296875
-37.0930621901092,9.80487060546875
16.694612728237402,-12.966552734375
-4.527979888097892,-82.1414794921875
14.6352674345898,-175.80462646484375
5.034618319433818,14.3885498046875
-3.77133000272187,319.763427734375
-1.61504571199055,619.061767578125
-56.3663437951974,-463.9208984375
10.088450856398616,34.1689453125
-14.285610883283098,54.57147216796875
2.6210618799141923,-190.8037109375
-2.308732762121495,-114.83026123046875
-83.9761260280997,109.96432495117188
-1.03656181464744,-223.83154296875
10.16232173056559,22.941650390625
-3.12013961477547,130.07769775390625
3.010752586641185,183.474609375
-1.5178355576616795,-92.162353515625
-2.60072537807549,232.81494140625
-2.367312137177082,-139.921630859375
6.075310726130807,-21.035686492919922
2.24572304437811,-262.75390625
0.2044267191685782,-11.094482421875
3.85944773684647,388.6806945800781
-14.409506408843407,144.7265625
-2.683955047842884,-681.494140625
-0.0075038478591599,-108.2659912109375
7.190050317883171,29.5771484375
-2.1691769605730515,164.55810546875
-7.910003358009165,-744.140869140625
-69.1366966634013,129.09341430664062
1.437241653553571,-104.51611328125
-20.7409218490905,-228.0201416015625
3.78247800369874,362.1025390625
7.909526276907584,9.3453369140625
6.097122298913325,-153.497314453125
24.5800902168924,193.4012451171875
-9.979741434164584,-35.50994873046875
3.1327986373042376,-67.030029296875
-8.393586343504198,-154.56695556640625
8.678125432705007,263.3709716796875
20.7428439693387,-84.72689819335938
-1.511416195100045,153.10693359375
-23.3725501337939,138.45904541015625
4.69437535963172,172.92431640625
8.24149319055937,-179.9991912841797
-0.2898522089969393,-283.2594909667969
-7.19378137939456,22.17333984375
1.0271109700113177,-35.0849609375
-14.564555056626377,-59.285888671875
-9.657849716236,156.96697998046875
-0.7280966227290082,-936.890380859375
-21.8962191024866,-252.77978515625
-40.2614734397264,-504.92529296875
-1.77750068778882,50.21728515625
-28.3488859938485,-109.0908203125
-8.184373188662292,113.59848022460938
-6.135426654744688,-123.8349609375
-3.270422191581055,5.1298828125
-6.055427015859325,-535.785400390625
-34.3143130117107,-104.7257080078125
-50.4820483838523,171.45773315429688
-4.639593570653838,-283.8270263671875
-21.0606958753072,-852.61328125
8.747205755218493,35.184356689453125
0.6884341878779402,1066.87109375
0.300408103033295,599.33544921875
-2.6184282494780104,-132.489501953125
-37.3999740396079,-84.00076293945312
-10.594900847222812,-396.926025390625
-23.227454082363305,103.65286254882812
-15.4814292943448,-76.6832275390625
-6.89310310865277,435.45733642578125
-11.7962452523223,59.7078857421875
-0.3887710448227697,-103.84814453125
-4.0896099478500325,123.02099609375
-42.6579269422049,-79.48419189453125
-2.095241650043551,-162.9976806640625
8.45389840526827,-957.347900390625
-15.5157954828953,45.029052734375
-1.9802660997523944,188.130126953125
1.8368511005450223,269.86962890625
2.11900133622217,-504.7230224609375
-38.4962238749225,413.001953125
0.8069046214032297,54.650390625
-1.73607437190069,-105.0465087890625
-8.46093254820262,-104.9315185546875
-0.0780407432645869,1174.685546875
5.009535132419683,9.810104370117188
-74.9399761386801,128.06423950195312
2.806732553915905,42.4752197265625
-10.415057364934407,-53.077392578125
-4.81834176383161,-113.0570068359375
-1.4920816076829602,150.41888427734375
-0.003939288658445,-110.82196044921875
5.86288473591452,59.8076171875
0.4443344011282492,93.123779296875
5.72263802046558,-336.3475341796875
5.46583466116103,78.173583984375
5.05355462238675,59.1458740234375
-17.190033530139498,-145.98236083984375
-10.1192188918475,-741.30322265625
-10.539071528779305,-314.32318115234375
0.2492257167476033,3307.3818359375
5.35198813185094,-79.72509765625
14.9823899147147,-212.6258544921875
1.7336328627834918,-77.94696044921875
3.2582764286422226,219.7666015625
1.1615369027166365,-78.4068603515625
-42.4099588259267,42.808349609375
-38.7823663998969,-203.62420654296875
7.99575647038201,-96.15313720703125
11.644495901203598,-396.97265625
-39.0956747424042,43.3721923828125
-38.6438610292767,208.39501953125
-40.5029244010595,-60.11224365234375
-22.8644313188967,-73.68194580078125
-0.897066728281827,77.3612060546875
-17.6830733389949,343.875
-0.0084306638066775,-152.08270263671875
0.5394390329931549,40.01959228515625
-21.61387508166409,-147.0887451171875
5.053393098685065,-356.1365966796875
-15.7834934865799,9.13916015625
-58.40351531723695,76.236572265625
8.86280218600469,-431.083251953125
1.888243484494037,116.659423828125
8.99923705482913,106.9715576171875
4.133325903305868,2063.5087890625
4.774357664359128,73.70082092285156
7.418770080750715,-312.5501403808594
-2.25262466719878,15.760009765625
-7.071587649042333,-32.6070556640625
4.398742241377427,1602.0966796875
-8.692928400841772,-1649.42578125
2.334382802629,163.52685546875
2.8274240704709,-92.38265991210938
2.1747311895065486,-481.97857666015625
-11.9965988914421,-28.68975830078125
2.776867734737273,347.93536376953125
-12.4595255596924,-50.71026611328125
18.5317724911246,0.9744110107421875
6.86106163750481,-450.6611328125
-19.1693792779686,8.00946044921875
-4.20883890972707,-76.134521484375
-0.3530077955256401,252.5850830078125
-1.6020246929696491,-41.736083984375
-7.57557880794988,68.41943359375
13.9692836454661,-29.29364013671875
1.289294757415069,-334.07745361328125
-20.3746494688195,177.69677734375
-8.044482691931467,-59.71820068359375
2.51340467963473,49.32276916503906
11.0282847349576,248.985107421875
-1.3944922949507652,-96.6434326171875
-26.2706781913698,90.86669921875
-71.7765711158932,-90.4306640625
-44.2857422252861,-46.7584228515625
-3.057699221935841,-189.40216064453125
10.116767222520318,286.45037841796875
-46.9980356488569,164.1097412109375
-8.677497573270493,10.5660400390625
-25.781275563237,-52.5452880859375
-2.941164138388841,-147.73046875
-26.5692742661385,-88.91766357421875
1.2555345380058751,317.13238525390625
-0.810306898238276,251.3719024658203
0.2404076931068699,86.207275390625
-2.5590885431480426,-25.2733154296875
-11.9846830308257,1.461669921875
-5.775806690181939,440.49658203125
1.9806048133258944,86.922119140625
16.618750626525,-263.589111328125
8.204494762209066,-233.29421997070312
6.80321923705408,337.49853515625
11.710679650337616,346.057373046875
3.181253849239128,29.4306640625
0.90894434552881,281.712158203125
3.547124544521316,230.852783203125
-2.202886656443709,175.11572265625
-11.133669865203094,41.5496826171875
9.328533024448705,-476.6953125
-0.7012610501602399,-320.31488037109375
-0.3170472839931941,-175.1490478515625
-2.3458288386735573,163.577880859375
-26.1191329979098,-272.52557373046875
-2.33292598982445,958.59423828125
2.461922216333884,-288.9488525390625
3.73205068567752,-189.36846923828125
-22.4462583852743,6.64892578125
16.899113604615202,245.00531005859375
-2.85382252753121,18.56634521484375
1.2705701336207027,277.088134765625
7.960789166364423,-44.14320373535156
2.71808902854303,40.211181640625
5.5273920092716775,4.3157958984375
-4.11149235653684,-193.37887573242188
-20.9676231329802,-332.96875
-0.89184437235696,-81.759521484375
-1.2816619609782416,80.94265747070312
4.85634828411675,-108.99267578125
6.429854346358795,-324.5218505859375
4.71112087372323,14.4718017578125
-30.7199022255615,-109.25338745117188
-3.8590388668775,-52.377197265625
-10.6557437737239,141.98428344726562
-13.4460672849668,-71.67739868164062
-5.527709296795018,195.55197143554688
-1.876637029070265,52.0318603515625
10.2532613363299,845.8245849609375
3.00680128293027,-574.3994140625
19.33685959748449,19.1253662109375
-0.1058882282985149,173.23248291015625
14.3436638764016,180.63134765625
-16.1535771788668,-172.56515502929688
0.9480162028997956,595.16796875
-18.5891767455387,63.35882568359375
13.309934514349203,-24.309051513671875
6.02246857213521,-412.06787109375
5.16750826555368,-84.41030883789062
-1.0190872666435924,2196.642578125
-19.100904418149,14.6209716796875
4.743603615290096,-227.7896728515625
-13.8157551615103,-27.22479248046875
-3.802611775309477,-350.597412109375
4.30511943579503,-243.748779296875
-22.482844278002705,-23.26824951171875
0.60779733849738,50.35809326171875
17.8138573048897,-246.18881225585938
-38.4626262988146,-252.89239501953125
-0.6089836493556324,-67.2208251953125
0.8617451361473882,-698.629638671875
-2.40000424902785,107.5601806640625
3.7078671714499096,-49.44720458984375
-2.390619984667185,10.80615234375
-15.559462368784592,-135.91119384765625
-13.790764753514,0.78369140625
-9.325981865786185,-13.5704345703125
-58.4491138315396,38.4342041015625
9.550892694239591,-242.63510131835938
4.435147085081137,164.18386840820312
-2.3538192484503564,92.2938232421875
-5.83438093189622,7.89752197265625
-7.10827059552493,-54.8623046875
-12.414939844598162,83.511962890625
6.6154810826822,-28.511871337890625
1.3155747227446202,132.2550048828125
-2.56542276271332,288.9101867675781
-13.546032832554804,165.1126708984375
-16.600339428286603,157.0467529296875
2.9737175212081803,-55.9615478515625
6.167862854629888,-134.51708984375
-40.922076323723,-51.54254150390625
16.9349100756105,-71.368408203125
-12.24911226903676,22.08880615234375
4.867927463076468,358.67205810546875
-21.6327950573002,-442.54693603515625
7.11033993521173,321.64154052734375
-9.59094984812801,193.98776245117188
4.92186081619874,-40.85455322265625
-7.815562497274902,-18.3369140625
-2.20364176327536,502.830078125
-19.6754058911438,134.47198486328125
-91.8886792382854,-14.192001342773438
-20.9507978903398,-164.33367919921875
-17.8084408175675,-90.10736083984375
-62.9612541332419,131.4107666015625
5.598134989920393,-208.60816955566406
-7.283890318199592,-68.354736328125
6.1026124307435,65.345947265625
7.42840635595139,39.0906982421875
-5.179391847578812,-24.75787353515625
-4.873152982370568,-152.40606689453125
7.276768036701751,454.1749572753906
-10.739322929783883,-146.11734008789062
-22.9219832537164,246.38433837890625
1.5259403537211615,-91.2291259765625
-44.7886924625105,124.2589111328125
-3.72583443525641,87.02392578125
-14.57002364123529,-19.05889892578125
-10.128266274366498,-299.94744873046875
-28.0249952668106,227.25787353515625
-26.24662901330595,2.3040771484375
-40.3645652505015,-141.1298828125
-30.8056950922951,71.6011962890625
-3.9552380984537248,-215.280029296875
-2.1789667599796294,-278.31787109375
-0.5734820606807138,-47.9368896484375
-1.1617148968623687,116.8154296875
3.42848617073407,827.66943359375
-17.4030551064212,284.10528564453125
3.88109013796494,-156.34405517578125
9.400493271217616,-338.59698486328125
-11.302161927872188,37.13568115234375
-13.3709137252944,-169.15771484375
-6.79658968512302,-36.574462890625
4.509456424718162,-113.41351318359375
5.45103123545738,-43.038818359375
8.149714042401495,-62.9571533203125
-12.909180343140196,316.00634765625
-6.61979034735207,-107.3521728515625
11.9978624338519,7.09259033203125
-12.53254789251529,-98.014404296875
-8.36198121766124,-334.85302734375
-4.361976736345532,173.728271484375
-0.1898191226144924,-154.9093017578125
2.3166834950764685,-86.5167236328125
-12.6203596574975,-440.59130859375
-1.207429910073891,233.517578125
-29.7403775200217,472.1278076171875
5.31082796058257,-161.2767333984375
2.97844031586002,7.696533203125
-12.533050119535002,63.1820068359375
-5.8684323426223,-129.74560546875
2.391980620215489,66.5428466796875
7.73570234615748,78.14212036132812
1.166748445159433,305.6645812988281
6.093529951556334,-432.98077392578125
17.709922444879297,-340.8250732421875
11.779516260068313,309.5740661621094
2.4866177573815964,-495.4556884765625
-30.89708550466269,-113.6361083984375
-9.231606713935047,424.30291748046875
-13.4089268865456,-178.704833984375
-9.06573754635488,-55.896331787109375
9.30630078585379,272.9857177734375
-7.156550033865472,157.85791015625
-10.5414716495377,-115.34317016601562
-27.8178569354009,-318.49609375
5.3817717725564,-337.81494140625
-35.155236696245,143.306884765625
-21.4141717786538,124.37124633789062
-2.6053130644292946,124.68212890625
-9.953220777101093,102.71142578125
-8.798237091769485,-173.83056640625
-27.6920167541674,119.2554931640625
8.017093587799739,117.55908203125
-0.3550158381598589,26.925079345703125
-1.19024715514191,418.481689453125
-3.2855896341823474,471.18310546875
1.844566842421384,-4.2490234375
-30.7366736665872,-328.702880859375
-11.338238855350506,-52.1890869140625
-1.059512617215007,-223.63839721679688
-33.7712071062874,46.412841796875
3.812227003524945,172.9395751953125
-2.8472026300298463,80.6512451171875
-21.5871320482388,2.280059814453125
1.845960760756301,514.4503173828125
9.06213659212517,-25.9578857421875
-13.950148061363093,-256.1479797363281
-15.1006814359747,-232.6522216796875
-8.65496498210776,110.760498046875
-31.18852367408345,679.24169921875
2.35160533891099,-36.51373291015625
-7.06329362397977,206.2022247314453
-11.299328727708405,83.3714599609375
-5.73967918172164,-89.00015258789062
-4.062121175440552,-101.1395263671875
3.62056380925444,-673.5634765625
-6.512385872303066,-98.11016845703125
