Score,Pred Score
-13.812973987503693,18.326416015625
-14.6311710829416,158.35580444335938
-15.020937907067507,36.064697265625
5.61896917638109,-817.857421875
0.1461877509898399,-153.980224609375
3.59745169898486,136.75872802734375
-6.72144892291601,-117.872802734375
4.304204520484877,280.1962890625
3.37898618824583,497.056396484375
3.939818822274421,-446.18896484375
13.9953943577381,-651.9349365234375
-5.39913759737588,-1986.640625
-2.204579993178592,-225.08416748046875
8.829561804598438,56.44110107421875
6.01696699102072,-470.8997802734375
-6.376202369524528,-1961.568115234375
-6.50906463316165,-670.042236328125
-60.92137282626391,-603.810302734375
1.99934019108803,-169.8204345703125
2.188685633501576,-126.81727600097656
4.07090957771029,-445.021484375
0.5211206139658471,-1367.705078125
12.5580583918003,83.51615905761719
3.320229681965675,-856.82421875
-0.4381862293696001,68.74822998046875
0.1752112379752922,15.07666015625
4.123908949931413,-131.826171875
-14.2382866820043,89.21038818359375
12.966325580978296,-404.995849609375
7.692941411907634,36.6439208984375
-62.9031214125763,-69.493896484375
-5.800670766453999,-174.7542724609375
-11.705366535732304,-19.6839599609375
-4.786538605318405,332.7396240234375
-82.4887013651952,164.8980712890625
-8.251107402184557,253.90643310546875
1.61677665352485,-112.04229736328125
-11.916211326129387,103.18756103515625
-45.634880019414,-124.07867431640625
-0.568998602339841,62.7325439453125
-12.147399114840605,-7.0689697265625
-27.4476544011683,102.47216796875
-2.306526469902426,-36.47515869140625
-0.4835459876036119,-64.8853759765625
-8.39479061793487,33.06011962890625
-46.862925671502296,-156.554931640625
0.3837795244341289,261.9686279296875
7.184930267876617,87.4169921875
2.8348518495029404,-63.61761474609375
-9.859535687586003,-1316.2255859375
-6.00025755794808,-411.4879150390625
-4.764629840066975,-114.539794921875
-2.377061578670744,183.4384765625
-2.0585753436264698,70.753662109375
1.1848602197973823,451.2744140625
4.97603191479674,777.9432983398438
4.27399441028646,-160.3839111328125
-46.2372447228831,-274.266845703125
-31.4759298257721,-104.248291015625
-50.1674018945849,221.13262939453125
0.9601515747159592,-328.4583740234375
-11.864177458483407,-1837.408203125
-0.538262620928304,196.10867309570312
-0.6920482116816997,-12.3621826171875
-1.5184696160120892,-375.3916015625
-3.0836644409391925,-204.9761962890625
11.316750179392892,188.30419921875
-11.183106529127476,-55.8905029296875
3.59102041590596,-191.174072265625
4.55602013063716,-176.81072998046875
11.579228393987275,-20.124496459960938
2.3067635611900137,83.82928466796875
10.480393919522983,-127.95294189453125
-2.698100773809443,90.2501220703125
3.776985072333982,-75.850830078125
-11.773766374328297,-290.84893798828125
8.681027307740193,-1022.19873046875
-1.1091988250418725,-1.5191650390625
4.484288991501213,1545.65869140625
0.0548896546292299,538.27197265625
0.1118559290339978,-103.7691650390625
3.9797293996962297,-527.9486083984375
-22.42608065327665,173.18902587890625
7.37064384347005,-71.54443359375
-0.2642143205483515,135.8853759765625
5.344594984386832,-127.49906921386719
-1.2497809936708242,80.65753173828125
13.71198107208239,-195.10459899902344
0.5045482395984724,-159.2728271484375
2.86709961553106,102.8958740234375
0.4423212163888063,83.78369140625
-3.724573545179619,-156.037353515625
0.2570808252882703,1887.802734375
-70.65073406723695,-340.489990234375
-33.9587360563784,-189.14678955078125
9.2088386022025,46.413299560546875
1.3318185914773402,-778.2568359375
-9.176001953270983,-101.103271484375
-10.497767159210698,-34.05548095703125
-0.4402086584014632,128.47463989257812
2.1560784090827942,125.85479736328125
-27.1636490162131,-34.0645751953125
-0.670930828719279,-66.952392578125
-22.794043146736,30.35809326171875
0.8105828534072201,-746.3921508789062
1.2287673509824204,-81.8541259765625
-0.6435038581465955,381.66796875
8.474782023793379,197.9005126953125
-9.601847091024196,435.326171875
-1.6610011043127195,-214.858642578125
-0.1091636509260827,57.82415771484375
7.570838092245207,-75.114501953125
-7.211196994815285,-73.30044555664062
9.090654061652296,-232.35296630859375
-26.6651088566214,154.48043823242188
-17.309192174305,-18.042877197265625
4.14054171285972,108.25646209716797
4.097668935846943,-1258.320556640625
-0.29408409265346,15.07550048828125
-35.8165916579592,70.54925537109375
10.898098675545494,262.09710693359375
-1.6552655274048038,330.01788330078125
1.6729502580778592,-110.05865478515625
-6.42491227706334,-80.7623291015625
-15.4752611754195,-290.85986328125
-0.6907348474047925,861.2486572265625
-21.3629045873375,-54.567352294921875
4.219145585451182,-138.1416015625
-3.019531285218114,-1229.2886962890625
4.25311060075082,77.99372863769531
-15.0412339008878,1138.7890625
-8.237627320974727,100.3885498046875
-1.0683487237199796,139.06298828125
-1.7174251595272625,-828.0184326171875
4.069163600073605,178.0440673828125
-10.162041561092582,-141.46435546875
-5.97248436581227,34.9827880859375
6.120538767403939,-754.105712890625
-0.8028238008287005,15.416015625
-23.6042929930625,215.1922607421875
-0.1777753404752198,-200.51641845703125
-5.785469568057495,122.29266357421875
-0.0556983764780604,-184.393798828125
-25.4508968849616,274.2392578125
-5.3185412482723295,81.654296875
9.1356503291117,-35.46917724609375
4.020569536845237,-176.08392333984375
-58.5527340809363,-26.901519775390625
-6.291328737399075,39.6202392578125
4.187869588752649,57.117919921875
8.922207576391518,-54.39752197265625
22.7414116448382,-93.73431396484375
-44.6057608529879,200.24620056152344
-26.5129077898497,-207.8934326171875
-2.13735826282737,-34.45341491699219
-1.14890133483728,-276.4587707519531
-15.2234416939723,-49.2967529296875
0.369316059642221,-58.035400390625
-0.6884117876070912,5.2552490234375
-5.8772631055401,-1906.4443359375
3.6053774296538297,-235.81646728515625
5.07108724357905,-111.44448852539062
1.292753014965791,-30.05511474609375
8.440986836263871,-201.3651123046875
-3.43040335892423,-263.05615234375
0.7651079053562314,-116.18310546875
-37.13962469223695,210.1702880859375
-5.822632503482525,42.428985595703125
-6.879472048396067,-206.5179443359375
2.11024229353816,-21.338623046875
-7.1526743450051855,-30.6884765625
-1.122073026503361,8.159423828125
0.3302260274555297,79.202880859375
-1.178255647098801,54.0830078125
-2.99361591491145,1204.470703125
-18.1070051290659,29.69390869140625
-3.0332808194811403,342.59930419921875
2.6303171850506604,-247.0648193359375
-9.72499716390718,37.01953125
0.2729453578388601,-346.4185791015625
-21.4503408223732,72.76055908203125
-4.99755531471552,-96.10296630859375
-18.0018409950579,232.96832275390625
4.00031385473591,-89.01971435546875
12.0378145652987,-617.82275390625
14.1235470599023,-68.074462890625
6.55729051148795,-544.466796875
11.19992297656359,132.93206787109375
-7.81388191369781,-36.7340087890625
-2.924593214648255,-199.131103515625
3.7667366885646025,98.7506103515625
-6.68253431604433,-281.70172119140625
0.7345204104922589,270.6602783203125
-10.626155896203898,-98.1875
8.106852576346123,9.49658203125
-58.24412469223692,152.2381591796875
1.4955767028094,-1303.0625
-17.6906096863185,-66.25634765625
-4.813871520282443,43.227874755859375
-11.8973420493851,-990.578857421875
-2.67676896274171,452.9115905761719
-3.9331393974605526,-95.626708984375
8.756217929094177,-115.61767578125
-29.2662792150344,-17.82763671875
1.7249239205326918,-71.42620849609375
-6.686975812883663,-155.11422729492188
11.10272802991041,-48.7281494140625
-10.956818171714705,-82.771728515625
-6.3500959185649,39.01710510253906
0.6681105368389735,-1724.6474609375
-12.500029270357295,-667.6494140625
-2.591242863373206,-26.1683349609375
5.954690473588823,-228.9714813232422
-43.929359067237,36.18389892578125
-17.4841411730512,-54.700927734375
3.61441892535489,-157.1507568359375
2.1112971208509976,-69.40545654296875
-41.8026500314277,50.37994384765625
7.028135642932115,781.61767578125
8.463248256721428,-433.2711181640625
-13.037072413777096,-103.00326538085938
-1.6307504375632549,-493.49609375
-0.3284521577656807,-139.99072265625
0.4685622181175212,11.4364013671875
-5.316952415477393,-913.504638671875
4.584421564331302,35.123779296875
-20.3593816575191,-328.875
3.67041582610247,-279.08502197265625
2.204062447972561,348.5657653808594
-4.666937653128132,-36.092041015625
-12.3781694316975,-184.73626708984375
7.06923762363823,364.0224609375
-37.2883298194418,-9.5328369140625
6.442434166934048,335.9443359375
-12.2162083245621,-178.695556640625
-20.3623076046531,311.44989013671875
-5.45440876641342,-108.93505859375
3.1416241584890576,199.16802978515625
-4.96580172718434,-426.6776123046875
-37.4061766871973,196.13800048828125
6.46185690649625,-64.78024291992188
0.5403453062071405,-1271.748046875
8.656689402528613,-206.87533569335938
12.331931266595111,-14.637138366699219
2.75380173901167,-115.2156982421875
-2.8447496930443927,-1050.84765625
0.0285872237409883,-694.42431640625
-73.5286754265322,-155.44085693359375
7.285509446842615,-121.61245727539062
6.72046542688671,-298.7412109375
-6.19730890695259,186.87294006347656
-16.4599719883519,-32.1988525390625
-10.288292260688207,-1719.576171875
-10.285920522724917,-88.065673828125
-30.8171784242839,-32.139892578125
-4.65691689928222,-273.1455078125
-37.1716279374795,-359.61895751953125
-36.50577458359941,-248.24005126953125
0.7942566624333496,-495.930908203125
-34.8552692363716,-53.64947509765625
-2.491707941339629,169.00177001953125
1.7387039934851498,-198.70904541015625
18.9715733525152,-150.80935668945312
-13.8996269060666,25.6868896484375
4.17561229224804,8.8466796875
4.7680640763497,-4.155792236328125
-6.745372906074374,-28.878662109375
7.262818938793504,-292.5091552734375
-55.7541546140486,-67.39801025390625
8.453421074249384,-32.164093017578125
-5.85807143580148,-237.156494140625
-52.7336020518746,-64.56427001953125
-1.995826789875676,-863.4404296875
-1.3326443092463092,-7.97821044921875
5.029017096161708,-405.69781494140625
-0.71117494174041,10.9024658203125
8.243548509216069,423.6771240234375
5.81602235619721,248.367431640625
5.978124919049687,49.0726318359375
-2.8859593337581737,-381.880126953125
-26.0047332498617,-97.0894775390625
-1.5220929784942658,-136.6241455078125
-3.195242757261453,-351.3311767578125
-15.0089303719363,-91.531494140625
-1.757118944268968,8.292236328125
-13.5091075877696,-91.0283203125
-4.0681667574955,79.3172607421875
4.43276114617859,-65.66144561767578
-4.665207913971671,-203.9161376953125
7.33919324558513,-301.1300964355469
-11.69780882660921,25.24774169921875
5.960801203295765,75.407958984375
-29.9162730471743,129.86734008789062
-5.331847529263395,-223.715576171875
4.2006804390709,-224.0068359375
4.76541245752904,174.2155303955078
5.87221574658101,-283.564453125
-12.955988512618,-274.1662902832031
-14.4061745570978,-145.015380859375
13.644333664082708,-264.9861145019531
7.522446474796843,-248.31436157226562
2.858782897786812,-263.219970703125
-49.8653288018085,-249.50900268554688
-4.029904705212941,615.7470703125
-6.2026319104393295,-34.3602294921875
4.452168509343501,176.65106201171875
-16.475900892606802,480.8037109375
-11.03094492075089,77.13916015625
-8.08045020128908,-56.37890625
1.39259946716825,-27.14923095703125
-14.885807229381896,157.857177734375
-11.113180908425988,-404.0369873046875
5.506094216928792,-178.95028686523438
5.29091659278858,-114.18731689453125
3.42106467876526,202.8165283203125
5.162821279449693,134.18191528320312
6.020551076354931,62.825103759765625
0.8086942897832163,479.3204345703125
-8.80546181278599,-152.9903564453125
-7.42349600405968,-83.082763671875
-14.4731176558811,-174.7002716064453
-35.5448186771701,-122.97451782226562
-1.657597602265355,-97.92874145507812
-1.930224441335125,106.5494384765625
-10.398648228661925,-239.53546142578125
-1.6521884315998507,21.62127685546875
1.3131129859732091,207.8096923828125
-0.1240821746904601,-128.57064819335938
-35.1709788883515,-109.9346923828125
0.6771989561182002,229.50918579101562
-5.8677981963370005,-217.6329345703125
0.7982616963508231,-96.946044921875
2.595279020812243,152.7628173828125
6.9472187772133225,611.57763671875
-41.1395198834054,-136.56837463378906
-35.4604736838065,116.0396728515625
7.87379173269718,10.416900634765625
-8.72128086410909,108.054443359375
-82.13826531723697,38.84521484375
-9.70693692529289,174.3564453125
-61.4386715672369,-31.3734130859375
7.10938257895085,-694.8572998046875
0.4007388327427847,291.27880859375
-0.7455370396145937,-130.09130859375
1.674966057420845,-89.06924438476562
11.877856996640997,-85.1290283203125
-0.9096556467231308,274.7576599121094
-1.4680391508473674,266.845703125
15.6414782015599,-38.885009765625
-10.35739215730591,1120.216796875
1.926107182225645,110.2872314453125
6.99756701325662,36.26239013671875
3.54836143321337,123.79216003417969
-7.726553411266567,-233.94970703125
-48.51478094223695,-40.9202880859375
-3.0453156276270903,-21.133544921875
-3.454798154796729,443.79180908203125
9.503977484174175,108.38528442382812
6.001532732018722,157.4783477783203
1.775572054007981,-143.535400390625
-2.6871577689602653,-202.87881469726562
-7.920344649869953,-7.91741943359375
2.578081311550471,-120.652099609375
-14.434457477598505,292.71484375
-1.338045882914232,26.154052734375
-44.1817825469333,-38.12957763671875
2.4314234692194163,-233.52621459960938
-2.35314836228574,195.130859375
-2.07036107592124,26.109375
-6.560167066336443,83.26904296875
-2.54688332955635,254.240966796875
-7.940842049461227,-29.79095458984375
-7.789052707582185,-290.3665771484375
-1.4295761119406232,35.4083251953125
7.206977941743588,-257.38916015625
-4.081394009803599,-84.736572265625
-30.167243616457,367.526123046875
11.7225687296843,211.5672607421875
-0.8984319813221007,765.51806640625
10.349523074958825,-66.84078979492188
5.42147270471237,-35.7384033203125
-0.3136273830120112,114.763671875
4.398848813602776,-112.6456298828125
2.099307195887115,59.5191650390625
-61.6890402284636,230.04296875
-7.08434802004719,-0.4483642578125
0.6962467393230812,32.39892578125
9.0758909366509,25.0126953125
-1.9263965715605047,-121.747314453125
-6.262949496708321,-93.35546875
-4.739766082030863,-491.170654296875
-36.8822022827233,152.51724243164062
3.24770439300306,76.41943359375
-2.289513933263135,35.448944091796875
1.41805545618482,-468.0379638671875
-24.4432878855492,-53.23565673828125
-24.96156751119129,234.71630859375
-7.734574598544068,369.2391357421875
2.79124989437018,-163.77816772460938
-5.17831154550348,78.3619384765625
1.5275640312561216,138.24920654296875
3.682989905065457,135.8629150390625
-10.8237586662752,45.60009765625
-6.929951553081727,14.2572021484375
-27.96215708599589,-16.17919921875
-2.88087637063392,-72.85693359375
-5.960419628776203,295.0205078125
-37.189874708633695,-108.07574462890625
1.1496085756031087,-383.3197937011719
-12.7137936794919,142.0645751953125
8.398744223780918,78.5728759765625
-33.3004252633332,-65.36041259765625
9.144089281431205,-20.5302734375
4.065326821312747,-215.7958984375
-41.9047429025821,-229.0794677734375
7.383552345763623,-359.0849914550781
6.364261125349779,227.807861328125
4.841793570156368,313.484130859375
1.6198341998494314,-36.41412353515625
4.179707781567577,-312.86102294921875
-14.7229944429405,1024.0289306640625
7.078924552126015,73.01190185546875
-12.898019313824,-207.3930206298828
-70.8116033690518,145.5732421875
12.7359625054994,-150.34994506835938
5.586124430090477,15.332916259765625
3.028467183462371,-170.20840454101562
-5.830142578087577,-212.197021484375
-22.6841489367301,-24.116455078125
-1.51657819068512,75.627197265625
-81.52648016021857,617.6724853515625
-3.36903782007548,233.621826171875
-18.707844022,512.627197265625
-34.48768519828235,25.226043701171875
-39.7169735486916,166.04815673828125
-1.593720937577549,163.134521484375
-23.2954444871652,-48.540435791015625
-45.30258920076982,-244.44427490234375
12.5056328567953,-373.94329833984375
-11.9299972333177,-335.1282958984375
-37.9495035857927,-1282.849609375
0.7001962140772594,-51.75518798828125
4.49418879319923,93.404296875
-39.0646563811545,-143.523193359375
-9.09730633851708,58.635498046875
-17.5589533745204,-162.52020263671875
-4.92782811871599,50.780029296875
-8.2299173561342,-33.072479248046875
2.60625970962018,-269.814453125
2.726862934921635,-39.21710205078125
4.071661498679735,262.6171875
-13.2494383747796,-12.512451171875
-11.9154244975033,-10.30853271484375
0.9090871567987184,-3.984344482421875
7.92708077877978,-180.556640625
-3.119647295186995,78.4599609375
-2.248378586620203,-197.83612060546875
1.6646916021852596,34.444671630859375
0.1590569364430157,-72.53701782226562
-77.3623903172369,214.01397705078125
15.8859560938761,-114.2802734375
-3.11888044241469,-227.3255615234375
-2.7468186065138984,-145.76641845703125
2.77922195660905,-424.07373046875
4.052279150357491,-70.005126953125
-4.03806373695381,42.982818603515625
-2.4461467814868523,-44.29248046875
-0.1639564470097907,-88.6112060546875
0.8542168432631491,-88.71707153320312
5.84905996845087,324.0325012207031
-5.77665564868809,54.05633544921875
-3.7008288999313423,-769.183837890625
-7.18713065449027,-60.872222900390625
-0.9529303605806088,-60.46986389160156
-15.902118442879,16.996826171875
-28.0636361890057,-271.5772399902344
-26.912205886836706,-33.725830078125
8.596988309863011,90.65496826171875
0.2877587512502297,-84.86703491210938
3.3899996482015826,-10.886474609375
-20.5869014386951,-370.8567810058594
-9.341800010912078,99.2677001953125
0.1692077246922899,253.43975830078125
-1.857666460494741,-3.991455078125
-13.2752747780792,5.335693359375
0.7445982178878973,17.6939697265625
4.49646859469848,-451.5592041015625
3.60913262992784,426.74127197265625
-5.653435188749545,139.9373779296875
1.51502173443586,9.0345458984375
8.143116180793372,96.2618408203125
-8.36164856265281,35.19171142578125
-1.130678948105339,85.73800659179688
-4.349210006555943,70.75309753417969
0.2594141505344826,-48.716796875
-32.1283374054069,-537.7218017578125
-1.9051378030600723,307.29095458984375
4.768047800449637,383.2364501953125
2.264898495983479,10.97845458984375
-6.47138721063866,1329.2568359375
4.93167956005568,-173.47332763671875
2.4851768276660025,45.136627197265625
-3.930469946192945,51.634033203125
11.923948375295712,-397.77630615234375
11.616605850275496,159.184326171875
10.41580460128629,13.74395751953125
-8.700462669667385,-69.7640380859375
13.1991243046288,-78.48065185546875
-4.75101729862813,28.896728515625
-1.4230966237807086,416.80029296875
-2.07861348348741,-385.95867919921875
10.292368565007404,385.412109375
1.9007667723773176,1.895263671875
17.1612744381531,65.5467529296875
-0.1428452494230792,-348.63909912109375
2.4933992323843923,-270.10894775390625
-13.861300672159,283.30755615234375
-1.7943154401891548,110.381591796875
-4.15624175439773,-286.87652587890625
-14.277645616907492,-49.2894287109375
2.713132201978397,-215.76904296875
-13.315456279797685,54.35955810546875
-5.36204355968609,398.365478515625
-1.4872271509121793,-72.726806640625
0.31232235517322,-121.31179809570312
3.0307168501552093,-104.4439697265625
3.4484762474106,487.56512451171875
-34.0729170807354,-91.4129638671875
-25.0659802428987,-182.19970703125
0.86771933446589,-1200.272216796875
-11.996919710325,89.8133544921875
17.2594267615487,375.68798828125
-56.2560888739038,-80.941650390625
-12.7386491421071,-43.6805419921875
-3.520787796436005,-26.118896484375
-0.8014467498558491,41.3135986328125
-34.7812340468876,-406.822998046875
7.158235365631607,-50.8990478515625
3.29681579894721,-562.0662231445312
0.046018285265003,-24.592742919921875
2.046344769010002,403.56341552734375
4.25403099118957,-46.494384765625
3.7804230286959792,-57.0546875
-3.773219093074008,-58.06842041015625
-9.722403045722997,-76.3153076171875
2.81101468536903,300.56329345703125
-23.7494411406013,27.65545654296875
-75.56229656723696,-148.0185546875
4.366245372711767,-104.93753051757812
9.94612085382829,-318.9365234375
-8.207132148775708,-63.047607421875
-3.09775596823669,-173.546630859375
3.77256113899207,-60.876251220703125
0.2016574678685985,455.6025390625
4.38808277416547,625.82421875
3.7092867134231,218.06417846679688
1.6740112862957208,-639.091796875
-5.472376660417956,-87.49554443359375
12.283123760680592,7.285545349121094
4.417989059347175,-119.96844482421875
1.907333647224608,-13.3438720703125
-3.73521146317182,154.0465087890625
7.837521570550837,265.82940673828125
4.82455755953161,-297.7169189453125
-0.6472060937938101,-209.0745849609375
-8.237956686764985,145.39791870117188
7.36579899286375,172.22015380859375
7.859716520666763,756.6383056640625
2.765011277030255,-1579.899169921875
4.62415639298937,14.97479248046875
6.430237727930085,-127.29736328125
2.44728958086436,67.2523193359375
-1.93656353174353,159.840087890625
-33.7845903951132,-70.92352294921875
10.960301672714698,-382.3544006347656
6.147225205740463,-60.9764404296875
2.4659746492236927,-205.362548828125
18.2642273209106,-38.8790283203125
7.656482330373112,76.2923583984375
-63.2346715672369,448.3165588378906
-22.9610154952969,-297.04583740234375
4.39789099231211,-945.845703125
-46.587141393021525,-193.356201171875
-12.281506448986304,-239.4303436279297
5.220668557811489,-28.2938232421875
-1.4412632820262703,51.34977722167969
-35.163016426576704,91.346923828125
-31.380009974583203,-360.5633544921875
-40.7258600860177,-71.77647399902344
-35.3994683825842,-238.73486328125
-10.968565079401992,14.4578857421875
15.384553292915324,50.90869140625
-0.4271227388875901,359.5757751464844
-7.69948364751984,151.59463500976562
-26.6822467124322,-69.38330078125
-0.2823200449385875,-540.186279296875
-3.8453528225106623,69.9344482421875
-2.4599041427842496,-512.822021484375
-12.7315114055493,105.0386962890625
1.418014053180695,468.377197265625
-3.4922781726655696,-156.677978515625
9.58062385928767,-74.0126953125
-17.5801214502402,-125.50885009765625
-49.5120706514507,195.83184814453125
-0.4503474699443348,141.7969970703125
2.332279780348585,-730.5458984375
-42.2483635713802,144.46981811523438
-5.00028834575103,122.0008544921875
-5.14141487663266,-48.18798828125
-19.923371510770203,14.36663818359375
4.28301459624688,210.6441650390625
0.3224388648416145,199.78839111328125
6.795393661635613,1638.5615234375
6.720388221210122,-676.2138061523438
-20.7558388881914,-545.9168701171875
-12.5922662394529,5.2742919921875
-5.19085420781142,99.95379638671875
-27.3858072066324,-206.4278564453125
6.488490212037078,-100.42143249511719
-12.5233171201947,47.4058837890625
0.996650643215182,-30.956298828125
3.27144637329635,187.31710815429688
1.203208947199059,137.4815673828125
4.5031585012656095,537.8759765625
-46.6686841099013,196.46405029296875
3.600655729290548,-28.4801025390625
-2.7077151362496297,-513.152099609375
-42.936846127142296,-140.4512939453125
2.679404112105611,18.963623046875
-23.975827854410426,268.30908203125
-24.4869919201538,-47.09710693359375
-6.22433036882608,260.949462890625
-24.992167376126925,43.667724609375
-9.742168339465294,-225.6259765625
0.1235817830644999,-58.187774658203125
-11.607028837624,27.0469970703125
5.321680837772678,-115.2855224609375
3.3452637215970498,852.9365234375
13.015759276594096,287.442626953125
-6.13466459150186,-374.9725341796875
3.0897024917955025,-225.2906494140625
3.557691046156,37.02978515625
2.0008593011464906,104.085205078125
-1.2671721747064446,104.6387939453125
-2.989164004622407,150.10476684570312
-2.43808381047612,-90.31494140625
-11.30813578108209,-700.724853515625
-9.619042312244815,26.77685546875
-4.01456885639382,183.233642578125
-4.853312003098937,-168.082275390625
2.78743688363977,-510.09375
3.6035536346157695,307.9892578125
6.09033976794457,-123.52705383300781
-5.89266438028177,-212.1685791015625
4.780848076735348,-213.99566650390625
-20.7592210135025,85.54998779296875
-3.637071869773312,-4.2581787109375
-4.396710286499547,-184.34405517578125
9.04709717330502,90.62744903564453
1.69213972357191,-371.030029296875
-27.068723822751306,-104.0205078125
0.2886204877907422,169.387939453125
-0.592182005541919,-323.1172790527344
-4.736229867816737,230.1744384765625
7.877641553655238,-21.67034912109375
-2.588665914009158,-0.05511474609375
4.72846919446815,34.23455810546875
3.42669038506664,88.196533203125
-10.274169876330886,-1311.5947265625
-1.289264920121349,-340.2723388671875
-6.9648772325347394,71.28062438964844
-1.2236747050651609,107.0826416015625
-12.208208404490907,122.015869140625
4.40921359309415,41.77392578125
16.4171583068458,-135.36996459960938
-15.991582533821994,-219.9080810546875
7.809600001042748,-11.736068725585938
-3.0331069492891496,245.37435913085938
2.603164662477901,78.86468505859375
-24.2572199033326,-199.7945556640625
13.667582002208905,-309.3536376953125
8.19307228691883,63.695770263671875
0.4664503305112299,-125.34963989257812
-6.46133524603972,-36.23211669921875
-19.7520332208299,-6.529815673828125
-7.75971004909346,238.3046875
7.66334596528203,47.773590087890625
-27.64770126959135,-68.92849731445312
2.125547882163602,88.39382934570312
-1.8239337240231768,-129.69580078125
3.3696784995100426,-115.18902587890625
5.265272900492549,109.63720703125
6.753311816554961,59.596435546875
0.9434331950199416,78.31201171875
2.13745295521649,35.916412353515625
2.76912169862866,-161.47952270507812
2.409764321136161,-185.29443359375
3.7606671418030695,-110.28936767578125
0.555665600488549,-49.5396728515625
-89.04756219223692,-378.0804443359375
6.987950206462267,277.6501159667969
-10.09410467002709,285.416748046875
8.16191414696451,-61.049285888671875
-10.731303688850904,-42.08612060546875
7.588764503474316,362.84759521484375
-5.25293160621848,-12.75006103515625
2.3065604778561424,134.33282470703125
-3.8022266666193874,82.09527587890625
3.22816419080692,42.29638671875
1.1941842843275,77.98779296875
9.772192422094813,32.12744140625
-2.489313079893845,284.08642578125
-13.547300817594484,-51.1666259765625
-1.5403494549472296,130.0841064453125
-5.139364658294922,-153.59925842285156
-1.32131943338233,1667.763671875
-0.5284321769112605,392.12786865234375
0.1119561526876595,184.09817504882812
14.8508222506114,43.884429931640625
-0.0918051514147744,-154.86940002441406
-1.7237618714553775,207.00582885742188
-1.5699354762224491,-1914.7509765625
1.5718362711845366,174.91339111328125
3.58036180553514,-101.50067138671875
7.45084701577923,78.94476318359375
-7.378812419643663,-144.07907104492188
-33.1832620874725,165.96170043945312
-6.066411004621831,183.174560546875
-16.4910721624856,71.147216796875
0.8267526169764301,61.14697265625
-9.762453719841735,277.466796875
8.07102955700163,-126.89990234375
1.741670982094262,120.97109985351562
-0.0053525606393112,2345.18408203125
-51.4043293278057,95.89288330078125
14.9415296965116,1268.6612548828125
8.70853787657841,13.02093505859375
-2.149900469098629,-137.25408935546875
14.8229623836697,160.9840087890625
-0.0379657812584102,-1461.384765625
-15.3173389528898,-119.258056640625
-1.7663441991754285,131.8939208984375
-6.708306328674888,-40.1263427734375
-78.7451798053926,119.97021484375
-0.5413656534735456,93.001708984375
9.625121597198186,192.94912719726562
-3.15562863494722,-309.44140625
9.60447820177431,1013.093505859375
-3.31847606547329,546.5816650390625
-4.12581810820042,-51.1138916015625
1.7706121017107803,110.9676513671875
0.5117341060036625,-105.45584106445312
2.63157412115867,50.08544921875
-4.763634360062484,1594.365234375
-11.18181257464061,-334.87103271484375
-39.4932668903457,143.64208984375
9.206200380526292,-234.87176513671875
-2.93911844531118,112.82345581054688
-28.13472322157985,-380.9727783203125
9.62907409316032,-579.540283203125
-7.042636248773623,-70.32401275634766
-4.03025121975644,-37.95404052734375
3.42951329804928,-151.8421630859375
2.5565427438131976,-92.51416015625
2.8513084033656,50.802642822265625
-5.5623675139736175,-100.50714111328125
16.9968892380515,117.82991027832031
-4.144685584269085,169.2998046875
-11.221818720505304,193.3861083984375
-2.111656589218961,-67.46826171875
-1.626797120535592,-57.827911376953125
0.7652624054000594,115.5205078125
-21.5531296050118,-153.861328125
-13.053772031257305,30.54559326171875
5.42509465390903,-141.71710205078125
-5.5186956836840375,-156.36993408203125
-2.260381023139061,101.539306640625
-30.3377383335249,26.933212280273438
7.380729755239978,-103.41799926757812
-4.172986764275874,34.2630615234375
-1.2036514942358316,84.57670593261719
-35.2906329121599,-428.3653564453125
-2.54595208771381,-64.47126770019531
-10.901275449743116,53.61822509765625
-17.0078420331655,53.9364013671875
-17.0314498829154,39.607666015625
-11.9784507557909,32.8179931640625
-19.469018973061075,55.90643310546875
-3.2142130797467816,74.631591796875
-0.5663484394051013,-164.764892578125
-21.2195468929047,-207.65744018554688
8.077984978184695,95.56257629394531
-17.0119321722455,-95.166015625
4.67424026120176,-89.0830078125
-47.9875704511971,89.20989990234375
4.316615136301563,-19.44537353515625
11.2728180991378,22.490753173828125
-3.5546157663424616,85.76177978515625
-3.15887949932979,-131.4473876953125
-1.6422791314174887,56.84124755859375
-3.448025235667948,126.99896240234375
-13.5632540546311,90.50485229492188
0.8825935384285006,-46.17181396484375
3.27100049685324,381.2001647949219
-0.7762273913233743,-27.9385986328125
1.026942322157092,427.5741271972656
9.859104788483815,93.689453125
-1.9977872313530125,257.983642578125
-13.1809903671301,67.72605895996094
-35.1782981083837,51.040863037109375
-35.8337806803641,209.23114013671875
-7.639409008216227,246.68392944335938
-15.746453943284,265.07659912109375
1.055995951979529,48.812255859375
3.987299411465438,-138.55743408203125
-37.0930621901092,6.926116943359375
16.694612728237402,-6.44622802734375
-4.527979888097892,-37.568145751953125
14.6352674345898,-133.71197509765625
5.034618319433818,10.5712890625
-3.77133000272187,85.983154296875
-1.61504571199055,237.0181884765625
-56.3663437951974,-367.627197265625
10.088450856398616,7.6922607421875
-14.285610883283098,33.20831298828125
2.6210618799141923,-128.620361328125
-2.308732762121495,-119.39300537109375
-83.9761260280997,89.8695068359375
-1.03656181464744,-220.68359375
10.16232173056559,-56.339111328125
-3.12013961477547,208.48394775390625
3.010752586641185,425.492919921875
-1.5178355576616795,-57.9036865234375
-2.60072537807549,163.273193359375
-2.367312137177082,-152.32952880859375
6.075310726130807,-41.30760192871094
2.24572304437811,-104.3291015625
0.2044267191685782,-39.5399169921875
3.85944773684647,342.2568054199219
-14.409506408843407,104.99066162109375
-2.683955047842884,-225.955078125
-0.0075038478591599,-156.6798095703125
7.190050317883171,26.6920166015625
-2.1691769605730515,134.78094482421875
-7.910003358009165,-677.6871337890625
-69.1366966634013,103.89776611328125
1.437241653553571,-97.1588134765625
-20.7409218490905,-252.36492919921875
3.78247800369874,367.8831787109375
7.909526276907584,-5.789794921875
6.097122298913325,-164.83001708984375
24.5800902168924,257.4068603515625
-9.979741434164584,-21.024658203125
3.1327986373042376,-26.542236328125
-8.393586343504198,-83.70465087890625
8.678125432705007,257.8133544921875
20.7428439693387,-105.28729248046875
-1.511416195100045,107.8348388671875
-23.3725501337939,102.36102294921875
4.69437535963172,147.527587890625
8.24149319055937,-134.44326782226562
-0.2898522089969393,-280.1874084472656
-7.19378137939456,-47.7030029296875
1.0271109700113177,-32.43243408203125
-14.564555056626377,98.856201171875
-9.657849716236,147.88421630859375
-0.7280966227290082,-546.2646484375
-21.8962191024866,-258.118408203125
-40.2614734397264,-259.134521484375
-1.77750068778882,83.849609375
-28.3488859938485,56.29052734375
-8.184373188662292,97.6611328125
-6.135426654744688,14.841796875
-3.270422191581055,31.752685546875
-6.055427015859325,-385.128662109375
-34.3143130117107,-91.244140625
-50.4820483838523,153.60784912109375
-4.639593570653838,-284.0311279296875
-21.0606958753072,-896.15771484375
8.747205755218493,86.40023803710938
0.6884341878779402,1406.654296875
0.300408103033295,1107.4739990234375
-2.6184282494780104,-72.616455078125
-37.3999740396079,-99.6302490234375
-10.594900847222812,-396.3499755859375
-23.227454082363305,79.994384765625
-15.4814292943448,-63.66961669921875
-6.89310310865277,514.684326171875
-11.7962452523223,69.58447265625
-0.3887710448227697,185.9208984375
-4.0896099478500325,131.39404296875
-42.6579269422049,-77.87115478515625
-2.095241650043551,-123.193115234375
8.45389840526827,-11.40673828125
-15.5157954828953,-100.33642578125
-1.9802660997523944,159.46319580078125
1.8368511005450223,411.9180908203125
2.11900133622217,-360.21685791015625
-38.4962238749225,210.94921875
0.8069046214032297,24.3525390625
-1.73607437190069,-79.8975830078125
-8.46093254820262,-42.2730712890625
-0.0780407432645869,546.0595703125
5.009535132419683,6.8755340576171875
-74.9399761386801,105.5482177734375
2.806732553915905,63.37274169921875
-10.415057364934407,-45.50152587890625
-4.81834176383161,-86.0155029296875
-1.4920816076829602,85.6234130859375
-0.003939288658445,-21.74737548828125
5.86288473591452,59.5601806640625
0.4443344011282492,50.14788818359375
5.72263802046558,-233.284423828125
5.46583466116103,84.424560546875
5.05355462238675,14.65350341796875
-17.190033530139498,-153.13092041015625
-10.1192188918475,-619.322021484375
-10.539071528779305,-172.4599609375
0.2492257167476033,2288.0322265625
5.35198813185094,-76.85809326171875
14.9823899147147,-118.7236328125
1.7336328627834918,-107.81475830078125
3.2582764286422226,-878.5400390625
1.1615369027166365,-95.36444091796875
-42.4099588259267,58.66473388671875
-38.7823663998969,-217.2161865234375
7.99575647038201,-72.41485595703125
11.644495901203598,-380.5595703125
-39.0956747424042,122.6021728515625
-38.6438610292767,169.585205078125
-40.5029244010595,-73.5130615234375
-22.8644313188967,-74.37200927734375
-0.897066728281827,71.921630859375
-17.6830733389949,506.4599609375
-0.0084306638066775,-80.66448974609375
0.5394390329931549,46.54205322265625
-21.61387508166409,-111.38311767578125
5.053393098685065,-453.63970947265625
-15.7834934865799,30.856689453125
-58.40351531723695,78.322509765625
8.86280218600469,-274.4169921875
1.888243484494037,139.74066162109375
8.99923705482913,67.637939453125
4.133325903305868,1409.337890625
4.774357664359128,95.42523193359375
7.418770080750715,-261.38226318359375
-2.25262466719878,1.8924560546875
-7.071587649042333,-55.23876953125
4.398742241377427,1347.35546875
-8.692928400841772,494.20703125
2.334382802629,151.57171630859375
2.8274240704709,-87.7669677734375
2.1747311895065486,-289.4101257324219
-11.9965988914421,-34.865386962890625
2.776867734737273,303.650146484375
-12.4595255596924,139.500732421875
18.5317724911246,97.67532348632812
6.86106163750481,-412.1083984375
-19.1693792779686,17.228973388671875
-4.20883890972707,-75.7705078125
-0.3530077955256401,236.09255981445312
-1.6020246929696491,-17.217529296875
-7.57557880794988,27.393310546875
13.9692836454661,-48.475006103515625
1.289294757415069,-240.82171630859375
-20.3746494688195,142.84005737304688
-8.044482691931467,-30.63580322265625
2.51340467963473,79.65478515625
11.0282847349576,213.981689453125
-1.3944922949507652,-111.7139892578125
-26.2706781913698,-93.8720703125
-71.7765711158932,-83.33367919921875
-44.2857422252861,12.0277099609375
-3.057699221935841,-226.181396484375
10.116767222520318,249.96246337890625
-46.9980356488569,132.60086059570312
-8.677497573270493,21.5047607421875
-25.781275563237,-87.4215087890625
-2.941164138388841,-84.1158447265625
-26.5692742661385,-74.6346435546875
1.2555345380058751,337.02166748046875
-0.810306898238276,251.22682189941406
0.2404076931068699,64.602783203125
-2.5590885431480426,23.7958984375
-11.9846830308257,40.6904296875
-5.775806690181939,440.656494140625
1.9806048133258944,93.12744140625
16.618750626525,-288.27685546875
8.204494762209066,-224.21365356445312
6.80321923705408,343.1435546875
11.710679650337616,169.6485595703125
3.181253849239128,-909.9140625
0.90894434552881,243.72943115234375
3.547124544521316,-90.6552734375
-2.202886656443709,-7.337890625
-11.133669865203094,44.3123779296875
9.328533024448705,-438.6474609375
-0.7012610501602399,-264.599609375
-0.3170472839931941,-170.687744140625
-2.3458288386735573,126.306640625
-26.1191329979098,-280.9989013671875
-2.33292598982445,642.69384765625
2.461922216333884,-236.77587890625
3.73205068567752,-129.22213745117188
-22.4462583852743,-76.97802734375
16.899113604615202,212.96102905273438
-2.85382252753121,5.04443359375
1.2705701336207027,88.718017578125
7.960789166364423,1.4948883056640625
2.71808902854303,87.6075439453125
5.5273920092716775,1.63616943359375
-4.11149235653684,-163.20474243164062
-20.9676231329802,-1302.279296875
-0.89184437235696,-19.8331298828125
-1.2816619609782416,78.16839599609375
4.85634828411675,-188.84381103515625
6.429854346358795,-236.80697631835938
4.71112087372323,27.0045166015625
-30.7199022255615,-138.13128662109375
-3.8590388668775,-142.772705078125
-10.6557437737239,149.4737548828125
-13.4460672849668,-64.4078369140625
-5.527709296795018,143.91644287109375
-1.876637029070265,93.7265625
10.2532613363299,820.6930541992188
3.00680128293027,-537.62060546875
19.33685959748449,39.7318115234375
-0.1058882282985149,174.93505859375
14.3436638764016,222.0487060546875
-16.1535771788668,-129.44415283203125
0.9480162028997956,771.31640625
-18.5891767455387,44.727325439453125
13.309934514349203,87.0916748046875
6.02246857213521,-414.9619140625
5.16750826555368,-96.31088256835938
-1.0190872666435924,976.158203125
-19.100904418149,14.96435546875
4.743603615290096,101.68994140625
-13.8157551615103,-35.265380859375
-3.802611775309477,-346.444091796875
4.30511943579503,-36.718505859375
-22.482844278002705,9.59478759765625
0.60779733849738,112.41908264160156
17.8138573048897,-260.9262390136719
-38.4626262988146,-238.727294921875
-0.6089836493556324,-79.7821044921875
0.8617451361473882,-563.3660888671875
-2.40000424902785,151.2548828125
3.7078671714499096,-50.565765380859375
-2.390619984667185,609.182861328125
-15.559462368784592,-133.92742919921875
-13.790764753514,56.365081787109375
-9.325981865786185,171.10931396484375
-58.4491138315396,13.71856689453125
9.550892694239591,-241.59457397460938
4.435147085081137,102.90704345703125
-2.3538192484503564,150.03857421875
-5.83438093189622,-20.5003662109375
-7.10827059552493,-61.585205078125
-12.414939844598162,90.32373046875
6.6154810826822,-11.936676025390625
1.3155747227446202,104.6171875
-2.56542276271332,235.3607635498047
-13.546032832554804,139.4241943359375
-16.600339428286603,109.855224609375
2.9737175212081803,-13.2919921875
6.167862854629888,-92.481201171875
-40.922076323723,-64.644287109375
16.9349100756105,-119.199951171875
-12.24911226903676,35.470916748046875
4.867927463076468,330.9165344238281
-21.6327950573002,-289.66595458984375
7.11033993521173,262.2644348144531
-9.59094984812801,149.18136596679688
4.92186081619874,-26.381240844726562
-7.815562497274902,-12.950439453125
-2.20364176327536,93.9384765625
-19.6754058911438,127.5751953125
-91.8886792382854,-19.4307861328125
-20.9507978903398,-111.96087646484375
-17.8084408175675,-50.76678466796875
-62.9612541332419,180.03857421875
5.598134989920393,-201.81597900390625
-7.283890318199592,0.3212890625
6.1026124307435,59.547119140625
7.42840635595139,160.52029418945312
-5.179391847578812,-59.04302978515625
-4.873152982370568,-116.58465576171875
7.276768036701751,528.300537109375
-10.739322929783883,-125.41452026367188
-22.9219832537164,194.07373046875
1.5259403537211615,84.190673828125
-44.7886924625105,176.7978515625
-3.72583443525641,359.30126953125
-14.57002364123529,22.697265625
-10.128266274366498,-258.24749755859375
-28.0249952668106,173.75155639648438
-26.24662901330595,41.34783935546875
-40.3645652505015,217.64208984375
-30.8056950922951,81.11138916015625
-3.9552380984537248,-138.7393798828125
-2.1789667599796294,90.60498046875
-0.5734820606807138,76.71630859375
-1.1617148968623687,83.094970703125
3.42848617073407,1127.648193359375
-17.4030551064212,279.8119812011719
3.88109013796494,-14.1556396484375
9.400493271217616,-259.6002197265625
-11.302161927872188,16.23675537109375
-13.3709137252944,-204.1112060546875
-6.79658968512302,29.1414794921875
4.509456424718162,-95.13970947265625
5.45103123545738,-41.763427734375
8.149714042401495,22.32763671875
-12.909180343140196,215.7611083984375
-6.61979034735207,-59.0382080078125
11.9978624338519,-30.58929443359375
-12.53254789251529,-77.8843994140625
-8.36198121766124,-354.51483154296875
-4.361976736345532,239.63873291015625
-0.1898191226144924,-107.42431640625
2.3166834950764685,223.595458984375
-12.6203596574975,80.1943359375
-1.207429910073891,271.7734375
-29.7403775200217,395.5616455078125
5.31082796058257,-181.36712646484375
2.97844031586002,53.204132080078125
-12.533050119535002,72.2322998046875
-5.8684323426223,-118.376220703125
2.391980620215489,32.394287109375
7.73570234615748,72.9560546875
1.166748445159433,252.29833984375
6.093529951556334,-346.3411865234375
17.709922444879297,-197.38702392578125
11.779516260068313,400.6047668457031
2.4866177573815964,-539.22705078125
-30.89708550466269,-57.7183837890625
-9.231606713935047,364.52972412109375
-13.4089268865456,-192.8966064453125
-9.06573754635488,-45.88232421875
9.30630078585379,241.37451171875
-7.156550033865472,153.7781982421875
-10.5414716495377,-73.95867919921875
-27.8178569354009,-113.40869140625
5.3817717725564,-145.28662109375
-35.155236696245,154.49322509765625
-21.4141717786538,164.25570678710938
-2.6053130644292946,68.8912353515625
-9.953220777101093,62.3275146484375
-8.798237091769485,-175.32562255859375
-27.6920167541674,200.566162109375
8.017093587799739,-544.00146484375
-0.3550158381598589,77.69537353515625
-1.19024715514191,37.3203125
-3.2855896341823474,-130.978271484375
1.844566842421384,-41.87664794921875
-30.7366736665872,-318.9815673828125
-11.338238855350506,-20.992462158203125
-1.059512617215007,-154.02362060546875
-33.7712071062874,-453.31298828125
3.812227003524945,291.7593994140625
-2.8472026300298463,61.409027099609375
-21.5871320482388,-63.167449951171875
1.845960760756301,83.37255859375
9.06213659212517,1.2371826171875
-13.950148061363093,-191.17942810058594
-15.1006814359747,-194.4873046875
-8.65496498210776,52.718017578125
-31.18852367408345,-360.87451171875
2.35160533891099,-72.52105712890625
-7.06329362397977,238.21157836914062
-11.299328727708405,36.098876953125
-5.73967918172164,-84.29461669921875
-4.062121175440552,-158.1461181640625
3.62056380925444,-594.3600463867188
-6.512385872303066,-103.4722900390625
