Score,Pred Score
-13.812973987503693,74.044189453125
-14.6311710829416,153.45004272460938
-15.020937907067507,72.237548828125
5.61896917638109,869.98046875
0.1461877509898399,-111.773193359375
3.59745169898486,227.98529052734375
-6.72144892291601,-98.2021484375
4.304204520484877,644.884033203125
3.37898618824583,577.5386352539062
3.939818822274421,225.8212890625
13.9953943577381,-616.4746704101562
-5.39913759737588,-437.2578125
-2.204579993178592,-242.7884521484375
8.829561804598438,104.96575927734375
6.01696699102072,-431.3426513671875
-6.376202369524528,-1270.94140625
-6.50906463316165,-195.759765625
-60.92137282626391,12.479736328125
1.99934019108803,-148.376220703125
2.188685633501576,-174.07940673828125
4.07090957771029,-4.78759765625
0.5211206139658471,-217.5419921875
12.5580583918003,150.69198608398438
3.320229681965675,2.5859375
-0.4381862293696001,68.41534423828125
0.1752112379752922,75.57244873046875
4.123908949931413,-756.89453125
-14.2382866820043,59.112213134765625
12.966325580978296,-430.992919921875
7.692941411907634,87.9437255859375
-62.9031214125763,-21.96142578125
-5.800670766453999,-151.262939453125
-11.705366535732304,4.38043212890625
-4.786538605318405,312.06353759765625
-82.4887013651952,159.55352783203125
-8.251107402184557,287.3814697265625
1.61677665352485,-84.43304443359375
-11.916211326129387,101.72616577148438
-45.634880019414,-110.7923583984375
-0.568998602339841,120.22564697265625
-12.147399114840605,-16.609375
-27.4476544011683,111.57843017578125
-2.306526469902426,-11.115966796875
-0.4835459876036119,46.83294677734375
-8.39479061793487,62.1981201171875
-46.862925671502296,-128.02215576171875
0.3837795244341289,257.23565673828125
7.184930267876617,879.6630859375
2.8348518495029404,-107.53277587890625
-9.859535687586003,-463.8056640625
-6.00025755794808,-373.4541015625
-4.764629840066975,526.450927734375
-2.377061578670744,165.14990234375
-2.0585753436264698,93.92340087890625
1.1848602197973823,56.638671875
4.97603191479674,750.9140625
4.27399441028646,-123.4049072265625
-46.2372447228831,-233.35162353515625
-31.4759298257721,355.01953125
-50.1674018945849,210.39297485351562
0.9601515747159592,-306.2000427246094
-11.864177458483407,-2298.552734375
-0.538262620928304,119.05215454101562
-0.6920482116816997,14.91552734375
-1.5184696160120892,-341.0049743652344
-3.0836644409391925,-170.6317138671875
11.316750179392892,298.0380859375
-11.183106529127476,51.17529296875
3.59102041590596,-69.16650390625
4.55602013063716,-168.94293212890625
11.579228393987275,8.201805114746094
2.3067635611900137,121.55059814453125
10.480393919522983,-144.90403747558594
-2.698100773809443,108.1197509765625
3.776985072333982,169.333984375
-11.773766374328297,-258.59344482421875
8.681027307740193,-1018.88037109375
-1.1091988250418725,20.9090576171875
4.484288991501213,1192.1865234375
0.0548896546292299,237.6640625
0.1118559290339978,-79.8533935546875
3.9797293996962297,-526.3936157226562
-22.42608065327665,204.043701171875
7.37064384347005,-46.776611328125
-0.2642143205483515,208.8218994140625
5.344594984386832,-49.32850646972656
-1.2497809936708242,83.7470703125
13.71198107208239,-201.4856414794922
0.5045482395984724,137.7803955078125
2.86709961553106,115.798583984375
0.4423212163888063,321.1923828125
-3.724573545179619,-126.81146240234375
0.2570808252882703,2140.53173828125
-70.65073406723695,-318.22381591796875
-33.9587360563784,-179.6114501953125
9.2088386022025,78.05198669433594
1.3318185914773402,-404.3994140625
-9.176001953270983,-41.8485107421875
-10.497767159210698,-24.257720947265625
-0.4402086584014632,164.95343017578125
2.1560784090827942,167.92401123046875
-27.1636490162131,5.34429931640625
-0.670930828719279,32.9271240234375
-22.794043146736,72.2764892578125
0.8105828534072201,-569.272705078125
1.2287673509824204,-61.3936767578125
-0.6435038581465955,599.248046875
8.474782023793379,246.7236328125
-9.601847091024196,821.5849609375
-1.6610011043127195,-184.94378662109375
-0.1091636509260827,96.51812744140625
7.570838092245207,-46.48486328125
-7.211196994815285,-33.031707763671875
9.090654061652296,-215.3670654296875
-26.6651088566214,209.489013671875
-17.309192174305,32.018890380859375
4.14054171285972,68.19686126708984
4.097668935846943,-1235.67333984375
-0.29408409265346,37.7899169921875
-35.8165916579592,54.27587890625
10.898098675545494,240.04269409179688
-1.6552655274048038,295.3333740234375
1.6729502580778592,-35.94854736328125
-6.42491227706334,-49.34979248046875
-15.4752611754195,-249.498046875
-0.6907348474047925,936.9058837890625
-21.3629045873375,-14.93438720703125
4.219145585451182,252.62109375
-3.019531285218114,-918.80419921875
4.25311060075082,23.318649291992188
-15.0412339008878,753.859375
-8.237627320974727,88.24188232421875
-1.0683487237199796,602.6702880859375
-1.7174251595272625,-534.4599609375
4.069163600073605,210.85302734375
-10.162041561092582,-95.54058837890625
-5.97248436581227,59.0244140625
6.120538767403939,-565.545654296875
-0.8028238008287005,26.43170166015625
-23.6042929930625,252.0023193359375
-0.1777753404752198,-221.45742797851562
-5.785469568057495,154.91705322265625
-0.0556983764780604,-177.97918701171875
-25.4508968849616,404.41015625
-5.3185412482723295,139.0767822265625
9.1356503291117,-23.899932861328125
4.020569536845237,-172.97903442382812
-58.5527340809363,14.33782958984375
-6.291328737399075,80.446044921875
4.187869588752649,90.0059814453125
8.922207576391518,-61.50457763671875
22.7414116448382,-42.67193603515625
-44.6057608529879,196.41641235351562
-26.5129077898497,-190.7188720703125
-2.13735826282737,-38.20127868652344
-1.14890133483728,-278.2637939453125
-15.2234416939723,-40.54315185546875
0.369316059642221,285.24169921875
-0.6884117876070912,57.7381591796875
-5.8772631055401,-1584.742431640625
3.6053774296538297,-198.27484130859375
5.07108724357905,-115.81161499023438
1.292753014965791,-15.67877197265625
8.440986836263871,-162.12738037109375
-3.43040335892423,146.5206298828125
0.7651079053562314,-55.668701171875
-37.13962469223695,250.57684326171875
-5.822632503482525,149.70492553710938
-6.879472048396067,-140.27197265625
2.11024229353816,7.1865234375
-7.1526743450051855,17.102783203125
-1.122073026503361,41.10430908203125
0.3302260274555297,96.710693359375
-1.178255647098801,-337.341796875
-2.99361591491145,97.1328125
-18.1070051290659,29.99371337890625
-3.0332808194811403,387.3045654296875
2.6303171850506604,31.292236328125
-9.72499716390718,42.53936767578125
0.2729453578388601,23.4912109375
-21.4503408223732,124.0721435546875
-4.99755531471552,-117.82589721679688
-18.0018409950579,253.11968994140625
4.00031385473591,-87.7508544921875
12.0378145652987,-613.5113525390625
14.1235470599023,-31.596923828125
6.55729051148795,-442.81103515625
11.19992297656359,170.75222778320312
-7.81388191369781,-7.92919921875
-2.924593214648255,73.5911865234375
3.7667366885646025,183.2646484375
-6.68253431604433,-196.17556762695312
0.7345204104922589,304.64166259765625
-10.626155896203898,-95.108154296875
8.106852576346123,-5.66455078125
-58.24412469223692,162.98968505859375
1.4955767028094,-1164.933837890625
-17.6906096863185,-47.94207763671875
-4.813871520282443,50.79945373535156
-11.8973420493851,-408.70068359375
-2.67676896274171,440.0157775878906
-3.9331393974605526,131.14892578125
8.756217929094177,-175.0478515625
-29.2662792150344,66.1640625
1.7249239205326918,-62.924774169921875
-6.686975812883663,-113.112548828125
11.10272802991041,32.089019775390625
-10.956818171714705,-79.2955322265625
-6.3500959185649,43.671630859375
0.6681105368389735,-1639.3203125
-12.500029270357295,-112.1427001953125
-2.591242863373206,7.5830078125
5.954690473588823,-243.01034545898438
-43.929359067237,32.84112548828125
-17.4841411730512,-45.25341796875
3.61441892535489,-167.76483154296875
2.1112971208509976,-26.611831665039062
-41.8026500314277,36.29278564453125
7.028135642932115,777.8675537109375
8.463248256721428,-296.56158447265625
-13.037072413777096,-93.38067626953125
-1.6307504375632549,79.50048828125
-0.3284521577656807,-160.27586364746094
0.4685622181175212,10.821533203125
-5.316952415477393,-835.6116943359375
4.584421564331302,66.385986328125
-20.3593816575191,56.98046875
3.67041582610247,-295.593505859375
2.204062447972561,306.415283203125
-4.666937653128132,16.5986328125
-12.3781694316975,-156.549560546875
7.06923762363823,691.373291015625
-37.2883298194418,4.32098388671875
6.442434166934048,219.246826171875
-12.2162083245621,-174.0098876953125
-20.3623076046531,268.8779296875
-5.45440876641342,-94.19036865234375
3.1416241584890576,235.28192138671875
-4.96580172718434,-392.7049560546875
-37.4061766871973,198.75030517578125
6.46185690649625,-45.997894287109375
0.5403453062071405,-1002.4833984375
8.656689402528613,-206.8072509765625
12.331931266595111,-51.60673522949219
2.75380173901167,-131.08560180664062
-2.8447496930443927,-745.0732421875
0.0285872237409883,72.778564453125
-73.5286754265322,-144.25765991210938
7.285509446842615,-123.7301025390625
6.72046542688671,-288.12164306640625
-6.19730890695259,158.80809020996094
-16.4599719883519,15.31787109375
-10.288292260688207,-1496.43359375
-10.285920522724917,-65.98583984375
-30.8171784242839,-25.852294921875
-4.65691689928222,313.59326171875
-37.1716279374795,-326.2615966796875
-36.50577458359941,-251.58428955078125
0.7942566624333496,-424.9713134765625
-34.8552692363716,-40.133514404296875
-2.491707941339629,162.2010498046875
1.7387039934851498,-207.4600830078125
18.9715733525152,-120.92813110351562
-13.8996269060666,4.291778564453125
4.17561229224804,19.141510009765625
4.7680640763497,10.45343017578125
-6.745372906074374,63.565185546875
7.262818938793504,-291.8555908203125
-55.7541546140486,-61.2005615234375
8.453421074249384,-47.42401123046875
-5.85807143580148,-205.5498046875
-52.7336020518746,-87.060546875
-1.995826789875676,-694.85546875
-1.3326443092463092,3.97467041015625
5.029017096161708,-410.2996826171875
-0.71117494174041,4.09454345703125
8.243548509216069,471.1080322265625
5.81602235619721,239.5123291015625
5.978124919049687,44.66607666015625
-2.8859593337581737,-160.09912109375
-26.0047332498617,-84.18804931640625
-1.5220929784942658,-133.4249267578125
-3.195242757261453,-306.0257568359375
-15.0089303719363,-84.13986206054688
-1.757118944268968,35.8153076171875
-13.5091075877696,-89.41455078125
-4.0681667574955,69.462158203125
4.43276114617859,-77.56549072265625
-4.665207913971671,-144.82867431640625
7.33919324558513,-286.127685546875
-11.69780882660921,42.59759521484375
5.960801203295765,61.139404296875
-29.9162730471743,122.91543579101562
-5.331847529263395,-107.06298828125
4.2006804390709,-346.264892578125
4.76541245752904,155.04940795898438
5.87221574658101,-395.3984375
-12.955988512618,-252.93386840820312
-14.4061745570978,-106.845703125
13.644333664082708,-253.32125854492188
7.522446474796843,-192.56439208984375
2.858782897786812,-249.9775390625
-49.8653288018085,-234.6094970703125
-4.029904705212941,624.3172607421875
-6.2026319104393295,35.2596435546875
4.452168509343501,155.51382446289062
-16.475900892606802,625.3310546875
-11.03094492075089,68.95367431640625
-8.08045020128908,65.27734375
1.39259946716825,-12.71795654296875
-14.885807229381896,139.843505859375
-11.113180908425988,-410.5413818359375
5.506094216928792,-170.01773071289062
5.29091659278858,-111.51690673828125
3.42106467876526,166.6865234375
5.162821279449693,132.57891845703125
6.020551076354931,68.40567016601562
0.8086942897832163,348.3043212890625
-8.80546181278599,-111.529052734375
-7.42349600405968,-81.34844970703125
-14.4731176558811,-196.06649780273438
-35.5448186771701,-119.1033935546875
-1.657597602265355,-82.63418579101562
-1.930224441335125,110.9910888671875
-10.398648228661925,-229.51702880859375
-1.6521884315998507,27.218414306640625
1.3131129859732091,123.6175537109375
-0.1240821746904601,-116.97991943359375
-35.1709788883515,-67.63470458984375
0.6771989561182002,192.66879272460938
-5.8677981963370005,-179.02325439453125
0.7982616963508231,-91.1009521484375
2.595279020812243,133.544677734375
6.9472187772133225,452.01904296875
-41.1395198834054,-130.77841186523438
-35.4604736838065,120.22308349609375
7.87379173269718,23.26922607421875
-8.72128086410909,111.3935546875
-82.13826531723697,25.74951171875
-9.70693692529289,170.18841552734375
-61.4386715672369,-33.34912109375
7.10938257895085,-732.864013671875
0.4007388327427847,245.5927734375
-0.7455370396145937,-122.4775390625
1.674966057420845,-97.46224975585938
11.877856996640997,-80.8057861328125
-0.9096556467231308,207.73809814453125
-1.4680391508473674,239.63818359375
15.6414782015599,-43.3109130859375
-10.35739215730591,890.501953125
1.926107182225645,90.703857421875
6.99756701325662,12.34918212890625
3.54836143321337,92.21790313720703
-7.726553411266567,-208.8426513671875
-48.51478094223695,-32.31182861328125
-3.0453156276270903,2.3564453125
-3.454798154796729,420.208251953125
9.503977484174175,78.72628784179688
6.001532732018722,134.39317321777344
1.775572054007981,28.344482421875
-2.6871577689602653,-190.728759765625
-7.920344649869953,-2.8172607421875
2.578081311550471,-111.121337890625
-14.434457477598505,270.234619140625
-1.338045882914232,0.09600830078125
-44.1817825469333,-55.85589599609375
2.4314234692194163,-240.95419311523438
-2.35314836228574,210.7994384765625
-2.07036107592124,38.7857666015625
-6.560167066336443,44.95587158203125
-2.54688332955635,271.53955078125
-7.940842049461227,-34.5963134765625
-7.789052707582185,-296.9606628417969
-1.4295761119406232,42.13165283203125
7.206977941743588,-251.474853515625
-4.081394009803599,-60.704345703125
-30.167243616457,365.6949462890625
11.7225687296843,207.9344482421875
-0.8984319813221007,667.342041015625
10.349523074958825,-59.908172607421875
5.42147270471237,36.43408203125
-0.3136273830120112,60.7757568359375
4.398848813602776,-97.5201416015625
2.099307195887115,42.3992919921875
-61.6890402284636,118.662109375
-7.08434802004719,19.5235595703125
0.6962467393230812,49.635986328125
9.0758909366509,-240.1376953125
-1.9263965715605047,-143.3983154296875
-6.262949496708321,-108.79452514648438
-4.739766082030863,-411.7734375
-36.8822022827233,145.09909057617188
3.24770439300306,126.080322265625
-2.289513933263135,54.409454345703125
1.41805545618482,-491.84368896484375
-24.4432878855492,-63.9532470703125
-24.96156751119129,70.70849609375
-7.734574598544068,330.478271484375
2.79124989437018,-169.0789794921875
-5.17831154550348,89.7342529296875
1.5275640312561216,135.13052368164062
3.682989905065457,144.1806640625
-10.8237586662752,55.0614013671875
-6.929951553081727,-31.86260986328125
-27.96215708599589,-3.185546875
-2.88087637063392,-240.203125
-5.960419628776203,363.099853515625
-37.189874708633695,-103.27810668945312
1.1496085756031087,-379.43634033203125
-12.7137936794919,148.3118896484375
8.398744223780918,64.5885009765625
-33.3004252633332,-59.2906494140625
9.144089281431205,-10.15997314453125
4.065326821312747,-344.7109375
-41.9047429025821,-224.9781494140625
7.383552345763623,-370.7477722167969
6.364261125349779,170.889404296875
4.841793570156368,293.34033203125
1.6198341998494314,-27.93182373046875
4.179707781567577,-278.42584228515625
-14.7229944429405,986.541748046875
7.078924552126015,15.09185791015625
-12.898019313824,-220.74826049804688
-70.8116033690518,139.557861328125
12.7359625054994,-149.08285522460938
5.586124430090477,11.6705322265625
3.028467183462371,-161.86880493164062
-5.830142578087577,-198.8092041015625
-22.6841489367301,-24.5714111328125
-1.51657819068512,18.1390380859375
-81.52648016021857,623.3154296875
-3.36903782007548,-88.855712890625
-18.707844022,468.0487060546875
-34.48768519828235,18.230712890625
-39.7169735486916,121.65679931640625
-1.593720937577549,175.6422119140625
-23.2954444871652,-40.892608642578125
-45.30258920076982,-211.95257568359375
12.5056328567953,-330.07122802734375
-11.9299972333177,-346.72247314453125
-37.9495035857927,-958.23046875
0.7001962140772594,-47.09478759765625
4.49418879319923,-391.1455078125
-39.0646563811545,-153.009033203125
-9.09730633851708,54.1109619140625
-17.5589533745204,-143.0107421875
-4.92782811871599,44.4051513671875
-8.2299173561342,-32.049591064453125
2.60625970962018,-331.7822265625
2.726862934921635,-61.12982177734375
4.071661498679735,256.2271728515625
-13.2494383747796,11.27783203125
-11.9154244975033,11.69158935546875
0.9090871567987184,1.39337158203125
7.92708077877978,-221.28436279296875
-3.119647295186995,72.2098388671875
-2.248378586620203,-198.38037109375
1.6646916021852596,23.19610595703125
0.1590569364430157,-66.519287109375
-77.3623903172369,214.44061279296875
15.8859560938761,-162.644287109375
-3.11888044241469,-254.6610107421875
-2.7468186065138984,-135.0249481201172
2.77922195660905,-366.747802734375
4.052279150357491,-61.19580078125
-4.03806373695381,29.0123291015625
-2.4461467814868523,43.4150390625
-0.1639564470097907,-94.80352783203125
0.8542168432631491,-46.83648681640625
5.84905996845087,285.1339416503906
-5.77665564868809,86.11097717285156
-3.7008288999313423,-568.193359375
-7.18713065449027,-84.31591796875
-0.9529303605806088,-66.96771240234375
-15.902118442879,-12.95947265625
-28.0636361890057,-257.7479248046875
-26.912205886836706,-50.6334228515625
8.596988309863011,106.02276611328125
0.2877587512502297,-79.97280883789062
3.3899996482015826,-40.54911804199219
-20.5869014386951,-367.4672546386719
-9.341800010912078,180.3841552734375
0.1692077246922899,258.0167236328125
-1.857666460494741,1.1748046875
-13.2752747780792,4.8699951171875
0.7445982178878973,23.915771484375
4.49646859469848,-653.30859375
3.60913262992784,475.202880859375
-5.653435188749545,148.20181274414062
1.51502173443586,-24.4373779296875
8.143116180793372,63.67559814453125
-8.36164856265281,56.931396484375
-1.130678948105339,43.2491455078125
-4.349210006555943,40.43739318847656
0.2594141505344826,-58.4970703125
-32.1283374054069,-495.037109375
-1.9051378030600723,212.35552978515625
4.768047800449637,391.8106689453125
2.264898495983479,6.629119873046875
-6.47138721063866,1732.36328125
4.93167956005568,-164.88937377929688
2.4851768276660025,62.56748962402344
-3.930469946192945,53.2779541015625
11.923948375295712,-361.3133544921875
11.616605850275496,149.96014404296875
10.41580460128629,4.17205810546875
-8.700462669667385,-15.9674072265625
13.1991243046288,-88.00149536132812
-4.75101729862813,38.6580810546875
-1.4230966237807086,409.876708984375
-2.07861348348741,-346.44586181640625
10.292368565007404,307.420166015625
1.9007667723773176,25.1524658203125
17.1612744381531,55.706390380859375
-0.1428452494230792,-332.4205322265625
2.4933992323843923,-253.80545043945312
-13.861300672159,257.23553466796875
-1.7943154401891548,104.99395751953125
-4.15624175439773,-265.559814453125
-14.277645616907492,-43.55828857421875
2.713132201978397,-194.383056640625
-13.315456279797685,57.032867431640625
-5.36204355968609,378.18408203125
-1.4872271509121793,-75.1925048828125
0.31232235517322,-122.8995361328125
3.0307168501552093,-111.1424560546875
3.4484762474106,467.6414794921875
-34.0729170807354,-117.060546875
-25.0659802428987,76.109375
0.86771933446589,-1069.16845703125
-11.996919710325,119.15252685546875
17.2594267615487,365.50152587890625
-56.2560888739038,-87.2962646484375
-12.7386491421071,-32.219573974609375
-3.520787796436005,-2.255950927734375
-0.8014467498558491,52.8199462890625
-34.7812340468876,-497.5693359375
7.158235365631607,-63.66015625
3.29681579894721,-572.0780029296875
0.046018285265003,-44.81195068359375
2.046344769010002,402.0242614746094
4.25403099118957,-43.097869873046875
3.7804230286959792,-65.552490234375
-3.773219093074008,-82.37939453125
-9.722403045722997,-56.54833984375
2.81101468536903,266.6513671875
-23.7494411406013,37.541839599609375
-75.56229656723696,-137.1326904296875
4.366245372711767,-109.86215209960938
9.94612085382829,-341.0732421875
-8.207132148775708,-38.74957275390625
-3.09775596823669,21.63818359375
3.77256113899207,-78.47076416015625
0.2016574678685985,451.677734375
4.38808277416547,557.9619140625
3.7092867134231,193.435546875
1.6740112862957208,-492.8427734375
-5.472376660417956,-98.38519287109375
12.283123760680592,20.307113647460938
4.417989059347175,-121.88360595703125
1.907333647224608,-11.6983642578125
-3.73521146317182,165.71337890625
7.837521570550837,248.22259521484375
4.82455755953161,-274.107666015625
-0.6472060937938101,-179.3922119140625
-8.237956686764985,134.01373291015625
7.36579899286375,178.097900390625
7.859716520666763,756.5557861328125
2.765011277030255,-1414.086181640625
4.62415639298937,40.62738037109375
6.430237727930085,-132.060546875
2.44728958086436,63.0755615234375
-1.93656353174353,141.02392578125
-33.7845903951132,-100.9857177734375
10.960301672714698,-393.5846862792969
6.147225205740463,-41.8321533203125
2.4659746492236927,-223.28619384765625
18.2642273209106,-37.4287109375
7.656482330373112,158.051025390625
-63.2346715672369,460.38482666015625
-22.9610154952969,-258.236572265625
4.39789099231211,-825.147705078125
-46.587141393021525,-187.0693359375
-12.281506448986304,-259.17169189453125
5.220668557811489,-35.310028076171875
-1.4412632820262703,34.033897399902344
-35.163016426576704,13.04150390625
-31.380009974583203,-336.7159423828125
-40.7258600860177,-95.297119140625
-35.3994683825842,-226.1602783203125
-10.968565079401992,-22.53741455078125
15.384553292915324,57.5018310546875
-0.4271227388875901,339.1626892089844
-7.69948364751984,106.8775634765625
-26.6822467124322,-51.57196044921875
-0.2823200449385875,-493.833984375
-3.8453528225106623,80.7626953125
-2.4599041427842496,-494.44171142578125
-12.7315114055493,122.66162109375
1.418014053180695,429.90869140625
-3.4922781726655696,-145.6904296875
9.58062385928767,-79.783203125
-17.5801214502402,-126.69537353515625
-49.5120706514507,166.3040771484375
-0.4503474699443348,110.234130859375
2.332279780348585,-999.1806640625
-42.2483635713802,134.83688354492188
-5.00028834575103,136.5506591796875
-5.14141487663266,-39.49945068359375
-19.923371510770203,8.748016357421875
4.28301459624688,230.73876953125
0.3224388648416145,217.15740966796875
6.795393661635613,1326.18359375
6.720388221210122,-582.6273193359375
-20.7558388881914,-487.91455078125
-12.5922662394529,5.24908447265625
-5.19085420781142,64.88299560546875
-27.3858072066324,-192.882568359375
6.488490212037078,-121.13905334472656
-12.5233171201947,60.71612548828125
0.996650643215182,-5.6981201171875
3.27144637329635,227.49942016601562
1.203208947199059,149.99127197265625
4.5031585012656095,496.7353515625
-46.6686841099013,218.6876220703125
3.600655729290548,-27.63226318359375
-2.7077151362496297,-541.393310546875
-42.936846127142296,-135.16851806640625
2.679404112105611,7.3704833984375
-23.975827854410426,256.1707763671875
-24.4869919201538,-76.2838134765625
-6.22433036882608,248.7305908203125
-24.992167376126925,56.860321044921875
-9.742168339465294,-229.9619140625
0.1235817830644999,-50.650177001953125
-11.607028837624,30.26220703125
5.321680837772678,-259.129638671875
3.3452637215970498,828.02880859375
13.015759276594096,206.822265625
-6.13466459150186,-421.3587646484375
3.0897024917955025,-233.2921142578125
3.557691046156,51.0186767578125
2.0008593011464906,94.7705078125
-1.2671721747064446,87.1864013671875
-2.989164004622407,146.8662109375
-2.43808381047612,-85.9842529296875
-11.30813578108209,-1120.0863037109375
-9.619042312244815,78.185546875
-4.01456885639382,-35.5372314453125
-4.853312003098937,-162.671630859375
2.78743688363977,-447.484375
3.6035536346157695,229.4619140625
6.09033976794457,-129.16632080078125
-5.89266438028177,-203.20608520507812
4.780848076735348,-178.739013671875
-20.7592210135025,60.64495849609375
-3.637071869773312,7.3812255859375
-4.396710286499547,-192.2266845703125
9.04709717330502,74.21626281738281
1.69213972357191,-447.2010498046875
-27.068723822751306,-33.554931640625
0.2886204877907422,219.8533935546875
-0.592182005541919,-311.7755126953125
-4.736229867816737,236.942626953125
7.877641553655238,-36.38865661621094
-2.588665914009158,-35.697906494140625
4.72846919446815,48.304443359375
3.42669038506664,71.33436584472656
-10.274169876330886,-1414.666259765625
-1.289264920121349,-332.23907470703125
-6.9648772325347394,56.083770751953125
-1.2236747050651609,49.17132568359375
-12.208208404490907,113.68350219726562
4.40921359309415,34.712158203125
16.4171583068458,-118.2255859375
-15.991582533821994,-232.15966796875
7.809600001042748,-3.7541351318359375
-3.0331069492891496,154.64450073242188
2.603164662477901,77.36578369140625
-24.2572199033326,-191.5393829345703
13.667582002208905,-318.75341796875
8.19307228691883,71.48883056640625
0.4664503305112299,-92.7052001953125
-6.46133524603972,26.01025390625
-19.7520332208299,11.4130859375
-7.75971004909346,361.51220703125
7.66334596528203,44.87176513671875
-27.64770126959135,-63.090301513671875
2.125547882163602,114.24386596679688
-1.8239337240231768,-131.799560546875
3.3696784995100426,-134.0894775390625
5.265272900492549,93.556396484375
6.753311816554961,71.9144287109375
0.9434331950199416,-64.584228515625
2.13745295521649,9.57781982421875
2.76912169862866,-204.61892700195312
2.409764321136161,-190.39227294921875
3.7606671418030695,-111.99404907226562
0.555665600488549,-66.951171875
-89.04756219223692,-357.159912109375
6.987950206462267,258.526123046875
-10.09410467002709,320.287841796875
8.16191414696451,-47.78935241699219
-10.731303688850904,-36.36151123046875
7.588764503474316,353.57513427734375
-5.25293160621848,-1.96722412109375
2.3065604778561424,180.0921630859375
-3.8022266666193874,78.60662841796875
3.22816419080692,49.889404296875
1.1941842843275,73.064208984375
9.772192422094813,54.7596435546875
-2.489313079893845,187.005859375
-13.547300817594484,-59.93817138671875
-1.5403494549472296,138.329345703125
-5.139364658294922,-150.6767578125
-1.32131943338233,1634.029296875
-0.5284321769112605,397.80810546875
0.1119561526876595,192.27685546875
14.8508222506114,54.048004150390625
-0.0918051514147744,-173.7381591796875
-1.7237618714553775,193.79515075683594
-1.5699354762224491,-1942.2099609375
1.5718362711845366,239.793212890625
3.58036180553514,-91.8255615234375
7.45084701577923,82.43548583984375
-7.378812419643663,-179.0465087890625
-33.1832620874725,156.54058837890625
-6.066411004621831,171.3521728515625
-16.4910721624856,14.40234375
0.8267526169764301,58.20892333984375
-9.762453719841735,243.3101806640625
8.07102955700163,-131.41732788085938
1.741670982094262,133.34817504882812
-0.0053525606393112,1942.797607421875
-51.4043293278057,81.19622802734375
14.9415296965116,1151.422119140625
8.70853787657841,21.1878662109375
-2.149900469098629,-127.1024169921875
14.8229623836697,167.2430877685547
-0.0379657812584102,-1499.837890625
-15.3173389528898,-69.57403564453125
-1.7663441991754285,177.9080810546875
-6.708306328674888,-31.091156005859375
-78.7451798053926,109.59255981445312
-0.5413656534735456,87.390869140625
9.625121597198186,176.255859375
-3.15562863494722,-566.330078125
9.60447820177431,1057.94677734375
-3.31847606547329,522.0283203125
-4.12581810820042,-14.55706787109375
1.7706121017107803,70.89163208007812
0.5117341060036625,-105.23330688476562
2.63157412115867,47.4669189453125
-4.763634360062484,1716.62548828125
-11.18181257464061,-333.39141845703125
-39.4932668903457,158.50390625
9.206200380526292,-176.37615966796875
-2.93911844531118,110.46212768554688
-28.13472322157985,-387.4553527832031
9.62907409316032,-394.363525390625
-7.042636248773623,-55.72602844238281
-4.03025121975644,-18.83868408203125
3.42951329804928,-113.830322265625
2.5565427438131976,-81.41888427734375
2.8513084033656,47.6883544921875
-5.5623675139736175,-78.3331298828125
16.9968892380515,117.19624328613281
-4.144685584269085,173.68212890625
-11.221818720505304,161.4322509765625
-2.111656589218961,-48.01995849609375
-1.626797120535592,-113.70187377929688
0.7652624054000594,115.89599609375
-21.5531296050118,-151.4400634765625
-13.053772031257305,33.912811279296875
5.42509465390903,-146.828125
-5.5186956836840375,-121.91351318359375
-2.260381023139061,132.49139404296875
-30.3377383335249,8.115081787109375
7.380729755239978,-106.08416748046875
-4.172986764275874,19.99664306640625
-1.2036514942358316,70.6767578125
-35.2906329121599,-421.94140625
-2.54595208771381,-73.94546508789062
-10.901275449743116,51.45306396484375
-17.0078420331655,50.013031005859375
-17.0314498829154,64.2908935546875
-11.9784507557909,24.7926025390625
-19.469018973061075,14.785400390625
-3.2142130797467816,60.2108154296875
-0.5663484394051013,-109.4327392578125
-21.2195468929047,-180.36614990234375
8.077984978184695,92.90785217285156
-17.0119321722455,-82.89410400390625
4.67424026120176,-165.1875
-47.9875704511971,110.470947265625
4.316615136301563,-50.37126159667969
11.2728180991378,26.8585205078125
-3.5546157663424616,79.4576416015625
-3.15887949932979,-137.2440185546875
-1.6422791314174887,45.5809326171875
-3.448025235667948,110.20068359375
-13.5632540546311,93.05255126953125
0.8825935384285006,-40.856842041015625
3.27100049685324,389.8597717285156
-0.7762273913233743,-52.22607421875
1.026942322157092,408.8544921875
9.859104788483815,75.75738525390625
-1.9977872313530125,192.057861328125
-13.1809903671301,44.88670349121094
-35.1782981083837,47.303680419921875
-35.8337806803641,206.57598876953125
-7.639409008216227,230.98194885253906
-15.746453943284,260.15087890625
1.055995951979529,29.840087890625
3.987299411465438,-134.75640869140625
-37.0930621901092,-8.078369140625
16.694612728237402,-13.939910888671875
-4.527979888097892,-24.665237426757812
14.6352674345898,-124.2298583984375
5.034618319433818,30.29248046875
-3.77133000272187,24.14013671875
-1.61504571199055,205.16845703125
-56.3663437951974,-395.690673828125
10.088450856398616,-2.354736328125
-14.285610883283098,51.2864990234375
2.6210618799141923,12.002685546875
-2.308732762121495,-108.04971313476562
-83.9761260280997,79.072265625
-1.03656181464744,-258.08837890625
10.16232173056559,-24.669921875
-3.12013961477547,201.02081298828125
3.010752586641185,296.6640625
-1.5178355576616795,-53.865966796875
-2.60072537807549,182.367919921875
-2.367312137177082,-114.94586181640625
6.075310726130807,-25.37688446044922
2.24572304437811,259.9443359375
0.2044267191685782,-19.76702880859375
3.85944773684647,341.0271911621094
-14.409506408843407,106.5245361328125
-2.683955047842884,-271.41796875
-0.0075038478591599,-147.11419677734375
7.190050317883171,7.0577392578125
-2.1691769605730515,128.51324462890625
-7.910003358009165,-624.635009765625
-69.1366966634013,96.79061889648438
1.437241653553571,-78.63458251953125
-20.7409218490905,-216.4703369140625
3.78247800369874,397.9730224609375
7.909526276907584,-15.09039306640625
6.097122298913325,-139.80889892578125
24.5800902168924,253.614013671875
-9.979741434164584,-10.55950927734375
3.1327986373042376,-20.827392578125
-8.393586343504198,-86.20074462890625
8.678125432705007,317.525146484375
20.7428439693387,-85.23417663574219
-1.511416195100045,99.73712158203125
-23.3725501337939,93.96490478515625
4.69437535963172,159.8790283203125
8.24149319055937,-104.31527709960938
-0.2898522089969393,-275.1206970214844
-7.19378137939456,241.700927734375
1.0271109700113177,-20.273712158203125
-14.564555056626377,541.096435546875
-9.657849716236,143.5865478515625
-0.7280966227290082,-84.990234375
-21.8962191024866,-249.458984375
-40.2614734397264,296.998046875
-1.77750068778882,291.77490234375
-28.3488859938485,580.53857421875
-8.184373188662292,91.13873291015625
-6.135426654744688,328.26171875
-3.270422191581055,37.7950439453125
-6.055427015859325,63.2744140625
-34.3143130117107,170.072509765625
-50.4820483838523,143.46945190429688
-4.639593570653838,-263.0902099609375
-21.0606958753072,-172.4951171875
8.747205755218493,62.47270202636719
0.6884341878779402,1383.1484375
0.300408103033295,1319.040771484375
-2.6184282494780104,-58.583251953125
-37.3999740396079,-57.0142822265625
-10.594900847222812,-176.2913818359375
-23.227454082363305,75.0537109375
-15.4814292943448,-55.386993408203125
-6.89310310865277,534.30029296875
-11.7962452523223,78.9210205078125
-0.3887710448227697,440.13623046875
-4.0896099478500325,117.3358154296875
-42.6579269422049,-59.99676513671875
-2.095241650043551,-95.3472900390625
8.45389840526827,175.0751953125
-15.5157954828953,146.9208984375
-1.9802660997523944,182.90814208984375
1.8368511005450223,28.4031982421875
2.11900133622217,-338.09674072265625
-38.4962238749225,-310.41748046875
0.8069046214032297,3.0523681640625
-1.73607437190069,-90.40869140625
-8.46093254820262,-63.2965087890625
-0.0780407432645869,700.56640625
5.009535132419683,-20.438064575195312
-74.9399761386801,118.466064453125
2.806732553915905,57.4849853515625
-10.415057364934407,-29.37982177734375
-4.81834176383161,-573.196533203125
-1.4920816076829602,72.02456665039062
-0.003939288658445,-39.9014892578125
5.86288473591452,47.792205810546875
0.4443344011282492,100.608154296875
5.72263802046558,-408.5728759765625
5.46583466116103,-10.8419189453125
5.05355462238675,15.76513671875
-17.190033530139498,-177.084228515625
-10.1192188918475,-579.4107666015625
-10.539071528779305,-129.46475219726562
0.2492257167476033,1661.6552734375
5.35198813185094,-77.6961669921875
14.9823899147147,-213.0152587890625
1.7336328627834918,-109.962158203125
3.2582764286422226,-689.037109375
1.1615369027166365,-82.6663818359375
-42.4099588259267,60.3089599609375
-38.7823663998969,-242.3509521484375
7.99575647038201,-58.518646240234375
11.644495901203598,-279.7099609375
-39.0956747424042,-14.4683837890625
-38.6438610292767,-160.646728515625
-40.5029244010595,-86.3502197265625
-22.8644313188967,-36.5980224609375
-0.897066728281827,39.0037841796875
-17.6830733389949,123.06298828125
-0.0084306638066775,-136.89239501953125
0.5394390329931549,-50.80596923828125
-21.61387508166409,-111.49737548828125
5.053393098685065,-484.2666015625
-15.7834934865799,32.0828857421875
-58.40351531723695,44.57843017578125
8.86280218600469,-267.24658203125
1.888243484494037,117.89016723632812
8.99923705482913,-46.303192138671875
4.133325903305868,1322.81396484375
4.774357664359128,49.799652099609375
7.418770080750715,-249.8616485595703
-2.25262466719878,-25.0811767578125
-7.071587649042333,-61.16363525390625
4.398742241377427,444.7578125
-8.692928400841772,-698.171875
2.334382802629,141.70513916015625
2.8274240704709,-83.327880859375
2.1747311895065486,-185.87326049804688
-11.9965988914421,-23.430206298828125
2.776867734737273,258.2364501953125
-12.4595255596924,2.1075439453125
18.5317724911246,100.76167297363281
6.86106163750481,-491.8271484375
-19.1693792779686,12.0206298828125
-4.20883890972707,-61.496124267578125
-0.3530077955256401,212.16802978515625
-1.6020246929696491,-29.3751220703125
-7.57557880794988,-20.421630859375
13.9692836454661,-60.31385803222656
1.289294757415069,-235.56842041015625
-20.3746494688195,142.18124389648438
-8.044482691931467,-64.6766357421875
2.51340467963473,90.24838256835938
11.0282847349576,230.5841064453125
-1.3944922949507652,-107.6939697265625
-26.2706781913698,-187.9609375
-71.7765711158932,-89.97430419921875
-44.2857422252861,-23.7740478515625
-3.057699221935841,-224.7955322265625
10.116767222520318,258.72998046875
-46.9980356488569,118.81689453125
-8.677497573270493,4.467041015625
-25.781275563237,-65.76226806640625
-2.941164138388841,-70.634033203125
-26.5692742661385,-71.2947998046875
1.2555345380058751,307.74468994140625
-0.810306898238276,225.2464599609375
0.2404076931068699,69.9185791015625
-2.5590885431480426,48.568115234375
-11.9846830308257,38.560791015625
-5.775806690181939,424.25140380859375
1.9806048133258944,55.8775634765625
16.618750626525,-249.52783203125
8.204494762209066,-217.60711669921875
6.80321923705408,473.76318359375
11.710679650337616,125.4345703125
3.181253849239128,383.064453125
0.90894434552881,222.11370849609375
3.547124544521316,-150.91943359375
-2.202886656443709,280.61865234375
-11.133669865203094,57.46136474609375
9.328533024448705,-484.890625
-0.7012610501602399,-252.33673095703125
-0.3170472839931941,-145.1916961669922
-2.3458288386735573,209.4697265625
-26.1191329979098,-247.327880859375
-2.33292598982445,485.3988037109375
2.461922216333884,-216.97210693359375
3.73205068567752,-132.2327423095703
-22.4462583852743,-240.47314453125
16.899113604615202,232.52255249023438
-2.85382252753121,17.047607421875
1.2705701336207027,43.56103515625
7.960789166364423,-22.88995361328125
2.71808902854303,100.434326171875
5.5273920092716775,-16.057861328125
-4.11149235653684,-156.60968017578125
-20.9676231329802,-240.73046875
-0.89184437235696,-25.7073974609375
-1.2816619609782416,76.9337158203125
4.85634828411675,-162.338134765625
6.429854346358795,-243.94329833984375
4.71112087372323,29.9063720703125
-30.7199022255615,-132.49200439453125
-3.8590388668775,-107.30810546875
-10.6557437737239,146.7643280029297
-13.4460672849668,-68.9005126953125
-5.527709296795018,138.06365966796875
-1.876637029070265,64.234375
10.2532613363299,820.1884155273438
3.00680128293027,-514.293212890625
19.33685959748449,20.48876953125
-0.1058882282985149,166.518310546875
14.3436638764016,213.78985595703125
-16.1535771788668,-126.98583984375
0.9480162028997956,-231.4404296875
-18.5891767455387,35.933319091796875
13.309934514349203,93.45846557617188
6.02246857213521,-365.60546875
5.16750826555368,-107.6624755859375
-1.0190872666435924,599.79296875
-19.100904418149,17.72174072265625
4.743603615290096,7.3983154296875
-13.8157551615103,-34.233642578125
-3.802611775309477,-352.01171875
4.30511943579503,-30.237060546875
-22.482844278002705,1.007476806640625
0.60779733849738,115.48388671875
17.8138573048897,-252.92466735839844
-38.4626262988146,-245.7491455078125
-0.6089836493556324,-95.4306640625
0.8617451361473882,-543.012939453125
-2.40000424902785,156.11981201171875
3.7078671714499096,-44.4791259765625
-2.390619984667185,552.6455078125
-15.559462368784592,-126.44140625
-13.790764753514,41.019287109375
-9.325981865786185,194.3607177734375
-58.4491138315396,-10.5570068359375
9.550892694239591,-229.861083984375
4.435147085081137,134.72531127929688
-2.3538192484503564,135.0771484375
-5.83438093189622,-29.636962890625
-7.10827059552493,-44.18499755859375
-12.414939844598162,76.585205078125
6.6154810826822,-7.43572998046875
1.3155747227446202,94.54815673828125
-2.56542276271332,214.36795043945312
-13.546032832554804,121.41485595703125
-16.600339428286603,116.37603759765625
2.9737175212081803,-13.528564453125
6.167862854629888,-74.54457092285156
-40.922076323723,-84.78070068359375
16.9349100756105,-211.526123046875
-12.24911226903676,41.320770263671875
4.867927463076468,310.3472900390625
-21.6327950573002,-203.51715087890625
7.11033993521173,264.1988525390625
-9.59094984812801,121.66534423828125
4.92186081619874,-12.010009765625
-7.815562497274902,-29.09619140625
-2.20364176327536,47.55859375
-19.6754058911438,114.00057983398438
-91.8886792382854,-17.151092529296875
-20.9507978903398,-96.31317138671875
-17.8084408175675,-43.325836181640625
-62.9612541332419,170.3594970703125
5.598134989920393,-177.94281005859375
-7.283890318199592,29.8211669921875
6.1026124307435,28.556640625
7.42840635595139,179.10284423828125
-5.179391847578812,-66.76724243164062
-4.873152982370568,-120.83111572265625
7.276768036701751,480.08905029296875
-10.739322929783883,-130.42373657226562
-22.9219832537164,177.7454833984375
1.5259403537211615,187.15234375
-44.7886924625105,148.6942138671875
-3.72583443525641,526.03857421875
-14.57002364123529,14.8424072265625
-10.128266274366498,-283.49755859375
-28.0249952668106,161.20004272460938
-26.24662901330595,33.85284423828125
-40.3645652505015,-45.490966796875
-30.8056950922951,77.78915405273438
-3.9552380984537248,-160.1419677734375
-2.1789667599796294,-28.39697265625
-0.5734820606807138,17.208740234375
-1.1617148968623687,66.2977294921875
3.42848617073407,1004.451904296875
-17.4030551064212,262.1429138183594
3.88109013796494,18.43524169921875
9.400493271217616,-301.23590087890625
-11.302161927872188,21.7576904296875
-13.3709137252944,-236.3900146484375
-6.79658968512302,5.9122314453125
4.509456424718162,-60.6307373046875
5.45103123545738,-38.0113525390625
8.149714042401495,24.043212890625
-12.909180343140196,276.224365234375
-6.61979034735207,-82.1806640625
11.9978624338519,-26.22528076171875
-12.53254789251529,-97.6767578125
-8.36198121766124,-342.25506591796875
-4.361976736345532,133.55426025390625
-0.1898191226144924,-117.91522216796875
2.3166834950764685,-97.105224609375
-12.6203596574975,60.484375
-1.207429910073891,236.458984375
-29.7403775200217,309.32373046875
5.31082796058257,-215.2808837890625
2.97844031586002,32.25938415527344
-12.533050119535002,47.4876708984375
-5.8684323426223,-94.93212890625
2.391980620215489,1.7977294921875
7.73570234615748,59.74835205078125
1.166748445159433,238.74237060546875
6.093529951556334,-362.7633056640625
17.709922444879297,-188.49636840820312
11.779516260068313,386.3922424316406
2.4866177573815964,-555.638427734375
-30.89708550466269,-58.23223876953125
-9.231606713935047,337.1450500488281
-13.4089268865456,-217.8116455078125
-9.06573754635488,-43.633209228515625
9.30630078585379,244.759033203125
-7.156550033865472,131.1639404296875
-10.5414716495377,-89.02992248535156
-27.8178569354009,-98.7490234375
5.3817717725564,83.892578125
-35.155236696245,117.228515625
-21.4141717786538,173.28765869140625
-2.6053130644292946,107.19610595703125
-9.953220777101093,51.795654296875
-8.798237091769485,-150.739501953125
-27.6920167541674,238.1468505859375
8.017093587799739,781.2275390625
-0.3550158381598589,99.58171081542969
-1.19024715514191,-4.459228515625
-3.2855896341823474,-27.78125
1.844566842421384,-43.72259521484375
-30.7366736665872,-325.7060546875
-11.338238855350506,-26.90692138671875
-1.059512617215007,-118.61053466796875
-33.7712071062874,-370.33251953125
3.812227003524945,79.1204833984375
-2.8472026300298463,29.59161376953125
-21.5871320482388,-49.82232666015625
1.845960760756301,36.4013671875
9.06213659212517,24.866897583007812
-13.950148061363093,-186.8089141845703
-15.1006814359747,-192.96826171875
-8.65496498210776,31.9453125
-31.18852367408345,-308.9970703125
2.35160533891099,-75.20062255859375
-7.06329362397977,237.03855895996094
-11.299328727708405,16.49627685546875
-5.73967918172164,-118.25601196289062
-4.062121175440552,-170.4871826171875
3.62056380925444,-565.572509765625
-6.512385872303066,-141.2933349609375
