Score,Pred Score
-13.812973987503693,-1.9452953338623047
-14.6311710829416,-25.766441345214844
-15.020937907067507,-8.5446138381958
5.61896917638109,1.8245048522949219
0.1461877509898399,-4.344521522521973
3.59745169898486,5.439201354980469
-6.72144892291601,-2.25883412361145
4.304204520484877,5.436155319213867
3.37898618824583,7.582419395446777
3.939818822274421,1.9794111251831055
13.9953943577381,4.579555511474609
-5.39913759737588,-4.16648006439209
-2.204579993178592,1.270080804824829
8.829561804598438,5.9122395515441895
6.01696699102072,7.091945648193359
-6.376202369524528,-3.142941474914551
-6.50906463316165,-2.856564998626709
-60.92137282626391,-27.111263275146484
1.99934019108803,1.029221534729004
2.188685633501576,6.867330074310303
4.07090957771029,-0.17362356185913086
0.5211206139658471,-4.423530578613281
12.5580583918003,3.235854148864746
3.320229681965675,-8.909503936767578
-0.4381862293696001,-2.009521961212158
0.1752112379752922,-1.7760543823242188
4.123908949931413,-2.8279991149902344
-14.2382866820043,6.953466415405273
12.966325580978296,9.545658111572266
7.692941411907634,-10.269903182983398
-62.9031214125763,-42.66788101196289
-5.800670766453999,-3.351909875869751
-11.705366535732304,-10.25629997253418
-4.786538605318405,-3.2586231231689453
-82.4887013651952,-26.768301010131836
-8.251107402184557,-0.5023078918457031
1.61677665352485,-7.129940032958984
-11.916211326129387,-17.45534324645996
-45.634880019414,-33.274986267089844
-0.568998602339841,-3.563725471496582
-12.147399114840605,-14.306476593017578
-27.4476544011683,-27.870784759521484
-2.306526469902426,-1.20805025100708
-0.4835459876036119,1.4904766082763672
-8.39479061793487,-10.708434104919434
-46.862925671502296,-22.352619171142578
0.3837795244341289,5.550502777099609
7.184930267876617,1.7003860473632812
2.8348518495029404,-5.487997055053711
-9.859535687586003,1.9921026229858398
-6.00025755794808,-1.7324433326721191
-4.764629840066975,-4.226617336273193
-2.377061578670744,0.8055562973022461
-2.0585753436264698,-3.264153242111206
1.1848602197973823,-8.027419090270996
4.97603191479674,-6.988105773925781
4.27399441028646,-2.74796724319458
-46.2372447228831,-35.21686553955078
-31.4759298257721,-27.431121826171875
-50.1674018945849,-36.14936828613281
0.9601515747159592,-2.921171188354492
-11.864177458483407,-6.9437055587768555
-0.538262620928304,-4.727642059326172
-0.6920482116816997,-7.818077087402344
-1.5184696160120892,-3.3787097930908203
-3.0836644409391925,-6.067617416381836
11.316750179392892,1.2073898315429688
-11.183106529127476,-3.172626495361328
3.59102041590596,1.1040420532226562
4.55602013063716,0.5518031120300293
11.579228393987275,-0.20413637161254883
2.3067635611900137,-7.58906888961792
10.480393919522983,6.846005439758301
-2.698100773809443,-9.252779960632324
3.776985072333982,-18.564727783203125
-11.773766374328297,-8.362431526184082
8.681027307740193,-8.161276817321777
-1.1091988250418725,-5.248730659484863
4.484288991501213,1.5046038627624512
0.0548896546292299,1.0791304111480713
0.1118559290339978,-4.136564254760742
3.9797293996962297,4.058801651000977
-22.42608065327665,-40.375370025634766
7.37064384347005,-5.938643455505371
-0.2642143205483515,-10.959153175354004
5.344594984386832,0.04179048538208008
-1.2497809936708242,-7.038167953491211
13.71198107208239,-2.9602394104003906
0.5045482395984724,3.426942825317383
2.86709961553106,-3.584339141845703
0.4423212163888063,-0.40300750732421875
-3.724573545179619,-5.906593322753906
0.2570808252882703,-3.4274444580078125
-70.65073406723695,-33.538551330566406
-33.9587360563784,-21.235843658447266
9.2088386022025,-3.2751212120056152
1.3318185914773402,2.8205928802490234
-9.176001953270983,-10.48386287689209
-10.497767159210698,-14.182544708251953
-0.4402086584014632,-7.525579452514648
2.1560784090827942,-5.413204193115234
-27.1636490162131,-2.083235740661621
-0.670930828719279,-16.65484619140625
-22.794043146736,-26.070899963378906
0.8105828534072201,-2.502397060394287
1.2287673509824204,-0.47727108001708984
-0.6435038581465955,-9.796948432922363
8.474782023793379,2.3195862770080566
-9.601847091024196,-1.0349023342132568
-1.6610011043127195,-2.4907987117767334
-0.1091636509260827,0.9541401863098145
7.570838092245207,1.4823355674743652
-7.211196994815285,-32.66028594970703
9.090654061652296,-2.717846393585205
-26.6651088566214,-4.178743839263916
-17.309192174305,0.9295244216918945
4.14054171285972,0.6891555786132812
4.097668935846943,-2.3697919845581055
-0.29408409265346,-2.7094545364379883
-35.8165916579592,-33.54621505737305
10.898098675545494,-2.4317264556884766
-1.6552655274048038,2.425081253051758
1.6729502580778592,-14.943150520324707
-6.42491227706334,-15.563907623291016
-15.4752611754195,-14.197035789489746
-0.6907348474047925,-4.6824951171875
-21.3629045873375,-14.024389266967773
4.219145585451182,-7.7247772216796875
-3.019531285218114,-3.9387354850769043
4.25311060075082,-4.547809600830078
-15.0412339008878,-0.940887451171875
-8.237627320974727,-31.730199813842773
-1.0683487237199796,-3.811520576477051
-1.7174251595272625,-8.003082275390625
4.069163600073605,-3.1696720123291016
-10.162041561092582,-29.883060455322266
-5.97248436581227,-2.4482908248901367
6.120538767403939,3.3339617252349854
-0.8028238008287005,-17.253454208374023
-23.6042929930625,-33.56465530395508
-0.1777753404752198,-2.00921630859375
-5.785469568057495,-28.037799835205078
-0.0556983764780604,-2.861410140991211
-25.4508968849616,-6.138498306274414
-5.3185412482723295,-2.0125231742858887
9.1356503291117,5.799335479736328
4.020569536845237,6.264355659484863
-58.5527340809363,-5.463938236236572
-6.291328737399075,0.5352869033813477
4.187869588752649,-4.912814617156982
8.922207576391518,0.8082399368286133
22.7414116448382,4.634555339813232
-44.6057608529879,-35.35633850097656
-26.5129077898497,-12.440473556518555
-2.13735826282737,-3.6202049255371094
-1.14890133483728,3.377554416656494
-15.2234416939723,2.7969446182250977
0.369316059642221,-5.667101860046387
-0.6884117876070912,-8.718545913696289
-5.8772631055401,-5.330158233642578
3.6053774296538297,-3.8454132080078125
5.07108724357905,5.832413673400879
1.292753014965791,1.1063685417175293
8.440986836263871,-7.269125461578369
-3.43040335892423,-8.057762145996094
0.7651079053562314,-3.9775218963623047
-37.13962469223695,-28.77663230895996
-5.822632503482525,2.8276867866516113
-6.879472048396067,-6.188482284545898
2.11024229353816,-4.018896579742432
-7.1526743450051855,-9.314069747924805
-1.122073026503361,-7.603130340576172
0.3302260274555297,-2.2350940704345703
-1.178255647098801,8.220661163330078
-2.99361591491145,2.7331058979034424
-18.1070051290659,-17.045177459716797
-3.0332808194811403,5.639289855957031
2.6303171850506604,-4.207900047302246
-9.72499716390718,-4.610135078430176
0.2729453578388601,-3.9855704307556152
-21.4503408223732,-13.105907440185547
-4.99755531471552,-2.505035400390625
-18.0018409950579,-26.353439331054688
4.00031385473591,1.0113883018493652
12.0378145652987,6.927555084228516
14.1235470599023,-10.76986312866211
6.55729051148795,0.047968387603759766
11.19992297656359,0.44762468338012695
-7.81388191369781,-8.44975471496582
-2.924593214648255,-4.493435382843018
3.7667366885646025,-7.852904319763184
-6.68253431604433,-8.092063903808594
0.7345204104922589,7.485614776611328
-10.626155896203898,4.824649810791016
8.106852576346123,6.816333770751953
-58.24412469223692,-35.76142883300781
1.4955767028094,2.468843460083008
-17.6906096863185,-29.647727966308594
-4.813871520282443,7.800648212432861
-11.8973420493851,-5.604349136352539
-2.67676896274171,0.9864234924316406
-3.9331393974605526,0.7626304626464844
8.756217929094177,8.98794937133789
-29.2662792150344,-1.5786819458007812
1.7249239205326918,8.14919662475586
-6.686975812883663,-21.675613403320312
11.10272802991041,4.845439910888672
-10.956818171714705,-9.103154182434082
-6.3500959185649,-12.937834739685059
0.6681105368389735,5.894304275512695
-12.500029270357295,-18.198665618896484
-2.591242863373206,-5.004993915557861
5.954690473588823,12.554816246032715
-43.929359067237,-28.500221252441406
-17.4841411730512,-8.067020416259766
3.61441892535489,6.212141036987305
2.1112971208509976,-5.5987548828125
-41.8026500314277,-30.42571449279785
7.028135642932115,7.293485641479492
8.463248256721428,5.484389305114746
-13.037072413777096,-15.163274765014648
-1.6307504375632549,0.9149208068847656
-0.3284521577656807,5.259302616119385
0.4685622181175212,0.8148916959762573
-5.316952415477393,6.620917320251465
4.584421564331302,-13.155056953430176
-20.3593816575191,-16.840869903564453
3.67041582610247,-1.4339666366577148
2.204062447972561,6.023166656494141
-4.666937653128132,-3.826765537261963
-12.3781694316975,-4.551921844482422
7.06923762363823,1.190441608428955
-37.2883298194418,-20.804176330566406
6.442434166934048,6.903553009033203
-12.2162083245621,-7.925938606262207
-20.3623076046531,-4.788744926452637
-5.45440876641342,-3.805935859680176
3.1416241584890576,-3.465834617614746
-4.96580172718434,-2.9776535034179688
-37.4061766871973,-15.125320434570312
6.46185690649625,-1.4310669898986816
0.5403453062071405,-6.803187847137451
8.656689402528613,9.051885604858398
12.331931266595111,8.45966625213623
2.75380173901167,0.7315607070922852
-2.8447496930443927,2.1660385131835938
0.0285872237409883,-0.16172218322753906
-73.5286754265322,-4.582425117492676
7.285509446842615,3.365577459335327
6.72046542688671,5.010617733001709
-6.19730890695259,-2.5342330932617188
-16.4599719883519,-13.101419448852539
-10.288292260688207,-3.471602439880371
-10.285920522724917,0.5885574817657471
-30.8171784242839,0.5491847991943359
-4.65691689928222,-7.0850830078125
-37.1716279374795,-15.677159309387207
-36.50577458359941,-5.497931480407715
0.7942566624333496,-3.6436517238616943
-34.8552692363716,-3.8508825302124023
-2.491707941339629,-7.02553653717041
1.7387039934851498,5.54512882232666
18.9715733525152,4.662468910217285
-13.8996269060666,-1.5677375793457031
4.17561229224804,2.0446081161499023
4.7680640763497,-14.797471046447754
-6.745372906074374,-3.427297592163086
7.262818938793504,-2.8798317909240723
-55.7541546140486,-27.18178939819336
8.453421074249384,8.490822792053223
-5.85807143580148,2.534714698791504
-52.7336020518746,-31.2965087890625
-1.995826789875676,-3.950655460357666
-1.3326443092463092,-25.599102020263672
5.029017096161708,4.130868434906006
-0.71117494174041,0.07550668716430664
8.243548509216069,6.772693634033203
5.81602235619721,0.9049482345581055
5.978124919049687,-8.180978775024414
-2.8859593337581737,-3.534261703491211
-26.0047332498617,-24.582901000976562
-1.5220929784942658,-8.54031753540039
-3.195242757261453,6.897764205932617
-15.0089303719363,-15.642617225646973
-1.757118944268968,-34.45235061645508
-13.5091075877696,-7.792568206787109
-4.0681667574955,-1.2249703407287598
4.43276114617859,-1.4280624389648438
-4.665207913971671,-2.0039443969726562
7.33919324558513,8.261333465576172
-11.69780882660921,-8.452221870422363
5.960801203295765,-5.257404804229736
-29.9162730471743,-17.77779769897461
-5.331847529263395,-5.22569465637207
4.2006804390709,8.363025665283203
4.76541245752904,7.260977745056152
5.87221574658101,1.8132314682006836
-12.955988512618,-25.82171630859375
-14.4061745570978,-10.136523246765137
13.644333664082708,5.877612113952637
7.522446474796843,-12.650038719177246
2.858782897786812,-1.3053522109985352
-49.8653288018085,-38.385032653808594
-4.029904705212941,-3.6659579277038574
-6.2026319104393295,-15.224515914916992
4.452168509343501,2.7253103256225586
-16.475900892606802,-1.5139827728271484
-11.03094492075089,-25.15590476989746
-8.08045020128908,-7.484382629394531
1.39259946716825,1.5812711715698242
-14.885807229381896,-2.7070975303649902
-11.113180908425988,-7.2149834632873535
5.506094216928792,6.945422172546387
5.29091659278858,-2.5932583808898926
3.42106467876526,6.506555557250977
5.162821279449693,4.998050689697266
6.020551076354931,-3.347701072692871
0.8086942897832163,1.7199678421020508
-8.80546181278599,-7.911553859710693
-7.42349600405968,-10.10173511505127
-14.4731176558811,-8.328323364257812
-35.5448186771701,-10.157825469970703
-1.657597602265355,-2.03800106048584
-1.930224441335125,-11.115113258361816
-10.398648228661925,-4.9834136962890625
-1.6521884315998507,-4.541388988494873
1.3131129859732091,5.195094108581543
-0.1240821746904601,-6.21314001083374
-35.1709788883515,-9.939295768737793
0.6771989561182002,-0.5481438636779785
-5.8677981963370005,-0.7086424827575684
0.7982616963508231,-4.851748466491699
2.595279020812243,-1.2697772979736328
6.9472187772133225,-3.809680461883545
-41.1395198834054,-14.341958045959473
-35.4604736838065,-15.184514999389648
7.87379173269718,4.708433151245117
-8.72128086410909,-25.503337860107422
-82.13826531723697,-2.8253159523010254
-9.70693692529289,-13.271894454956055
-61.4386715672369,-53.12763977050781
7.10938257895085,2.8425233364105225
0.4007388327427847,1.5527732372283936
-0.7455370396145937,-1.2074694633483887
1.674966057420845,-3.8607702255249023
11.877856996640997,-3.516817808151245
-0.9096556467231308,-5.720989227294922
-1.4680391508473674,-4.815453052520752
15.6414782015599,-5.278112888336182
-10.35739215730591,-5.412541389465332
1.926107182225645,-3.1568453311920166
6.99756701325662,1.6456854343414307
3.54836143321337,-1.244941234588623
-7.726553411266567,0.7569746971130371
-48.51478094223695,-53.714534759521484
-3.0453156276270903,-3.1658225059509277
-3.454798154796729,0.9616818428039551
9.503977484174175,6.406893730163574
6.001532732018722,7.2387237548828125
1.775572054007981,2.6170835494995117
-2.6871577689602653,3.1743640899658203
-7.920344649869953,-17.303030014038086
2.578081311550471,-1.2533273696899414
-14.434457477598505,-1.5829410552978516
-1.338045882914232,-0.14832091331481934
-44.1817825469333,-26.992835998535156
2.4314234692194163,-12.784015655517578
-2.35314836228574,-0.8266363143920898
-2.07036107592124,-2.959991455078125
-6.560167066336443,-11.338095664978027
-2.54688332955635,-1.13916015625
-7.940842049461227,-6.202589988708496
-7.789052707582185,-6.033674240112305
-1.4295761119406232,0.6890063285827637
7.206977941743588,2.8227672576904297
-4.081394009803599,2.0840301513671875
-30.167243616457,-24.574674606323242
11.7225687296843,9.299369812011719
-0.8984319813221007,-4.4227294921875
10.349523074958825,0.7885904312133789
5.42147270471237,6.139312744140625
-0.3136273830120112,1.5091667175292969
4.398848813602776,3.6828107833862305
2.099307195887115,6.103747367858887
-61.6890402284636,-31.709091186523438
-7.08434802004719,-3.423428535461426
0.6962467393230812,-9.077862739562988
9.0758909366509,-1.638838768005371
-1.9263965715605047,-2.5613608360290527
-6.262949496708321,-5.800407886505127
-4.739766082030863,-3.8617873191833496
-36.8822022827233,-23.737321853637695
3.24770439300306,-6.855015754699707
-2.289513933263135,-8.37230110168457
1.41805545618482,3.9628827571868896
-24.4432878855492,-2.51666259765625
-24.96156751119129,-27.126861572265625
-7.734574598544068,-14.640279769897461
2.79124989437018,-2.8247146606445312
-5.17831154550348,-10.188789367675781
1.5275640312561216,-6.104486465454102
3.682989905065457,4.393472671508789
-10.8237586662752,-31.50106430053711
-6.929951553081727,-6.333484649658203
-27.96215708599589,-17.363304138183594
-2.88087637063392,-10.568439483642578
-5.960419628776203,-10.77798843383789
-37.189874708633695,-24.48897933959961
1.1496085756031087,-8.121109962463379
-12.7137936794919,-13.841805458068848
8.398744223780918,-5.504230976104736
-33.3004252633332,-40.48298645019531
9.144089281431205,-1.5715084075927734
4.065326821312747,-1.6613044738769531
-41.9047429025821,-20.34844207763672
7.383552345763623,-3.398334503173828
6.364261125349779,-6.114165782928467
4.841793570156368,0.9730415344238281
1.6198341998494314,-3.996718406677246
4.179707781567577,8.764762878417969
-14.7229944429405,7.468013763427734
7.078924552126015,-3.4809818267822266
-12.898019313824,-26.592262268066406
-70.8116033690518,-4.99711799621582
12.7359625054994,7.046069145202637
5.586124430090477,3.9095616340637207
3.028467183462371,0.4603004455566406
-5.830142578087577,-4.503890037536621
-22.6841489367301,-16.231781005859375
-1.51657819068512,0.8106226921081543
-81.52648016021857,-8.715143203735352
-3.36903782007548,-6.541011333465576
-18.707844022,-17.760635375976562
-34.48768519828235,-26.059720993041992
-39.7169735486916,-4.220533847808838
-1.593720937577549,-7.607092380523682
-23.2954444871652,-8.001935958862305
-45.30258920076982,-16.116748809814453
12.5056328567953,2.553567886352539
-11.9299972333177,-7.088024139404297
-37.9495035857927,-7.287728309631348
0.7001962140772594,1.9969139099121094
4.49418879319923,4.223268508911133
-39.0646563811545,-28.792985916137695
-9.09730633851708,-4.520689964294434
-17.5589533745204,-18.32335662841797
-4.92782811871599,5.037262916564941
-8.2299173561342,-19.06203269958496
2.60625970962018,-2.8036468029022217
2.726862934921635,-2.9959354400634766
4.071661498679735,-9.267228126525879
-13.2494383747796,-6.8425188064575195
-11.9154244975033,0.1225128173828125
0.9090871567987184,-16.586090087890625
7.92708077877978,4.04688835144043
-3.119647295186995,-7.190324306488037
-2.248378586620203,-4.619029998779297
1.6646916021852596,2.0772757530212402
0.1590569364430157,0.5047492980957031
-77.3623903172369,-45.611873626708984
15.8859560938761,7.462245941162109
-3.11888044241469,-5.008478164672852
-2.7468186065138984,-0.7906064987182617
2.77922195660905,0.9019966125488281
4.052279150357491,-12.135490417480469
-4.03806373695381,-5.253169059753418
-2.4461467814868523,-19.997596740722656
-0.1639564470097907,-2.391969919204712
0.8542168432631491,-25.107227325439453
5.84905996845087,-3.9641733169555664
-5.77665564868809,-3.8185033798217773
-3.7008288999313423,-11.038745880126953
-7.18713065449027,-15.057400703430176
-0.9529303605806088,2.771106481552124
-15.902118442879,-11.063238143920898
-28.0636361890057,-11.225500106811523
-26.912205886836706,-34.366943359375
8.596988309863011,-0.42783164978027344
0.2877587512502297,3.423898696899414
3.3899996482015826,-3.2741384506225586
-20.5869014386951,-14.03825569152832
-9.341800010912078,-9.251625061035156
0.1692077246922899,2.2650201320648193
-1.857666460494741,-0.16626930236816406
-13.2752747780792,-31.38220977783203
0.7445982178878973,-6.594755172729492
4.49646859469848,-6.527315616607666
3.60913262992784,-5.649896144866943
-5.653435188749545,-1.9949674606323242
1.51502173443586,2.294649600982666
8.143116180793372,2.292801856994629
-8.36164856265281,-28.37774658203125
-1.130678948105339,-4.21621036529541
-4.349210006555943,-1.870079755783081
0.2594141505344826,-10.488983154296875
-32.1283374054069,-19.78925132751465
-1.9051378030600723,-6.6898193359375
4.768047800449637,-7.821696758270264
2.264898495983479,-4.930931091308594
-6.47138721063866,-6.112491130828857
4.93167956005568,-4.026101112365723
2.4851768276660025,5.612504005432129
-3.930469946192945,-5.380258083343506
11.923948375295712,6.399219512939453
11.616605850275496,1.6816484928131104
10.41580460128629,-5.536279678344727
-8.700462669667385,-10.430906295776367
13.1991243046288,4.254403114318848
-4.75101729862813,5.0183634757995605
-1.4230966237807086,-1.5166206359863281
-2.07861348348741,-7.232992172241211
10.292368565007404,7.011993408203125
1.9007667723773176,-3.797736644744873
17.1612744381531,7.295860767364502
-0.1428452494230792,1.3486967086791992
2.4933992323843923,-1.585373878479004
-13.861300672159,-0.5767989158630371
-1.7943154401891548,-1.596083164215088
-4.15624175439773,-5.94657564163208
-14.277645616907492,-2.50801420211792
2.713132201978397,-12.349349021911621
-13.315456279797685,-22.055530548095703
-5.36204355968609,-1.1014518737792969
-1.4872271509121793,-5.5764617919921875
0.31232235517322,2.2207584381103516
3.0307168501552093,-0.0946340560913086
3.4484762474106,-0.8437843322753906
-34.0729170807354,-28.462112426757812
-25.0659802428987,0.8365457057952881
0.86771933446589,-5.987796783447266
-11.996919710325,-6.126687049865723
17.2594267615487,4.534205436706543
-56.2560888739038,-31.563032150268555
-12.7386491421071,-13.707627296447754
-3.520787796436005,-14.331594467163086
-0.8014467498558491,-17.003936767578125
-34.7812340468876,-16.489959716796875
7.158235365631607,-12.97777271270752
3.29681579894721,2.598947525024414
0.046018285265003,-22.360271453857422
2.046344769010002,-6.286291122436523
4.25403099118957,-3.1622891426086426
3.7804230286959792,-15.169994354248047
-3.773219093074008,-3.61562442779541
-9.722403045722997,0.3015761375427246
2.81101468536903,-2.2666015625
-23.7494411406013,-17.750520706176758
-75.56229656723696,-51.81183624267578
4.366245372711767,4.447861194610596
9.94612085382829,11.39077377319336
-8.207132148775708,-26.26808738708496
-3.09775596823669,-4.163902282714844
3.77256113899207,-3.538865089416504
0.2016574678685985,-3.605727195739746
4.38808277416547,-2.0678675174713135
3.7092867134231,1.1554782390594482
1.6740112862957208,-1.9198274612426758
-5.472376660417956,-4.858635902404785
12.283123760680592,-2.0866470336914062
4.417989059347175,0.27494168281555176
1.907333647224608,-1.5443602800369263
-3.73521146317182,-8.825828552246094
7.837521570550837,2.6581220626831055
4.82455755953161,-11.483804702758789
-0.6472060937938101,-2.563183307647705
-8.237956686764985,-14.65861988067627
7.36579899286375,-11.448606491088867
7.859716520666763,-3.980165481567383
2.765011277030255,1.322197437286377
4.62415639298937,6.39642333984375
6.430237727930085,-5.350979328155518
2.44728958086436,-6.491569519042969
-1.93656353174353,2.234513759613037
-33.7845903951132,-30.874027252197266
10.960301672714698,5.093635559082031
6.147225205740463,-6.168237209320068
2.4659746492236927,6.025777816772461
18.2642273209106,6.465984344482422
7.656482330373112,1.1434249877929688
-63.2346715672369,-41.20928955078125
-22.9610154952969,-14.62623405456543
4.39789099231211,2.9733376502990723
-46.587141393021525,-20.1856632232666
-12.281506448986304,2.2906343936920166
5.220668557811489,-2.4901390075683594
-1.4412632820262703,-0.7260074615478516
-35.163016426576704,-17.953561782836914
-31.380009974583203,-12.842789649963379
-40.7258600860177,0.1578812599182129
-35.3994683825842,-12.225800514221191
-10.968565079401992,-9.189528465270996
15.384553292915324,-30.20466423034668
-0.4271227388875901,-1.0285797119140625
-7.69948364751984,-2.2538633346557617
-26.6822467124322,-18.784563064575195
-0.2823200449385875,-3.8413925170898438
-3.8453528225106623,-7.8182477951049805
-2.4599041427842496,6.682895183563232
-12.7315114055493,-9.923582077026367
1.418014053180695,-10.467916488647461
-3.4922781726655696,-3.1909451484680176
9.58062385928767,-0.16776788234710693
-17.5801214502402,-26.17257308959961
-49.5120706514507,-33.28779220581055
-0.4503474699443348,2.7681217193603516
2.332279780348585,0.567171573638916
-42.2483635713802,-21.701534271240234
-5.00028834575103,-4.372158050537109
-5.14141487663266,-20.561203002929688
-19.923371510770203,3.901378631591797
4.28301459624688,2.81833553314209
0.3224388648416145,-8.835949897766113
6.795393661635613,1.5368919372558594
6.720388221210122,9.678173065185547
-20.7558388881914,-1.9410533905029297
-12.5922662394529,-12.964594841003418
-5.19085420781142,-1.3974604606628418
-27.3858072066324,-16.30796241760254
6.488490212037078,2.2353692054748535
-12.5233171201947,-7.885592937469482
0.996650643215182,-3.2998971939086914
3.27144637329635,3.6547281742095947
1.203208947199059,-2.1175427436828613
4.5031585012656095,1.399247169494629
-46.6686841099013,-46.70452117919922
3.600655729290548,0.4670376777648926
-2.7077151362496297,-14.483799934387207
-42.936846127142296,-33.465187072753906
2.679404112105611,2.4666614532470703
-23.975827854410426,-22.033775329589844
-24.4869919201538,-24.026756286621094
-6.22433036882608,-0.8545112609863281
-24.992167376126925,-7.443240165710449
-9.742168339465294,-0.7776556015014648
0.1235817830644999,-0.7485122680664062
-11.607028837624,-5.250516891479492
5.321680837772678,-5.340131759643555
3.3452637215970498,2.9372386932373047
13.015759276594096,8.733360290527344
-6.13466459150186,-2.617614269256592
3.0897024917955025,-7.847482204437256
3.557691046156,6.193146228790283
2.0008593011464906,1.1542224884033203
-1.2671721747064446,-19.41144371032715
-2.989164004622407,-16.48641586303711
-2.43808381047612,-3.0026793479919434
-11.30813578108209,-2.8620777130126953
-9.619042312244815,-12.479740142822266
-4.01456885639382,-4.754913330078125
-4.853312003098937,-21.857715606689453
2.78743688363977,1.296006441116333
3.6035536346157695,-3.208745002746582
6.09033976794457,5.385048866271973
-5.89266438028177,-1.466768741607666
4.780848076735348,-6.548637390136719
-20.7592210135025,-17.422565460205078
-3.637071869773312,-13.926435470581055
-4.396710286499547,-0.7662630081176758
9.04709717330502,-16.770263671875
1.69213972357191,0.1250452995300293
-27.068723822751306,-14.108444213867188
0.2886204877907422,-2.2128849029541016
-0.592182005541919,-23.480146408081055
-4.736229867816737,6.596904754638672
7.877641553655238,0.24171733856201172
-2.588665914009158,1.6374187469482422
4.72846919446815,-12.748136520385742
3.42669038506664,0.5989809036254883
-10.274169876330886,-5.377761363983154
-1.289264920121349,-14.42175006866455
-6.9648772325347394,-7.495429992675781
-1.2236747050651609,-1.389218807220459
-12.208208404490907,-27.64476776123047
4.40921359309415,7.448955535888672
16.4171583068458,7.86939001083374
-15.991582533821994,-1.3815069198608398
7.809600001042748,3.4051284790039062
-3.0331069492891496,-2.6107940673828125
2.603164662477901,-3.7879419326782227
-24.2572199033326,-18.398326873779297
13.667582002208905,3.2553787231445312
8.19307228691883,-14.720977783203125
0.4664503305112299,3.1509604454040527
-6.46133524603972,-8.52558708190918
-19.7520332208299,-15.315999984741211
-7.75971004909346,-7.844029426574707
7.66334596528203,0.2478160858154297
-27.64770126959135,-17.3321533203125
2.125547882163602,5.982640266418457
-1.8239337240231768,-2.0133838653564453
3.3696784995100426,-3.365415096282959
5.265272900492549,-2.1063737869262695
6.753311816554961,-5.354607105255127
0.9434331950199416,-3.1379852294921875
2.13745295521649,-1.0386314392089844
2.76912169862866,-4.062324523925781
2.409764321136161,-5.733748912811279
3.7606671418030695,-0.8538298606872559
0.555665600488549,-1.5458626747131348
-89.04756219223692,-40.68743896484375
6.987950206462267,6.244214057922363
-10.09410467002709,-30.099945068359375
8.16191414696451,-0.6824021339416504
-10.731303688850904,-16.55371856689453
7.588764503474316,4.8729705810546875
-5.25293160621848,-6.765035629272461
2.3065604778561424,5.61859130859375
-3.8022266666193874,-13.027667045593262
3.22816419080692,-3.2751102447509766
1.1941842843275,3.4236862659454346
9.772192422094813,-23.298099517822266
-2.489313079893845,-0.00223541259765625
-13.547300817594484,-21.77889633178711
-1.5403494549472296,-2.4041543006896973
-5.139364658294922,-1.3485240936279297
-1.32131943338233,-5.137003421783447
-0.5284321769112605,-0.7486944198608398
0.1119561526876595,2.9650392532348633
14.8508222506114,7.927452087402344
-0.0918051514147744,5.9870123863220215
-1.7237618714553775,4.867341995239258
-1.5699354762224491,-5.664467811584473
1.5718362711845366,-2.976925849914551
3.58036180553514,0.23584437370300293
7.45084701577923,-13.52554702758789
-7.378812419643663,0.4575386047363281
-33.1832620874725,-13.925582885742188
-6.066411004621831,3.563203811645508
-16.4910721624856,-24.832454681396484
0.8267526169764301,-1.090590000152588
-9.762453719841735,-28.729496002197266
8.07102955700163,7.766641616821289
1.741670982094262,-1.401193618774414
-0.0053525606393112,-0.6657590866088867
-51.4043293278057,-20.168058395385742
14.9415296965116,3.2421913146972656
8.70853787657841,-3.9200329780578613
-2.149900469098629,-4.893407821655273
14.8229623836697,8.580549240112305
-0.0379657812584102,13.865562438964844
-15.3173389528898,-2.8088555335998535
-1.7663441991754285,1.9169178009033203
-6.708306328674888,3.2264232635498047
-78.7451798053926,-27.301437377929688
-0.5413656534735456,3.3700313568115234
9.625121597198186,-3.981471061706543
-3.15562863494722,-2.1454594135284424
9.60447820177431,2.4258432388305664
-3.31847606547329,-0.6530303955078125
-4.12581810820042,-1.8250923156738281
1.7706121017107803,5.744895935058594
0.5117341060036625,6.864864349365234
2.63157412115867,2.522690773010254
-4.763634360062484,-7.0676727294921875
-11.18181257464061,2.1114187240600586
-39.4932668903457,-11.97254467010498
9.206200380526292,6.010639190673828
-2.93911844531118,2.3889880180358887
-28.13472322157985,-6.858987808227539
9.62907409316032,-5.853719711303711
-7.042636248773623,-5.686805725097656
-4.03025121975644,-1.7633335590362549
3.42951329804928,6.704171657562256
2.5565427438131976,-1.4748449325561523
2.8513084033656,-0.5317611694335938
-5.5623675139736175,-7.202089309692383
16.9968892380515,8.05972671508789
-4.144685584269085,7.613181114196777
-11.221818720505304,-7.980823516845703
-2.111656589218961,-4.865301609039307
-1.626797120535592,-2.522124767303467
0.7652624054000594,2.425853729248047
-21.5531296050118,-29.12969970703125
-13.053772031257305,-14.871484756469727
5.42509465390903,0.7665309906005859
-5.5186956836840375,-8.323749542236328
-2.260381023139061,5.3403167724609375
-30.3377383335249,-23.002792358398438
7.380729755239978,3.4598097801208496
-4.172986764275874,-2.781482219696045
-1.2036514942358316,1.0876541137695312
-35.2906329121599,-20.35498809814453
-2.54595208771381,-12.214134216308594
-10.901275449743116,3.3481054306030273
-17.0078420331655,-18.809810638427734
-17.0314498829154,-6.5977935791015625
-11.9784507557909,-3.331669330596924
-19.469018973061075,-11.928178787231445
-3.2142130797467816,2.349994659423828
-0.5663484394051013,5.172889709472656
-21.2195468929047,-16.128623962402344
8.077984978184695,6.18425178527832
-17.0119321722455,-12.145448684692383
4.67424026120176,0.9745707511901855
-47.9875704511971,-37.64203643798828
4.316615136301563,-7.9856414794921875
11.2728180991378,0.9988002777099609
-3.5546157663424616,-14.175580978393555
-3.15887949932979,-4.210201263427734
-1.6422791314174887,3.7412822246551514
-3.448025235667948,-15.54914665222168
-13.5632540546311,-23.36431884765625
0.8825935384285006,2.192816734313965
3.27100049685324,-1.5347509384155273
-0.7762273913233743,4.158222198486328
1.026942322157092,1.661773681640625
9.859104788483815,0.5991529226303101
-1.9977872313530125,-4.904476642608643
-13.1809903671301,-7.880500793457031
-35.1782981083837,-26.64861488342285
-35.8337806803641,-18.30575180053711
-7.639409008216227,-5.545902252197266
-15.746453943284,-25.954505920410156
1.055995951979529,2.140836238861084
3.987299411465438,-1.057058334350586
-37.0930621901092,-6.417243003845215
16.694612728237402,-0.09543418884277344
-4.527979888097892,-10.283281326293945
14.6352674345898,-9.621265411376953
5.034618319433818,3.5829577445983887
-3.77133000272187,-3.590019941329956
-1.61504571199055,-0.12785005569458008
-56.3663437951974,-25.215938568115234
10.088450856398616,1.1773505210876465
-14.285610883283098,-25.293136596679688
2.6210618799141923,2.7421722412109375
-2.308732762121495,-8.74152946472168
-83.9761260280997,-27.407875061035156
-1.03656181464744,-0.5289773941040039
10.16232173056559,6.185794830322266
-3.12013961477547,4.812919616699219
3.010752586641185,-15.012473106384277
-1.5178355576616795,-1.102783203125
-2.60072537807549,1.9083328247070312
-2.367312137177082,-11.493403434753418
6.075310726130807,-0.21158671379089355
2.24572304437811,-5.598945140838623
0.2044267191685782,3.66501522064209
3.85944773684647,3.528674364089966
-14.409506408843407,-8.083213806152344
-2.683955047842884,-3.3640856742858887
-0.0075038478591599,-10.904150009155273
7.190050317883171,2.8940253257751465
-2.1691769605730515,-3.257725715637207
-7.910003358009165,-0.5489540100097656
-69.1366966634013,-23.770849227905273
1.437241653553571,-10.512345314025879
-20.7409218490905,-12.64167308807373
3.78247800369874,-1.785557746887207
7.909526276907584,-13.158419609069824
6.097122298913325,-18.009572982788086
24.5800902168924,4.647216796875
-9.979741434164584,-18.668071746826172
3.1327986373042376,-0.8553769588470459
-8.393586343504198,3.032383680343628
8.678125432705007,4.009346008300781
20.7428439693387,-12.850545883178711
-1.511416195100045,-23.772136688232422
-23.3725501337939,-10.270631790161133
4.69437535963172,-2.3872551918029785
8.24149319055937,1.10044264793396
-0.2898522089969393,1.4613699913024902
-7.19378137939456,-7.770203590393066
1.0271109700113177,-4.356271743774414
-14.564555056626377,-5.380931854248047
-9.657849716236,-33.3872184753418
-0.7280966227290082,-2.777587890625
-21.8962191024866,-14.686639785766602
-40.2614734397264,-17.507274627685547
-1.77750068778882,-7.693670272827148
-28.3488859938485,-21.10057830810547
-8.184373188662292,-28.069839477539062
-6.135426654744688,-12.245537757873535
-3.270422191581055,-8.34945297241211
-6.055427015859325,-2.3790979385375977
-34.3143130117107,-14.393523216247559
-50.4820483838523,-18.299503326416016
-4.639593570653838,-5.5293755531311035
-21.0606958753072,-22.672861099243164
8.747205755218493,6.212189674377441
0.6884341878779402,-9.54102897644043
0.300408103033295,-6.863232612609863
-17.2817979072755,-26.64605712890625
5.79128728304933,-2.9423398971557617
3.7921116228684086,-0.0930778980255127
0.51700222845629,-2.968080520629883
1.0966146270020711,-4.896171569824219
-6.613686761665703,-32.557701110839844
-39.873530292237,-29.890968322753906
-35.0272315856836,-30.294139862060547
0.2475632146873464,4.9704742431640625
5.59963570142504,-4.240360260009766
5.29419053806362,-3.8169374465942383
6.457932781589695,3.3652381896972656
6.4251548431743295,-0.560276985168457
-19.7885249955934,-23.120515823364258
-2.4097304318056905,1.423097848892212
7.543407488617369,7.199337005615234
1.83593808226401,2.539608955383301
-1.5082203021212124,0.23415184020996094
5.99108205682079,-3.126526355743408
-18.1797235112709,-3.264047622680664
-12.840088322870097,-21.734779357910156
-2.23616712442702,10.179962158203125
-4.662511414401839,-8.22035026550293
3.41802282280863,2.9479403495788574
-12.0320822507053,-25.078969955444336
-25.9801803981754,-16.455774307250977
-5.97419023328963,-3.646015167236328
15.4186986077963,0.040110111236572266
4.480465220149085,-11.600944519042969
-13.2363849677504,-11.201409339904785
-9.362863686069195,-11.783191680908203
4.128157012788561,5.08973503112793
2.26767773086615,-3.5239548683166504
-24.1634597090208,-33.595088958740234
10.013204486477417,6.270786285400391
-31.934070451053,-13.950905799865723
-22.9515728231767,-10.528024673461914
-11.219410776078313,-11.289261817932129
6.00089213826483,-3.3485684394836426
-28.9638748432599,-38.525230407714844
3.11049964318654,3.5511016845703125
-1.073248118887358,-2.6128597259521484
-10.249148139079496,-15.1428861618042
-13.14009076535719,-29.506324768066406
0.7364260970712593,4.841947078704834
-44.9949251983702,-7.8209381103515625
-5.159519294761907,-10.535562515258789
1.869241020829697,-16.651046752929688
-55.54568697318505,-46.03373718261719
0.3065104335081801,-7.769229888916016
-10.386374558578522,1.462362289428711
-3.0345245902191325,-1.0928248167037964
-57.144820014625296,-26.688583374023438
2.85060083445348,-3.2326483726501465
2.446050707651698,5.007220268249512
5.50221601830175,-14.282722473144531
3.455876052191651,1.0931544303894043
-14.6157572128631,-31.037851333618164
-0.874105623616695,-6.391822814941406
-1.378759213278819,3.971221923828125
1.350733135180331,-0.6867218017578125
-1.94666134980912,-6.395922660827637
-3.36735139960915,-4.6574859619140625
0.8319171014720902,3.136469841003418
-40.2101205720394,-2.9517369270324707
-24.577379709126298,-32.09428024291992
-18.6292132467089,-2.612459182739258
-46.39510994896701,-10.03272819519043
-2.487076105276776,-0.14623737335205078
-4.752960817423343,-32.372840881347656
-0.1160299782726794,-6.956530570983887
-18.5277286275242,-10.281329154968262
-14.1325019191809,-17.299243927001953
10.909208084253878,9.49355697631836
1.30779520720034,1.5522122383117676
-5.77436797253085,-7.81475830078125
3.986867952152618,4.928304195404053
-21.7936206120663,-34.94664764404297
-2.643556292002,-10.526711463928223
11.0853991753379,-8.673624038696289
-12.9397422629832,-11.152900695800781
-0.190891674386513,-4.679103374481201
-6.32558602127377,1.5654582977294922
5.391699208755202,6.170925140380859
-8.998840630677615,-3.587113380432129
-1.6005087696864486,-0.08935236930847168
7.5482379424635875,5.863800048828125
-7.642910278690365,-2.2075438499450684
3.719171936095444,0.8394403457641602
-0.8981307679622897,0.123016357421875
7.06032809637297,-3.9269280433654785
-3.134999611446543,-0.5545041561126709
-5.94174589421185,-3.67708683013916
-17.7883076547542,-8.187902450561523
-25.2381267145584,-29.607046127319336
-27.5445722402187,-28.725440979003906
2.6678241356197647,-5.494263172149658
5.02066543392875,-4.865466117858887
-1.67197513843126,-24.836631774902344
6.58117049992555,1.9071049690246582
3.12612254618191,-2.2322192192077637
-2.1147225087047508,-2.355372428894043
-76.9668504799361,-8.138877868652344
10.11870938841209,4.331951141357422
4.755697845162629,2.690765380859375
16.5479703149859,5.958503723144531
4.001938538520379,-13.889110565185547
-14.1813773041305,-24.314023971557617
0.7709161631446207,-0.5413243770599365
-24.2508933717269,-15.600887298583984
-22.3071231538392,-31.545921325683594
7.2595381633228,3.0850656032562256
11.555346181601609,5.917457103729248
-26.258782255785,-15.188187599182129
10.3189652047012,-10.231132507324219
0.809697096857583,-3.606612205505371
-18.5255095356289,-31.540569305419922
-1.0680791130593923,-1.1701812744140625
-3.5390830989045075,-13.890642166137695
10.468583156479704,5.239232063293457
-10.613183176373598,-3.359670639038086
-6.40442742836347,-0.7620625495910645
7.196532980977684,8.291586875915527
-10.586292641023492,-0.7722358703613281
-26.79502671025515,-23.63518524169922
-7.187555808667961,-5.7722320556640625
5.4465900456679694,4.911076068878174
3.1988276731025875,-0.3296191692352295
7.827394642815597,3.612032890319824
3.887422638441485,-1.0600576400756836
-3.41466344580097,0.7899696826934814
2.667044757168528,-2.6511754989624023
1.0590749185315824,-1.9574236869812012
-3.9965921287470247,-0.6902813911437988
10.982614675109394,2.5882644653320312
0.4076170529080399,-0.7422637939453125
2.71319811317338,3.0158863067626953
8.652061852316729,7.688679218292236
-0.6579761516790089,-2.1941423416137695
-51.6773231694491,-39.57128143310547
-2.8325461302865187,-2.389598846435547
2.12749125232924,-28.2783145904541
3.562549470771905,-12.23257827758789
-16.517773128145326,0.9416701793670654
6.874655354673765,1.37640380859375
0.2047767843086013,-2.780196189880371
-2.698758931910008,0.3024139404296875
1.8601156760560384,5.410841941833496
-22.2455703021075,-18.562397003173828
2.4288820651169605,-0.26326465606689453
-16.8307740899425,-0.007120847702026367
20.7191486697607,3.0357842445373535
-30.7261055182573,-16.47669219970703
-38.4849400567448,-6.926220893859863
-14.3103126367969,-8.851531982421875
0.7860328468455551,-1.4676614999771118
-48.3858044800915,-18.836036682128906
-3.21662088766757,-9.859855651855469
1.675245639565673,-3.8457255363464355
-90.3299705619704,-29.271211624145508
-9.28527551691871,0.32164478302001953
-1.2293411329062325,1.5370368957519531
-4.534682244798708,-19.431642532348633
-68.1959205924323,-27.166906356811523
-24.5242345195019,-17.570642471313477
-2.77042962989298,3.443636894226074
3.8009101564042025,0.381547212600708
8.933703319425492,5.501943588256836
-11.341527235964405,1.4211864471435547
6.71098989067457,10.154760360717773
4.54734483862441,-1.0388011932373047
-5.16341129781556,-13.186360359191895
-49.062306315025,-21.60878562927246
5.26551760771767,3.7373762130737305
3.33951124606136,-15.309898376464844
5.006519903780723,-1.0449292659759521
4.05485944970297,2.8845720291137695
2.283405953189745,-8.120182037353516
-2.66483863280114,-1.4654481410980225
12.566471603210276,5.498373031616211
-27.9020155354992,-10.69962215423584
8.88265541550952,4.50823974609375
0.1652887870268324,0.6198562383651733
15.4985727759109,5.237541198730469
9.014890317831036,1.60894775390625
1.4803529144374856,5.599879264831543
18.1939100849816,3.6900863647460938
-2.6304973605131474,-2.8329124450683594
-5.493763326806099,-1.7267990112304688
-0.6715208179901364,-0.14300966262817383
-36.7383193130824,-15.348626136779785
5.062784719364307,4.897676467895508
-12.026803679110706,-15.410947799682617
-3.01321716593974,6.901875972747803
8.35813394800668,6.138620376586914
-3.60075442831331,-4.0007171630859375
-9.509135784465323,1.492480754852295
-19.6175855102284,-7.841835975646973
-27.8629509568953,-10.698651313781738
1.74273211890989,3.184576988220215
-2.19578977406709,-1.265892505645752
2.42002639701588,4.784330368041992
-25.55316918036869,-10.356729507446289
5.635020609606415,-1.0182623863220215
-34.727836669101,-10.328899383544922
4.4516036428765,1.39508056640625
4.967381413305823,1.4681119918823242
-6.81516141534704,-1.4005460739135742
-24.3954295810688,-5.962250709533691
8.658679095048068,3.8373236656188965
3.7347243087796,-1.6772089004516602
-12.909633143366396,-10.672252655029297
-60.49569009623433,-25.566617965698242
-3.790702882666694,-2.8956499099731445
-12.41068356063,-6.850821495056152
2.76740193393285,6.705532073974609
-18.9061714872788,-4.167274475097656
-3.681083449701528,-26.50755500793457
8.13893448615947,6.686941623687744
-51.402683514636095,-25.395448684692383
-3.0703466753296,-5.602348327636719
0.4646043967887734,4.461087703704834
5.989492839405608,-9.319694519042969
8.833837192566008,4.692213535308838
-26.1965705632023,-0.7651205062866211
0.0804428699766095,-4.284499645233154
10.229168329440906,2.7811803817749023
2.12042655289975,-2.1967334747314453
3.88810032819938,-3.762359380722046
-31.515616413872173,-17.09149932861328
2.28163515100639,-6.2105712890625
-9.633163292669298,-15.43269157409668
2.63206586722876,-0.4499988555908203
0.3189015990893598,-8.251165390014648
-6.31868596379813,-0.5826292037963867
-6.4648984000359935,-14.625711441040039
8.91646092056966,3.8399291038513184
-42.637521131086125,-18.013469696044922
-89.5439156156453,-29.130321502685547
9.179556151687803,2.652085304260254
8.754663680824095,0.041337013244628906
0.8838679103249854,-1.816988229751587
4.338369925074482,-3.413170099258423
-18.23432595343749,-24.635517120361328
6.92534745147092,-1.5029563903808594
-1.768261666543676,0.034857988357543945
-7.87226820943855,2.1233158111572266
-12.0847368637308,-9.216036796569824
-4.4222229386498375,3.1749420166015625
6.63109301847755,9.085850715637207
1.675381804264854,0.8622403144836426
-6.897600670415837,-2.5137205123901367
-12.2774867069717,-14.340803146362305
-3.963646539183849,5.645763397216797
-2.552277046947741,0.8474569320678711
-10.78700495517378,-1.1038377285003662
-6.426376983867103,-2.1288890838623047
8.2142562177934,3.2265892028808594
-16.967828162594074,-1.0158085823059082
6.07843040491799,-2.779499053955078
3.08443697315444,0.20488262176513672
-1.3811964732242277,-6.111320495605469
-4.51305804704249,-20.60645294189453
-9.93375477053989,3.046752452850342
-0.6581754288220045,-2.9808359146118164
-7.952166005584182,-13.243278503417969
-13.563015982384195,-11.528219223022461
-47.9957157156951,-26.12670135498047
4.96190002222477,5.886215686798096
-2.0240269290899,-4.358163833618164
3.47166270740147,-1.9085965156555176
-5.2815921348029296,0.40053319931030273
2.369358494612781,3.222198486328125
-4.214346026907057,-16.732608795166016
-23.8934551543691,-32.121986389160156
-1.0659561461183158,-7.70793342590332
3.126169348435272,-12.879465103149414
2.35164464781062,0.06646060943603516
-1.79502295092813,-2.909605026245117
-15.957982665262508,-16.926942825317383
-64.65676531723692,-41.424110412597656
-27.8195558011628,-24.619976043701172
-10.480511156242285,-19.588655471801758
-6.18357684414468,-6.158191680908203
-6.75960002722117,-3.7322912216186523
4.4105627388370605,-1.6850671768188477
5.58846482112586,-4.959680557250977
-16.8483709423333,-4.7211809158325195
16.1850033157246,3.038404941558838
-3.34531377329845,-3.4094390869140625
5.893700156574014,-1.4450416564941406
2.745769909533195,2.288928985595703
2.53362859007723,1.0895209312438965
1.0880788430276551,3.7692527770996094
