Score,Pred Score
-13.812973987503693,4.751379013061523
-14.6311710829416,-18.18427085876465
-15.020937907067507,-4.289032936096191
5.61896917638109,4.06207275390625
0.1461877509898399,-0.15849971771240234
3.59745169898486,10.128683090209961
-6.72144892291601,-0.5328516960144043
4.304204520484877,6.193668365478516
3.37898618824583,12.111356735229492
3.939818822274421,3.7332258224487305
13.9953943577381,7.881014823913574
-5.39913759737588,3.6723461151123047
-2.204579993178592,7.562446594238281
8.829561804598438,11.152484893798828
6.01696699102072,10.778072357177734
-6.376202369524528,3.9358654022216797
-6.50906463316165,-2.082132339477539
-60.92137282626391,-23.244516372680664
1.99934019108803,6.047748565673828
2.188685633501576,9.691851615905762
4.07090957771029,4.080883502960205
0.5211206139658471,2.7730207443237305
12.5580583918003,10.143728256225586
3.320229681965675,-5.749734878540039
-0.4381862293696001,-0.2972545623779297
0.1752112379752922,1.720907211303711
4.123908949931413,-0.3017921447753906
-14.2382866820043,11.0248441696167
12.966325580978296,9.792694091796875
7.692941411907634,-6.514349937438965
-62.9031214125763,-30.56829071044922
-5.800670766453999,-1.923069953918457
-11.705366535732304,-4.712221145629883
-4.786538605318405,-6.252841949462891
-82.4887013651952,-25.840173721313477
-8.251107402184557,4.206502914428711
1.61677665352485,-4.986242294311523
-11.916211326129387,-16.352886199951172
-45.634880019414,-26.74933433532715
-0.568998602339841,3.689737319946289
-12.147399114840605,-7.677084922790527
-27.4476544011683,-20.53046226501465
-2.306526469902426,0.910773754119873
-0.4835459876036119,7.179532051086426
-8.39479061793487,-6.031071662902832
-46.862925671502296,-17.96601104736328
0.3837795244341289,10.924647331237793
7.184930267876617,2.538205146789551
2.8348518495029404,-2.69467830657959
-9.859535687586003,2.744643211364746
-6.00025755794808,0.9219231605529785
-4.764629840066975,0.1312417984008789
-2.377061578670744,5.980619430541992
-2.0585753436264698,2.2999372482299805
1.1848602197973823,-0.7292604446411133
4.97603191479674,0.4276123046875
4.27399441028646,-0.46694469451904297
-46.2372447228831,-27.972702026367188
-31.4759298257721,-17.67171859741211
-50.1674018945849,-27.683500289916992
0.9601515747159592,3.0619325637817383
-11.864177458483407,-1.9682512283325195
-0.538262620928304,-9.613121032714844
-0.6920482116816997,-3.638827323913574
-1.5184696160120892,-2.053093910217285
-3.0836644409391925,-6.404138565063477
11.316750179392892,-0.12614059448242188
-11.183106529127476,-2.6393537521362305
3.59102041590596,3.5131492614746094
4.55602013063716,1.2697553634643555
11.579228393987275,4.320624351501465
2.3067635611900137,-10.485032081604004
10.480393919522983,6.908470153808594
-2.698100773809443,-10.007856369018555
3.776985072333982,-21.569488525390625
-11.773766374328297,-7.388741493225098
8.681027307740193,-7.007918357849121
-1.1091988250418725,-5.189877510070801
4.484288991501213,-1.863896369934082
0.0548896546292299,-2.759373664855957
0.1118559290339978,-5.847255706787109
3.9797293996962297,3.678750991821289
-22.42608065327665,-34.625732421875
7.37064384347005,-8.561030387878418
-0.2642143205483515,-14.370455741882324
5.344594984386832,-1.165909767150879
-1.2497809936708242,-13.224618911743164
13.71198107208239,-7.269947052001953
0.5045482395984724,-8.2855224609375
2.86709961553106,-3.3027143478393555
0.4423212163888063,1.2669754028320312
-3.724573545179619,0.6547298431396484
0.2570808252882703,-5.272361755371094
-70.65073406723695,-29.518665313720703
-33.9587360563784,-19.10869598388672
9.2088386022025,3.6812334060668945
1.3318185914773402,-0.7952690124511719
-9.176001953270983,-11.357993125915527
-10.497767159210698,-14.587606430053711
-0.4402086584014632,-11.206076622009277
2.1560784090827942,-6.082895755767822
-27.1636490162131,-1.9595155715942383
-0.670930828719279,-19.135026931762695
-22.794043146736,-27.534242630004883
0.8105828534072201,-3.2494468688964844
1.2287673509824204,-2.2852678298950195
-0.6435038581465955,-5.589438438415527
8.474782023793379,5.723156929016113
-9.601847091024196,-2.4998321533203125
-1.6610011043127195,-3.6232171058654785
-0.1091636509260827,2.1967172622680664
7.570838092245207,-0.028145790100097656
-7.211196994815285,-35.43136215209961
9.090654061652296,-3.8812198638916016
-26.6651088566214,-5.658958435058594
-17.309192174305,0.20670127868652344
4.14054171285972,-3.663442611694336
4.097668935846943,0.7777881622314453
-0.29408409265346,-3.7723445892333984
-35.8165916579592,-31.80765151977539
10.898098675545494,-4.746885299682617
-1.6552655274048038,-1.5255508422851562
1.6729502580778592,-11.708494186401367
-6.42491227706334,-12.98985481262207
-15.4752611754195,-14.671302795410156
-0.6907348474047925,-2.4115123748779297
-21.3629045873375,-12.052719116210938
4.219145585451182,-9.879615783691406
-3.019531285218114,-2.8759279251098633
4.25311060075082,2.1080455780029297
-15.0412339008878,6.2907609939575195
-8.237627320974727,-25.010377883911133
-1.0683487237199796,-3.2310237884521484
-1.7174251595272625,-6.772668838500977
4.069163600073605,-0.8537464141845703
-10.162041561092582,-24.9158992767334
-5.97248436581227,0.838134765625
6.120538767403939,6.922118186950684
-0.8028238008287005,-12.677813529968262
-23.6042929930625,-24.560110092163086
-0.1777753404752198,3.7653884887695312
-5.785469568057495,-25.77359962463379
-0.0556983764780604,-0.08148193359375
-25.4508968849616,-0.007938385009765625
-5.3185412482723295,1.7037572860717773
9.1356503291117,9.978818893432617
4.020569536845237,8.817239761352539
-58.5527340809363,0.41997528076171875
-6.291328737399075,4.412569046020508
4.187869588752649,-2.7107696533203125
8.922207576391518,2.279372215270996
22.7414116448382,9.574617385864258
-44.6057608529879,-21.963638305664062
-26.5129077898497,-7.187333106994629
-2.13735826282737,1.5986976623535156
-1.14890133483728,7.359244346618652
-15.2234416939723,3.6462697982788086
0.369316059642221,1.0053653717041016
-0.6884117876070912,-6.38934326171875
-5.8772631055401,1.241434097290039
3.6053774296538297,0.7709636688232422
5.07108724357905,6.648566246032715
1.292753014965791,7.229992866516113
8.440986836263871,-7.68544864654541
-3.43040335892423,-2.336535930633545
0.7651079053562314,-0.0723724365234375
-37.13962469223695,-22.967573165893555
-5.822632503482525,6.956724166870117
-6.879472048396067,-3.6210947036743164
2.11024229353816,-0.6605038642883301
-7.1526743450051855,-5.116056442260742
-1.122073026503361,-4.235152244567871
0.3302260274555297,2.1862545013427734
-1.178255647098801,12.282419204711914
-2.99361591491145,2.764913558959961
-18.1070051290659,-11.784525871276855
-3.0332808194811403,9.350305557250977
2.6303171850506604,-0.7397236824035645
-9.72499716390718,-1.0823698043823242
0.2729453578388601,0.3525848388671875
-21.4503408223732,-7.0724663734436035
-4.99755531471552,-1.33770751953125
-18.0018409950579,-21.381731033325195
4.00031385473591,2.9309725761413574
12.0378145652987,9.80689811706543
14.1235470599023,-4.6179399490356445
6.55729051148795,4.567241668701172
11.19992297656359,7.881376266479492
-7.81388191369781,-3.178577423095703
-2.924593214648255,-1.6165595054626465
3.7667366885646025,-5.515775680541992
-6.68253431604433,-3.0516281127929688
0.7345204104922589,3.893726348876953
-10.626155896203898,1.5960426330566406
8.106852576346123,0.04925537109375
-58.24412469223692,-32.83354949951172
1.4955767028094,-4.207892417907715
-17.6906096863185,-29.47274398803711
-4.813871520282443,3.638561248779297
-11.8973420493851,-5.379941940307617
-2.67676896274171,-5.526679992675781
-3.9331393974605526,-2.1306333541870117
8.756217929094177,7.619178771972656
-29.2662792150344,-5.359431266784668
1.7249239205326918,4.751864910125732
-6.686975812883663,-21.91368865966797
11.10272802991041,5.454680442810059
-10.956818171714705,-11.40356159210205
-6.3500959185649,-16.178783416748047
0.6681105368389735,1.6296930313110352
-12.500029270357295,-16.405075073242188
-2.591242863373206,-8.281384468078613
5.954690473588823,10.071889877319336
-43.929359067237,-28.18195343017578
-17.4841411730512,-10.543896675109863
3.61441892535489,3.473337173461914
2.1112971208509976,-7.867073059082031
-41.8026500314277,-33.09357452392578
7.028135642932115,3.5598888397216797
8.463248256721428,-0.08541488647460938
-13.037072413777096,-15.944337844848633
-1.6307504375632549,-1.4396705627441406
-0.3284521577656807,-0.4807567596435547
0.4685622181175212,-1.7796764373779297
-5.316952415477393,5.114505767822266
4.584421564331302,-13.953996658325195
-20.3593816575191,-17.598512649536133
3.67041582610247,-5.172054290771484
2.204062447972561,1.813481330871582
-4.666937653128132,-9.663274765014648
-12.3781694316975,-7.110114097595215
7.06923762363823,-0.9841346740722656
-37.2883298194418,-21.296836853027344
6.442434166934048,1.7032089233398438
-12.2162083245621,-11.175688743591309
-20.3623076046531,-4.7664031982421875
-5.45440876641342,-7.15621280670166
3.1416241584890576,-8.123550415039062
-4.96580172718434,-7.309464454650879
-37.4061766871973,-21.677061080932617
6.46185690649625,-4.584403991699219
0.5403453062071405,-6.612271308898926
8.656689402528613,5.063140869140625
12.331931266595111,3.922999858856201
2.75380173901167,-2.091785430908203
-2.8447496930443927,0.11919689178466797
0.0285872237409883,-5.888440132141113
-73.5286754265322,-4.891253471374512
7.285509446842615,-2.6029701232910156
6.72046542688671,1.1407470703125
-6.19730890695259,-6.551837921142578
-16.4599719883519,-12.386275291442871
-10.288292260688207,-4.893553733825684
-10.285920522724917,-1.983048439025879
-30.8171784242839,-0.34416675567626953
-4.65691689928222,-10.91047191619873
-37.1716279374795,-19.94516372680664
-36.50577458359941,-8.801870346069336
0.7942566624333496,-11.064071655273438
-34.8552692363716,-10.653364181518555
-2.491707941339629,-14.666496276855469
1.7387039934851498,-0.32671356201171875
18.9715733525152,-1.2657585144042969
-13.8996269060666,0.4713592529296875
4.17561229224804,-5.431305885314941
4.7680640763497,-19.646100997924805
-6.745372906074374,-2.608297348022461
7.262818938793504,-7.32182502746582
-55.7541546140486,-31.389497756958008
8.453421074249384,3.256196975708008
-5.85807143580148,-1.6037349700927734
-52.7336020518746,-36.433406829833984
-1.995826789875676,-7.478147506713867
-1.3326443092463092,-37.030128479003906
5.029017096161708,-2.4263267517089844
-0.71117494174041,-5.007808685302734
8.243548509216069,9.350727081298828
5.81602235619721,-5.1312360763549805
5.978124919049687,-16.417556762695312
-2.8859593337581737,-6.1731061935424805
-26.0047332498617,-34.18231964111328
-1.5220929784942658,-17.908002853393555
-3.195242757261453,-0.0879201889038086
-15.0089303719363,-20.674907684326172
-1.757118944268968,-37.21907043457031
-13.5091075877696,-11.295594215393066
-4.0681667574955,-6.203519344329834
4.43276114617859,-9.768630981445312
-4.665207913971671,-7.106865882873535
7.33919324558513,-6.609563827514648
-11.69780882660921,-17.11211395263672
5.960801203295765,-12.057832717895508
-29.9162730471743,-22.774717330932617
-5.331847529263395,-12.723715782165527
4.2006804390709,11.747413635253906
4.76541245752904,-1.165334701538086
5.87221574658101,-3.629119873046875
-12.955988512618,-34.185150146484375
-14.4061745570978,-17.190654754638672
13.644333664082708,0.9458274841308594
7.522446474796843,-19.21453094482422
2.858782897786812,-6.133455276489258
-49.8653288018085,-39.41566467285156
-4.029904705212941,-6.168874740600586
-6.2026319104393295,-22.387569427490234
4.452168509343501,-3.5399904251098633
-16.475900892606802,-5.981616973876953
-11.03094492075089,-28.45156478881836
-8.08045020128908,-11.601384162902832
1.39259946716825,-2.934596061706543
-14.885807229381896,-5.547996520996094
-11.113180908425988,-14.31069564819336
5.506094216928792,-3.531979560852051
5.29091659278858,-11.47688102722168
3.42106467876526,8.869956970214844
5.162821279449693,2.9308853149414062
6.020551076354931,-11.186856269836426
0.8086942897832163,0.19131851196289062
-8.80546181278599,-15.296266555786133
-7.42349600405968,-18.229103088378906
-14.4731176558811,-6.993194580078125
-35.5448186771701,-4.25285530090332
-1.657597602265355,-4.410161972045898
-1.930224441335125,-13.12735366821289
-10.398648228661925,-5.642494201660156
-1.6521884315998507,-5.598404884338379
1.3131129859732091,3.6893529891967773
-0.1240821746904601,-8.513535499572754
-35.1709788883515,-10.696110725402832
0.6771989561182002,-1.9785118103027344
-5.8677981963370005,-0.30925559997558594
0.7982616963508231,-4.921477317810059
2.595279020812243,-4.05006217956543
6.9472187772133225,-2.972501754760742
-41.1395198834054,-13.41958236694336
-35.4604736838065,-14.964851379394531
7.87379173269718,2.297513961791992
-8.72128086410909,-22.087421417236328
-82.13826531723697,-2.6397476196289062
-9.70693692529289,-13.684626579284668
-61.4386715672369,-30.722322463989258
7.10938257895085,2.982257843017578
0.4007388327427847,-0.2736835479736328
-0.7455370396145937,-2.4508609771728516
1.674966057420845,-7.695882797241211
11.877856996640997,-5.495125770568848
-0.9096556467231308,-8.490516662597656
-1.4680391508473674,-5.676619529724121
15.6414782015599,-7.091075897216797
-10.35739215730591,-5.070943832397461
1.926107182225645,-6.150785446166992
6.99756701325662,3.333189010620117
3.54836143321337,-3.099210739135742
-7.726553411266567,-1.9279561042785645
-48.51478094223695,-30.544692993164062
-3.0453156276270903,-3.6937179565429688
-3.454798154796729,1.6967582702636719
9.503977484174175,5.332089424133301
6.001532732018722,7.050849914550781
1.775572054007981,0.18308067321777344
-2.6871577689602653,0.8838863372802734
-7.920344649869953,-21.652799606323242
2.578081311550471,4.350955486297607
-14.434457477598505,-1.2135066986083984
-1.338045882914232,0.30915355682373047
-44.1817825469333,-25.052757263183594
2.4314234692194163,-11.429183006286621
-2.35314836228574,-1.5467824935913086
-2.07036107592124,-2.173336982727051
-6.560167066336443,-10.968704223632812
-2.54688332955635,3.92037296295166
-7.940842049461227,-4.8815460205078125
-7.789052707582185,-8.258861541748047
-1.4295761119406232,-1.527944564819336
7.206977941743588,0.8678503036499023
-4.081394009803599,1.0074944496154785
-30.167243616457,-17.468250274658203
11.7225687296843,7.741313934326172
-0.8984319813221007,-2.9298782348632812
10.349523074958825,-0.4806528091430664
5.42147270471237,4.3653411865234375
-0.3136273830120112,2.383882522583008
4.398848813602776,1.036513328552246
2.099307195887115,6.486728668212891
-61.6890402284636,-34.43739318847656
-7.08434802004719,-6.214256286621094
0.6962467393230812,-15.512116432189941
9.0758909366509,-5.397553443908691
-1.9263965715605047,-6.6267595291137695
-6.262949496708321,-11.155741691589355
-4.739766082030863,-5.900551795959473
-36.8822022827233,-28.195175170898438
3.24770439300306,-15.199445724487305
-2.289513933263135,-12.963172912597656
1.41805545618482,0.28864097595214844
-24.4432878855492,-5.554296493530273
-24.96156751119129,-30.360843658447266
-7.734574598544068,-16.35234260559082
2.79124989437018,-5.575775146484375
-5.17831154550348,-15.527151107788086
1.5275640312561216,-0.7814445495605469
3.682989905065457,1.775923728942871
-10.8237586662752,-33.345428466796875
-6.929951553081727,-11.451814651489258
-27.96215708599589,-18.324081420898438
-2.88087637063392,-11.395294189453125
-5.960419628776203,-10.29197883605957
-37.189874708633695,-27.332645416259766
1.1496085756031087,-11.242441177368164
-12.7137936794919,-17.43250846862793
8.398744223780918,-13.945167541503906
-33.3004252633332,-42.10612487792969
9.144089281431205,-4.824872970581055
4.065326821312747,-5.34001350402832
-41.9047429025821,-22.778614044189453
7.383552345763623,-3.739386558532715
6.364261125349779,-9.430235862731934
4.841793570156368,-4.701611518859863
1.6198341998494314,-6.737317085266113
4.179707781567577,15.401329040527344
-14.7229944429405,12.635612487792969
7.078924552126015,-6.665433883666992
-12.898019313824,-33.65325164794922
-70.8116033690518,-12.435867309570312
12.7359625054994,2.087797164916992
5.586124430090477,0.3646373748779297
3.028467183462371,4.8143157958984375
-5.830142578087577,-9.531370162963867
-22.6841489367301,-19.33633804321289
-1.51657819068512,-1.3609943389892578
-81.52648016021857,-13.076515197753906
-3.36903782007548,-8.810516357421875
-18.707844022,-17.48140525817871
-34.48768519828235,-32.940284729003906
-39.7169735486916,-10.15544605255127
-1.593720937577549,-12.14696979522705
-23.2954444871652,-8.749290466308594
-45.30258920076982,-19.762897491455078
12.5056328567953,-2.8831424713134766
-11.9299972333177,-0.46912384033203125
-37.9495035857927,-4.588198661804199
0.7001962140772594,-1.9045677185058594
4.49418879319923,-8.472614288330078
-39.0646563811545,-34.363216400146484
-9.09730633851708,-10.496814727783203
-17.5589533745204,-22.237518310546875
-4.92782811871599,1.2621698379516602
-8.2299173561342,-23.298898696899414
2.60625970962018,-4.064311981201172
2.726862934921635,-1.1416120529174805
4.071661498679735,-15.153672218322754
-13.2494383747796,-5.15944766998291
-11.9154244975033,-1.0867767333984375
0.9090871567987184,-19.43146514892578
7.92708077877978,3.051586151123047
-3.119647295186995,-10.925548553466797
-2.248378586620203,-9.608393669128418
1.6646916021852596,-1.4300909042358398
0.1590569364430157,-0.3154487609863281
-77.3623903172369,-42.39288330078125
15.8859560938761,6.573982238769531
-3.11888044241469,-4.974490165710449
-2.7468186065138984,-4.126922607421875
2.77922195660905,-4.61870002746582
4.052279150357491,-15.974579811096191
-4.03806373695381,-9.025418281555176
-2.4461467814868523,-37.23196029663086
-0.1639564470097907,-4.511995315551758
0.8542168432631491,-27.63698959350586
5.84905996845087,-3.9551467895507812
-5.77665564868809,-3.518503189086914
-3.7008288999313423,-11.672425270080566
-7.18713065449027,-14.83594799041748
-0.9529303605806088,2.533824920654297
-15.902118442879,-13.643250465393066
-28.0636361890057,-10.025202751159668
-26.912205886836706,-34.19140625
8.596988309863011,3.509678840637207
0.2877587512502297,-2.6664724349975586
3.3899996482015826,-2.561349868774414
-20.5869014386951,-14.145875930786133
-9.341800010912078,-13.872350692749023
0.1692077246922899,2.727156639099121
-1.857666460494741,-3.6833457946777344
-13.2752747780792,-29.60785675048828
0.7445982178878973,-11.260608673095703
4.49646859469848,-5.9602508544921875
3.60913262992784,-4.922191619873047
-5.653435188749545,-4.0994462966918945
1.51502173443586,0.37883567810058594
8.143116180793372,4.713263511657715
-8.36164856265281,-31.72671890258789
-1.130678948105339,-1.0223960876464844
-4.349210006555943,0.47255802154541016
0.2594141505344826,-13.234521865844727
-32.1283374054069,-22.61037254333496
-1.9051378030600723,-2.136442184448242
4.768047800449637,-12.064607620239258
2.264898495983479,-11.92361831665039
-6.47138721063866,-3.9091100692749023
4.93167956005568,-9.318222999572754
2.4851768276660025,0.43320751190185547
-3.930469946192945,-8.20091438293457
11.923948375295712,4.577243804931641
11.616605850275496,0.7980642318725586
10.41580460128629,-10.753687858581543
-8.700462669667385,-14.462088584899902
13.1991243046288,-0.07024288177490234
-4.75101729862813,5.081674575805664
-1.4230966237807086,-9.24510383605957
-2.07861348348741,-4.4722795486450195
10.292368565007404,-2.2613143920898438
1.9007667723773176,-2.6396236419677734
17.1612744381531,8.158830642700195
-0.1428452494230792,6.516789436340332
2.4933992323843923,0.4221506118774414
-13.861300672159,-0.7599363327026367
-1.7943154401891548,0.37694263458251953
-4.15624175439773,-3.579747200012207
-14.277645616907492,-2.96750545501709
2.713132201978397,-14.360297203063965
-13.315456279797685,-19.813270568847656
-5.36204355968609,5.2576494216918945
-1.4872271509121793,-4.167207717895508
0.31232235517322,5.531757831573486
3.0307168501552093,-1.1633052825927734
3.4484762474106,8.387229919433594
-34.0729170807354,-20.539169311523438
-25.0659802428987,1.9754552841186523
0.86771933446589,-5.791533470153809
-11.996919710325,-4.14483642578125
17.2594267615487,8.046852111816406
-56.2560888739038,-24.090375900268555
-12.7386491421071,-8.56893253326416
-3.520787796436005,-7.758185386657715
-0.8014467498558491,-12.969021797180176
-34.7812340468876,-9.327960014343262
7.158235365631607,-10.869854927062988
3.29681579894721,5.638921737670898
0.046018285265003,-19.788097381591797
2.046344769010002,-3.984982490539551
4.25403099118957,-1.4357051849365234
3.7804230286959792,-11.286404609680176
-3.773219093074008,-0.5541000366210938
-9.722403045722997,3.071465492248535
2.81101468536903,-0.4319934844970703
-23.7494411406013,-13.946978569030762
-75.56229656723696,-42.17251968383789
4.366245372711767,7.597670555114746
9.94612085382829,19.117618560791016
-8.207132148775708,-20.372005462646484
-3.09775596823669,-0.22148990631103516
3.77256113899207,-0.5527715682983398
0.2016574678685985,2.443915367126465
4.38808277416547,-2.3996095657348633
3.7092867134231,2.5775909423828125
1.6740112862957208,3.633072853088379
-5.472376660417956,-0.912013053894043
12.283123760680592,6.710237503051758
4.417989059347175,3.8093032836914062
1.907333647224608,-0.797551155090332
-3.73521146317182,-8.982550621032715
7.837521570550837,7.023038864135742
4.82455755953161,-8.90074634552002
-0.6472060937938101,3.0499448776245117
-8.237956686764985,-15.708369255065918
7.36579899286375,-10.936583518981934
7.859716520666763,-2.465646743774414
2.765011277030255,1.9570684432983398
4.62415639298937,5.800083160400391
6.430237727930085,-1.8339557647705078
2.44728958086436,-6.0776262283325195
-1.93656353174353,8.091568946838379
-33.7845903951132,-22.030906677246094
10.960301672714698,8.262418746948242
6.147225205740463,-3.467967987060547
2.4659746492236927,7.874331951141357
18.2642273209106,6.322747230529785
7.656482330373112,-4.552001953125
-63.2346715672369,-35.29521942138672
-22.9610154952969,-20.497556686401367
4.39789099231211,5.350529670715332
-46.587141393021525,-17.775957107543945
-12.281506448986304,5.1916704177856445
5.220668557811489,2.2522497177124023
-1.4412632820262703,-3.724597930908203
-35.163016426576704,-15.42146110534668
-31.380009974583203,-9.551243782043457
-40.7258600860177,2.577216148376465
-35.3994683825842,-8.968090057373047
-10.968565079401992,-5.483792304992676
15.384553292915324,-30.756601333618164
-0.4271227388875901,-14.405685424804688
-7.69948364751984,1.1490707397460938
-26.6822467124322,-17.182100296020508
-0.2823200449385875,-8.230804443359375
-3.8453528225106623,-5.108346939086914
-2.4599041427842496,10.326398849487305
-12.7315114055493,-6.964698791503906
1.418014053180695,-10.760655403137207
-3.4922781726655696,-4.320937156677246
9.58062385928767,1.2413673400878906
-17.5801214502402,-25.161415100097656
-49.5120706514507,-29.451749801635742
-0.4503474699443348,4.664786338806152
2.332279780348585,-1.7969083786010742
-42.2483635713802,-15.927803039550781
-5.00028834575103,-5.623369216918945
-5.14141487663266,-18.314096450805664
-19.923371510770203,0.7497730255126953
4.28301459624688,3.13961124420166
0.3224388648416145,-9.81324291229248
6.795393661635613,-1.4852442741394043
6.720388221210122,2.8435630798339844
-20.7558388881914,-3.9229536056518555
-12.5922662394529,-12.167923927307129
-5.19085420781142,2.733973503112793
-27.3858072066324,-11.316402435302734
6.488490212037078,6.615896224975586
-12.5233171201947,-4.083657264709473
0.996650643215182,-4.158461570739746
3.27144637329635,0.9761285781860352
1.203208947199059,-1.9080486297607422
4.5031585012656095,1.9269628524780273
-46.6686841099013,-38.94001388549805
3.600655729290548,0.48082733154296875
-2.7077151362496297,-12.387269020080566
-42.936846127142296,-28.589197158813477
2.679404112105611,8.194427490234375
-23.975827854410426,-20.635082244873047
-24.4869919201538,-27.17413330078125
-6.22433036882608,1.8677940368652344
-24.992167376126925,-6.758890151977539
-9.742168339465294,-5.5962371826171875
0.1235817830644999,1.6212477684020996
-11.607028837624,-3.5383548736572266
5.321680837772678,1.3196907043457031
3.3452637215970498,-1.6406049728393555
13.015759276594096,1.0409011840820312
-6.13466459150186,-2.524820327758789
3.0897024917955025,-9.06572151184082
3.557691046156,3.8402462005615234
2.0008593011464906,-6.508270263671875
-1.2671721747064446,-19.56124496459961
-2.989164004622407,-15.51032829284668
-2.43808381047612,-7.4095306396484375
-11.30813578108209,-8.847759246826172
-9.619042312244815,-23.998498916625977
-4.01456885639382,-6.873720169067383
-4.853312003098937,-22.914642333984375
2.78743688363977,-5.73806095123291
3.6035536346157695,-7.408623695373535
6.09033976794457,4.039729118347168
-5.89266438028177,-1.2758636474609375
4.780848076735348,-8.235450744628906
-20.7592210135025,-18.92174530029297
-3.637071869773312,-11.928915977478027
-4.396710286499547,-0.3345012664794922
9.04709717330502,-23.32497215270996
1.69213972357191,0.3498411178588867
-27.068723822751306,-12.920414924621582
0.2886204877907422,-3.123455047607422
-0.592182005541919,-29.747655868530273
-4.736229867816737,0.28923797607421875
7.877641553655238,2.212599754333496
-2.588665914009158,-0.48892974853515625
4.72846919446815,-14.150156021118164
3.42669038506664,-1.1323347091674805
-10.274169876330886,-7.053194046020508
-1.289264920121349,-13.675829887390137
-6.9648772325347394,-7.866299629211426
-1.2236747050651609,-1.1871147155761719
-12.208208404490907,-31.268550872802734
4.40921359309415,-0.28122711181640625
16.4171583068458,4.900241851806641
-15.991582533821994,0.632563591003418
7.809600001042748,-2.942615509033203
-3.0331069492891496,-10.024818420410156
2.603164662477901,-6.764359474182129
-24.2572199033326,-13.830572128295898
13.667582002208905,-4.964282989501953
8.19307228691883,-12.503138542175293
0.4664503305112299,-1.3318977355957031
-6.46133524603972,-14.52517318725586
-19.7520332208299,-9.536291122436523
-7.75971004909346,-5.48599910736084
7.66334596528203,-7.183542251586914
-27.64770126959135,-14.167158126831055
2.125547882163602,5.900812149047852
-1.8239337240231768,-3.408113479614258
3.3696784995100426,-7.063342094421387
5.265272900492549,-6.419787406921387
6.753311816554961,-9.526679039001465
0.9434331950199416,-7.714498519897461
2.13745295521649,-2.4139347076416016
2.76912169862866,-13.041858673095703
2.409764321136161,-7.040767669677734
3.7606671418030695,-6.156857490539551
0.555665600488549,-4.3579301834106445
-89.04756219223692,-35.04399871826172
6.987950206462267,3.1339588165283203
-10.09410467002709,-37.09872055053711
8.16191414696451,1.8017539978027344
-10.731303688850904,-13.714275360107422
7.588764503474316,8.265701293945312
-5.25293160621848,-6.775181770324707
2.3065604778561424,7.964752197265625
-3.8022266666193874,-10.928613662719727
3.22816419080692,-2.1023359298706055
1.1941842843275,8.574417114257812
9.772192422094813,-23.012046813964844
-2.489313079893845,2.8590927124023438
-13.547300817594484,-19.41010284423828
-1.5403494549472296,-3.431319236755371
-5.139364658294922,0.16707420349121094
-1.32131943338233,-0.77056884765625
-0.5284321769112605,3.1945104598999023
0.1119561526876595,5.9095458984375
14.8508222506114,10.07498550415039
-0.0918051514147744,8.408110618591309
-1.7237618714553775,2.2972564697265625
-1.5699354762224491,-0.7564601898193359
1.5718362711845366,-1.9299697875976562
3.58036180553514,2.2071914672851562
7.45084701577923,-5.605106830596924
-7.378812419643663,2.5646209716796875
-33.1832620874725,-10.290634155273438
-6.066411004621831,6.3277692794799805
-16.4910721624856,-25.783964157104492
0.8267526169764301,2.7947092056274414
-9.762453719841735,-22.892271041870117
8.07102955700163,9.346023559570312
1.741670982094262,3.0675697326660156
-0.0053525606393112,-1.8601341247558594
-51.4043293278057,-18.692493438720703
14.9415296965116,-1.2176589965820312
8.70853787657841,-3.249910354614258
-2.149900469098629,-2.798891067504883
14.8229623836697,8.810970306396484
-0.0379657812584102,13.495553970336914
-15.3173389528898,1.9616479873657227
-1.7663441991754285,1.7154827117919922
-6.708306328674888,5.914515495300293
-78.7451798053926,-21.781112670898438
-0.5413656534735456,-1.3991985321044922
9.625121597198186,-1.0953292846679688
-3.15562863494722,1.1481003761291504
9.60447820177431,0.11236763000488281
-3.31847606547329,-1.406820297241211
-4.12581810820042,1.638235092163086
1.7706121017107803,9.31289291381836
0.5117341060036625,7.676060199737549
2.63157412115867,2.8645334243774414
-4.763634360062484,-12.909391403198242
-11.18181257464061,7.651314735412598
-39.4932668903457,-11.736518859863281
9.206200380526292,7.537929534912109
-2.93911844531118,5.643957138061523
-28.13472322157985,-4.70142936706543
9.62907409316032,-4.68031120300293
-7.042636248773623,-2.7623672485351562
-4.03025121975644,1.0167474746704102
3.42951329804928,8.992608070373535
2.5565427438131976,3.5820016860961914
2.8513084033656,-0.6109275817871094
-5.5623675139736175,-3.2276840209960938
16.9968892380515,9.358176231384277
-4.144685584269085,5.648532867431641
-11.221818720505304,-5.141878128051758
-2.111656589218961,-9.12852668762207
-1.626797120535592,-2.1268749237060547
0.7652624054000594,-0.9647645950317383
-21.5531296050118,-30.921600341796875
-13.053772031257305,-11.183371543884277
5.42509465390903,0.86492919921875
-5.5186956836840375,-11.105375289916992
-2.260381023139061,4.154640197753906
-30.3377383335249,-24.431245803833008
7.380729755239978,0.20296478271484375
-4.172986764275874,-6.853410720825195
-1.2036514942358316,-7.677009582519531
-35.2906329121599,-22.026628494262695
-2.54595208771381,-14.851469039916992
-10.901275449743116,-3.7406530380249023
-17.0078420331655,-25.030494689941406
-17.0314498829154,-8.748448371887207
-11.9784507557909,-5.943243980407715
-19.469018973061075,-10.968486785888672
-3.2142130797467816,2.4330320358276367
-0.5663484394051013,4.351200103759766
-21.2195468929047,-15.943994522094727
8.077984978184695,2.89349365234375
-17.0119321722455,-15.350180625915527
4.67424026120176,-4.593884468078613
-47.9875704511971,-36.73350524902344
4.316615136301563,-15.26982307434082
11.2728180991378,3.773728370666504
-3.5546157663424616,-14.223552703857422
-3.15887949932979,-6.878544807434082
-1.6422791314174887,2.940547466278076
-3.448025235667948,-23.867164611816406
-13.5632540546311,-26.334890365600586
0.8825935384285006,0.7178869247436523
3.27100049685324,-4.971024036407471
-0.7762273913233743,1.710733413696289
1.026942322157092,-4.885219573974609
9.859104788483815,-5.781510353088379
-1.9977872313530125,-7.038991928100586
-13.1809903671301,-10.899620056152344
-35.1782981083837,-31.2286376953125
-35.8337806803641,-20.822681427001953
-7.639409008216227,-9.945621490478516
-15.746453943284,-28.526607513427734
1.055995951979529,2.0375490188598633
3.987299411465438,-3.3600473403930664
-37.0930621901092,-7.625478744506836
16.694612728237402,-9.448692321777344
-4.527979888097892,-11.823287010192871
14.6352674345898,-12.661614418029785
5.034618319433818,-2.9299917221069336
-3.77133000272187,-6.409682273864746
-1.61504571199055,-1.1741790771484375
-56.3663437951974,-25.46660041809082
10.088450856398616,-2.57692813873291
-14.285610883283098,-26.417123794555664
2.6210618799141923,-0.6740431785583496
-2.308732762121495,-7.487361907958984
-83.9761260280997,-26.07430076599121
-1.03656181464744,-3.9782066345214844
10.16232173056559,2.8743515014648438
-3.12013961477547,2.70438289642334
3.010752586641185,-15.221065521240234
-1.5178355576616795,-1.5249261856079102
-2.60072537807549,9.651283264160156
-2.367312137177082,-7.955048561096191
6.075310726130807,7.400676727294922
2.24572304437811,-2.202547073364258
0.2044267191685782,2.8201236724853516
3.85944773684647,7.695107460021973
-14.409506408843407,-4.603282928466797
-2.683955047842884,-0.06363773345947266
-0.0075038478591599,-6.823441505432129
7.190050317883171,5.56976318359375
-2.1691769605730515,-3.85891056060791
-7.910003358009165,5.551331520080566
-69.1366966634013,-14.544849395751953
1.437241653553571,-8.12200927734375
-20.7409218490905,-6.113962173461914
3.78247800369874,5.470484733581543
7.909526276907584,-13.0767240524292
6.097122298913325,-16.27703094482422
24.5800902168924,14.172576904296875
-9.979741434164584,-19.74705696105957
3.1327986373042376,2.2625980377197266
-8.393586343504198,4.54392147064209
8.678125432705007,11.899444580078125
20.7428439693387,-5.6578874588012695
-1.511416195100045,-19.121919631958008
-23.3725501337939,-9.525106430053711
4.69437535963172,-2.2830638885498047
8.24149319055937,3.7455482482910156
-0.2898522089969393,5.054065704345703
-7.19378137939456,-10.404492378234863
1.0271109700113177,0.2001485824584961
-14.564555056626377,-4.121167182922363
-9.657849716236,-28.53874969482422
-0.7280966227290082,-0.9492998123168945
-21.8962191024866,-12.298369407653809
-40.2614734397264,-11.360052108764648
-1.77750068778882,-5.086465835571289
-28.3488859938485,-23.3149356842041
-8.184373188662292,-21.25849151611328
-6.135426654744688,-9.177469253540039
-3.270422191581055,-4.999391555786133
-6.055427015859325,-0.6748542785644531
-34.3143130117107,-9.959486961364746
-50.4820483838523,-15.589972496032715
-4.639593570653838,0.054045677185058594
-21.0606958753072,-16.05432891845703
8.747205755218493,10.916352272033691
0.6884341878779402,-5.085468292236328
0.300408103033295,-3.9818248748779297
-17.2817979072755,-28.179929733276367
5.79128728304933,1.6097145080566406
3.7921116228684086,3.6479005813598633
0.51700222845629,-4.0395355224609375
1.0966146270020711,5.001800537109375
-6.613686761665703,-26.65583038330078
-39.873530292237,-29.503265380859375
-35.0272315856836,-22.44184684753418
0.2475632146873464,10.00828742980957
5.59963570142504,-3.509796142578125
5.29419053806362,-2.519662857055664
6.457932781589695,9.22382926940918
6.4251548431743295,0.9957818984985352
-19.7885249955934,-24.006032943725586
-2.4097304318056905,-3.378329277038574
7.543407488617369,7.7392578125
1.83593808226401,2.082775115966797
-1.5082203021212124,-4.758696556091309
5.99108205682079,-3.9287824630737305
-18.1797235112709,-5.655662536621094
-12.840088322870097,-19.63836669921875
-2.23616712442702,11.445587158203125
-4.662511414401839,-8.11781120300293
3.41802282280863,-1.0052719116210938
-12.0320822507053,-33.47452926635742
-25.9801803981754,-19.906190872192383
-5.97419023328963,-2.767498016357422
15.4186986077963,-3.9886112213134766
4.480465220149085,-19.906410217285156
-13.2363849677504,-20.85326385498047
-9.362863686069195,-12.094001770019531
4.128157012788561,2.8488998413085938
2.26767773086615,-7.871240615844727
-24.1634597090208,-34.47357940673828
10.013204486477417,5.900485992431641
-31.934070451053,-12.3560791015625
-22.9515728231767,-6.727178573608398
-11.219410776078313,-11.189543724060059
6.00089213826483,-2.318131446838379
-28.9638748432599,-29.611526489257812
3.11049964318654,3.4327926635742188
-1.073248118887358,-2.4532928466796875
-10.249148139079496,-18.81157684326172
-13.14009076535719,-30.61356544494629
0.7364260970712593,2.889054298400879
-44.9949251983702,-7.154867172241211
-5.159519294761907,-9.875397682189941
1.869241020829697,-21.32415771484375
-55.54568697318505,-40.83102035522461
0.3065104335081801,-14.399551391601562
-10.386374558578522,0.9959955215454102
-3.0345245902191325,-4.895611763000488
-57.144820014625296,-30.519868850708008
2.85060083445348,0.3578338623046875
2.446050707651698,-1.4051780700683594
5.50221601830175,-19.578773498535156
3.455876052191651,-0.3478231430053711
-14.6157572128631,-30.112443923950195
-0.874105623616695,-6.135470390319824
-1.378759213278819,3.1594834327697754
1.350733135180331,-1.021162986755371
-1.94666134980912,-6.356575965881348
-3.36735139960915,-3.239492416381836
0.8319171014720902,-0.8308248519897461
-40.2101205720394,-3.6016721725463867
-24.577379709126298,-29.725582122802734
-18.6292132467089,-4.414997100830078
-46.39510994896701,-12.440408706665039
-2.487076105276776,-3.5596914291381836
-4.752960817423343,-37.32933807373047
-0.1160299782726794,-7.9160308837890625
-18.5277286275242,-10.369011878967285
-14.1325019191809,-17.0494441986084
10.909208084253878,12.779178619384766
1.30779520720034,1.7184171676635742
-5.77436797253085,-10.826708793640137
3.986867952152618,5.501303672790527
-21.7936206120663,-33.27474594116211
-2.643556292002,-10.105446815490723
11.0853991753379,-5.622319221496582
-12.9397422629832,-6.579296112060547
-0.190891674386513,-1.5197067260742188
-6.32558602127377,-5.051513671875
5.391699208755202,4.33447265625
-8.998840630677615,-2.734996795654297
-1.6005087696864486,0.5551395416259766
7.5482379424635875,9.990996360778809
-7.642910278690365,-1.4173145294189453
3.719171936095444,7.605306625366211
-0.8981307679622897,5.178876876831055
7.06032809637297,4.358745574951172
-3.134999611446543,2.3193297386169434
-5.94174589421185,-1.6329364776611328
-17.7883076547542,-11.0078125
-25.2381267145584,-25.509273529052734
-27.5445722402187,-27.15372657775879
2.6678241356197647,-4.114222526550293
5.02066543392875,0.3263969421386719
-1.67197513843126,-24.72648048400879
6.58117049992555,4.481215476989746
3.12612254618191,-0.9496660232543945
-2.1147225087047508,3.3562068939208984
-76.9668504799361,-4.8200225830078125
10.11870938841209,8.295774459838867
4.755697845162629,1.4701423645019531
16.5479703149859,8.398406982421875
4.001938538520379,-7.40812873840332
-14.1813773041305,-21.691482543945312
0.7709161631446207,2.635313034057617
-24.2508933717269,-10.126947402954102
-22.3071231538392,-25.593975067138672
7.2595381633228,7.004875183105469
11.555346181601609,6.782042503356934
-26.258782255785,-8.323559761047363
10.3189652047012,-2.3533029556274414
0.809697096857583,-1.7961721420288086
-18.5255095356289,-26.063278198242188
-1.0680791130593923,0.8664040565490723
-3.5390830989045075,-7.844392776489258
10.468583156479704,8.987648010253906
-10.613183176373598,-1.1679325103759766
-6.40442742836347,4.510021209716797
7.196532980977684,7.911895751953125
-10.586292641023492,-6.7498321533203125
-26.79502671025515,-22.64682960510254
-7.187555808667961,0.07399940490722656
5.4465900456679694,8.367555618286133
3.1988276731025875,2.194225788116455
7.827394642815597,7.923405647277832
3.887422638441485,5.06928825378418
-3.41466344580097,3.506749153137207
2.667044757168528,-0.3051900863647461
1.0590749185315824,2.6602725982666016
-3.9965921287470247,0.8405075073242188
10.982614675109394,6.301797866821289
0.4076170529080399,-0.20695781707763672
2.71319811317338,8.729480743408203
8.652061852316729,6.992234230041504
-0.6579761516790089,-2.021587371826172
-51.6773231694491,-29.122886657714844
-2.8325461302865187,-4.200592041015625
2.12749125232924,-25.298192977905273
3.562549470771905,-21.041378021240234
-16.517773128145326,-5.796714782714844
6.874655354673765,-7.3526611328125
0.2047767843086013,-3.0703487396240234
-2.698758931910008,-4.309871673583984
1.8601156760560384,2.5652637481689453
-22.2455703021075,-19.16859245300293
2.4288820651169605,-2.8470630645751953
-16.8307740899425,0.7431964874267578
20.7191486697607,2.020230293273926
-30.7261055182573,-16.028736114501953
-38.4849400567448,-5.4221296310424805
-14.3103126367969,-11.840721130371094
0.7860328468455551,-6.25452995300293
-48.3858044800915,-17.489280700683594
-3.21662088766757,-18.22641372680664
1.675245639565673,-5.979952812194824
-90.3299705619704,-30.799224853515625
-9.28527551691871,0.4768085479736328
-1.2293411329062325,-1.075362205505371
-4.534682244798708,-27.422054290771484
-68.1959205924323,-27.404666900634766
-24.5242345195019,-23.825439453125
-2.77042962989298,-0.1141653060913086
3.8009101564042025,1.4098796844482422
8.933703319425492,3.120488166809082
-11.341527235964405,-2.36129093170166
6.71098989067457,1.281447410583496
4.54734483862441,-9.21042251586914
-5.16341129781556,-11.694169044494629
-49.062306315025,-21.109960556030273
5.26551760771767,-2.2832155227661133
3.33951124606136,-23.65536117553711
5.006519903780723,-3.6545162200927734
4.05485944970297,-2.68829345703125
2.283405953189745,-10.464727401733398
-2.66483863280114,-5.985536575317383
12.566471603210276,3.6659460067749023
-27.9020155354992,-14.517172813415527
8.88265541550952,3.0234384536743164
0.1652887870268324,-3.1713714599609375
15.4985727759109,-1.5849456787109375
9.014890317831036,-4.7779130935668945
1.4803529144374856,-4.456974029541016
18.1939100849816,-10.248916625976562
-2.6304973605131474,-7.690250396728516
-5.493763326806099,-5.504354476928711
-0.6715208179901364,-4.912671089172363
-36.7383193130824,-19.453022003173828
5.062784719364307,2.536283493041992
-12.026803679110706,-18.713558197021484
-3.01321716593974,3.375035285949707
8.35813394800668,2.593517303466797
-3.60075442831331,-11.957508087158203
-9.509135784465323,-5.741422653198242
-19.6175855102284,-10.170016288757324
-27.8629509568953,-14.10341739654541
1.74273211890989,3.0478076934814453
-2.19578977406709,-7.027767181396484
2.42002639701588,2.0051708221435547
-25.55316918036869,-10.526460647583008
5.635020609606415,-4.8646440505981445
-34.727836669101,-14.216018676757812
4.4516036428765,-5.631171226501465
4.967381413305823,-2.3873720169067383
-6.81516141534704,-4.909671783447266
-24.3954295810688,-12.653789520263672
8.658679095048068,2.146503448486328
3.7347243087796,-6.803586006164551
-12.909633143366396,-14.837902069091797
-60.49569009623433,-28.840126037597656
-3.790702882666694,-4.881990432739258
-12.41068356063,-13.645599365234375
2.76740193393285,2.4423751831054688
-18.9061714872788,-1.1258125305175781
-3.681083449701528,-30.031612396240234
8.13893448615947,0.8826799392700195
-51.402683514636095,-30.694215774536133
-3.0703466753296,-4.547626495361328
0.4646043967887734,-3.5805816650390625
5.989492839405608,-14.700516700744629
8.833837192566008,1.6155004501342773
-26.1965705632023,-5.4602155685424805
0.0804428699766095,-9.771307945251465
10.229168329440906,-3.237616539001465
2.12042655289975,-4.626264572143555
3.88810032819938,-11.80859088897705
-31.515616413872173,-18.935976028442383
2.28163515100639,-12.612936019897461
-9.633163292669298,-19.92938232421875
2.63206586722876,1.6652660369873047
0.3189015990893598,-15.749741554260254
-6.31868596379813,-3.0041656494140625
-6.4648984000359935,-18.13732147216797
8.91646092056966,-1.7858476638793945
-42.637521131086125,-24.133344650268555
-89.5439156156453,-32.87693786621094
9.179556151687803,-3.713120460510254
8.754663680824095,-5.905843734741211
0.8838679103249854,-8.51247501373291
4.338369925074482,-7.551573753356934
-18.23432595343749,-31.985477447509766
6.92534745147092,-6.264728546142578
-1.768261666543676,-8.89158821105957
-7.87226820943855,-6.59112548828125
-12.0847368637308,-12.944608688354492
-4.4222229386498375,0.14916419982910156
6.63109301847755,3.8603734970092773
1.675381804264854,-5.934869766235352
-6.897600670415837,-7.259305953979492
-12.2774867069717,-23.787818908691406
-3.963646539183849,11.194347381591797
-2.552277046947741,-9.552750587463379
-10.78700495517378,-5.330304145812988
-6.426376983867103,-3.6721458435058594
8.2142562177934,-0.6765480041503906
-16.967828162594074,-7.277736663818359
6.07843040491799,-9.538370132446289
3.08443697315444,-8.15435791015625
-1.3811964732242277,-12.880231857299805
-4.51305804704249,-27.29118537902832
-9.93375477053989,0.41536426544189453
-0.6581754288220045,-4.929706573486328
-7.952166005584182,-18.526344299316406
-13.563015982384195,-16.189735412597656
-47.9957157156951,-36.46025085449219
4.96190002222477,3.0955448150634766
-2.0240269290899,-9.630155563354492
3.47166270740147,-3.598146438598633
-5.2815921348029296,2.0911436080932617
2.369358494612781,4.60980224609375
-4.214346026907057,-15.068056106567383
-23.8934551543691,-32.9462776184082
-1.0659561461183158,-7.757112503051758
3.126169348435272,-15.19405746459961
2.35164464781062,2.9927492141723633
-1.79502295092813,-1.6057357788085938
-15.957982665262508,-16.556346893310547
-64.65676531723692,-35.68721008300781
-27.8195558011628,-28.159183502197266
-10.480511156242285,-23.730363845825195
-6.18357684414468,-8.517999649047852
-6.75960002722117,-2.276510238647461
4.4105627388370605,-7.9491119384765625
5.58846482112586,-1.948716163635254
-16.8483709423333,-5.130557060241699
16.1850033157246,8.00571346282959
-3.34531377329845,0.3496227264404297
5.893700156574014,2.8696632385253906
2.745769909533195,2.9925460815429688
2.53362859007723,3.490178108215332
1.0880788430276551,3.6949005126953125
