Score,Pred Score
-13.812973987503693,-2.597679615020752
-14.6311710829416,-28.070608139038086
-15.020937907067507,-8.563315391540527
5.61896917638109,1.1618690490722656
0.1461877509898399,-3.347740650177002
3.59745169898486,5.738977432250977
-6.72144892291601,-2.4647293090820312
4.304204520484877,6.808022499084473
3.37898618824583,8.089154243469238
3.939818822274421,3.4293932914733887
13.9953943577381,4.736672401428223
-5.39913759737588,-5.054521560668945
-2.204579993178592,0.6173977851867676
8.829561804598438,5.611689567565918
6.01696699102072,7.798076629638672
-6.376202369524528,-3.7344040870666504
-6.50906463316165,-4.161061763763428
-60.92137282626391,-22.280508041381836
1.99934019108803,1.5221714973449707
2.188685633501576,6.924537658691406
4.07090957771029,0.3212881088256836
0.5211206139658471,-5.570089340209961
12.5580583918003,2.4512863159179688
3.320229681965675,-8.506938934326172
-0.4381862293696001,-1.9949572086334229
0.1752112379752922,-2.280661106109619
4.123908949931413,-1.768263816833496
-14.2382866820043,7.017905235290527
12.966325580978296,11.537727355957031
7.692941411907634,-9.114968299865723
-62.9031214125763,-43.1682014465332
-5.800670766453999,-3.3286499977111816
-11.705366535732304,-10.577259063720703
-4.786538605318405,-2.609689712524414
-82.4887013651952,-25.694852828979492
-8.251107402184557,-0.7866249084472656
1.61677665352485,-6.648061752319336
-11.916211326129387,-16.990921020507812
-45.634880019414,-33.50227355957031
-0.568998602339841,-3.137444496154785
-12.147399114840605,-14.358922004699707
-27.4476544011683,-29.664146423339844
-2.306526469902426,-2.7679147720336914
-0.4835459876036119,0.6854686737060547
-8.39479061793487,-11.048189163208008
-46.862925671502296,-23.592119216918945
0.3837795244341289,5.60345458984375
7.184930267876617,0.9898252487182617
2.8348518495029404,-2.6068501472473145
-9.859535687586003,2.0072221755981445
-6.00025755794808,-1.8990159034729004
-4.764629840066975,-4.010439872741699
-2.377061578670744,-0.2729825973510742
-2.0585753436264698,-3.1311769485473633
1.1848602197973823,-7.552725791931152
4.97603191479674,-4.512218475341797
4.27399441028646,-3.3901147842407227
-46.2372447228831,-34.76789093017578
-31.4759298257721,-32.06303787231445
-50.1674018945849,-37.946285247802734
0.9601515747159592,-3.3980188369750977
-11.864177458483407,-7.084622383117676
-0.538262620928304,-4.809238433837891
-0.6920482116816997,-7.929014682769775
-1.5184696160120892,-2.4849181175231934
-3.0836644409391925,-5.6672210693359375
11.316750179392892,-0.5218353271484375
-11.183106529127476,-2.5292623043060303
3.59102041590596,0.12414073944091797
4.55602013063716,0.9754996299743652
11.579228393987275,-0.43163013458251953
2.3067635611900137,-6.258612155914307
10.480393919522983,7.270174026489258
-2.698100773809443,-6.922870635986328
3.776985072333982,-15.572122573852539
-11.773766374328297,-7.926514148712158
8.681027307740193,-6.972346305847168
-1.1091988250418725,-5.61243200302124
4.484288991501213,2.9263687133789062
0.0548896546292299,2.8337273597717285
0.1118559290339978,-2.867497205734253
3.9797293996962297,4.045459270477295
-22.42608065327665,-40.675750732421875
7.37064384347005,-5.0389180183410645
-0.2642143205483515,-8.462980270385742
5.344594984386832,1.2100532054901123
-1.2497809936708242,-3.6450304985046387
13.71198107208239,-3.9118995666503906
0.5045482395984724,5.546714782714844
2.86709961553106,-2.91160249710083
0.4423212163888063,-1.1701040267944336
-3.724573545179619,-6.162207126617432
0.2570808252882703,-3.0919249057769775
-70.65073406723695,-35.60723114013672
-33.9587360563784,-21.429767608642578
9.2088386022025,-4.548696517944336
1.3318185914773402,3.6100635528564453
-9.176001953270983,-9.585182189941406
-10.497767159210698,-16.068029403686523
-0.4402086584014632,-4.948278903961182
2.1560784090827942,-4.959150314331055
-27.1636490162131,-2.655872344970703
-0.670930828719279,-14.151453971862793
-22.794043146736,-24.873920440673828
0.8105828534072201,-2.8046884536743164
1.2287673509824204,-0.3979353904724121
-0.6435038581465955,-10.460589408874512
8.474782023793379,1.8408050537109375
-9.601847091024196,-1.8575150966644287
-1.6610011043127195,-1.5039544105529785
-0.1091636509260827,0.48464441299438477
7.570838092245207,1.7516632080078125
-7.211196994815285,-30.62128448486328
9.090654061652296,-1.8188600540161133
-26.6651088566214,-3.623652458190918
-17.309192174305,1.930978775024414
4.14054171285972,2.5596628189086914
4.097668935846943,-2.7909436225891113
-0.29408409265346,-1.4384243488311768
-35.8165916579592,-36.592567443847656
10.898098675545494,-1.1229915618896484
-1.6552655274048038,0.9836692810058594
1.6729502580778592,-13.935925483703613
-6.42491227706334,-15.02379322052002
-15.4752611754195,-14.62835693359375
-0.6907348474047925,-4.601345062255859
-21.3629045873375,-13.552093505859375
4.219145585451182,-8.402891159057617
-3.019531285218114,-3.732093572616577
4.25311060075082,-3.5885629653930664
-15.0412339008878,-2.168720245361328
-8.237627320974727,-35.468055725097656
-1.0683487237199796,-3.5552358627319336
-1.7174251595272625,-6.964066028594971
4.069163600073605,-2.785040855407715
-10.162041561092582,-30.689178466796875
-5.97248436581227,-2.4123518466949463
6.120538767403939,2.3990707397460938
-0.8028238008287005,-17.484195709228516
-23.6042929930625,-34.61796188354492
-0.1777753404752198,-5.914405822753906
-5.785469568057495,-26.588558197021484
-0.0556983764780604,-4.310829162597656
-25.4508968849616,-7.255534648895264
-5.3185412482723295,-2.399202346801758
9.1356503291117,5.694522857666016
4.020569536845237,5.987123489379883
-58.5527340809363,-4.852307319641113
-6.291328737399075,-0.845909595489502
4.187869588752649,-4.960763454437256
8.922207576391518,2.8968753814697266
22.7414116448382,3.9457781314849854
-44.6057608529879,-35.96168518066406
-26.5129077898497,-12.641990661621094
-2.13735826282737,-6.8050537109375
-1.14890133483728,1.9647386074066162
-15.2234416939723,1.802536964416504
0.369316059642221,-5.203655242919922
-0.6884117876070912,-7.9827961921691895
-5.8772631055401,-5.102052688598633
3.6053774296538297,-5.134400367736816
5.07108724357905,5.808289527893066
1.292753014965791,-0.13908100128173828
8.440986836263871,-8.054434776306152
-3.43040335892423,-8.453744888305664
0.7651079053562314,-3.968658447265625
-37.13962469223695,-30.73206329345703
-5.822632503482525,2.9697389602661133
-6.879472048396067,-6.358618259429932
2.11024229353816,-4.199998378753662
-7.1526743450051855,-9.427184104919434
-1.122073026503361,-8.19905948638916
0.3302260274555297,-2.2537689208984375
-1.178255647098801,7.2945098876953125
-2.99361591491145,2.067417621612549
-18.1070051290659,-16.90056610107422
-3.0332808194811403,5.467854976654053
2.6303171850506604,-3.7782864570617676
-9.72499716390718,-4.494487762451172
0.2729453578388601,-4.655139923095703
-21.4503408223732,-14.027578353881836
-4.99755531471552,-3.7101669311523438
-18.0018409950579,-26.58443260192871
4.00031385473591,0.6793241500854492
12.0378145652987,6.524703025817871
14.1235470599023,-10.69488525390625
6.55729051148795,-1.0150737762451172
11.19992297656359,-1.0479698181152344
-7.81388191369781,-8.111116409301758
-2.924593214648255,-3.4680609703063965
3.7667366885646025,-7.947697162628174
-6.68253431604433,-7.976441860198975
0.7345204104922589,6.519889831542969
-10.626155896203898,4.103994846343994
8.106852576346123,6.43218994140625
-58.24412469223692,-36.6878547668457
1.4955767028094,2.8312580585479736
-17.6906096863185,-31.673830032348633
-4.813871520282443,7.217918395996094
-11.8973420493851,-7.24764347076416
-2.67676896274171,-0.28685760498046875
-3.9331393974605526,-0.620823860168457
8.756217929094177,7.1743621826171875
-29.2662792150344,-1.5536088943481445
1.7249239205326918,6.284494400024414
-6.686975812883663,-19.925357818603516
11.10272802991041,3.5360679626464844
-10.956818171714705,-9.224365234375
-6.3500959185649,-12.6884126663208
0.6681105368389735,7.130949020385742
-12.500029270357295,-18.609596252441406
-2.591242863373206,-3.930957078933716
5.954690473588823,10.668270111083984
-43.929359067237,-31.22641372680664
-17.4841411730512,-8.764372825622559
3.61441892535489,5.061662673950195
2.1112971208509976,-5.70979642868042
-41.8026500314277,-29.81700897216797
7.028135642932115,6.730745792388916
8.463248256721428,4.9195451736450195
-13.037072413777096,-17.2852840423584
-1.6307504375632549,0.4244232177734375
-0.3284521577656807,3.836214542388916
0.4685622181175212,0.4032466411590576
-5.316952415477393,4.748842239379883
4.584421564331302,-14.169429779052734
-20.3593816575191,-18.041011810302734
3.67041582610247,-2.81050968170166
2.204062447972561,7.661900997161865
-4.666937653128132,-4.406060695648193
-12.3781694316975,-4.710826873779297
7.06923762363823,1.218094825744629
-37.2883298194418,-22.86814308166504
6.442434166934048,5.700004577636719
-12.2162083245621,-8.388289451599121
-20.3623076046531,-5.355870723724365
-5.45440876641342,-3.9666614532470703
3.1416241584890576,-2.9104137420654297
-4.96580172718434,-2.7868266105651855
-37.4061766871973,-15.299503326416016
6.46185690649625,-4.782089710235596
0.5403453062071405,-7.4280805587768555
8.656689402528613,8.682592391967773
12.331931266595111,7.46804666519165
2.75380173901167,0.5945487022399902
-2.8447496930443927,0.6772317886352539
0.0285872237409883,0.7212734222412109
-73.5286754265322,-6.14335823059082
7.285509446842615,3.7764549255371094
6.72046542688671,4.003461837768555
-6.19730890695259,-4.924396514892578
-16.4599719883519,-12.776473999023438
-10.288292260688207,-2.5542993545532227
-10.285920522724917,1.1763319969177246
-30.8171784242839,-0.5548751354217529
-4.65691689928222,-7.640887260437012
-37.1716279374795,-15.947775840759277
-36.50577458359941,-5.490424156188965
0.7942566624333496,-2.8070850372314453
-34.8552692363716,-4.855428218841553
-2.491707941339629,-6.752338409423828
1.7387039934851498,5.417398452758789
18.9715733525152,4.677861213684082
-13.8996269060666,-1.162139892578125
4.17561229224804,1.1664247512817383
4.7680640763497,-15.288881301879883
-6.745372906074374,-3.9010562896728516
7.262818938793504,-3.0063562393188477
-55.7541546140486,-27.65572738647461
8.453421074249384,8.465947151184082
-5.85807143580148,1.8322367668151855
-52.7336020518746,-32.46381378173828
-1.995826789875676,-4.324646949768066
-1.3326443092463092,-24.098377227783203
5.029017096161708,4.084955215454102
-0.71117494174041,-0.752357006072998
8.243548509216069,6.062984466552734
5.81602235619721,0.3256998062133789
5.978124919049687,-7.9518022537231445
-2.8859593337581737,-3.683950424194336
-26.0047332498617,-23.338008880615234
-1.5220929784942658,-8.365776062011719
-3.195242757261453,7.554840087890625
-15.0089303719363,-14.780339241027832
-1.757118944268968,-36.11901092529297
-13.5091075877696,-8.034756660461426
-4.0681667574955,-2.38218355178833
4.43276114617859,-1.2606487274169922
-4.665207913971671,-2.5478668212890625
7.33919324558513,9.373668670654297
-11.69780882660921,-9.659805297851562
5.960801203295765,-4.597769260406494
-29.9162730471743,-20.057132720947266
-5.331847529263395,-6.988739013671875
4.2006804390709,7.331382751464844
4.76541245752904,8.286130905151367
5.87221574658101,1.4333710670471191
-12.955988512618,-24.923852920532227
-14.4061745570978,-10.685956001281738
13.644333664082708,6.049380302429199
7.522446474796843,-11.356487274169922
2.858782897786812,-0.8526763916015625
-49.8653288018085,-40.61687469482422
-4.029904705212941,-3.777834892272949
-6.2026319104393295,-15.40015983581543
4.452168509343501,2.202481269836426
-16.475900892606802,-0.7465763092041016
-11.03094492075089,-29.569711685180664
-8.08045020128908,-8.031959533691406
1.39259946716825,0.807868242263794
-14.885807229381896,-3.228302001953125
-11.113180908425988,-6.660084247589111
5.506094216928792,6.828076362609863
5.29091659278858,-3.058285713195801
3.42106467876526,6.0244140625
5.162821279449693,4.398036956787109
6.020551076354931,-4.089387893676758
0.8086942897832163,-0.6547527313232422
-8.80546181278599,-8.056131362915039
-7.42349600405968,-9.83758544921875
-14.4731176558811,-9.054553985595703
-35.5448186771701,-13.084375381469727
-1.657597602265355,-2.4126367568969727
-1.930224441335125,-10.742752075195312
-10.398648228661925,-4.710493087768555
-1.6521884315998507,-4.198027610778809
1.3131129859732091,6.885339736938477
-0.1240821746904601,-5.833885669708252
-35.1709788883515,-9.694684982299805
0.6771989561182002,-0.514014720916748
-5.8677981963370005,-0.5563411712646484
0.7982616963508231,-3.4250478744506836
2.595279020812243,-0.9042024612426758
6.9472187772133225,-3.043952465057373
-41.1395198834054,-15.920034408569336
-35.4604736838065,-15.768052101135254
7.87379173269718,5.952503204345703
-8.72128086410909,-28.036624908447266
-82.13826531723697,-3.027714490890503
-9.70693692529289,-13.145748138427734
-61.4386715672369,-53.877952575683594
7.10938257895085,2.8479418754577637
0.4007388327427847,2.3728182315826416
-0.7455370396145937,-1.4644784927368164
1.674966057420845,-2.0998945236206055
11.877856996640997,-1.8958461284637451
-0.9096556467231308,-5.237022399902344
-1.4680391508473674,-4.507606506347656
15.6414782015599,-5.364838600158691
-10.35739215730591,-4.140881538391113
1.926107182225645,-3.111693859100342
6.99756701325662,1.1989078521728516
3.54836143321337,0.842740535736084
-7.726553411266567,1.4247074127197266
-48.51478094223695,-55.23076629638672
-3.0453156276270903,-4.000203609466553
-3.454798154796729,0.7522687911987305
9.503977484174175,6.3979339599609375
6.001532732018722,8.025566101074219
1.775572054007981,0.9361467361450195
-2.6871577689602653,3.062520980834961
-7.920344649869953,-15.590118408203125
2.578081311550471,-3.21630859375
-14.434457477598505,-2.0714406967163086
-1.338045882914232,-1.8055615425109863
-44.1817825469333,-26.976909637451172
2.4314234692194163,-12.479471206665039
-2.35314836228574,-1.3809881210327148
-2.07036107592124,-4.004488468170166
-6.560167066336443,-11.179664611816406
-2.54688332955635,-1.1501636505126953
-7.940842049461227,-5.376543045043945
-7.789052707582185,-5.730186462402344
-1.4295761119406232,1.1742737293243408
7.206977941743588,4.755092620849609
-4.081394009803599,1.278280258178711
-30.167243616457,-24.954090118408203
11.7225687296843,10.176380157470703
-0.8984319813221007,-4.311850070953369
10.349523074958825,1.7701826095581055
5.42147270471237,6.010162353515625
-0.3136273830120112,1.0977160930633545
4.398848813602776,4.199163436889648
2.099307195887115,6.065773010253906
-61.6890402284636,-34.05305480957031
-7.08434802004719,-2.7993674278259277
0.6962467393230812,-7.8438310623168945
9.0758909366509,0.14687347412109375
-1.9263965715605047,-2.8354620933532715
-6.262949496708321,-4.774213790893555
-4.739766082030863,-3.834934711456299
-36.8822022827233,-31.22397804260254
3.24770439300306,-4.540691375732422
-2.289513933263135,-8.327025413513184
1.41805545618482,3.9558908939361572
-24.4432878855492,-2.2481231689453125
-24.96156751119129,-28.32097625732422
-7.734574598544068,-15.413753509521484
2.79124989437018,-2.365931510925293
-5.17831154550348,-9.05141830444336
1.5275640312561216,-3.6011180877685547
3.682989905065457,4.999608039855957
-10.8237586662752,-32.048404693603516
-6.929951553081727,-4.904486656188965
-27.96215708599589,-21.39055824279785
-2.88087637063392,-8.770212173461914
-5.960419628776203,-9.878907203674316
-37.189874708633695,-24.56918716430664
1.1496085756031087,-5.656863689422607
-12.7137936794919,-13.703874588012695
8.398744223780918,-3.319035530090332
-33.3004252633332,-39.16920471191406
9.144089281431205,-1.9577536582946777
4.065326821312747,-2.2102890014648438
-41.9047429025821,-20.512008666992188
7.383552345763623,-2.8749208450317383
6.364261125349779,-5.713054180145264
4.841793570156368,1.426435947418213
1.6198341998494314,-4.519435882568359
4.179707781567577,10.096588134765625
-14.7229944429405,7.827598571777344
7.078924552126015,-2.6478028297424316
-12.898019313824,-25.818378448486328
-70.8116033690518,-4.285518169403076
12.7359625054994,8.035855293273926
5.586124430090477,4.7635602951049805
3.028467183462371,1.0895347595214844
-5.830142578087577,-3.921745538711548
-22.6841489367301,-16.48192024230957
-1.51657819068512,0.8225507736206055
-81.52648016021857,-10.624297142028809
-3.36903782007548,-6.5341339111328125
-18.707844022,-18.22543716430664
-34.48768519828235,-22.899761199951172
-39.7169735486916,-3.352055072784424
-1.593720937577549,-5.97856330871582
-23.2954444871652,-9.687570571899414
-45.30258920076982,-15.81255054473877
12.5056328567953,3.8160181045532227
-11.9299972333177,-6.994712829589844
-37.9495035857927,-7.704287528991699
0.7001962140772594,4.772014617919922
4.49418879319923,9.243522644042969
-39.0646563811545,-27.468538284301758
-9.09730633851708,-4.480088233947754
-17.5589533745204,-18.032207489013672
-4.92782811871599,5.542725086212158
-8.2299173561342,-18.43175506591797
2.60625970962018,-1.4854059219360352
2.726862934921635,-2.1308231353759766
4.071661498679735,-7.381664276123047
-13.2494383747796,-6.673837184906006
-11.9154244975033,-0.2691001892089844
0.9090871567987184,-17.765920639038086
7.92708077877978,4.625078201293945
-3.119647295186995,-4.939211845397949
-2.248378586620203,-2.9993393421173096
1.6646916021852596,3.302013397216797
0.1590569364430157,2.123249053955078
-77.3623903172369,-44.66758346557617
15.8859560938761,7.99249267578125
-3.11888044241469,-1.8564395904541016
-2.7468186065138984,0.5899286270141602
2.77922195660905,0.4528846740722656
4.052279150357491,-11.74513053894043
-4.03806373695381,-4.562062740325928
-2.4461467814868523,-12.94987678527832
-0.1639564470097907,-0.5064172744750977
0.8542168432631491,-24.419099807739258
5.84905996845087,-0.8308687210083008
-5.77665564868809,-2.8583412170410156
-3.7008288999313423,-10.099530220031738
-7.18713065449027,-14.212764739990234
-0.9529303605806088,3.9169349670410156
-15.902118442879,-9.845172882080078
-28.0636361890057,-11.728761672973633
-26.912205886836706,-34.205780029296875
8.596988309863011,-0.13165950775146484
0.2877587512502297,5.795252799987793
3.3899996482015826,-0.46103525161743164
-20.5869014386951,-13.125163078308105
-9.341800010912078,-9.758033752441406
0.1692077246922899,2.809309482574463
-1.857666460494741,1.6696195602416992
-13.2752747780792,-32.17890167236328
0.7445982178878973,-4.630849838256836
4.49646859469848,-4.9684271812438965
3.60913262992784,-4.834259986877441
-5.653435188749545,-1.4925909042358398
1.51502173443586,2.3735909461975098
8.143116180793372,4.192368030548096
-8.36164856265281,-29.02858543395996
-1.130678948105339,-2.5335512161254883
-4.349210006555943,-1.8613712787628174
0.2594141505344826,-8.637079238891602
-32.1283374054069,-18.947284698486328
-1.9051378030600723,-5.125663757324219
4.768047800449637,-5.43643856048584
2.264898495983479,-1.3315911293029785
-6.47138721063866,-5.166927814483643
4.93167956005568,-1.6391749382019043
2.4851768276660025,6.875674724578857
-3.930469946192945,-3.3875675201416016
11.923948375295712,7.198757171630859
11.616605850275496,2.3148186206817627
10.41580460128629,-2.309746265411377
-8.700462669667385,-9.062759399414062
13.1991243046288,6.422884941101074
-4.75101729862813,6.135471343994141
-1.4230966237807086,-0.010793685913085938
-2.07861348348741,-6.410468578338623
10.292368565007404,9.422317504882812
1.9007667723773176,-2.985133647918701
17.1612744381531,8.074036598205566
-0.1428452494230792,1.4406561851501465
2.4933992323843923,-2.2765250205993652
-13.861300672159,0.4917823076248169
-1.7943154401891548,0.27191972732543945
-4.15624175439773,-4.986948013305664
-14.277645616907492,-1.4386980533599854
2.713132201978397,-12.137947082519531
-13.315456279797685,-24.262901306152344
-5.36204355968609,-4.762948989868164
-1.4872271509121793,-4.285547256469727
0.31232235517322,3.2233381271362305
3.0307168501552093,0.9900904297828674
3.4484762474106,0.45618438720703125
-34.0729170807354,-29.652019500732422
-25.0659802428987,1.6984848976135254
0.86771933446589,-5.793532371520996
-11.996919710325,-5.800540924072266
17.2594267615487,5.122694969177246
-56.2560888739038,-32.796875
-12.7386491421071,-13.516704559326172
-3.520787796436005,-14.395954132080078
-0.8014467498558491,-16.773983001708984
-34.7812340468876,-17.075401306152344
7.158235365631607,-11.875959396362305
3.29681579894721,2.8101396560668945
0.046018285265003,-19.923145294189453
2.046344769010002,-6.107735633850098
4.25403099118957,-2.0722732543945312
3.7804230286959792,-14.602814674377441
-3.773219093074008,-2.4570727348327637
-9.722403045722997,0.16691875457763672
2.81101468536903,-0.8940892219543457
-23.7494411406013,-17.449851989746094
-75.56229656723696,-51.8111457824707
4.366245372711767,4.696065425872803
9.94612085382829,9.500381469726562
-8.207132148775708,-27.984066009521484
-3.09775596823669,-2.6075057983398438
3.77256113899207,-1.8815317153930664
0.2016574678685985,-3.5066704750061035
4.38808277416547,-0.6929281949996948
3.7092867134231,2.71500825881958
1.6740112862957208,-2.4583640098571777
-5.472376660417956,-4.016754150390625
12.283123760680592,-2.674959659576416
4.417989059347175,1.214134931564331
1.907333647224608,-0.3645598888397217
-3.73521146317182,-8.163948059082031
7.837521570550837,2.6486401557922363
4.82455755953161,-10.753931999206543
-0.6472060937938101,-2.292553424835205
-8.237956686764985,-13.995267868041992
7.36579899286375,-10.106021881103516
7.859716520666763,-4.058213233947754
2.765011277030255,1.853522777557373
4.62415639298937,7.347068786621094
6.430237727930085,-5.840871334075928
2.44728958086436,-5.2798566818237305
-1.93656353174353,2.304746627807617
-33.7845903951132,-32.09778594970703
10.960301672714698,5.541835308074951
6.147225205740463,-6.484314918518066
2.4659746492236927,6.665146827697754
18.2642273209106,6.41117000579834
7.656482330373112,-0.14993667602539062
-63.2346715672369,-40.96802520751953
-22.9610154952969,-12.541646957397461
4.39789099231211,2.0305423736572266
-46.587141393021525,-21.77541732788086
-12.281506448986304,1.7009551525115967
5.220668557811489,-3.3288354873657227
-1.4412632820262703,-0.7598333358764648
-35.163016426576704,-17.416730880737305
-31.380009974583203,-13.502464294433594
-40.7258600860177,-0.47282958030700684
-35.3994683825842,-13.005973815917969
-10.968565079401992,-9.053567886352539
15.384553292915324,-29.83074188232422
-0.4271227388875901,-0.5832767486572266
-7.69948364751984,-2.836923122406006
-26.6822467124322,-20.454608917236328
-0.2823200449385875,-2.836653709411621
-3.8453528225106623,-7.9141011238098145
-2.4599041427842496,6.691588401794434
-12.7315114055493,-9.770248413085938
1.418014053180695,-11.94393539428711
-3.4922781726655696,-5.325549125671387
9.58062385928767,-0.027580976486206055
-17.5801214502402,-25.536846160888672
-49.5120706514507,-32.69293975830078
-0.4503474699443348,2.013650417327881
2.332279780348585,1.5513615608215332
-42.2483635713802,-24.967527389526367
-5.00028834575103,-3.789646625518799
-5.14141487663266,-18.575544357299805
-19.923371510770203,4.655341148376465
4.28301459624688,2.3139400482177734
0.3224388648416145,-7.911153793334961
6.795393661635613,0.3802947998046875
6.720388221210122,11.58502197265625
-20.7558388881914,-1.3968830108642578
-12.5922662394529,-15.151834487915039
-5.19085420781142,-0.04820871353149414
-27.3858072066324,-18.024600982666016
6.488490212037078,1.9603338241577148
-12.5233171201947,-10.98263168334961
0.996650643215182,-1.7261853218078613
3.27144637329635,4.1164231300354
1.203208947199059,-2.460937023162842
4.5031585012656095,-0.3816499710083008
-46.6686841099013,-48.11637878417969
3.600655729290548,1.2942328453063965
-2.7077151362496297,-14.798105239868164
-42.936846127142296,-32.70947265625
2.679404112105611,1.6798672676086426
-23.975827854410426,-23.743791580200195
-24.4869919201538,-23.924802780151367
-6.22433036882608,-1.4809355735778809
-24.992167376126925,-9.655362129211426
-9.742168339465294,-0.6190938949584961
0.1235817830644999,0.003572225570678711
-11.607028837624,-5.855224609375
5.321680837772678,-5.967519760131836
3.3452637215970498,3.1517295837402344
13.015759276594096,9.631721496582031
-6.13466459150186,-3.3467965126037598
3.0897024917955025,-8.001778602600098
3.557691046156,5.999672889709473
2.0008593011464906,3.106461763381958
-1.2671721747064446,-19.491161346435547
-2.989164004622407,-16.728458404541016
-2.43808381047612,-1.5300681591033936
-11.30813578108209,-3.635178565979004
-9.619042312244815,-10.755859375
-4.01456885639382,-3.8040356636047363
-4.853312003098937,-21.90103530883789
2.78743688363977,1.7595715522766113
3.6035536346157695,-2.440784454345703
6.09033976794457,5.448465824127197
-5.89266438028177,-0.1626725196838379
4.780848076735348,-4.690998077392578
-20.7592210135025,-16.784013748168945
-3.637071869773312,-14.784889221191406
-4.396710286499547,-1.1330137252807617
9.04709717330502,-15.077510833740234
1.69213972357191,0.06341695785522461
-27.068723822751306,-13.31912899017334
0.2886204877907422,-1.3950457572937012
-0.592182005541919,-21.80715560913086
-4.736229867816737,6.026115417480469
7.877641553655238,0.39208078384399414
-2.588665914009158,1.6304726600646973
4.72846919446815,-12.997112274169922
3.42669038506664,1.459740161895752
-10.274169876330886,-4.43430233001709
-1.289264920121349,-13.173601150512695
-6.9648772325347394,-6.584046363830566
-1.2236747050651609,-1.7939348220825195
-12.208208404490907,-29.065391540527344
4.40921359309415,6.424915313720703
16.4171583068458,8.923850059509277
-15.991582533821994,-1.9099225997924805
7.809600001042748,2.6491470336914062
-3.0331069492891496,-2.9710693359375
2.603164662477901,-3.64894962310791
-24.2572199033326,-18.955272674560547
13.667582002208905,3.3999099731445312
8.19307228691883,-14.906317710876465
0.4664503305112299,4.071225166320801
-6.46133524603972,-6.417572021484375
-19.7520332208299,-17.42028045654297
-7.75971004909346,-7.581812858581543
7.66334596528203,3.919200897216797
-27.64770126959135,-16.434688568115234
2.125547882163602,7.679695129394531
-1.8239337240231768,-2.759171485900879
3.3696784995100426,-1.7484182119369507
5.265272900492549,-0.709784746170044
6.753311816554961,-4.242660045623779
0.9434331950199416,-2.4902901649475098
2.13745295521649,-1.0072574615478516
2.76912169862866,-4.372692108154297
2.409764321136161,-6.034960746765137
3.7606671418030695,1.183910846710205
0.555665600488549,-0.36739301681518555
-89.04756219223692,-42.32488250732422
6.987950206462267,6.464107513427734
-10.09410467002709,-30.449810028076172
8.16191414696451,-1.2070033550262451
-10.731303688850904,-16.597408294677734
7.588764503474316,4.494148254394531
-5.25293160621848,-6.6951799392700195
2.3065604778561424,3.6322555541992188
-3.8022266666193874,-13.118701934814453
3.22816419080692,-2.637662410736084
1.1941842843275,2.5504989624023438
9.772192422094813,-22.256633758544922
-2.489313079893845,-1.598358154296875
-13.547300817594484,-20.65070343017578
-1.5403494549472296,-1.7100718021392822
-5.139364658294922,-1.560098648071289
-1.32131943338233,-5.574149131774902
-0.5284321769112605,-1.527113914489746
0.1119561526876595,3.471191167831421
14.8508222506114,8.602413177490234
-0.0918051514147744,6.0445709228515625
-1.7237618714553775,2.9157886505126953
-1.5699354762224491,-6.647209644317627
1.5718362711845366,-2.687887191772461
3.58036180553514,0.777111291885376
7.45084701577923,-13.265657424926758
-7.378812419643663,-1.444091796875
-33.1832620874725,-17.576446533203125
-6.066411004621831,3.1739344596862793
-16.4910721624856,-24.473691940307617
0.8267526169764301,-1.2025537490844727
-9.762453719841735,-32.025184631347656
8.07102955700163,7.809661865234375
1.741670982094262,-0.8587226867675781
-0.0053525606393112,-1.9056272506713867
-51.4043293278057,-19.798933029174805
14.9415296965116,4.4913787841796875
8.70853787657841,-4.00261116027832
-2.149900469098629,-4.795280456542969
14.8229623836697,8.86049747467041
-0.0379657812584102,14.313907623291016
-15.3173389528898,-3.265873908996582
-1.7663441991754285,1.007242202758789
-6.708306328674888,3.588665008544922
-78.7451798053926,-32.69275665283203
-0.5413656534735456,1.6133041381835938
9.625121597198186,-2.8174962997436523
-3.15562863494722,-1.8814411163330078
9.60447820177431,4.115903377532959
-3.31847606547329,-0.42235755920410156
-4.12581810820042,-1.5965747833251953
1.7706121017107803,5.873987674713135
0.5117341060036625,6.675840377807617
2.63157412115867,2.616116523742676
-4.763634360062484,-5.182077407836914
-11.18181257464061,1.2085294723510742
-39.4932668903457,-13.800028800964355
9.206200380526292,4.695453643798828
-2.93911844531118,0.6645183563232422
-28.13472322157985,-6.985340118408203
9.62907409316032,-5.193024158477783
-7.042636248773623,-5.375553131103516
-4.03025121975644,-3.0351316928863525
3.42951329804928,6.6202712059021
2.5565427438131976,-1.5356693267822266
2.8513084033656,-1.4348182678222656
-5.5623675139736175,-6.928400039672852
16.9968892380515,8.05306339263916
-4.144685584269085,7.914578437805176
-11.221818720505304,-7.918375015258789
-2.111656589218961,-3.608884334564209
-1.626797120535592,-1.991499900817871
0.7652624054000594,2.0668087005615234
-21.5531296050118,-28.789783477783203
-13.053772031257305,-14.594232559204102
5.42509465390903,1.5093936920166016
-5.5186956836840375,-7.341355323791504
-2.260381023139061,4.241901397705078
-30.3377383335249,-23.995803833007812
7.380729755239978,3.206484317779541
-4.172986764275874,-1.908991813659668
-1.2036514942358316,2.212718963623047
-35.2906329121599,-19.961402893066406
-2.54595208771381,-10.72006607055664
-10.901275449743116,3.5529937744140625
-17.0078420331655,-18.587345123291016
-17.0314498829154,-6.597546577453613
-11.9784507557909,-3.042482614517212
-19.469018973061075,-12.05465030670166
-3.2142130797467816,2.1576530933380127
-0.5663484394051013,5.362827301025391
-21.2195468929047,-16.701828002929688
8.077984978184695,6.574031829833984
-17.0119321722455,-13.074895858764648
4.67424026120176,2.0455751419067383
-47.9875704511971,-37.53396224975586
4.316615136301563,-8.035699844360352
11.2728180991378,1.1251263618469238
-3.5546157663424616,-14.016942024230957
-3.15887949932979,-3.8212432861328125
-1.6422791314174887,3.4769725799560547
-3.448025235667948,-13.667863845825195
-13.5632540546311,-27.998291015625
0.8825935384285006,-0.25983381271362305
3.27100049685324,-0.23866558074951172
-0.7762273913233743,4.875131607055664
1.026942322157092,2.6075057983398438
9.859104788483815,1.564444899559021
-1.9977872313530125,-3.450924873352051
-13.1809903671301,-9.205619812011719
-35.1782981083837,-28.662403106689453
-35.8337806803641,-17.083892822265625
-7.639409008216227,-6.941799163818359
-15.746453943284,-23.90054702758789
1.055995951979529,1.9782533645629883
3.987299411465438,-0.6158585548400879
-37.0930621901092,-6.156844615936279
16.694612728237402,1.3916616439819336
-4.527979888097892,-10.159387588500977
14.6352674345898,-10.122241973876953
5.034618319433818,4.699957847595215
-3.77133000272187,-3.571242332458496
-1.61504571199055,-0.3295907974243164
-56.3663437951974,-27.473329544067383
10.088450856398616,1.408050537109375
-14.285610883283098,-26.856849670410156
2.6210618799141923,3.986198902130127
-2.308732762121495,-9.565183639526367
-83.9761260280997,-30.860925674438477
-1.03656181464744,-0.43418312072753906
10.16232173056559,5.725791931152344
-3.12013961477547,5.4473443031311035
3.010752586641185,-13.644755363464355
-1.5178355576616795,-0.04525566101074219
-2.60072537807549,2.6705093383789062
-2.367312137177082,-10.53436279296875
6.075310726130807,0.0015377998352050781
2.24572304437811,-5.187145233154297
0.2044267191685782,4.8583292961120605
3.85944773684647,3.9549529552459717
-14.409506408843407,-7.194338321685791
-2.683955047842884,-2.454625129699707
-0.0075038478591599,-8.554096221923828
7.190050317883171,4.388515949249268
-2.1691769605730515,-0.774482250213623
-7.910003358009165,0.03507041931152344
-69.1366966634013,-25.52983283996582
1.437241653553571,-8.461088180541992
-20.7409218490905,-12.918435096740723
3.78247800369874,-2.2546534538269043
7.909526276907584,-9.54765796661377
6.097122298913325,-16.511642456054688
24.5800902168924,7.02587890625
-9.979741434164584,-16.29508399963379
3.1327986373042376,0.24328696727752686
-8.393586343504198,5.6426568031311035
8.678125432705007,6.086151123046875
20.7428439693387,-12.04216194152832
-1.511416195100045,-23.73695945739746
-23.3725501337939,-8.410606384277344
4.69437535963172,-0.9394612312316895
8.24149319055937,1.8382701873779297
-0.2898522089969393,1.5655250549316406
-7.19378137939456,-5.726981163024902
1.0271109700113177,-4.973440647125244
-14.564555056626377,-4.449626445770264
-9.657849716236,-35.11298370361328
-0.7280966227290082,-1.9376697540283203
-21.8962191024866,-13.094756126403809
-40.2614734397264,-16.885643005371094
-1.77750068778882,-7.141758918762207
-28.3488859938485,-19.02369499206543
-8.184373188662292,-30.787609100341797
-6.135426654744688,-13.330142974853516
-3.270422191581055,-7.2390971183776855
-6.055427015859325,-1.4430828094482422
-34.3143130117107,-13.35154914855957
-50.4820483838523,-20.931625366210938
-4.639593570653838,-4.910164833068848
-21.0606958753072,-20.453899383544922
8.747205755218493,6.928101062774658
0.6884341878779402,-8.96394157409668
0.300408103033295,-4.501692771911621
-17.2817979072755,-26.274812698364258
5.79128728304933,3.1891908645629883
3.7921116228684086,0.5738434791564941
0.51700222845629,-0.7209224700927734
1.0966146270020711,-4.403160095214844
-6.613686761665703,-31.75334930419922
-39.873530292237,-27.561386108398438
-35.0272315856836,-30.76154327392578
0.2475632146873464,5.6820220947265625
5.59963570142504,-2.7554593086242676
5.29419053806362,-3.2577247619628906
6.457932781589695,4.052947998046875
6.4251548431743295,-0.13136768341064453
-19.7885249955934,-22.280288696289062
-2.4097304318056905,2.4026365280151367
7.543407488617369,8.644332885742188
1.83593808226401,2.374119758605957
-1.5082203021212124,1.6326961517333984
5.99108205682079,-1.8877739906311035
-18.1797235112709,-2.9447669982910156
-12.840088322870097,-23.75135040283203
-2.23616712442702,11.156539916992188
-4.662511414401839,-6.34711217880249
3.41802282280863,2.9949445724487305
-12.0320822507053,-24.26854133605957
-25.9801803981754,-16.44327163696289
-5.97419023328963,-3.4279632568359375
15.4186986077963,-0.20601463317871094
4.480465220149085,-11.253785133361816
-13.2363849677504,-8.500821113586426
-9.362863686069195,-11.702642440795898
4.128157012788561,4.812185287475586
2.26767773086615,-2.464390516281128
-24.1634597090208,-33.03950881958008
10.013204486477417,7.570964813232422
-31.934070451053,-14.407893180847168
-22.9515728231767,-10.67543888092041
-11.219410776078313,-11.768126487731934
6.00089213826483,-4.469922065734863
-28.9638748432599,-37.43377685546875
3.11049964318654,4.07815408706665
-1.073248118887358,-2.2130966186523438
-10.249148139079496,-14.24911880493164
-13.14009076535719,-28.417240142822266
0.7364260970712593,4.8410797119140625
-44.9949251983702,-8.261064529418945
-5.159519294761907,-9.78244400024414
1.869241020829697,-16.23505401611328
-55.54568697318505,-46.211971282958984
0.3065104335081801,-8.418615341186523
-10.386374558578522,1.2632296085357666
-3.0345245902191325,-0.4049694538116455
-57.144820014625296,-25.268138885498047
2.85060083445348,-2.795252799987793
2.446050707651698,4.008359909057617
5.50221601830175,-14.407063484191895
3.455876052191651,2.4770569801330566
-14.6157572128631,-33.81540298461914
-0.874105623616695,-6.304821491241455
-1.378759213278819,4.035645484924316
1.350733135180331,0.24497032165527344
-1.94666134980912,-5.550000190734863
-3.36735139960915,-4.0789337158203125
0.8319171014720902,3.8632733821868896
-40.2101205720394,-2.6248092651367188
-24.577379709126298,-32.45832824707031
-18.6292132467089,-2.389934539794922
-46.39510994896701,-10.401241302490234
-2.487076105276776,0.6894330978393555
-4.752960817423343,-33.75243377685547
-0.1160299782726794,-7.542119026184082
-18.5277286275242,-9.70449447631836
-14.1325019191809,-18.19232940673828
10.909208084253878,10.497978210449219
1.30779520720034,1.1159939765930176
-5.77436797253085,-7.470898628234863
3.986867952152618,5.335700988769531
-21.7936206120663,-37.02620315551758
-2.643556292002,-11.591692924499512
11.0853991753379,-8.31973648071289
-12.9397422629832,-11.135961532592773
-0.190891674386513,-3.7163195610046387
-6.32558602127377,2.9432907104492188
5.391699208755202,8.161508560180664
-8.998840630677615,-2.592881202697754
-1.6005087696864486,0.6644930839538574
7.5482379424635875,6.368119239807129
-7.642910278690365,-1.6246232986450195
3.719171936095444,0.2713966369628906
-0.8981307679622897,0.23315048217773438
7.06032809637297,-4.914494514465332
-3.134999611446543,-0.7964816093444824
-5.94174589421185,-3.314164161682129
-17.7883076547542,-8.124665260314941
-25.2381267145584,-29.818130493164062
-27.5445722402187,-31.044883728027344
2.6678241356197647,-4.992338180541992
5.02066543392875,-4.254842758178711
-1.67197513843126,-24.315114974975586
6.58117049992555,2.275888442993164
3.12612254618191,-2.2207303047180176
-2.1147225087047508,-2.095635414123535
-76.9668504799361,-7.503781318664551
10.11870938841209,3.5666751861572266
4.755697845162629,4.119358062744141
16.5479703149859,6.701412677764893
4.001938538520379,-15.103987693786621
-14.1813773041305,-25.374187469482422
0.7709161631446207,-0.6716647148132324
-24.2508933717269,-16.092105865478516
-22.3071231538392,-34.97789764404297
7.2595381633228,2.777679443359375
11.555346181601609,5.303215503692627
-26.258782255785,-15.222557067871094
10.3189652047012,-10.508105278015137
0.809697096857583,-3.055664539337158
-18.5255095356289,-31.137847900390625
-1.0680791130593923,-1.564652919769287
-3.5390830989045075,-13.292737007141113
10.468583156479704,4.756829261779785
-10.613183176373598,-2.9623050689697266
-6.40442742836347,-1.7229413986206055
7.196532980977684,4.433538436889648
-10.586292641023492,1.1643409729003906
-26.79502671025515,-21.94942855834961
-7.187555808667961,-5.550622463226318
5.4465900456679694,4.9711809158325195
3.1988276731025875,-0.19464373588562012
7.827394642815597,3.976743221282959
3.887422638441485,-1.6902194023132324
-3.41466344580097,0.8593711853027344
2.667044757168528,-1.5541105270385742
1.0590749185315824,-2.4110827445983887
-3.9965921287470247,-2.079904794692993
10.982614675109394,1.8377690315246582
0.4076170529080399,0.06252670288085938
2.71319811317338,1.9995803833007812
8.652061852316729,9.688749313354492
-0.6579761516790089,-2.712843418121338
-51.6773231694491,-42.278770446777344
-2.8325461302865187,-3.1337547302246094
2.12749125232924,-30.695384979248047
3.562549470771905,-11.188125610351562
-16.517773128145326,1.1523802280426025
6.874655354673765,5.3466339111328125
0.2047767843086013,-3.72902250289917
-2.698758931910008,0.3207244873046875
1.8601156760560384,4.123534679412842
-22.2455703021075,-20.96705436706543
2.4288820651169605,-0.6085300445556641
-16.8307740899425,-1.0206007957458496
20.7191486697607,1.826411247253418
-30.7261055182573,-19.204648971557617
-38.4849400567448,-10.923172950744629
-14.3103126367969,-9.361377716064453
0.7860328468455551,-2.3671011924743652
-48.3858044800915,-22.141555786132812
-3.21662088766757,-9.00302505493164
1.675245639565673,-3.6781554222106934
-90.3299705619704,-33.01280975341797
-9.28527551691871,-0.7675623893737793
-1.2293411329062325,2.5064401626586914
-4.534682244798708,-17.441726684570312
-68.1959205924323,-29.68088150024414
-24.5242345195019,-17.59578514099121
-2.77042962989298,4.619290351867676
3.8009101564042025,-0.6559360027313232
8.933703319425492,4.971452713012695
-11.341527235964405,0.3812255859375
6.71098989067457,9.430257797241211
4.54734483862441,-5.531003952026367
-5.16341129781556,-14.626997947692871
-49.062306315025,-24.980979919433594
5.26551760771767,4.571383476257324
3.33951124606136,-14.258502960205078
5.006519903780723,-1.8832638263702393
4.05485944970297,3.1723546981811523
2.283405953189745,-8.975536346435547
-2.66483863280114,-1.3044977188110352
12.566471603210276,4.67725133895874
-27.9020155354992,-10.365751266479492
8.88265541550952,3.6782476902008057
0.1652887870268324,-0.10656106472015381
15.4985727759109,7.304042816162109
9.014890317831036,1.9610280990600586
1.4803529144374856,6.864221572875977
18.1939100849816,9.03769302368164
-2.6304973605131474,-0.054515838623046875
-5.493763326806099,-1.582756757736206
-0.6715208179901364,-1.4544682502746582
-36.7383193130824,-15.261033058166504
5.062784719364307,4.455896377563477
-12.026803679110706,-17.746807098388672
-3.01321716593974,6.187709808349609
8.35813394800668,5.727190971374512
-3.60075442831331,-3.5921783447265625
-9.509135784465323,1.5267729759216309
-19.6175855102284,-8.393936157226562
-27.8629509568953,-11.67617416381836
1.74273211890989,3.9292054176330566
-2.19578977406709,-0.8116329908370972
2.42002639701588,3.7611374855041504
-25.55316918036869,-10.72143268585205
5.635020609606415,-0.3616037368774414
-34.727836669101,-10.262943267822266
4.4516036428765,1.2870557308197021
4.967381413305823,0.4221630096435547
-6.81516141534704,-0.962860107421875
-24.3954295810688,-5.091938495635986
8.658679095048068,3.8981752395629883
3.7347243087796,-2.103306770324707
-12.909633143366396,-10.935524940490723
-60.49569009623433,-28.93235969543457
-3.790702882666694,-2.1500024795532227
-12.41068356063,-7.7932233810424805
2.76740193393285,6.4772796630859375
-18.9061714872788,-4.782196044921875
-3.681083449701528,-26.86634635925293
8.13893448615947,7.232321739196777
-51.402683514636095,-25.7030086517334
-3.0703466753296,-4.555015563964844
0.4646043967887734,3.8361403942108154
5.989492839405608,-9.75666618347168
8.833837192566008,4.537508010864258
-26.1965705632023,-0.4605569839477539
0.0804428699766095,-4.45736837387085
10.229168329440906,3.5056371688842773
2.12042655289975,-2.224447250366211
3.88810032819938,-2.6446492671966553
-31.515616413872173,-17.533374786376953
2.28163515100639,-5.255457401275635
-9.633163292669298,-15.397170066833496
2.63206586722876,2.7619495391845703
0.3189015990893598,-7.497256278991699
-6.31868596379813,-1.038884162902832
-6.4648984000359935,-16.512468338012695
8.91646092056966,3.8122215270996094
-42.637521131086125,-18.09076499938965
-89.5439156156453,-30.633024215698242
9.179556151687803,3.3884215354919434
8.754663680824095,0.25086402893066406
0.8838679103249854,-0.8768752813339233
4.338369925074482,-3.8652267456054688
-18.23432595343749,-22.775737762451172
6.92534745147092,-1.538167953491211
-1.768261666543676,-0.02512502670288086
-7.87226820943855,1.9027528762817383
-12.0847368637308,-9.396306037902832
-4.4222229386498375,2.330170154571533
6.63109301847755,9.07398509979248
1.675381804264854,1.38887357711792
-6.897600670415837,-2.0023250579833984
-12.2774867069717,-14.045191764831543
-3.963646539183849,6.526668548583984
-2.552277046947741,1.67543363571167
-10.78700495517378,-1.65643310546875
-6.426376983867103,-2.041684627532959
8.2142562177934,3.3449039459228516
-16.967828162594074,-0.09673762321472168
6.07843040491799,-1.9033982753753662
3.08443697315444,0.2349109649658203
-1.3811964732242277,-6.523410797119141
-4.51305804704249,-21.944889068603516
-9.93375477053989,2.1301374435424805
-0.6581754288220045,-3.931778907775879
-7.952166005584182,-12.342430114746094
-13.563015982384195,-11.653334617614746
-47.9957157156951,-26.107406616210938
4.96190002222477,5.871001720428467
-2.0240269290899,-3.0647292137145996
3.47166270740147,-1.7625184059143066
-5.2815921348029296,0.4965817928314209
2.369358494612781,5.077312469482422
-4.214346026907057,-17.06334686279297
-23.8934551543691,-31.554828643798828
-1.0659561461183158,-6.658509731292725
3.126169348435272,-12.231744766235352
2.35164464781062,0.6472110748291016
-1.79502295092813,-2.0480003356933594
-15.957982665262508,-16.511091232299805
-64.65676531723692,-42.526092529296875
-27.8195558011628,-25.48810577392578
-10.480511156242285,-17.42086410522461
-6.18357684414468,-4.877544403076172
-6.75960002722117,-2.926406145095825
4.4105627388370605,-0.4236106872558594
5.58846482112586,-4.542773723602295
-16.8483709423333,-6.046869277954102
16.1850033157246,4.499732971191406
-3.34531377329845,-3.0901851654052734
5.893700156574014,-0.6393089294433594
2.745769909533195,3.542926788330078
2.53362859007723,0.9850888252258301
1.0880788430276551,5.043949127197266
