Score,Pred Score
-13.812973987503693,-17.05011558532715
-14.6311710829416,-27.98535919189453
-15.020937907067507,-22.128456115722656
5.61896917638109,-15.203567504882812
0.1461877509898399,-33.48485565185547
3.59745169898486,-9.964792251586914
-6.72144892291601,-9.083483695983887
4.304204520484877,-17.900636672973633
3.37898618824583,-3.361919403076172
3.939818822274421,-17.068603515625
13.9953943577381,-1.6501350402832031
-5.39913759737588,-28.04368782043457
-2.204579993178592,-12.67466926574707
8.829561804598438,12.827362060546875
6.01696699102072,7.612907409667969
-6.376202369524528,-13.945959091186523
-6.50906463316165,-32.03416442871094
-60.92137282626391,-15.548702239990234
1.99934019108803,6.035556793212891
2.188685633501576,-14.15391731262207
4.07090957771029,-18.789400100708008
0.5211206139658471,-23.344863891601562
12.5580583918003,1.0942955017089844
3.320229681965675,-32.490455627441406
-0.4381862293696001,-16.849864959716797
0.1752112379752922,-24.540746688842773
4.123908949931413,-5.75129508972168
-14.2382866820043,2.6364574432373047
12.966325580978296,-10.330963134765625
7.692941411907634,-34.79937744140625
-62.9031214125763,-39.564964294433594
-5.800670766453999,-23.193889617919922
-11.705366535732304,-8.990097999572754
-4.786538605318405,-7.065211296081543
-82.4887013651952,-37.86124038696289
-8.251107402184557,-13.660566329956055
1.61677665352485,-31.29658317565918
-11.916211326129387,-41.83855438232422
-45.634880019414,-41.2024040222168
-0.568998602339841,-26.877819061279297
-12.147399114840605,-16.644935607910156
-27.4476544011683,-22.95305633544922
-2.306526469902426,-16.785945892333984
-0.4835459876036119,-5.450387954711914
-8.39479061793487,-7.293694496154785
-46.862925671502296,-33.86722183227539
0.3837795244341289,2.7203922271728516
7.184930267876617,-21.74642562866211
2.8348518495029404,-42.824520111083984
-9.859535687586003,-40.51213073730469
-6.00025755794808,-34.137237548828125
-4.764629840066975,-29.929119110107422
-2.377061578670744,10.719680786132812
-2.0585753436264698,-15.365426063537598
1.1848602197973823,1.3646278381347656
4.97603191479674,1.423858642578125
4.27399441028646,-10.922391891479492
-46.2372447228831,-45.77614212036133
-31.4759298257721,-21.549114227294922
-50.1674018945849,-23.978652954101562
0.9601515747159592,-13.534927368164062
-11.864177458483407,-22.01581573486328
-0.538262620928304,-18.10049057006836
-0.6920482116816997,-43.14421081542969
-1.5184696160120892,10.823232650756836
-3.0836644409391925,-3.6555042266845703
11.316750179392892,-2.7946243286132812
-11.183106529127476,3.300334930419922
3.59102041590596,10.282642364501953
4.55602013063716,19.50930404663086
11.579228393987275,16.154949188232422
2.3067635611900137,-5.787331581115723
10.480393919522983,21.32908821105957
-2.698100773809443,-18.177295684814453
3.776985072333982,0.2552013397216797
-11.773766374328297,7.132672309875488
8.681027307740193,-5.580600738525391
-1.1091988250418725,1.216409683227539
4.484288991501213,-0.8517990112304688
0.0548896546292299,-3.7225780487060547
0.1118559290339978,-8.377935409545898
3.9797293996962297,-10.487005233764648
-22.42608065327665,-38.11268615722656
7.37064384347005,-4.931873321533203
-0.2642143205483515,-20.821044921875
5.344594984386832,-1.775686264038086
-1.2497809936708242,-22.116544723510742
13.71198107208239,7.427040100097656
0.5045482395984724,-1.6678218841552734
2.86709961553106,-13.34206771850586
0.4423212163888063,16.056875228881836
-3.724573545179619,5.338691711425781
0.2570808252882703,5.947629928588867
-70.65073406723695,2.6240806579589844
-33.9587360563784,-1.4835419654846191
9.2088386022025,19.193010330200195
1.3318185914773402,1.8807926177978516
-9.176001953270983,-6.136609077453613
-10.497767159210698,-4.984804630279541
-0.4402086584014632,-4.825681209564209
2.1560784090827942,10.87647819519043
-27.1636490162131,15.401756286621094
-0.670930828719279,-3.1849746704101562
-22.794043146736,-11.548834800720215
0.8105828534072201,-2.003742218017578
1.2287673509824204,-2.0696420669555664
-0.6435038581465955,8.998306274414062
8.474782023793379,21.44444465637207
-9.601847091024196,9.29384994506836
-1.6610011043127195,2.3346309661865234
-0.1091636509260827,6.109785079956055
7.570838092245207,1.730696678161621
-7.211196994815285,-22.852344512939453
9.090654061652296,1.5879592895507812
-26.6651088566214,-5.902700424194336
-17.309192174305,7.008674621582031
4.14054171285972,4.142238616943359
4.097668935846943,20.409616470336914
-0.29408409265346,-14.216736793518066
-35.8165916579592,-22.30858039855957
10.898098675545494,11.286905288696289
-1.6552655274048038,-5.7544403076171875
1.6729502580778592,3.351705551147461
-6.42491227706334,-1.8451385498046875
-15.4752611754195,-18.02288055419922
-0.6907348474047925,-3.7889060974121094
-21.3629045873375,-9.675203323364258
4.219145585451182,1.7785930633544922
-3.019531285218114,-19.20895004272461
4.25311060075082,-27.983003616333008
-15.0412339008878,-8.221229553222656
-8.237627320974727,-25.20354652404785
-1.0683487237199796,-35.72193145751953
-1.7174251595272625,-9.666736602783203
4.069163600073605,-32.74987030029297
-10.162041561092582,-42.88838195800781
-5.97248436581227,-26.25908660888672
6.120538767403939,4.304607391357422
-0.8028238008287005,-16.124258041381836
-23.6042929930625,-31.646406173706055
-0.1777753404752198,10.414779663085938
-5.785469568057495,-31.682273864746094
-0.0556983764780604,-27.86529541015625
-25.4508968849616,-32.709625244140625
-5.3185412482723295,-15.69472885131836
9.1356503291117,0.5821208953857422
4.020569536845237,-4.667240142822266
-58.5527340809363,-15.904346466064453
-6.291328737399075,1.5349693298339844
4.187869588752649,-13.49604320526123
8.922207576391518,-11.759828567504883
22.7414116448382,-2.8438892364501953
-44.6057608529879,-26.84166717529297
-26.5129077898497,-19.005712509155273
-2.13735826282737,-2.6815185546875
-1.14890133483728,1.9601106643676758
-15.2234416939723,-11.188737869262695
0.369316059642221,-6.732137680053711
-0.6884117876070912,-21.363582611083984
-5.8772631055401,-13.96464729309082
3.6053774296538297,-7.644662857055664
5.07108724357905,-7.598663330078125
1.292753014965791,-4.447793960571289
8.440986836263871,-11.930022239685059
-3.43040335892423,-17.902206420898438
0.7651079053562314,-31.345457077026367
-37.13962469223695,-21.936824798583984
-5.822632503482525,-7.28126335144043
-6.879472048396067,-16.058387756347656
2.11024229353816,-8.466526985168457
-7.1526743450051855,-11.564226150512695
-1.122073026503361,-23.722408294677734
0.3302260274555297,-14.944765090942383
-1.178255647098801,1.7061958312988281
-2.99361591491145,-21.363609313964844
-18.1070051290659,-23.6783447265625
-3.0332808194811403,-4.599462509155273
2.6303171850506604,-9.847309112548828
-9.72499716390718,-20.100921630859375
0.2729453578388601,-9.582460403442383
-21.4503408223732,-9.373355865478516
-4.99755531471552,5.258808135986328
-18.0018409950579,-27.150131225585938
4.00031385473591,-12.764406204223633
12.0378145652987,-4.252355575561523
14.1235470599023,-14.264256477355957
6.55729051148795,-13.859756469726562
11.19992297656359,-2.229766845703125
-7.81388191369781,-13.162182807922363
-2.924593214648255,-16.023561477661133
3.7667366885646025,-12.542488098144531
-6.68253431604433,-8.437087059020996
0.7345204104922589,8.562385559082031
-10.626155896203898,14.160717964172363
8.106852576346123,-11.363471984863281
-58.24412469223692,-10.231000900268555
1.4955767028094,7.983192443847656
-17.6906096863185,-6.2332916259765625
-4.813871520282443,10.564910888671875
-11.8973420493851,2.7393760681152344
-2.67676896274171,9.457901000976562
-3.9331393974605526,0.9444065093994141
8.756217929094177,43.09001159667969
-29.2662792150344,-5.060493469238281
1.7249239205326918,24.877593994140625
-6.686975812883663,1.9109878540039062
11.10272802991041,22.888370513916016
-10.956818171714705,8.656928062438965
-6.3500959185649,-1.2763071060180664
0.6681105368389735,17.839664459228516
-12.500029270357295,16.494096755981445
-2.591242863373206,-2.8240232467651367
5.954690473588823,2.4064998626708984
-43.929359067237,-1.122955322265625
-17.4841411730512,-2.896066665649414
3.61441892535489,25.513412475585938
2.1112971208509976,-5.965473175048828
-41.8026500314277,-9.966720581054688
7.028135642932115,7.084163665771484
8.463248256721428,9.973518371582031
-13.037072413777096,8.342105865478516
-1.6307504375632549,37.34666061401367
-0.3284521577656807,14.45627212524414
0.4685622181175212,1.1129016876220703
-5.316952415477393,20.088212966918945
4.584421564331302,5.064085006713867
-20.3593816575191,10.006725311279297
3.67041582610247,16.009580612182617
2.204062447972561,23.699413299560547
-4.666937653128132,2.0311756134033203
-12.3781694316975,4.40504264831543
7.06923762363823,11.780211448669434
-37.2883298194418,-19.079675674438477
6.442434166934048,-2.5092315673828125
-12.2162083245621,5.314638137817383
-20.3623076046531,-0.14980697631835938
-5.45440876641342,-16.8927001953125
3.1416241584890576,-2.5833187103271484
-4.96580172718434,-6.867307662963867
-37.4061766871973,-4.735976219177246
6.46185690649625,6.371733665466309
0.5403453062071405,0.8167915344238281
8.656689402528613,17.075899124145508
12.331931266595111,11.446084976196289
2.75380173901167,13.477014541625977
-2.8447496930443927,9.949869155883789
0.0285872237409883,-24.83531379699707
-73.5286754265322,15.186117172241211
7.285509446842615,11.111787796020508
6.72046542688671,17.40879249572754
-6.19730890695259,10.065784454345703
-16.4599719883519,13.871427536010742
-10.288292260688207,0.7507753372192383
-10.285920522724917,-6.610345840454102
-30.8171784242839,19.759963989257812
-4.65691689928222,-3.6221961975097656
-37.1716279374795,-10.753655433654785
-36.50577458359941,-10.34841537475586
0.7942566624333496,-12.648460388183594
-34.8552692363716,-7.2543487548828125
-2.491707941339629,-28.844642639160156
1.7387039934851498,-0.2269725799560547
18.9715733525152,-8.64772891998291
-13.8996269060666,1.8820533752441406
4.17561229224804,-8.137954711914062
4.7680640763497,-10.549327850341797
-6.745372906074374,-12.442865371704102
7.262818938793504,-9.556346893310547
-55.7541546140486,-23.285913467407227
8.453421074249384,10.146257400512695
-5.85807143580148,3.4761009216308594
-52.7336020518746,-43.69183349609375
-1.995826789875676,-1.6847305297851562
-1.3326443092463092,-32.635154724121094
5.029017096161708,-19.669397354125977
-0.71117494174041,5.031030654907227
8.243548509216069,-5.697029113769531
5.81602235619721,-11.60592269897461
5.978124919049687,-11.062017440795898
-2.8859593337581737,9.516847610473633
-26.0047332498617,-24.586563110351562
-1.5220929784942658,-26.82248306274414
-3.195242757261453,-14.683948516845703
-15.0089303719363,-1.4749202728271484
-1.757118944268968,-46.2564697265625
-13.5091075877696,-19.57923698425293
-4.0681667574955,-12.458477020263672
4.43276114617859,-16.439502716064453
-4.665207913971671,-17.94029998779297
7.33919324558513,-15.257305145263672
-11.69780882660921,-15.507843017578125
5.960801203295765,-17.127904891967773
-29.9162730471743,-12.63979721069336
-5.331847529263395,-32.696861267089844
4.2006804390709,3.2348556518554688
4.76541245752904,-26.13369369506836
5.87221574658101,-9.44196891784668
-12.955988512618,-14.784637451171875
-14.4061745570978,-29.994186401367188
13.644333664082708,-7.70623779296875
7.522446474796843,-0.15073680877685547
2.858782897786812,-1.7200279235839844
-49.8653288018085,-25.529926300048828
-4.029904705212941,-10.119548797607422
-6.2026319104393295,-21.313156127929688
4.452168509343501,-10.663215637207031
-16.475900892606802,-3.991504669189453
-11.03094492075089,-26.617637634277344
-8.08045020128908,0.7622833251953125
1.39259946716825,-6.990184783935547
-14.885807229381896,-4.461647033691406
-11.113180908425988,-10.548887252807617
5.506094216928792,-1.0001239776611328
5.29091659278858,-24.309467315673828
3.42106467876526,1.8337326049804688
5.162821279449693,-33.77928161621094
6.020551076354931,-17.883739471435547
0.8086942897832163,-5.20733642578125
-8.80546181278599,-16.79460906982422
-7.42349600405968,-39.7303352355957
-14.4731176558811,2.7158737182617188
-35.5448186771701,19.395370483398438
-1.657597602265355,17.738855361938477
-1.930224441335125,-0.4682321548461914
-10.398648228661925,13.00013542175293
-1.6521884315998507,-2.039501190185547
1.3131129859732091,5.092012405395508
-0.1240821746904601,1.1251716613769531
-35.1709788883515,-10.526275634765625
0.6771989561182002,4.995584487915039
-5.8677981963370005,-0.3849143981933594
0.7982616963508231,6.686697006225586
2.595279020812243,-3.6794166564941406
6.9472187772133225,10.561599731445312
-41.1395198834054,4.142544746398926
-35.4604736838065,0.02829265594482422
7.87379173269718,16.354766845703125
-8.72128086410909,-3.406505584716797
-82.13826531723697,-2.592599868774414
-9.70693692529289,-1.1219830513000488
-61.4386715672369,-1.6731624603271484
7.10938257895085,11.175765991210938
0.4007388327427847,7.286043167114258
-0.7455370396145937,8.00328254699707
1.674966057420845,-20.030929565429688
11.877856996640997,11.412559509277344
-0.9096556467231308,-13.65671157836914
-1.4680391508473674,0.4934883117675781
15.6414782015599,-6.334999084472656
-10.35739215730591,-3.79949951171875
1.926107182225645,2.722463607788086
6.99756701325662,17.43364143371582
3.54836143321337,10.926311492919922
-7.726553411266567,1.0096149444580078
-48.51478094223695,-0.8829860687255859
-3.0453156276270903,-7.127418518066406
-3.454798154796729,15.727542877197266
9.503977484174175,23.209022521972656
6.001532732018722,14.741458892822266
1.775572054007981,-3.868441581726074
-2.6871577689602653,15.992372512817383
-7.920344649869953,-1.5833473205566406
2.578081311550471,18.36212158203125
-14.434457477598505,14.769136428833008
-1.338045882914232,2.28633975982666
-44.1817825469333,-4.377105712890625
2.4314234692194163,11.807239532470703
-2.35314836228574,4.719011306762695
-2.07036107592124,14.589012145996094
-6.560167066336443,5.0561676025390625
-2.54688332955635,16.60727310180664
-7.940842049461227,7.598100662231445
-7.789052707582185,7.383960723876953
-1.4295761119406232,0.4471473693847656
7.206977941743588,11.231973648071289
-4.081394009803599,10.77614974975586
-30.167243616457,18.185646057128906
11.7225687296843,6.87847900390625
-0.8984319813221007,15.685985565185547
10.349523074958825,24.631357192993164
5.42147270471237,7.068206787109375
-0.3136273830120112,22.816877365112305
4.398848813602776,23.253175735473633
2.099307195887115,9.858375549316406
-61.6890402284636,-27.275554656982422
-7.08434802004719,-10.355813980102539
0.6962467393230812,-24.27263832092285
9.0758909366509,9.388420104980469
-1.9263965715605047,-1.1383056640625
-6.262949496708321,-11.363324165344238
-4.739766082030863,-6.301422119140625
-36.8822022827233,-29.272554397583008
3.24770439300306,-28.48171043395996
-2.289513933263135,-15.43488597869873
1.41805545618482,-7.623134613037109
-24.4432878855492,1.6708717346191406
-24.96156751119129,-22.63225555419922
-7.734574598544068,-18.49184226989746
2.79124989437018,5.218969345092773
-5.17831154550348,-18.469919204711914
1.5275640312561216,0.9042835235595703
3.682989905065457,-0.5080089569091797
-10.8237586662752,-32.0110969543457
-6.929951553081727,-27.46070098876953
-27.96215708599589,-16.127399444580078
-2.88087637063392,-13.084394454956055
-5.960419628776203,-2.4284095764160156
-37.189874708633695,-22.44583511352539
1.1496085756031087,4.275291442871094
-12.7137936794919,-24.796689987182617
8.398744223780918,-38.63925552368164
-33.3004252633332,-31.883806228637695
9.144089281431205,0.9678411483764648
4.065326821312747,-13.182008743286133
-41.9047429025821,-15.114067077636719
7.383552345763623,0.8039722442626953
6.364261125349779,-9.918449401855469
4.841793570156368,-13.081742286682129
1.6198341998494314,0.0107879638671875
4.179707781567577,2.824615478515625
-14.7229944429405,7.2618560791015625
7.078924552126015,-7.8293304443359375
-12.898019313824,-39.94712448120117
-70.8116033690518,-33.74033737182617
12.7359625054994,-2.492671012878418
5.586124430090477,-1.209768295288086
3.028467183462371,-18.162954330444336
-5.830142578087577,-29.832714080810547
-22.6841489367301,-16.343700408935547
-1.51657819068512,5.00071907043457
-81.52648016021857,-35.968353271484375
-3.36903782007548,3.5929183959960938
-18.707844022,-5.128725051879883
-34.48768519828235,-22.340669631958008
-39.7169735486916,-14.615456581115723
-1.593720937577549,-18.245283126831055
-23.2954444871652,2.2115373611450195
-45.30258920076982,-15.304737091064453
12.5056328567953,-6.711381912231445
-11.9299972333177,-20.82749366760254
-37.9495035857927,-2.8977088928222656
0.7001962140772594,-19.676490783691406
4.49418879319923,-16.482280731201172
-39.0646563811545,-32.10700988769531
-9.09730633851708,-22.80324935913086
-17.5589533745204,-12.739416122436523
-4.92782811871599,11.162566184997559
-8.2299173561342,-21.481557846069336
2.60625970962018,-7.152763366699219
2.726862934921635,17.853506088256836
4.071661498679735,-4.573896408081055
-13.2494383747796,-1.4820432662963867
-11.9154244975033,5.915428161621094
0.9090871567987184,-8.042407035827637
7.92708077877978,11.37238883972168
-3.119647295186995,-9.09381103515625
-2.248378586620203,-16.527217864990234
1.6646916021852596,-4.414568901062012
0.1590569364430157,11.040550231933594
-77.3623903172369,-19.905223846435547
15.8859560938761,25.797950744628906
-3.11888044241469,-11.382268905639648
-2.7468186065138984,8.054990768432617
2.77922195660905,5.520402908325195
4.052279150357491,-14.601028442382812
-4.03806373695381,-5.246152877807617
-2.4461467814868523,-33.06898498535156
-0.1639564470097907,4.1581525802612305
0.8542168432631491,-19.19375991821289
5.84905996845087,-2.439882278442383
-5.77665564868809,1.0614070892333984
-3.7008288999313423,-15.566900253295898
-7.18713065449027,2.606644630432129
-0.9529303605806088,9.602882385253906
-15.902118442879,-1.9493827819824219
-28.0636361890057,16.089611053466797
-26.912205886836706,-9.420844078063965
8.596988309863011,14.094377517700195
0.2877587512502297,5.459916114807129
3.3899996482015826,19.15862464904785
-20.5869014386951,1.5016603469848633
-9.341800010912078,-14.25756549835205
0.1692077246922899,5.8631439208984375
-1.857666460494741,-13.922313690185547
-13.2752747780792,-36.86133575439453
0.7445982178878973,2.471302032470703
4.49646859469848,-6.103794097900391
3.60913262992784,-1.1338996887207031
-5.653435188749545,-1.005274772644043
1.51502173443586,-7.086956024169922
8.143116180793372,7.14341926574707
-8.36164856265281,-4.65635871887207
-1.130678948105339,-4.933147430419922
-4.349210006555943,-3.740475654602051
0.2594141505344826,-0.6027183532714844
-32.1283374054069,0.8058719635009766
-1.9051378030600723,-0.8733367919921875
4.768047800449637,-5.867919921875
2.264898495983479,1.74560546875
-6.47138721063866,-4.810381889343262
4.93167956005568,-2.0989933013916016
2.4851768276660025,4.352521896362305
-3.930469946192945,-7.758817672729492
11.923948375295712,13.903816223144531
11.616605850275496,-11.168476104736328
10.41580460128629,-8.878987312316895
-8.700462669667385,-8.943419456481934
13.1991243046288,5.355363845825195
-4.75101729862813,14.683370590209961
-1.4230966237807086,6.764537811279297
-2.07861348348741,-3.77239990234375
10.292368565007404,-28.064285278320312
1.9007667723773176,-13.96147346496582
17.1612744381531,-13.406858444213867
-0.1428452494230792,9.44198226928711
2.4933992323843923,-5.216669082641602
-13.861300672159,-20.146121978759766
-1.7943154401891548,-9.166356086730957
-4.15624175439773,-11.626152992248535
-14.277645616907492,-16.882831573486328
2.713132201978397,-19.970470428466797
-13.315456279797685,-8.462963104248047
-5.36204355968609,-5.165187835693359
-1.4872271509121793,-14.768514633178711
0.31232235517322,-12.512474060058594
3.0307168501552093,-26.18477439880371
3.4484762474106,10.173370361328125
-34.0729170807354,-10.090506553649902
-25.0659802428987,-9.284948348999023
0.86771933446589,-9.870047569274902
-11.996919710325,-21.432147979736328
17.2594267615487,-9.476465225219727
-56.2560888739038,-21.79553985595703
-12.7386491421071,-3.377058982849121
-3.520787796436005,-5.718220233917236
-0.8014467498558491,-19.958404541015625
-34.7812340468876,3.928192138671875
7.158235365631607,-12.579072952270508
3.29681579894721,1.1910953521728516
0.046018285265003,-16.01356315612793
2.046344769010002,-15.198345184326172
4.25403099118957,-18.69428825378418
3.7804230286959792,-15.893885612487793
-3.773219093074008,-20.144798278808594
-9.722403045722997,-7.283903121948242
2.81101468536903,-13.393255233764648
-23.7494411406013,-28.981979370117188
-75.56229656723696,-38.36919021606445
4.366245372711767,-5.58056640625
9.94612085382829,45.36335754394531
-8.207132148775708,-12.823007583618164
-3.09775596823669,-7.264152526855469
3.77256113899207,-14.401119232177734
0.2016574678685985,-7.8824615478515625
4.38808277416547,-15.107297897338867
3.7092867134231,-4.203807830810547
1.6740112862957208,-3.9220027923583984
-5.472376660417956,-1.0974702835083008
12.283123760680592,4.1037397384643555
4.417989059347175,-8.581655502319336
1.907333647224608,-18.169681549072266
-3.73521146317182,-24.842201232910156
7.837521570550837,-1.4620399475097656
4.82455755953161,-14.998132705688477
-0.6472060937938101,-3.5158004760742188
-8.237956686764985,-29.28474235534668
7.36579899286375,-9.497234344482422
7.859716520666763,2.158167839050293
2.765011277030255,-5.5685272216796875
4.62415639298937,-5.9325408935546875
6.430237727930085,-9.958885192871094
2.44728958086436,-25.503376007080078
-1.93656353174353,-2.6825809478759766
-33.7845903951132,-6.920896530151367
10.960301672714698,0.10419464111328125
6.147225205740463,-7.701929092407227
2.4659746492236927,19.525114059448242
18.2642273209106,21.884593963623047
7.656482330373112,0.05516815185546875
-63.2346715672369,-12.663549423217773
-22.9610154952969,3.934497833251953
4.39789099231211,22.513511657714844
-46.587141393021525,1.5536727905273438
-12.281506448986304,9.274343490600586
5.220668557811489,18.17103385925293
-1.4412632820262703,0.8175506591796875
-35.163016426576704,8.171686172485352
-31.380009974583203,0.31587982177734375
-40.7258600860177,13.170490264892578
-35.3994683825842,0.8557558059692383
-10.968565079401992,3.8337039947509766
15.384553292915324,-15.026805877685547
-0.4271227388875901,8.127250671386719
-7.69948364751984,8.768821716308594
-26.6822467124322,1.170267105102539
-0.2823200449385875,-5.950229644775391
-3.8453528225106623,-2.342233657836914
-2.4599041427842496,23.073169708251953
-12.7315114055493,4.007678985595703
1.418014053180695,-14.172714233398438
-3.4922781726655696,3.0164871215820312
9.58062385928767,7.15451717376709
-17.5801214502402,-8.115394592285156
-49.5120706514507,-10.91672420501709
-0.4503474699443348,5.979940414428711
2.332279780348585,6.958438873291016
-42.2483635713802,7.8568115234375
-5.00028834575103,-9.504992485046387
-5.14141487663266,-18.68224334716797
-19.923371510770203,0.6882543563842773
4.28301459624688,17.64437484741211
0.3224388648416145,-7.26898193359375
6.795393661635613,13.215719223022461
6.720388221210122,8.160133361816406
-20.7558388881914,-3.546466827392578
-12.5922662394529,-6.6366777420043945
-5.19085420781142,16.07196044921875
-27.3858072066324,3.38169002532959
6.488490212037078,13.069480895996094
-12.5233171201947,3.5192079544067383
0.996650643215182,-20.146438598632812
3.27144637329635,7.32875919342041
1.203208947199059,-6.602227210998535
4.5031585012656095,8.364837646484375
-46.6686841099013,-18.71521759033203
3.600655729290548,-1.832326889038086
-2.7077151362496297,1.3893013000488281
-42.936846127142296,-11.923614501953125
2.679404112105611,17.56326675415039
-23.975827854410426,-3.8840856552124023
-24.4869919201538,-14.0487642288208
-6.22433036882608,19.257665634155273
-24.992167376126925,4.883523941040039
-9.742168339465294,-3.7910633087158203
0.1235817830644999,21.866558074951172
-11.607028837624,-0.2305126190185547
5.321680837772678,20.598819732666016
3.3452637215970498,1.0881633758544922
13.015759276594096,8.639739990234375
-6.13466459150186,17.364051818847656
3.0897024917955025,-12.760536193847656
3.557691046156,-4.479221343994141
2.0008593011464906,-36.02342224121094
-1.2671721747064446,-13.285736083984375
-2.989164004622407,-15.998014450073242
-2.43808381047612,-8.652434349060059
-11.30813578108209,-15.170598983764648
-9.619042312244815,-42.56748962402344
-4.01456885639382,-7.312829971313477
-4.853312003098937,-19.70174789428711
2.78743688363977,-14.893787384033203
3.6035536346157695,-11.259098052978516
6.09033976794457,1.5260963439941406
-5.89266438028177,-4.33497428894043
4.780848076735348,-9.475936889648438
-20.7592210135025,-14.107481002807617
-3.637071869773312,-15.894771575927734
-4.396710286499547,6.321290969848633
9.04709717330502,-18.022701263427734
1.69213972357191,7.606345176696777
-27.068723822751306,-1.150472640991211
0.2886204877907422,-17.48624610900879
-0.592182005541919,-22.93739891052246
-4.736229867816737,-19.777877807617188
7.877641553655238,5.582409858703613
-2.588665914009158,2.775430679321289
4.72846919446815,-21.059249877929688
3.42669038506664,-6.236652374267578
-10.274169876330886,0.25333595275878906
-1.289264920121349,-28.709131240844727
-6.9648772325347394,-15.451826095581055
-1.2236747050651609,-5.178775787353516
-12.208208404490907,-37.49415588378906
4.40921359309415,-8.796760559082031
16.4171583068458,3.75439453125
-15.991582533821994,-5.296836853027344
7.809600001042748,-11.01701545715332
-3.0331069492891496,-21.444965362548828
2.603164662477901,-23.45906639099121
-24.2572199033326,0.6127147674560547
13.667582002208905,-29.071975708007812
8.19307228691883,-5.367496490478516
0.4664503305112299,-10.913910865783691
-6.46133524603972,-25.85416030883789
-19.7520332208299,-14.32369327545166
-7.75971004909346,9.117895126342773
7.66334596528203,-26.00393295288086
-27.64770126959135,8.924301147460938
2.125547882163602,10.270271301269531
-1.8239337240231768,3.2760677337646484
3.3696784995100426,-13.253047943115234
5.265272900492549,-18.92236328125
6.753311816554961,-11.812780380249023
0.9434331950199416,-5.942461013793945
2.13745295521649,-5.29693603515625
2.76912169862866,-10.251102447509766
2.409764321136161,-13.984903335571289
3.7606671418030695,-18.84423065185547
0.555665600488549,-6.280970573425293
-89.04756219223692,-13.443782806396484
6.987950206462267,11.047956466674805
-10.09410467002709,-33.82973098754883
8.16191414696451,1.500051498413086
-10.731303688850904,-5.104266166687012
7.588764503474316,21.696002960205078
-5.25293160621848,-0.08781051635742188
2.3065604778561424,13.568069458007812
-3.8022266666193874,10.290539741516113
3.22816419080692,-6.712646484375
1.1941842843275,13.568864822387695
9.772192422094813,-8.850114822387695
-2.489313079893845,10.917598724365234
-13.547300817594484,-5.089485168457031
-1.5403494549472296,-10.74361515045166
-5.139364658294922,16.559110641479492
-1.32131943338233,17.929540634155273
-0.5284321769112605,16.382564544677734
0.1119561526876595,11.668745040893555
14.8508222506114,19.382747650146484
-0.0918051514147744,20.449382781982422
-1.7237618714553775,2.9547672271728516
-1.5699354762224491,30.630300521850586
1.5718362711845366,-6.396780014038086
3.58036180553514,16.330604553222656
7.45084701577923,15.797201156616211
-7.378812419643663,1.3633651733398438
-33.1832620874725,6.300193786621094
-6.066411004621831,11.007472038269043
-16.4910721624856,-6.087471008300781
0.8267526169764301,3.8779373168945312
-9.762453719841735,0.03560829162597656
8.07102955700163,13.614398956298828
1.741670982094262,21.957548141479492
-0.0053525606393112,12.149778366088867
-51.4043293278057,1.0348129272460938
14.9415296965116,-30.564117431640625
8.70853787657841,-12.372960090637207
-2.149900469098629,-5.376795768737793
14.8229623836697,8.804068565368652
-0.0379657812584102,18.429624557495117
-15.3173389528898,5.239826202392578
-1.7663441991754285,2.2908802032470703
-6.708306328674888,19.756446838378906
-78.7451798053926,-4.303576469421387
-0.5413656534735456,5.744903564453125
9.625121597198186,11.32376480102539
-3.15562863494722,1.9989080429077148
9.60447820177431,6.7332000732421875
-3.31847606547329,13.494831085205078
-4.12581810820042,8.372474670410156
1.7706121017107803,27.983612060546875
0.5117341060036625,11.56509780883789
2.63157412115867,7.237729072570801
-4.763634360062484,-16.348020553588867
-11.18181257464061,24.405582427978516
-39.4932668903457,0.680908203125
9.206200380526292,16.94591522216797
-2.93911844531118,13.862295150756836
-28.13472322157985,6.858766555786133
9.62907409316032,-1.9097557067871094
-7.042636248773623,-0.32666015625
-4.03025121975644,4.769472122192383
3.42951329804928,16.182979583740234
2.5565427438131976,17.00449562072754
2.8513084033656,-20.121280670166016
-5.5623675139736175,7.047492980957031
16.9968892380515,5.563213348388672
-4.144685584269085,-2.554607391357422
-11.221818720505304,-6.381864547729492
-2.111656589218961,-19.756879806518555
-1.626797120535592,-7.617074966430664
0.7652624054000594,-4.1944427490234375
-21.5531296050118,-17.9317626953125
-13.053772031257305,-12.474970817565918
5.42509465390903,0.9951190948486328
-5.5186956836840375,-7.77872371673584
-2.260381023139061,16.947967529296875
-30.3377383335249,-18.807538986206055
7.380729755239978,-7.679340362548828
-4.172986764275874,-26.312314987182617
-1.2036514942358316,-34.18013000488281
-35.2906329121599,-8.965351104736328
-2.54595208771381,-14.870630264282227
-10.901275449743116,-11.299418449401855
-17.0078420331655,-25.800365447998047
-17.0314498829154,-23.07483673095703
-11.9784507557909,-8.644824981689453
-19.469018973061075,-11.960389137268066
-3.2142130797467816,-1.6696414947509766
-0.5663484394051013,2.2726821899414062
-21.2195468929047,-4.854254722595215
8.077984978184695,-4.420576095581055
-17.0119321722455,-29.211875915527344
4.67424026120176,-14.410602569580078
-47.9875704511971,-29.41775894165039
4.316615136301563,-10.673690795898438
11.2728180991378,8.029012680053711
-3.5546157663424616,-16.11829948425293
-3.15887949932979,-35.663291931152344
-1.6422791314174887,-2.7989540100097656
-3.448025235667948,-12.928293228149414
-13.5632540546311,-25.992847442626953
0.8825935384285006,-9.452077865600586
3.27100049685324,-6.414897918701172
-0.7762273913233743,-1.4880790710449219
1.026942322157092,-25.171144485473633
9.859104788483815,-22.747642517089844
-1.9977872313530125,-7.592258453369141
-13.1809903671301,-22.09421730041504
-35.1782981083837,-30.021747589111328
-35.8337806803641,-9.371489524841309
-7.639409008216227,-10.87198257446289
-15.746453943284,-25.094886779785156
1.055995951979529,-0.4230461120605469
3.987299411465438,-5.311546325683594
-37.0930621901092,-10.467691421508789
16.694612728237402,-31.004711151123047
-4.527979888097892,-6.069774627685547
14.6352674345898,-18.7252197265625
5.034618319433818,-17.250438690185547
-3.77133000272187,-7.924318313598633
-1.61504571199055,14.66748046875
-56.3663437951974,3.0420703887939453
10.088450856398616,-6.699577331542969
-14.285610883283098,-27.445924758911133
2.6210618799141923,0.19165611267089844
-2.308732762121495,7.645867347717285
-83.9761260280997,-32.132347106933594
-1.03656181464744,-10.515571594238281
10.16232173056559,2.1728973388671875
-3.12013961477547,-3.288431167602539
3.010752586641185,-8.038822174072266
-1.5178355576616795,-5.361324310302734
-2.60072537807549,28.489391326904297
-2.367312137177082,1.733480453491211
6.075310726130807,16.630542755126953
2.24572304437811,-1.9311656951904297
0.2044267191685782,-0.8356208801269531
3.85944773684647,9.001760482788086
-14.409506408843407,2.280637741088867
-2.683955047842884,4.862369537353516
-0.0075038478591599,-11.233863830566406
7.190050317883171,11.036660194396973
-2.1691769605730515,-17.001434326171875
-7.910003358009165,15.441349029541016
-69.1366966634013,4.305444717407227
1.437241653553571,1.7810497283935547
-20.7409218490905,11.660055160522461
3.78247800369874,17.20721435546875
7.909526276907584,-17.368215560913086
6.097122298913325,-30.571430206298828
24.5800902168924,20.006454467773438
-9.979741434164584,-9.701580047607422
3.1327986373042376,2.962388038635254
-8.393586343504198,-4.656829833984375
8.678125432705007,20.875701904296875
20.7428439693387,8.639101028442383
-1.511416195100045,-5.524448394775391
-23.3725501337939,-18.591432571411133
4.69437535963172,-11.449925422668457
8.24149319055937,4.773415565490723
-0.2898522089969393,21.66401481628418
-7.19378137939456,-27.300819396972656
1.0271109700113177,2.802043914794922
-14.564555056626377,-4.662569999694824
-9.657849716236,-24.37975311279297
-0.7280966227290082,-5.274116516113281
-21.8962191024866,0.7689242362976074
-40.2614734397264,10.879150390625
-1.77750068778882,-2.327556610107422
-28.3488859938485,-10.07923698425293
-8.184373188662292,-6.035249710083008
-6.135426654744688,-3.934844970703125
-3.270422191581055,4.628517150878906
-6.055427015859325,3.5049705505371094
-34.3143130117107,5.7310028076171875
-50.4820483838523,12.879692077636719
-4.639593570653838,12.717948913574219
-21.0606958753072,0.8293190002441406
8.747205755218493,23.31627655029297
0.6884341878779402,11.607776641845703
0.300408103033295,-5.3032989501953125
-17.2817979072755,-13.745458602905273
5.79128728304933,10.49947738647461
3.7921116228684086,0.7773380279541016
0.51700222845629,-0.872715950012207
1.0966146270020711,11.547500610351562
-6.613686761665703,-5.304871559143066
-39.873530292237,-4.885967254638672
-35.0272315856836,1.4096651077270508
0.2475632146873464,20.063419342041016
5.59963570142504,-2.4065189361572266
5.29419053806362,-4.970708847045898
6.457932781589695,13.357734680175781
6.4251548431743295,-2.907327651977539
-19.7885249955934,-19.165254592895508
-2.4097304318056905,-10.780038833618164
7.543407488617369,17.22119140625
1.83593808226401,-14.876958847045898
-1.5082203021212124,-9.222579956054688
5.99108205682079,-18.170059204101562
-18.1797235112709,-3.46063232421875
-12.840088322870097,-10.85354232788086
-2.23616712442702,24.080162048339844
-4.662511414401839,-17.35718536376953
3.41802282280863,6.573068618774414
-12.0320822507053,-53.49814224243164
-25.9801803981754,-24.051605224609375
-5.97419023328963,-8.481191635131836
15.4186986077963,-24.28717613220215
4.480465220149085,-26.879751205444336
-13.2363849677504,-19.47713851928711
-9.362863686069195,-22.5050048828125
4.128157012788561,-6.194742202758789
2.26767773086615,-20.97572135925293
-24.1634597090208,-28.983966827392578
10.013204486477417,-1.5764617919921875
-31.934070451053,-3.7070436477661133
-22.9515728231767,-18.765655517578125
-11.219410776078313,-9.245345115661621
6.00089213826483,-18.249805450439453
-28.9638748432599,-15.861666679382324
3.11049964318654,-14.345216751098633
-1.073248118887358,-12.588457107543945
-10.249148139079496,-18.628376007080078
-13.14009076535719,-30.185298919677734
0.7364260970712593,-17.692583084106445
-44.9949251983702,-16.149425506591797
-5.159519294761907,-8.590460777282715
1.869241020829697,-18.39236831665039
-55.54568697318505,-41.68022918701172
0.3065104335081801,-30.262409210205078
-10.386374558578522,5.494871139526367
-3.0345245902191325,-22.14578628540039
-57.144820014625296,-31.993812561035156
2.85060083445348,0.8577451705932617
2.446050707651698,-22.24694061279297
5.50221601830175,-46.454322814941406
3.455876052191651,2.6210289001464844
-14.6157572128631,-22.149105072021484
-0.874105623616695,0.8305950164794922
-1.378759213278819,1.590754508972168
1.350733135180331,-2.840747833251953
-1.94666134980912,-8.050834655761719
-3.36735139960915,-16.371471405029297
0.8319171014720902,-19.747350692749023
-40.2101205720394,-5.503973007202148
-24.577379709126298,-37.39807891845703
-18.6292132467089,-10.497943878173828
-46.39510994896701,-14.039796829223633
-2.487076105276776,-22.196575164794922
-4.752960817423343,-40.41621398925781
-0.1160299782726794,-16.720157623291016
-18.5277286275242,-11.126497268676758
-14.1325019191809,-1.3811607360839844
10.909208084253878,23.768905639648438
1.30779520720034,-5.7621564865112305
-5.77436797253085,-20.78641128540039
3.986867952152618,-1.3871440887451172
-21.7936206120663,-30.424030303955078
-2.643556292002,-3.5450992584228516
11.0853991753379,-1.4935636520385742
-12.9397422629832,1.1816277503967285
-0.190891674386513,3.6554794311523438
-6.32558602127377,-15.545589447021484
5.391699208755202,5.076915740966797
-8.998840630677615,-5.282934188842773
-1.6005087696864486,-0.9241676330566406
7.5482379424635875,19.081361770629883
-7.642910278690365,3.1979236602783203
3.719171936095444,17.992900848388672
-0.8981307679622897,5.551202774047852
7.06032809637297,17.33261489868164
-3.134999611446543,14.515996932983398
-5.94174589421185,-8.719482421875
-17.7883076547542,-9.094255447387695
-25.2381267145584,-10.513056755065918
-27.5445722402187,-5.944406509399414
2.6678241356197647,-15.411904335021973
5.02066543392875,1.9802417755126953
-1.67197513843126,-18.816532135009766
6.58117049992555,10.669510841369629
3.12612254618191,-0.7673625946044922
-2.1147225087047508,14.640365600585938
-76.9668504799361,-0.5338268280029297
10.11870938841209,15.459939956665039
4.755697845162629,-8.148193359375
16.5479703149859,12.605403900146484
4.001938538520379,10.6900634765625
-14.1813773041305,-0.6292877197265625
0.7709161631446207,5.129280090332031
-24.2508933717269,1.732917308807373
-22.3071231538392,-11.295522689819336
7.2595381633228,15.860250473022461
11.555346181601609,6.939451217651367
-26.258782255785,5.105348587036133
10.3189652047012,1.153799057006836
0.809697096857583,8.662367820739746
-18.5255095356289,-7.305292129516602
-1.0680791130593923,2.6898794174194336
-3.5390830989045075,10.820794105529785
10.468583156479704,14.32423210144043
-10.613183176373598,5.023321151733398
-6.40442742836347,7.942914009094238
7.196532980977684,14.07223129272461
-10.586292641023492,1.8073043823242188
-26.79502671025515,-7.828643798828125
-7.187555808667961,4.771780014038086
5.4465900456679694,12.949239730834961
3.1988276731025875,2.7476625442504883
7.827394642815597,13.588580131530762
3.887422638441485,12.848623275756836
-3.41466344580097,-0.6555938720703125
2.667044757168528,-2.1768531799316406
1.0590749185315824,17.387100219726562
-3.9965921287470247,-1.561833381652832
10.982614675109394,13.604499816894531
0.4076170529080399,10.260350227355957
2.71319811317338,11.648448944091797
8.652061852316729,-2.0631046295166016
-0.6579761516790089,-9.820545196533203
-51.6773231694491,-12.946866989135742
-2.8325461302865187,-8.562702178955078
2.12749125232924,-17.66054344177246
3.562549470771905,-49.13134765625
-16.517773128145326,-24.251611709594727
6.874655354673765,-36.29634094238281
0.2047767843086013,-9.866870880126953
-2.698758931910008,-11.7894287109375
1.8601156760560384,-0.8151531219482422
-22.2455703021075,-20.777074813842773
2.4288820651169605,1.547964096069336
-16.8307740899425,0.7573938369750977
20.7191486697607,-2.6852264404296875
-30.7261055182573,-15.282064437866211
-38.4849400567448,-9.98681926727295
-14.3103126367969,-14.18886661529541
0.7860328468455551,-21.538471221923828
-48.3858044800915,-24.438114166259766
-3.21662088766757,-35.360633850097656
1.675245639565673,-4.636167526245117
-90.3299705619704,-32.20344161987305
-9.28527551691871,0.3360919952392578
-1.2293411329062325,-4.228488922119141
-4.534682244798708,-31.336034774780273
-68.1959205924323,-19.51630401611328
-24.5242345195019,-21.631797790527344
-2.77042962989298,-3.3944435119628906
3.8009101564042025,-0.33917808532714844
8.933703319425492,-0.1685009002685547
-11.341527235964405,-10.685774803161621
6.71098989067457,-13.422271728515625
4.54734483862441,-15.594539642333984
-5.16341129781556,-6.126482009887695
-49.062306315025,-15.628719329833984
5.26551760771767,-8.759305953979492
3.33951124606136,-20.642484664916992
5.006519903780723,-5.504775047302246
4.05485944970297,-18.831823348999023
2.283405953189745,-3.436054229736328
-2.66483863280114,-21.593122482299805
12.566471603210276,0.9145421981811523
-27.9020155354992,-19.089183807373047
8.88265541550952,-0.016693115234375
0.1652887870268324,-12.673765182495117
15.4985727759109,2.9876556396484375
9.014890317831036,-13.211637496948242
1.4803529144374856,-17.94769287109375
18.1939100849816,-51.909393310546875
-2.6304973605131474,6.184572219848633
-5.493763326806099,1.5126705169677734
-0.6715208179901364,-6.887178421020508
-36.7383193130824,-18.823570251464844
5.062784719364307,3.950357437133789
-12.026803679110706,-15.175305366516113
-3.01321716593974,-2.409669876098633
8.35813394800668,3.745769500732422
-3.60075442831331,-3.7146377563476562
-9.509135784465323,-27.9132080078125
-19.6175855102284,-6.443938255310059
-27.8629509568953,-19.853439331054688
1.74273211890989,3.4904041290283203
-2.19578977406709,-17.58042335510254
2.42002639701588,3.077981948852539
-25.55316918036869,-4.423208236694336
5.635020609606415,-2.8593788146972656
-34.727836669101,-11.388487815856934
4.4516036428765,-20.396894454956055
4.967381413305823,-10.995598793029785
-6.81516141534704,-2.976652145385742
-24.3954295810688,-17.887950897216797
8.658679095048068,10.224431037902832
3.7347243087796,2.107440948486328
-12.909633143366396,-7.365598678588867
-60.49569009623433,-14.349660873413086
-3.790702882666694,-6.396095275878906
-12.41068356063,-22.649276733398438
2.76740193393285,9.877202033996582
-18.9061714872788,24.74403190612793
-3.681083449701528,-16.253772735595703
8.13893448615947,2.675973892211914
-51.402683514636095,-14.277132034301758
-3.0703466753296,-2.4206619262695312
0.4646043967887734,-9.428028106689453
5.989492839405608,-18.10000228881836
8.833837192566008,11.40360164642334
-26.1965705632023,-2.7620019912719727
0.0804428699766095,-12.515140533447266
10.229168329440906,-0.4043121337890625
2.12042655289975,-5.490774154663086
3.88810032819938,-15.575655937194824
-31.515616413872173,-13.23565673828125
2.28163515100639,-21.956819534301758
-9.633163292669298,-21.368328094482422
2.63206586722876,27.46906852722168
0.3189015990893598,-33.352622985839844
-6.31868596379813,14.334882736206055
-6.4648984000359935,-15.250476837158203
8.91646092056966,-4.146419525146484
-42.637521131086125,-8.971879959106445
-89.5439156156453,-27.205060958862305
9.179556151687803,-6.461706161499023
8.754663680824095,-0.6888084411621094
0.8838679103249854,-9.71303939819336
4.338369925074482,-6.351174354553223
-18.23432595343749,-28.36070442199707
6.92534745147092,-9.827398300170898
-1.768261666543676,-16.528322219848633
-7.87226820943855,-14.124163627624512
-12.0847368637308,-2.5369715690612793
-4.4222229386498375,13.034078598022461
6.63109301847755,11.682247161865234
1.675381804264854,-5.50977897644043
-6.897600670415837,-1.9089488983154297
-12.2774867069717,-14.607723236083984
-3.963646539183849,38.673255920410156
-2.552277046947741,-31.296825408935547
-10.78700495517378,-5.373054504394531
-6.426376983867103,-12.881536483764648
8.2142562177934,-6.389669418334961
-16.967828162594074,-5.238656044006348
6.07843040491799,-15.17255687713623
3.08443697315444,-25.904586791992188
-1.3811964732242277,-19.182823181152344
-4.51305804704249,-22.020557403564453
-9.93375477053989,13.690579414367676
-0.6581754288220045,6.996345520019531
-7.952166005584182,-9.098833084106445
-13.563015982384195,-13.68187427520752
-47.9957157156951,-27.290157318115234
4.96190002222477,11.499321937561035
-2.0240269290899,-12.234672546386719
3.47166270740147,-0.1750173568725586
-5.2815921348029296,14.791223526000977
2.369358494612781,-1.6236953735351562
-4.214346026907057,-7.96962833404541
-23.8934551543691,-20.034038543701172
-1.0659561461183158,-2.5831098556518555
3.126169348435272,1.327627182006836
2.35164464781062,4.798395156860352
-1.79502295092813,-7.442888259887695
-15.957982665262508,-9.56287956237793
-64.65676531723692,-13.690107345581055
-27.8195558011628,-23.8516788482666
-10.480511156242285,-13.830318450927734
-6.18357684414468,-19.280895233154297
-6.75960002722117,9.118034362792969
4.4105627388370605,-11.48063850402832
5.58846482112586,-1.7850399017333984
-16.8483709423333,-9.42534065246582
16.1850033157246,9.673101425170898
-3.34531377329845,-0.5031394958496094
5.893700156574014,-1.4636917114257812
2.745769909533195,6.552116394042969
2.53362859007723,18.88987159729004
1.0880788430276551,6.672149658203125
