Score,Pred Score
-13.812973987503693,-1.4119086265563965
-14.6311710829416,-25.438261032104492
-15.020937907067507,-8.697728157043457
5.61896917638109,2.6369667053222656
0.1461877509898399,-5.00526762008667
3.59745169898486,5.496508598327637
-6.72144892291601,-2.037670135498047
4.304204520484877,5.053215026855469
3.37898618824583,7.430631637573242
3.939818822274421,2.0751309394836426
13.9953943577381,4.747791767120361
-5.39913759737588,-3.743104934692383
-2.204579993178592,1.735208511352539
8.829561804598438,6.098108291625977
6.01696699102072,6.164966583251953
-6.376202369524528,-2.5856618881225586
-6.50906463316165,-2.524411201477051
-60.92137282626391,-27.423015594482422
1.99934019108803,1.1024770736694336
2.188685633501576,7.285180568695068
4.07090957771029,-0.47316741943359375
0.5211206139658471,-3.8728842735290527
12.5580583918003,3.5773019790649414
3.320229681965675,-9.348461151123047
-0.4381862293696001,-2.1340036392211914
0.1752112379752922,-1.5673847198486328
4.123908949931413,-2.879767417907715
-14.2382866820043,7.263969898223877
12.966325580978296,8.629268646240234
7.692941411907634,-10.20811939239502
-62.9031214125763,-42.403419494628906
-5.800670766453999,-3.4635732173919678
-11.705366535732304,-10.11866569519043
-4.786538605318405,-2.497119903564453
-82.4887013651952,-27.518856048583984
-8.251107402184557,-0.1946725845336914
1.61677665352485,-7.413259506225586
-11.916211326129387,-17.45789337158203
-45.634880019414,-33.055721282958984
-0.568998602339841,-3.4265661239624023
-12.147399114840605,-14.184356689453125
-27.4476544011683,-26.90274429321289
-2.306526469902426,-0.7640213966369629
-0.4835459876036119,1.972132682800293
-8.39479061793487,-10.497547149658203
-46.862925671502296,-21.546005249023438
0.3837795244341289,5.9175920486450195
7.184930267876617,1.7161312103271484
2.8348518495029404,-6.070039749145508
-9.859535687586003,2.420933723449707
-6.00025755794808,-1.7837482690811157
-4.764629840066975,-3.692112445831299
-2.377061578670744,1.0363359451293945
-2.0585753436264698,-3.5538244247436523
1.1848602197973823,-7.7895188331604
4.97603191479674,-5.892478942871094
4.27399441028646,-2.849335193634033
-46.2372447228831,-35.32583999633789
-31.4759298257721,-25.735525131225586
-50.1674018945849,-35.63505554199219
0.9601515747159592,-2.6944265365600586
-11.864177458483407,-6.833771228790283
-0.538262620928304,-4.439060211181641
-0.6920482116816997,-7.983425140380859
-1.5184696160120892,-3.7402896881103516
-3.0836644409391925,-7.039614200592041
11.316750179392892,2.134185791015625
-11.183106529127476,-3.2731504440307617
3.59102041590596,0.9084672927856445
4.55602013063716,0.24691104888916016
11.579228393987275,-0.17023563385009766
2.3067635611900137,-8.465631484985352
10.480393919522983,6.5657548904418945
-2.698100773809443,-10.486401557922363
3.776985072333982,-19.542089462280273
-11.773766374328297,-8.89511775970459
8.681027307740193,-8.493674278259277
-1.1091988250418725,-5.730535984039307
4.484288991501213,1.0859591960906982
0.0548896546292299,0.4544639587402344
0.1118559290339978,-5.2441301345825195
3.9797293996962297,3.546618700027466
-22.42608065327665,-40.973838806152344
7.37064384347005,-6.869088172912598
-0.2642143205483515,-12.029193878173828
5.344594984386832,-0.6079139709472656
-1.2497809936708242,-8.691625595092773
13.71198107208239,-1.7304725646972656
0.5045482395984724,2.3062901496887207
2.86709961553106,-4.085811614990234
0.4423212163888063,-0.47788524627685547
-3.724573545179619,-5.813756942749023
0.2570808252882703,-3.9067559242248535
-70.65073406723695,-33.284481048583984
-33.9587360563784,-21.461292266845703
9.2088386022025,-3.052248477935791
1.3318185914773402,2.261709213256836
-9.176001953270983,-11.217158317565918
-10.497767159210698,-14.48814582824707
-0.4402086584014632,-8.545021057128906
2.1560784090827942,-5.741548538208008
-27.1636490162131,-2.5553274154663086
-0.670930828719279,-17.772441864013672
-22.794043146736,-27.198604583740234
0.8105828534072201,-2.754173755645752
1.2287673509824204,-1.1480035781860352
-0.6435038581465955,-9.700370788574219
8.474782023793379,2.370048999786377
-9.601847091024196,-1.362703800201416
-1.6610011043127195,-3.2945737838745117
-0.1091636509260827,0.7612161636352539
7.570838092245207,0.530585527420044
-7.211196994815285,-34.16468811035156
9.090654061652296,-3.518069267272949
-26.6651088566214,-4.717676162719727
-17.309192174305,0.31744861602783203
4.14054171285972,-0.45969676971435547
4.097668935846943,-2.4974489212036133
-0.29408409265346,-3.7657718658447266
-35.8165916579592,-33.10224151611328
10.898098675545494,-0.9765224456787109
-1.6552655274048038,3.742940902709961
1.6729502580778592,-15.462032318115234
-6.42491227706334,-16.24614715576172
-15.4752611754195,-14.85372543334961
-0.6907348474047925,-5.136157512664795
-21.3629045873375,-14.4292631149292
4.219145585451182,-7.994569778442383
-3.019531285218114,-3.819706916809082
4.25311060075082,-4.193900108337402
-15.0412339008878,0.49365997314453125
-8.237627320974727,-30.667236328125
-1.0683487237199796,-3.231628894805908
-1.7174251595272625,-7.933783054351807
4.069163600073605,-3.4799413681030273
-10.162041561092582,-29.971202850341797
-5.97248436581227,-2.511976718902588
6.120538767403939,3.6873865127563477
-0.8028238008287005,-17.39623260498047
-23.6042929930625,-33.08766555786133
-0.1777753404752198,0.15440750122070312
-5.785469568057495,-28.768640518188477
-0.0556983764780604,-2.677125930786133
-25.4508968849616,-5.099796295166016
-5.3185412482723295,-1.8014955520629883
9.1356503291117,6.230578422546387
4.020569536845237,6.577412128448486
-58.5527340809363,-5.294272422790527
-6.291328737399075,0.9670228958129883
4.187869588752649,-4.909596920013428
8.922207576391518,0.20731306076049805
22.7414116448382,5.083853721618652
-44.6057608529879,-34.73578643798828
-26.5129077898497,-12.13117504119873
-2.13735826282737,-1.4284477233886719
-1.14890133483728,3.9099481105804443
-15.2234416939723,3.4098379611968994
0.369316059642221,-5.402896404266357
-0.6884117876070912,-8.760950088500977
-5.8772631055401,-4.742156028747559
3.6053774296538297,-3.227353096008301
5.07108724357905,5.806852340698242
1.292753014965791,1.7438230514526367
8.440986836263871,-7.519956588745117
-3.43040335892423,-8.156978607177734
0.7651079053562314,-3.6514506340026855
-37.13962469223695,-28.158031463623047
-5.822632503482525,2.9200639724731445
-6.879472048396067,-6.066518783569336
2.11024229353816,-3.700035810470581
-7.1526743450051855,-8.975743293762207
-1.122073026503361,-7.454319000244141
0.3302260274555297,-2.3619062900543213
-1.178255647098801,8.802080154418945
-2.99361591491145,3.1890110969543457
-18.1070051290659,-16.77016830444336
-3.0332808194811403,5.985984802246094
2.6303171850506604,-4.039896488189697
-9.72499716390718,-4.422731876373291
0.2729453578388601,-3.5225324630737305
-21.4503408223732,-12.512314796447754
-4.99755531471552,0.2738037109375
-18.0018409950579,-26.320112228393555
4.00031385473591,0.8667221069335938
12.0378145652987,7.349994659423828
14.1235470599023,-10.660195350646973
6.55729051148795,0.6419038772583008
11.19992297656359,1.1214652061462402
-7.81388191369781,-8.215254783630371
-2.924593214648255,-4.503225803375244
3.7667366885646025,-7.6845269203186035
-6.68253431604433,-7.897796630859375
0.7345204104922589,7.775917053222656
-10.626155896203898,5.543729305267334
8.106852576346123,6.642452239990234
-58.24412469223692,-34.903873443603516
1.4955767028094,2.715287208557129
-17.6906096863185,-27.87529182434082
-4.813871520282443,8.642565727233887
-11.8973420493851,-5.078633785247803
-2.67676896274171,0.16678619384765625
-3.9331393974605526,1.5026493072509766
8.756217929094177,8.999675750732422
-29.2662792150344,-1.1153898239135742
1.7249239205326918,9.159026145935059
-6.686975812883663,-20.678775787353516
11.10272802991041,6.043997764587402
-10.956818171714705,-8.236106872558594
-6.3500959185649,-12.114922523498535
0.6681105368389735,6.1035003662109375
-12.500029270357295,-17.14143943786621
-2.591242863373206,-4.4103498458862305
5.954690473588823,13.40810775756836
-43.929359067237,-26.971927642822266
-17.4841411730512,-7.062763214111328
3.61441892535489,6.887523651123047
2.1112971208509976,-4.649415016174316
-41.8026500314277,-29.543746948242188
7.028135642932115,7.993918418884277
8.463248256721428,6.023599624633789
-13.037072413777096,-13.836923599243164
-1.6307504375632549,2.1777610778808594
-0.3284521577656807,5.775964260101318
0.4685622181175212,1.286911964416504
-5.316952415477393,7.842039585113525
4.584421564331302,-12.146163940429688
-20.3593816575191,-15.740562438964844
3.67041582610247,-0.828730583190918
2.204062447972561,6.111447811126709
-4.666937653128132,-3.5678787231445312
-12.3781694316975,-3.848639488220215
7.06923762363823,2.2779388427734375
-37.2883298194418,-19.242048263549805
6.442434166934048,6.813343048095703
-12.2162083245621,-7.020323753356934
-20.3623076046531,-4.153829574584961
-5.45440876641342,-3.1050362586975098
3.1416241584890576,-2.778804063796997
-4.96580172718434,-2.713315010070801
-37.4061766871973,-14.628487586975098
6.46185690649625,-0.032860755920410156
0.5403453062071405,-5.740242958068848
8.656689402528613,9.720014572143555
12.331931266595111,9.277934074401855
2.75380173901167,1.52878999710083
-2.8447496930443927,3.0417184829711914
0.0285872237409883,0.050472259521484375
-73.5286754265322,-3.648406982421875
7.285509446842615,3.755174160003662
6.72046542688671,5.762121677398682
-6.19730890695259,-2.7293434143066406
-16.4599719883519,-12.089383125305176
-10.288292260688207,-3.0667171478271484
-10.285920522724917,0.8300588130950928
-30.8171784242839,1.505155086517334
-4.65691689928222,-6.526605129241943
-37.1716279374795,-15.394248962402344
-36.50577458359941,-5.490806579589844
0.7942566624333496,-3.77266788482666
-34.8552692363716,-3.7625274658203125
-2.491707941339629,-7.399028778076172
1.7387039934851498,5.530592918395996
18.9715733525152,4.641962051391602
-13.8996269060666,-2.7092647552490234
4.17561229224804,2.1839427947998047
4.7680640763497,-14.614485740661621
-6.745372906074374,-3.3357748985290527
7.262818938793504,-3.0054922103881836
-55.7541546140486,-26.66398811340332
8.453421074249384,8.375265121459961
-5.85807143580148,2.560746192932129
-52.7336020518746,-31.181825637817383
-1.995826789875676,-4.1315813064575195
-1.3326443092463092,-26.237594604492188
5.029017096161708,4.035412788391113
-0.71117494174041,-0.0887598991394043
8.243548509216069,6.107200622558594
5.81602235619721,0.7651622295379639
5.978124919049687,-7.997396945953369
-2.8859593337581737,-3.802454948425293
-26.0047332498617,-24.839191436767578
-1.5220929784942658,-8.902414321899414
-3.195242757261453,6.520060062408447
-15.0089303719363,-15.869128227233887
-1.757118944268968,-34.40412139892578
-13.5091075877696,-7.830096244812012
-4.0681667574955,-1.065056324005127
4.43276114617859,-1.5221662521362305
-4.665207913971671,-2.1202802658081055
7.33919324558513,7.383987903594971
-11.69780882660921,-8.583385467529297
5.960801203295765,-5.610287666320801
-29.9162730471743,-17.736217498779297
-5.331847529263395,-5.483062744140625
4.2006804390709,7.358287811279297
4.76541245752904,7.264928817749023
5.87221574658101,1.8131518363952637
-12.955988512618,-25.932708740234375
-14.4061745570978,-10.227849960327148
13.644333664082708,5.957192420959473
7.522446474796843,-13.027997970581055
2.858782897786812,-1.3289175033569336
-49.8653288018085,-37.3685417175293
-4.029904705212941,-3.5587844848632812
-6.2026319104393295,-15.143110275268555
4.452168509343501,3.0110793113708496
-16.475900892606802,-1.6171684265136719
-11.03094492075089,-24.064979553222656
-8.08045020128908,-7.587701797485352
1.39259946716825,1.8918744325637817
-14.885807229381896,-2.6568241119384766
-11.113180908425988,-7.159220218658447
5.506094216928792,6.767181396484375
5.29091659278858,-2.2289271354675293
3.42106467876526,5.477409362792969
5.162821279449693,4.428510665893555
6.020551076354931,-3.254164218902588
0.8086942897832163,2.2982044219970703
-8.80546181278599,-8.069347381591797
-7.42349600405968,-10.48575496673584
-14.4731176558811,-11.113349914550781
-35.5448186771701,-8.894397735595703
-1.657597602265355,-1.555081844329834
-1.930224441335125,-10.630696296691895
-10.398648228661925,-5.201074600219727
-1.6521884315998507,-4.057075500488281
1.3131129859732091,4.600493431091309
-0.1240821746904601,-6.3333587646484375
-35.1709788883515,-9.406060218811035
0.6771989561182002,-0.19390010833740234
-5.8677981963370005,-1.0517220497131348
0.7982616963508231,-4.414394855499268
2.595279020812243,-1.2214202880859375
6.9472187772133225,-4.046387672424316
-41.1395198834054,-13.378507614135742
-35.4604736838065,-14.52786922454834
7.87379173269718,1.9070072174072266
-8.72128086410909,-24.23725128173828
-82.13826531723697,-2.8986144065856934
-9.70693692529289,-12.625619888305664
-61.4386715672369,-51.18041229248047
7.10938257895085,2.9396567344665527
0.4007388327427847,1.186793565750122
-0.7455370396145937,-0.7394638061523438
1.674966057420845,-3.9740819931030273
11.877856996640997,-3.2969963550567627
-0.9096556467231308,-8.165046691894531
-1.4680391508473674,-4.6203227043151855
15.6414782015599,-5.003927707672119
-10.35739215730591,-5.769024848937988
1.926107182225645,-2.9937846660614014
6.99756701325662,2.0051817893981934
3.54836143321337,-1.8660635948181152
-7.726553411266567,0.34842848777770996
-48.51478094223695,-51.376319885253906
-3.0453156276270903,-3.130208969116211
-3.454798154796729,0.9766130447387695
9.503977484174175,6.418174743652344
6.001532732018722,7.219452857971191
1.775572054007981,2.861941337585449
-2.6871577689602653,3.2792110443115234
-7.920344649869953,-17.191499710083008
2.578081311550471,-0.42653846740722656
-14.434457477598505,-1.6753463745117188
-1.338045882914232,-0.10737001895904541
-44.1817825469333,-26.26316261291504
2.4314234692194163,-12.10627555847168
-2.35314836228574,-0.5698766708374023
-2.07036107592124,-3.0350942611694336
-6.560167066336443,-10.765898704528809
-2.54688332955635,0.3327674865722656
-7.940842049461227,-6.124637126922607
-7.789052707582185,-8.980180740356445
-1.4295761119406232,0.8103563785552979
7.206977941743588,2.24886417388916
-4.081394009803599,2.2936172485351562
-30.167243616457,-23.88726043701172
11.7225687296843,7.838024139404297
-0.8984319813221007,-4.584222793579102
10.349523074958825,0.5833740234375
5.42147270471237,5.3984527587890625
-0.3136273830120112,1.4722957611083984
4.398848813602776,3.9654226303100586
2.099307195887115,6.231048583984375
-61.6890402284636,-31.906505584716797
-7.08434802004719,-4.049185752868652
0.6962467393230812,-9.236174583435059
9.0758909366509,-2.547591209411621
-1.9263965715605047,-3.1656837463378906
-6.262949496708321,-6.088248252868652
-4.739766082030863,-3.5550317764282227
-36.8822022827233,-21.99908447265625
3.24770439300306,-7.576528549194336
-2.289513933263135,-8.276153564453125
1.41805545618482,3.5503997802734375
-24.4432878855492,-3.13900089263916
-24.96156751119129,-26.8520565032959
-7.734574598544068,-14.301733016967773
2.79124989437018,-3.538402557373047
-5.17831154550348,-10.559568405151367
1.5275640312561216,-4.87762451171875
3.682989905065457,3.938849925994873
-10.8237586662752,-31.347126007080078
-6.929951553081727,-6.630186080932617
-27.96215708599589,-16.446735382080078
-2.88087637063392,-11.741453170776367
-5.960419628776203,-10.780952453613281
-37.189874708633695,-24.875904083251953
1.1496085756031087,-9.419258117675781
-12.7137936794919,-14.163276672363281
8.398744223780918,-6.313812255859375
-33.3004252633332,-40.50242614746094
9.144089281431205,-1.7661705017089844
4.065326821312747,-1.9021339416503906
-41.9047429025821,-20.399473190307617
7.383552345763623,-4.0113725662231445
6.364261125349779,-6.116591930389404
4.841793570156368,0.20250368118286133
1.6198341998494314,-4.145666122436523
4.179707781567577,7.7809600830078125
-14.7229944429405,7.486854553222656
7.078924552126015,-3.5512332916259766
-12.898019313824,-26.92860221862793
-70.8116033690518,-5.708608627319336
12.7359625054994,6.463773727416992
5.586124430090477,3.400432586669922
3.028467183462371,1.8762626647949219
-5.830142578087577,-5.379929542541504
-22.6841489367301,-16.33452796936035
-1.51657819068512,0.18112468719482422
-81.52648016021857,-8.44731616973877
-3.36903782007548,-7.238361835479736
-18.707844022,-17.742904663085938
-34.48768519828235,-26.726716995239258
-39.7169735486916,-4.559727668762207
-1.593720937577549,-8.306401252746582
-23.2954444871652,-7.675627708435059
-45.30258920076982,-16.349441528320312
12.5056328567953,1.6420788764953613
-11.9299972333177,-7.069877624511719
-37.9495035857927,-7.109864711761475
0.7001962140772594,0.7756891250610352
4.49418879319923,3.0697669982910156
-39.0646563811545,-29.166141510009766
-9.09730633851708,-4.7078399658203125
-17.5589533745204,-18.386577606201172
-4.92782811871599,4.308807373046875
-8.2299173561342,-19.439603805541992
2.60625970962018,-4.383073806762695
2.726862934921635,-3.7619991302490234
4.071661498679735,-10.919151306152344
-13.2494383747796,-7.454528331756592
-11.9154244975033,0.1142120361328125
0.9090871567987184,-17.485599517822266
7.92708077877978,2.865189552307129
-3.119647295186995,-8.70335578918457
-2.248378586620203,-6.467296600341797
1.6646916021852596,0.8312201499938965
0.1590569364430157,-0.7722539901733398
-77.3623903172369,-46.23126220703125
15.8859560938761,6.4556427001953125
-3.11888044241469,-6.380437850952148
-2.7468186065138984,-2.0168094635009766
2.77922195660905,-0.313018798828125
4.052279150357491,-13.341270446777344
-4.03806373695381,-6.497899055480957
-2.4461467814868523,-23.115318298339844
-0.1639564470097907,-3.834596872329712
0.8542168432631491,-26.03621482849121
5.84905996845087,-5.596543312072754
-5.77665564868809,-4.880981922149658
-3.7008288999313423,-12.211612701416016
-7.18713065449027,-15.973363876342773
-0.9529303605806088,1.7610270977020264
-15.902118442879,-12.26453971862793
-28.0636361890057,-11.819437980651855
-26.912205886836706,-35.14317321777344
8.596988309863011,-1.197774887084961
0.2877587512502297,2.502859115600586
3.3899996482015826,-5.015380382537842
-20.5869014386951,-14.972498893737793
-9.341800010912078,-10.169022560119629
0.1692077246922899,1.276658535003662
-1.857666460494741,-1.8977336883544922
-13.2752747780792,-31.84616470336914
0.7445982178878973,-8.01926040649414
4.49646859469848,-7.672416687011719
3.60913262992784,-6.779031753540039
-5.653435188749545,-2.9437084197998047
1.51502173443586,1.4754972457885742
8.143116180793372,1.1335887908935547
-8.36164856265281,-29.31449317932129
-1.130678948105339,-5.395287990570068
-4.349210006555943,-2.4769821166992188
0.2594141505344826,-11.642208099365234
-32.1283374054069,-20.64402198791504
-1.9051378030600723,-7.705029487609863
4.768047800449637,-9.376375198364258
2.264898495983479,-6.716525554656982
-6.47138721063866,-7.251632213592529
4.93167956005568,-5.738983631134033
2.4851768276660025,4.857605934143066
-3.930469946192945,-6.851075172424316
11.923948375295712,5.238178253173828
11.616605850275496,0.7314035892486572
10.41580460128629,-7.403227806091309
-8.700462669667385,-11.527127265930176
13.1991243046288,3.2120275497436523
-4.75101729862813,3.9532108306884766
-1.4230966237807086,-3.5227203369140625
-2.07861348348741,-8.483438491821289
10.292368565007404,5.164813995361328
1.9007667723773176,-4.327836036682129
17.1612744381531,6.749997138977051
-0.1428452494230792,1.0610203742980957
2.4933992323843923,-1.8061180114746094
-13.861300672159,-1.4054102897644043
-1.7943154401891548,-2.408978223800659
-4.15624175439773,-6.332040786743164
-14.277645616907492,-3.295164108276367
2.713132201978397,-12.6710786819458
-13.315456279797685,-21.61914825439453
-5.36204355968609,-0.9768085479736328
-1.4872271509121793,-6.0906171798706055
0.31232235517322,2.0129332542419434
3.0307168501552093,-0.7238130569458008
3.4484762474106,0.15784835815429688
-34.0729170807354,-28.34374237060547
-25.0659802428987,0.4576528072357178
0.86771933446589,-6.770660400390625
-11.996919710325,-6.262224197387695
17.2594267615487,4.333341121673584
-56.2560888739038,-31.55516242980957
-12.7386491421071,-13.709127426147461
-3.520787796436005,-14.225836753845215
-0.8014467498558491,-16.8002986907959
-34.7812340468876,-16.55259132385254
7.158235365631607,-13.317815780639648
3.29681579894721,2.224661350250244
0.046018285265003,-22.629169464111328
2.046344769010002,-5.944472312927246
4.25403099118957,-3.487917900085449
3.7804230286959792,-15.410984992980957
-3.773219093074008,-4.563212871551514
-9.722403045722997,0.059886932373046875
2.81101468536903,-2.6949081420898438
-23.7494411406013,-17.836793899536133
-75.56229656723696,-51.479820251464844
4.366245372711767,4.233691692352295
9.94612085382829,11.992778778076172
-8.207132148775708,-26.180997848510742
-3.09775596823669,-4.812675476074219
3.77256113899207,-4.025825500488281
0.2016574678685985,-3.8263864517211914
4.38808277416547,-2.675757646560669
3.7092867134231,0.6694290637969971
1.6740112862957208,-2.1082639694213867
-5.472376660417956,-5.113675117492676
12.283123760680592,-1.8247289657592773
4.417989059347175,-0.38495898246765137
1.907333647224608,-2.1275315284729004
-3.73521146317182,-9.363434791564941
7.837521570550837,2.640418529510498
4.82455755953161,-11.932720184326172
-0.6472060937938101,-2.8006181716918945
-8.237956686764985,-15.36679458618164
7.36579899286375,-11.97967529296875
7.859716520666763,-4.506521701812744
2.765011277030255,0.738440990447998
4.62415639298937,6.815338134765625
6.430237727930085,-5.821692943572998
2.44728958086436,-7.394534111022949
-1.93656353174353,2.441681385040283
-33.7845903951132,-30.769071578979492
10.960301672714698,4.994892597198486
6.147225205740463,-6.289919853210449
2.4659746492236927,6.3722639083862305
18.2642273209106,7.07316780090332
7.656482330373112,1.6191749572753906
-63.2346715672369,-40.408878326416016
-22.9610154952969,-14.795428276062012
4.39789099231211,3.6874208450317383
-46.587141393021525,-19.158863067626953
-12.281506448986304,2.9751267433166504
5.220668557811489,-1.9983491897583008
-1.4412632820262703,-0.3938593864440918
-35.163016426576704,-17.28510093688965
-31.380009974583203,-12.097352981567383
-40.7258600860177,0.7275381088256836
-35.3994683825842,-11.828908920288086
-10.968565079401992,-8.57119369506836
15.384553292915324,-30.03859519958496
-0.4271227388875901,-0.8845252990722656
-7.69948364751984,-1.508100986480713
-26.6822467124322,-17.911128997802734
-0.2823200449385875,-3.9610774517059326
-3.8453528225106623,-7.241857528686523
-2.4599041427842496,7.23401403427124
-12.7315114055493,-9.341014862060547
1.418014053180695,-9.811651229858398
-3.4922781726655696,-2.665755271911621
9.58062385928767,0.09441351890563965
-17.5801214502402,-25.807907104492188
-49.5120706514507,-32.80936813354492
-0.4503474699443348,3.82620906829834
2.332279780348585,0.6102118492126465
-42.2483635713802,-20.334060668945312
-5.00028834575103,-3.9703712463378906
-5.14141487663266,-21.15463638305664
-19.923371510770203,4.271573066711426
4.28301459624688,3.3990774154663086
0.3224388648416145,-8.39453125
6.795393661635613,1.8258562088012695
6.720388221210122,8.092041015625
-20.7558388881914,-1.9958782196044922
-12.5922662394529,-11.916147232055664
-5.19085420781142,-1.0392417907714844
-27.3858072066324,-15.403773307800293
6.488490212037078,2.9719889163970947
-12.5233171201947,-6.614189147949219
0.996650643215182,-3.1717758178710938
3.27144637329635,3.8467719554901123
1.203208947199059,-1.8147869110107422
4.5031585012656095,1.8028278350830078
-46.6686841099013,-45.61143493652344
3.600655729290548,0.6623742580413818
-2.7077151362496297,-14.324789047241211
-42.936846127142296,-32.698448181152344
2.679404112105611,3.3379087448120117
-23.975827854410426,-21.228347778320312
-24.4869919201538,-23.796661376953125
-6.22433036882608,-0.4284992218017578
-24.992167376126925,-6.722775459289551
-9.742168339465294,-0.563420295715332
0.1235817830644999,-0.36068081855773926
-11.607028837624,-4.877328872680664
5.321680837772678,-4.616978645324707
3.3452637215970498,2.9196901321411133
13.015759276594096,8.05752944946289
-6.13466459150186,-1.9904735088348389
3.0897024917955025,-7.539838790893555
3.557691046156,5.884925842285156
2.0008593011464906,0.35247802734375
-1.2671721747064446,-19.63071632385254
-2.989164004622407,-16.580245971679688
-2.43808381047612,-3.655350685119629
-11.30813578108209,-3.0607004165649414
-9.619042312244815,-13.416000366210938
-4.01456885639382,-5.271162033081055
-4.853312003098937,-22.213672637939453
2.78743688363977,0.7144613265991211
3.6035536346157695,-4.119655609130859
6.09033976794457,5.3203887939453125
-5.89266438028177,-1.4829673767089844
4.780848076735348,-6.672357559204102
-20.7592210135025,-17.626495361328125
-3.637071869773312,-13.820420265197754
-4.396710286499547,-0.8409385681152344
9.04709717330502,-17.424161911010742
1.69213972357191,-0.03603219985961914
-27.068723822751306,-14.402776718139648
0.2886204877907422,-2.757777214050293
-0.592182005541919,-24.09031867980957
-4.736229867816737,6.496959686279297
7.877641553655238,0.2575104236602783
-2.588665914009158,1.2454404830932617
4.72846919446815,-12.732084274291992
3.42669038506664,0.09906482696533203
-10.274169876330886,-5.695754528045654
-1.289264920121349,-15.679719924926758
-6.9648772325347394,-7.814311981201172
-1.2236747050651609,-1.470019817352295
-12.208208404490907,-27.099937438964844
4.40921359309415,7.9255828857421875
16.4171583068458,7.255950450897217
-15.991582533821994,-1.317537784576416
7.809600001042748,3.976926803588867
-3.0331069492891496,-2.72442626953125
2.603164662477901,-4.103673934936523
-24.2572199033326,-18.356882095336914
13.667582002208905,3.138214111328125
8.19307228691883,-14.552022933959961
0.4664503305112299,2.667140007019043
-6.46133524603972,-9.276622772216797
-19.7520332208299,-14.878628730773926
-7.75971004909346,-8.112010955810547
7.66334596528203,-1.01011323928833
-27.64770126959135,-17.61640167236328
2.125547882163602,6.079475402832031
-1.8239337240231768,-2.2282485961914062
3.3696784995100426,-4.073276519775391
5.265272900492549,-2.6107006072998047
6.753311816554961,-6.050023078918457
0.9434331950199416,-3.727950096130371
2.13745295521649,-1.1738691329956055
2.76912169862866,-3.7528152465820312
2.409764321136161,-5.419868469238281
3.7606671418030695,-1.6369576454162598
0.555665600488549,-2.2056021690368652
-89.04756219223692,-40.29843521118164
6.987950206462267,5.685206413269043
-10.09410467002709,-30.209135055541992
8.16191414696451,-0.3987617492675781
-10.731303688850904,-16.45832061767578
7.588764503474316,6.239826202392578
-5.25293160621848,-6.273793697357178
2.3065604778561424,6.912395477294922
-3.8022266666193874,-12.589420318603516
3.22816419080692,-3.0787785053253174
1.1941842843275,4.2229156494140625
9.772192422094813,-23.036048889160156
-2.489313079893845,0.6761741638183594
-13.547300817594484,-21.36028289794922
-1.5403494549472296,-2.301590919494629
-5.139364658294922,0.009244918823242188
-1.32131943338233,-4.6049580574035645
-0.5284321769112605,-0.20085525512695312
0.1119561526876595,3.4771742820739746
14.8508222506114,8.087693214416504
-0.0918051514147744,6.258244514465332
-1.7237618714553775,6.028287887573242
-1.5699354762224491,-5.166274070739746
1.5718362711845366,-2.557459831237793
3.58036180553514,0.5576043128967285
7.45084701577923,-12.929998397827148
-7.378812419643663,1.2086105346679688
-33.1832620874725,-12.973892211914062
-6.066411004621831,4.079103946685791
-16.4910721624856,-24.688207626342773
0.8267526169764301,-0.6136679649353027
-9.762453719841735,-27.376354217529297
8.07102955700163,8.209059715270996
1.741670982094262,0.27103233337402344
-0.0053525606393112,-0.5064949989318848
-51.4043293278057,-19.83317756652832
14.9415296965116,3.2473907470703125
8.70853787657841,-3.48333740234375
-2.149900469098629,-5.154860019683838
14.8229623836697,8.960165023803711
-0.0379657812584102,14.22677230834961
-15.3173389528898,-2.330122470855713
-1.7663441991754285,2.2571277618408203
-6.708306328674888,4.018011569976807
-78.7451798053926,-26.008258819580078
-0.5413656534735456,3.052593231201172
9.625121597198186,-4.317602157592773
-3.15562863494722,-1.822800636291504
9.60447820177431,2.1173787117004395
-3.31847606547329,0.34781646728515625
-4.12581810820042,-1.360588550567627
1.7706121017107803,6.258386611938477
0.5117341060036625,7.536569595336914
2.63157412115867,2.485456943511963
-4.763634360062484,-7.449365615844727
-11.18181257464061,2.6671886444091797
-39.4932668903457,-11.831146240234375
9.206200380526292,7.011421203613281
-2.93911844531118,3.249155044555664
-28.13472322157985,-6.258284568786621
9.62907409316032,-5.70540714263916
-7.042636248773623,-4.868403434753418
-4.03025121975644,-1.2149620056152344
3.42951329804928,7.25951623916626
2.5565427438131976,-1.1385622024536133
2.8513084033656,1.5395698547363281
-5.5623675139736175,-6.607990264892578
16.9968892380515,8.586823463439941
-4.144685584269085,7.725371360778809
-11.221818720505304,-8.100798606872559
-2.111656589218961,-5.216681957244873
-1.626797120535592,-2.6877546310424805
0.7652624054000594,2.057027816772461
-21.5531296050118,-29.518659591674805
-13.053772031257305,-14.484053611755371
5.42509465390903,0.40247535705566406
-5.5186956836840375,-8.988983154296875
-2.260381023139061,5.239265441894531
-30.3377383335249,-23.093769073486328
7.380729755239978,3.5139989852905273
-4.172986764275874,-3.364468574523926
-1.2036514942358316,0.7140159606933594
-35.2906329121599,-20.24516487121582
-2.54595208771381,-12.633830070495605
-10.901275449743116,2.770075559616089
-17.0078420331655,-19.243024826049805
-17.0314498829154,-6.782505989074707
-11.9784507557909,-3.5266642570495605
-19.469018973061075,-11.803190231323242
-3.2142130797467816,2.405855655670166
-0.5663484394051013,5.106174468994141
-21.2195468929047,-16.080188751220703
8.077984978184695,5.972173690795898
-17.0119321722455,-12.259502410888672
4.67424026120176,0.05120253562927246
-47.9875704511971,-38.18144226074219
4.316615136301563,-8.500324249267578
11.2728180991378,1.0188026428222656
-3.5546157663424616,-14.411848068237305
-3.15887949932979,-4.84000301361084
-1.6422791314174887,3.7238731384277344
-3.448025235667948,-16.635848999023438
-13.5632540546311,-23.240102767944336
0.8825935384285006,2.841054916381836
3.27100049685324,-2.036677837371826
-0.7762273913233743,3.6444411277770996
1.026942322157092,1.5025215148925781
9.859104788483815,0.0995950698852539
-1.9977872313530125,-5.603952407836914
-13.1809903671301,-8.457870483398438
-35.1782981083837,-26.63195037841797
-35.8337806803641,-18.625709533691406
-7.639409008216227,-6.129848480224609
-15.746453943284,-26.609710693359375
1.055995951979529,2.2619988918304443
3.987299411465438,-1.0921530723571777
-37.0930621901092,-6.401668071746826
16.694612728237402,-0.5898408889770508
-4.527979888097892,-10.121237754821777
14.6352674345898,-9.478915214538574
5.034618319433818,3.060729503631592
-3.77133000272187,-4.316740036010742
-1.61504571199055,-0.5325202941894531
-56.3663437951974,-24.11435890197754
10.088450856398616,0.7207322120666504
-14.285610883283098,-25.094451904296875
2.6210618799141923,2.170703172683716
-2.308732762121495,-8.457232475280762
-83.9761260280997,-26.5286865234375
-1.03656181464744,-0.8531484603881836
10.16232173056559,5.575691223144531
-3.12013961477547,4.427700996398926
3.010752586641185,-15.544544219970703
-1.5178355576616795,-2.1796412467956543
-2.60072537807549,0.6072616577148438
-2.367312137177082,-12.062190055847168
6.075310726130807,-0.20970773696899414
2.24572304437811,-6.402587890625
0.2044267191685782,2.902986526489258
3.85944773684647,2.994961738586426
-14.409506408843407,-8.863834381103516
-2.683955047842884,-4.104300498962402
-0.0075038478591599,-12.574546813964844
7.190050317883171,2.116208553314209
-2.1691769605730515,-4.37974739074707
-7.910003358009165,-1.163252830505371
-69.1366966634013,-23.7002010345459
1.437241653553571,-11.678614616394043
-20.7409218490905,-13.125356674194336
3.78247800369874,-1.9638915061950684
7.909526276907584,-14.596226692199707
6.097122298913325,-19.988136291503906
24.5800902168924,3.558807373046875
-9.979741434164584,-19.99309539794922
3.1327986373042376,-1.7572927474975586
-8.393586343504198,2.0961737632751465
8.678125432705007,1.9581375122070312
20.7428439693387,-13.32418155670166
-1.511416195100045,-24.49138641357422
-23.3725501337939,-11.364961624145508
4.69437535963172,-3.701047897338867
8.24149319055937,0.6401634216308594
-0.2898522089969393,0.8136091232299805
-7.19378137939456,-9.47419548034668
1.0271109700113177,-4.901467323303223
-14.564555056626377,-6.3302998542785645
-9.657849716236,-33.492332458496094
-0.7280966227290082,-3.9536571502685547
-21.8962191024866,-15.804971694946289
-40.2614734397264,-18.30493927001953
-1.77750068778882,-8.349830627441406
-28.3488859938485,-22.43644905090332
-8.184373188662292,-28.655784606933594
-6.135426654744688,-12.672802925109863
-3.270422191581055,-9.296296119689941
-6.055427015859325,-3.333238124847412
-34.3143130117107,-15.234740257263184
-50.4820483838523,-18.29145050048828
-4.639593570653838,-5.773194789886475
-21.0606958753072,-23.77765655517578
8.747205755218493,5.633485794067383
0.6884341878779402,-10.090849876403809
0.300408103033295,-7.953691005706787
-17.2817979072755,-27.42743492126465
5.79128728304933,-3.884873390197754
3.7921116228684086,-0.5883104801177979
0.51700222845629,-4.6906418800354
1.0966146270020711,-5.776165008544922
-6.613686761665703,-33.46302032470703
-39.873530292237,-31.22707748413086
-35.0272315856836,-30.857769012451172
0.2475632146873464,4.406366348266602
5.59963570142504,-5.338101387023926
5.29419053806362,-4.585980415344238
6.457932781589695,2.771932601928711
6.4251548431743295,-1.2588791847229004
-19.7885249955934,-24.11983299255371
-2.4097304318056905,1.3067505359649658
7.543407488617369,6.585662841796875
1.83593808226401,2.9427499771118164
-1.5082203021212124,-0.1548614501953125
5.99108205682079,-3.4049816131591797
-18.1797235112709,-1.9735336303710938
-12.840088322870097,-21.189735412597656
-2.23616712442702,9.736892700195312
-4.662511414401839,-9.056514739990234
3.41802282280863,3.048788070678711
-12.0320822507053,-24.665000915527344
-25.9801803981754,-16.41986083984375
-5.97419023328963,-3.2066612243652344
15.4186986077963,0.10255980491638184
4.480465220149085,-11.874675750732422
-13.2363849677504,-11.882369041442871
-9.362863686069195,-11.806387901306152
4.128157012788561,5.987104415893555
2.26767773086615,-4.241583347320557
-24.1634597090208,-33.688255310058594
10.013204486477417,5.613441467285156
-31.934070451053,-13.371806144714355
-22.9515728231767,-10.167502403259277
-11.219410776078313,-10.849685668945312
6.00089213826483,-2.6227002143859863
-28.9638748432599,-38.52390670776367
3.11049964318654,3.857635498046875
-1.073248118887358,-2.534025192260742
-10.249148139079496,-15.224066734313965
-13.14009076535719,-29.669170379638672
0.7364260970712593,4.937715530395508
-44.9949251983702,-7.166347503662109
-5.159519294761907,-10.397150039672852
1.869241020829697,-16.368408203125
-55.54568697318505,-45.65052795410156
0.3065104335081801,-8.116132736206055
-10.386374558578522,1.6431560516357422
-3.0345245902191325,-1.5590472221374512
-57.144820014625296,-26.911828994750977
2.85060083445348,-2.7302775382995605
2.446050707651698,4.973688125610352
5.50221601830175,-14.324241638183594
3.455876052191651,1.0874204635620117
-14.6157572128631,-30.3533935546875
-0.874105623616695,-6.420835971832275
-1.378759213278819,3.696843147277832
1.350733135180331,-0.6821784973144531
-1.94666134980912,-6.012271404266357
-3.36735139960915,-4.459115982055664
0.8319171014720902,2.8637588024139404
-40.2101205720394,-2.446335792541504
-24.577379709126298,-31.158458709716797
-18.6292132467089,-2.7330315113067627
-46.39510994896701,-10.01656723022461
-2.487076105276776,-0.048857688903808594
-4.752960817423343,-31.972362518310547
-0.1160299782726794,-6.640373229980469
-18.5277286275242,-10.141637802124023
-14.1325019191809,-17.123489379882812
10.909208084253878,9.276958465576172
1.30779520720034,1.9536843299865723
-5.77436797253085,-8.12156867980957
3.986867952152618,5.1038408279418945
-21.7936206120663,-34.111026763916016
-2.643556292002,-10.26700496673584
11.0853991753379,-8.486600875854492
-12.9397422629832,-10.904172897338867
-0.190891674386513,-4.990938186645508
-6.32558602127377,0.9845123291015625
5.391699208755202,6.3631439208984375
-8.998840630677615,-3.468871593475342
-1.6005087696864486,-0.21436190605163574
7.5482379424635875,5.833924293518066
-7.642910278690365,-2.1914000511169434
3.719171936095444,1.5325508117675781
-0.8981307679622897,0.36908435821533203
7.06032809637297,-3.180449962615967
-3.134999611446543,-0.14592218399047852
-5.94174589421185,-3.5446343421936035
-17.7883076547542,-7.878959655761719
-25.2381267145584,-29.33165168762207
-27.5445722402187,-27.367300033569336
2.6678241356197647,-5.738245964050293
5.02066543392875,-4.74660062789917
-1.67197513843126,-24.907207489013672
6.58117049992555,2.0663511753082275
3.12612254618191,-2.034609317779541
-2.1147225087047508,-2.1271281242370605
-76.9668504799361,-8.205221176147461
10.11870938841209,4.6504435539245605
4.755697845162629,1.4786567687988281
16.5479703149859,5.91227388381958
4.001938538520379,-13.51961612701416
-14.1813773041305,-23.759140014648438
0.7709161631446207,-0.3236703872680664
-24.2508933717269,-15.209853172302246
-22.3071231538392,-30.428390502929688
7.2595381633228,3.22412371635437
11.555346181601609,6.230832099914551
-26.258782255785,-14.888895034790039
10.3189652047012,-9.403559684753418
0.809697096857583,-3.637268543243408
-18.5255095356289,-30.859256744384766
-1.0680791130593923,-1.078233003616333
-3.5390830989045075,-13.939099311828613
10.468583156479704,5.567082405090332
-10.613183176373598,-3.2113451957702637
-6.40442742836347,-0.13465404510498047
7.196532980977684,8.785157203674316
-10.586292641023492,-1.3031005859375
-26.79502671025515,-22.86553192138672
-7.187555808667961,-5.675581932067871
5.4465900456679694,5.063978672027588
3.1988276731025875,-0.5948818922042847
7.827394642815597,3.688556671142578
3.887422638441485,-0.5249366760253906
-3.41466344580097,0.9301013946533203
2.667044757168528,-2.6869516372680664
1.0590749185315824,-1.7423076629638672
-3.9965921287470247,-0.17338037490844727
10.982614675109394,3.001491069793701
0.4076170529080399,-0.9211053848266602
2.71319811317338,3.449085235595703
8.652061852316729,7.269215106964111
-0.6579761516790089,-2.283595561981201
-51.6773231694491,-38.44964599609375
-2.8325461302865187,-2.6463699340820312
2.12749125232924,-27.9569091796875
3.562549470771905,-13.28763198852539
-16.517773128145326,1.2571706771850586
6.874655354673765,-0.6782379150390625
0.2047767843086013,-1.6725029945373535
-2.698758931910008,0.8591785430908203
1.8601156760560384,6.066891670227051
-22.2455703021075,-16.9987735748291
2.4288820651169605,0.6985263824462891
-16.8307740899425,1.2659835815429688
20.7191486697607,4.158305644989014
-30.7261055182573,-14.66317367553711
-38.4849400567448,-5.208606719970703
-14.3103126367969,-8.053909301757812
0.7860328468455551,-0.7798669338226318
-48.3858044800915,-17.03731918334961
-3.21662088766757,-10.588668823242188
1.675245639565673,-3.1242828369140625
-90.3299705619704,-27.61502456665039
-9.28527551691871,1.5912437438964844
-1.2293411329062325,2.059903144836426
-4.534682244798708,-18.729677200317383
-68.1959205924323,-25.341291427612305
-24.5242345195019,-16.479267120361328
-2.77042962989298,3.921112060546875
3.8009101564042025,1.7099738121032715
8.933703319425492,6.5180344581604
-11.341527235964405,2.2318639755249023
6.71098989067457,10.92507553100586
4.54734483862441,-2.0408248901367188
-5.16341129781556,-12.06174373626709
-49.062306315025,-19.272127151489258
5.26551760771767,4.275444984436035
3.33951124606136,-16.149545669555664
5.006519903780723,-0.2201075553894043
4.05485944970297,3.2632884979248047
2.283405953189745,-7.399744987487793
-2.66483863280114,-1.202284812927246
12.566471603210276,6.625376224517822
-27.9020155354992,-10.033858299255371
8.88265541550952,5.552920341491699
0.1652887870268324,1.506065845489502
15.4985727759109,3.4183349609375
9.014890317831036,2.3581619262695312
1.4803529144374856,5.512448310852051
18.1939100849816,0.052051544189453125
-2.6304973605131474,-3.694042205810547
-5.493763326806099,-0.9822511672973633
-0.6715208179901364,0.8348903656005859
-36.7383193130824,-14.440624237060547
5.062784719364307,5.801019668579102
-12.026803679110706,-14.25700569152832
-3.01321716593974,7.892412185668945
8.35813394800668,7.017458915710449
-3.60075442831331,-5.249488830566406
-9.509135784465323,2.256469249725342
-19.6175855102284,-7.059125900268555
-27.8629509568953,-9.700718879699707
1.74273211890989,3.832348346710205
-2.19578977406709,-0.8746078014373779
2.42002639701588,5.564096450805664
-25.55316918036869,-9.506502151489258
5.635020609606415,-0.6552333831787109
-34.727836669101,-9.69663143157959
4.4516036428765,2.0755844116210938
4.967381413305823,1.9926738739013672
-6.81516141534704,-1.1687393188476562
-24.3954295810688,-6.101249694824219
8.658679095048068,4.095038890838623
3.7347243087796,-1.5582647323608398
-12.909633143366396,-10.342446327209473
-60.49569009623433,-24.00187110900879
-3.790702882666694,-3.2383995056152344
-12.41068356063,-7.050423622131348
2.76740193393285,7.0297112464904785
-18.9061714872788,-4.118009567260742
-3.681083449701528,-26.072765350341797
8.13893448615947,6.724990367889404
-51.402683514636095,-25.00774383544922
-3.0703466753296,-6.022270202636719
0.4646043967887734,4.8670549392700195
5.989492839405608,-9.364664077758789
8.833837192566008,4.953275680541992
-26.1965705632023,-0.6950564384460449
0.0804428699766095,-4.3903069496154785
10.229168329440906,2.826810836791992
2.12042655289975,-1.9952926635742188
3.88810032819938,-3.9170515537261963
-31.515616413872173,-17.040037155151367
2.28163515100639,-6.5727128982543945
-9.633163292669298,-15.430601119995117
2.63206586722876,-0.6390209197998047
0.3189015990893598,-8.899269104003906
-6.31868596379813,-0.30527496337890625
-6.4648984000359935,-13.975513458251953
8.91646092056966,4.073486804962158
-42.637521131086125,-17.768848419189453
-89.5439156156453,-28.702932357788086
9.179556151687803,2.799452066421509
8.754663680824095,0.5914154052734375
0.8838679103249854,-2.0616493225097656
4.338369925074482,-3.130361795425415
-18.23432595343749,-24.635059356689453
6.92534745147092,-1.2121572494506836
-1.768261666543676,-0.04696238040924072
-7.87226820943855,1.916921615600586
-12.0847368637308,-8.980828285217285
-4.4222229386498375,3.3643312454223633
6.63109301847755,9.153441429138184
1.675381804264854,0.7326304912567139
-6.897600670415837,-2.5848846435546875
-12.2774867069717,-14.37072467803955
-3.963646539183849,5.184356689453125
-2.552277046947741,0.5210170745849609
-10.78700495517378,-0.654903769493103
-6.426376983867103,-1.7752442359924316
8.2142562177934,3.4280824661254883
-16.967828162594074,-1.3321881294250488
6.07843040491799,-3.0962064266204834
3.08443697315444,0.1926097869873047
-1.3811964732242277,-6.336688041687012
-4.51305804704249,-19.828907012939453
-9.93375477053989,3.26346755027771
-0.6581754288220045,-2.6290931701660156
-7.952166005584182,-13.335214614868164
-13.563015982384195,-11.397723197937012
-47.9957157156951,-26.324953079223633
4.96190002222477,6.172431945800781
-2.0240269290899,-4.729551315307617
3.47166270740147,-2.207958698272705
-5.2815921348029296,0.009044170379638672
2.369358494612781,2.1858139038085938
-4.214346026907057,-17.099666595458984
-23.8934551543691,-32.31344223022461
-1.0659561461183158,-8.484439849853516
3.126169348435272,-13.783206939697266
2.35164464781062,-0.06337881088256836
-1.79502295092813,-3.6984119415283203
-15.957982665262508,-17.67338752746582
-64.65676531723692,-41.24638366699219
-27.8195558011628,-25.07720947265625
-10.480511156242285,-20.66539192199707
-6.18357684414468,-7.015703201293945
-6.75960002722117,-4.345456600189209
4.4105627388370605,-2.4170713424682617
5.58846482112586,-5.197507858276367
-16.8483709423333,-5.119616508483887
16.1850033157246,2.251328706741333
-3.34531377329845,-3.494601249694824
5.893700156574014,-2.504589080810547
2.745769909533195,0.10978317260742188
2.53362859007723,0.751617431640625
1.0880788430276551,2.203388214111328
