Score,Pred Score
-13.812973987503693,-6.787869453430176
-14.6311710829416,-6.815741539001465
-15.020937907067507,-9.588147163391113
5.61896917638109,-6.806583404541016
0.1461877509898399,-6.813045024871826
3.59745169898486,-2.401212692260742
-6.72144892291601,-4.800355911254883
4.304204520484877,-5.375804901123047
3.37898618824583,-6.785466194152832
3.939818822274421,-5.357907295227051
13.9953943577381,-6.75169563293457
-5.39913759737588,1.1751539707183838
-2.204579993178592,-6.752513885498047
8.829561804598438,-5.91296911239624
6.01696699102072,0.25556427240371704
-6.376202369524528,-6.660823345184326
-6.50906463316165,-5.255971908569336
-60.92137282626391,-6.378220558166504
1.99934019108803,1.9721384048461914
2.188685633501576,-6.75282096862793
4.07090957771029,-6.66307258605957
0.5211206139658471,-6.5905442237854
12.5580583918003,-1.0687910318374634
3.320229681965675,-6.728693008422852
-0.4381862293696001,-6.810969352722168
0.1752112379752922,0.09559917449951172
4.123908949931413,-5.943637847900391
-14.2382866820043,-6.815103530883789
12.966325580978296,-4.7750563621521
7.692941411907634,0.5540100932121277
-62.9031214125763,-6.8173112869262695
-5.800670766453999,-5.5779876708984375
-11.705366535732304,-11.102782249450684
-4.786538605318405,-6.796051502227783
-82.4887013651952,-6.817818641662598
-8.251107402184557,-6.5045084953308105
1.61677665352485,-6.376630783081055
-11.916211326129387,-6.815676212310791
-45.634880019414,-6.726321220397949
-0.568998602339841,-1.7406816482543945
-12.147399114840605,-14.5327787399292
-27.4476544011683,-6.816046714782715
-2.306526469902426,-5.861517906188965
-0.4835459876036119,-1.0774927139282227
-8.39479061793487,-9.324570655822754
-46.862925671502296,-6.811191082000732
0.3837795244341289,-5.913640022277832
7.184930267876617,-6.750148773193359
2.8348518495029404,-6.815709114074707
-9.859535687586003,-5.61969518661499
-6.00025755794808,-6.813950538635254
-4.764629840066975,-5.2302398681640625
-2.377061578670744,-6.607105255126953
-2.0585753436264698,-6.813205718994141
1.1848602197973823,-5.806004047393799
4.97603191479674,-6.751047134399414
4.27399441028646,-6.798177242279053
-46.2372447228831,-6.792234420776367
-31.4759298257721,-5.188244819641113
-50.1674018945849,-6.801445484161377
0.9601515747159592,-6.398416996002197
-11.864177458483407,-4.253812789916992
-0.538262620928304,-3.4204769134521484
-0.6920482116816997,-5.766225814819336
-1.5184696160120892,3.47882080078125
-3.0836644409391925,-6.913773536682129
11.316750179392892,-1.2415294647216797
-11.183106529127476,-5.564199447631836
3.59102041590596,-6.805491924285889
4.55602013063716,-0.40123844146728516
11.579228393987275,1.1984745264053345
2.3067635611900137,-6.583892345428467
10.480393919522983,-6.917826175689697
-2.698100773809443,-6.911739826202393
3.776985072333982,-5.209201335906982
-11.773766374328297,-13.177985191345215
8.681027307740193,-5.209441184997559
-1.1091988250418725,-6.31046724319458
4.484288991501213,-5.254055976867676
0.0548896546292299,-5.383486747741699
0.1118559290339978,-6.7118096351623535
3.9797293996962297,-6.672969341278076
-22.42608065327665,-6.916433811187744
7.37064384347005,-7.144660949707031
-0.2642143205483515,-4.975851058959961
5.344594984386832,13.515789031982422
-1.2497809936708242,-6.908114910125732
13.71198107208239,-6.558000087738037
0.5045482395984724,-1.0671958923339844
2.86709961553106,-6.83876371383667
0.4423212163888063,-5.495085716247559
-3.724573545179619,-2.8762142658233643
0.2570808252882703,-6.585273742675781
-70.65073406723695,-6.907079696655273
-33.9587360563784,-14.919069290161133
9.2088386022025,-6.407209873199463
1.3318185914773402,-6.666048049926758
-9.176001953270983,7.960178375244141
-10.497767159210698,-14.538731575012207
-0.4402086584014632,-6.4673380851745605
2.1560784090827942,-5.896671295166016
-27.1636490162131,-6.82797908782959
-0.670930828719279,-1.239499807357788
-22.794043146736,-6.916221618652344
0.8105828534072201,-6.73248291015625
1.2287673509824204,-6.698090553283691
-0.6435038581465955,-1.9016664028167725
8.474782023793379,-6.723050594329834
-9.601847091024196,-6.005697727203369
-1.6610011043127195,-3.8081750869750977
-0.1091636509260827,-6.9231696128845215
7.570838092245207,-6.846994400024414
-7.211196994815285,-6.647876739501953
9.090654061652296,-6.912809371948242
-26.6651088566214,-5.300657272338867
-17.309192174305,-3.6140384674072266
4.14054171285972,-6.914761543273926
4.097668935846943,-7.575257301330566
-0.29408409265346,-6.687155246734619
-35.8165916579592,-6.534657001495361
10.898098675545494,-6.908384323120117
-1.6552655274048038,-6.857090473175049
1.6729502580778592,-9.86690902709961
-6.42491227706334,-15.41465950012207
-15.4752611754195,-11.22233772277832
-0.6907348474047925,-6.629450798034668
-21.3629045873375,-2.8536386489868164
4.219145585451182,1.2402563095092773
-3.019531285218114,-5.0652875900268555
4.25311060075082,-6.707241058349609
-15.0412339008878,-5.896536827087402
-8.237627320974727,-6.723970413208008
-1.0683487237199796,-5.213113307952881
-1.7174251595272625,0.6839466094970703
4.069163600073605,-6.558466911315918
-10.162041561092582,-6.598702907562256
-5.97248436581227,-6.581420421600342
6.120538767403939,-6.7294769287109375
-0.8028238008287005,-5.653507232666016
-23.6042929930625,-6.7310791015625
-0.1777753404752198,4.378233432769775
-5.785469568057495,-6.728898525238037
-0.0556983764780604,-6.7266035079956055
-25.4508968849616,-23.774137496948242
-5.3185412482723295,-6.301690578460693
9.1356503291117,-6.788981914520264
4.020569536845237,-1.6215801239013672
-58.5527340809363,-6.456750392913818
-6.291328737399075,-6.718369960784912
4.187869588752649,-4.882935523986816
8.922207576391518,-6.684683799743652
22.7414116448382,-5.417845726013184
-44.6057608529879,-6.731922149658203
-26.5129077898497,-6.721185684204102
-2.13735826282737,0.3020768165588379
-1.14890133483728,-6.789298057556152
-15.2234416939723,-4.749354839324951
0.369316059642221,-5.517233848571777
-0.6884117876070912,-7.152009010314941
-5.8772631055401,-5.108441352844238
3.6053774296538297,-5.36321496963501
5.07108724357905,-6.705327987670898
1.292753014965791,-6.7882256507873535
8.440986836263871,-4.532602787017822
-3.43040335892423,-5.065286636352539
0.7651079053562314,0.6712460517883301
-37.13962469223695,-6.697007179260254
-5.822632503482525,-6.210119247436523
-6.879472048396067,-9.746957778930664
2.11024229353816,-5.46791934967041
-7.1526743450051855,-9.85570240020752
-1.122073026503361,-5.103795528411865
0.3302260274555297,-6.720273017883301
-1.178255647098801,-6.6839189529418945
-2.99361591491145,-6.692243576049805
-18.1070051290659,-11.329594612121582
-3.0332808194811403,-6.3009819984436035
2.6303171850506604,0.40390491485595703
-9.72499716390718,-6.726338863372803
0.2729453578388601,-0.5153465270996094
-21.4503408223732,-14.268888473510742
-4.99755531471552,-6.299370765686035
-18.0018409950579,-4.395009517669678
4.00031385473591,-6.714826583862305
12.0378145652987,-6.682816505432129
14.1235470599023,-10.526290893554688
6.55729051148795,-0.22390174865722656
11.19992297656359,-6.241802215576172
-7.81388191369781,-12.036598205566406
-2.924593214648255,-7.135001182556152
3.7667366885646025,-0.3357982635498047
-6.68253431604433,-6.76136589050293
0.7345204104922589,-6.461124420166016
-10.626155896203898,-6.6876749992370605
8.106852576346123,-3.2386207580566406
-58.24412469223692,-6.6336798667907715
1.4955767028094,-5.915273189544678
-17.6906096863185,-6.247757911682129
-4.813871520282443,-6.792533874511719
-11.8973420493851,-6.698676109313965
-2.67676896274171,-2.108419418334961
-3.9331393974605526,-5.185122966766357
8.756217929094177,5.339569568634033
-29.2662792150344,-2.781754732131958
1.7249239205326918,-4.454399108886719
-6.686975812883663,-6.817561149597168
11.10272802991041,-6.260303497314453
-10.956818171714705,-12.69734001159668
-6.3500959185649,1.6591346263885498
0.6681105368389735,-5.8130974769592285
-12.500029270357295,-12.451465606689453
-2.591242863373206,-4.694164276123047
5.954690473588823,-6.803817272186279
-43.929359067237,-6.798760414123535
-17.4841411730512,-9.291952133178711
3.61441892535489,-6.801972389221191
2.1112971208509976,2.18496036529541
-41.8026500314277,-6.8066792488098145
7.028135642932115,-6.835435390472412
8.463248256721428,-5.273244380950928
-13.037072413777096,-6.803898334503174
-1.6307504375632549,-4.777554512023926
-0.3284521577656807,-6.799283981323242
0.4685622181175212,-5.695145130157471
-5.316952415477393,-6.7256879806518555
4.584421564331302,-12.715631484985352
-20.3593816575191,-17.236961364746094
3.67041582610247,-6.5914530754089355
2.204062447972561,-6.803728103637695
-4.666937653128132,-5.278720378875732
-12.3781694316975,-9.261794090270996
7.06923762363823,-5.255440711975098
-37.2883298194418,-11.896051406860352
6.442434166934048,7.803672790527344
-12.2162083245621,-9.63011646270752
-20.3623076046531,-6.779088020324707
-5.45440876641342,-5.660060405731201
3.1416241584890576,-5.168091297149658
-4.96580172718434,-6.803717136383057
-37.4061766871973,-6.400955677032471
6.46185690649625,-5.195129871368408
0.5403453062071405,-2.6688156127929688
8.656689402528613,-6.8130784034729
12.331931266595111,-6.796493053436279
2.75380173901167,-6.803297996520996
-2.8447496930443927,-4.6907219886779785
0.0285872237409883,-6.724107265472412
-73.5286754265322,-6.801892280578613
7.285509446842615,-6.796672821044922
6.72046542688671,-6.702908992767334
-6.19730890695259,-5.362057209014893
-16.4599719883519,-19.23875617980957
-10.288292260688207,-5.262239456176758
-10.285920522724917,-6.803380012512207
-30.8171784242839,-5.024229526519775
-4.65691689928222,-6.685701370239258
-37.1716279374795,-15.157793045043945
-36.50577458359941,-32.98253631591797
0.7942566624333496,-6.610124588012695
-34.8552692363716,-6.206377983093262
-2.491707941339629,-6.870102882385254
1.7387039934851498,1.9559330940246582
18.9715733525152,-6.9160027503967285
-13.8996269060666,-4.897143363952637
4.17561229224804,-5.437876224517822
4.7680640763497,-10.758249282836914
-6.745372906074374,-6.8001813888549805
7.262818938793504,-6.5189595222473145
-55.7541546140486,-6.634462833404541
8.453421074249384,-6.887457847595215
-5.85807143580148,-6.882015228271484
-52.7336020518746,-6.646461486816406
-1.995826789875676,-4.692654609680176
-1.3326443092463092,-6.5672831535339355
5.029017096161708,-6.814652919769287
-0.71117494174041,-5.74505615234375
8.243548509216069,-1.1358757019042969
5.81602235619721,-6.860665321350098
5.978124919049687,12.629772186279297
-2.8859593337581737,-4.763303756713867
-26.0047332498617,-6.6260480880737305
-1.5220929784942658,-8.19691276550293
-3.195242757261453,-6.915596008300781
-15.0089303719363,-15.247529983520508
-1.757118944268968,-6.824265480041504
-13.5091075877696,-6.740767955780029
-4.0681667574955,-6.887646675109863
4.43276114617859,-6.882940769195557
-4.665207913971671,-6.872896194458008
7.33919324558513,-6.88550329208374
-11.69780882660921,-8.094399452209473
5.960801203295765,-5.207052230834961
-29.9162730471743,-6.87424373626709
-5.331847529263395,-6.104903221130371
-40.7258600860177,0.5774116516113281
-35.3994683825842,-7.068814754486084
-10.968565079401992,-5.798676490783691
15.384553292915324,-6.617457866668701
-0.4271227388875901,-6.878532886505127
-7.69948364751984,-4.388069152832031
-26.6822467124322,-6.583961009979248
-0.2823200449385875,-5.302045822143555
-3.8453528225106623,-7.020010948181152
-2.4599041427842496,-6.476174354553223
-12.7315114055493,-13.468934059143066
1.418014053180695,-6.687757968902588
-3.4922781726655696,-5.547447204589844
9.58062385928767,-4.931807994842529
-17.5801214502402,-6.724449157714844
-49.5120706514507,-6.826545238494873
-0.4503474699443348,-2.4218976497650146
2.332279780348585,-5.720032215118408
-42.2483635713802,-6.860940933227539
-5.00028834575103,-5.192804336547852
-5.14141487663266,-6.883885383605957
-19.923371510770203,-4.3493242263793945
4.28301459624688,-5.182425498962402
0.3224388648416145,-5.444115161895752
6.795393661635613,-6.911695957183838
6.720388221210122,-0.576873779296875
-20.7558388881914,-6.616771697998047
-12.5922662394529,-9.328651428222656
-5.19085420781142,-7.047043800354004
-27.3858072066324,-6.875967025756836
6.488490212037078,-7.075847625732422
-12.5233171201947,-11.2514009475708
0.996650643215182,-7.060593128204346
3.27144637329635,-7.058815002441406
1.203208947199059,-6.769136428833008
4.5031585012656095,-6.9633965492248535
-46.6686841099013,-7.06361198425293
3.600655729290548,-1.4010038375854492
-2.7077151362496297,-9.747576713562012
-42.936846127142296,-7.063335418701172
2.679404112105611,-6.939101696014404
-23.975827854410426,-7.049880027770996
-24.4869919201538,-6.991217613220215
-6.22433036882608,-6.687126159667969
-24.992167376126925,-10.247138977050781
-9.742168339465294,-5.397729396820068
0.1235817830644999,0.18146491050720215
-11.607028837624,-7.056431770324707
5.321680837772678,-6.755739212036133
3.3452637215970498,-6.799273490905762
13.015759276594096,-2.8617820739746094
-6.13466459150186,-5.40247106552124
3.0897024917955025,-4.7170515060424805
3.557691046156,-7.051947116851807
2.0008593011464906,-6.521200656890869
-1.2671721747064446,-7.053231239318848
-2.989164004622407,-7.060697555541992
-2.43808381047612,-7.057738780975342
-11.30813578108209,-7.019038677215576
-9.619042312244815,-6.975374698638916
-4.01456885639382,-5.402600288391113
-4.853312003098937,-7.0634870529174805
2.78743688363977,-5.809116363525391
3.6035536346157695,-6.9145426750183105
6.09033976794457,-7.103766918182373
-5.89266438028177,-7.059439182281494
4.780848076735348,-5.527331352233887
-20.7592210135025,-6.619021892547607
-3.637071869773312,-7.424932479858398
-4.396710286499547,-6.825246810913086
9.04709717330502,-0.3353848457336426
1.69213972357191,-2.8720297813415527
-27.068723822751306,-21.197511672973633
0.2886204877907422,-6.678657531738281
-0.592182005541919,5.603668689727783
-4.736229867816737,-3.068897247314453
7.877641553655238,-2.1327648162841797
-2.588665914009158,-7.062262058258057
4.72846919446815,-10.712014198303223
3.42669038506664,-2.5872573852539062
-10.274169876330886,-6.9250054359436035
-1.289264920121349,-7.059156894683838
-6.9648772325347394,-6.709901809692383
-1.2236747050651609,-7.011104106903076
-12.208208404490907,-6.809871196746826
4.40921359309415,-6.790765762329102
16.4171583068458,-7.051268577575684
-15.991582533821994,-3.082141876220703
7.809600001042748,-7.05926513671875
-3.0331069492891496,-3.0935420989990234
2.603164662477901,-6.79758358001709
-24.2572199033326,-6.760055065155029
13.667582002208905,-2.20357608795166
8.19307228691883,-14.599030494689941
0.4664503305112299,6.482913970947266
-6.46133524603972,-6.719389915466309
-19.7520332208299,-6.87666130065918
-7.75971004909346,-5.344444751739502
7.66334596528203,-6.932096004486084
-27.64770126959135,-14.909940719604492
2.125547882163602,10.97297477722168
-1.8239337240231768,-6.718979358673096
3.3696784995100426,-0.22031593322753906
5.265272900492549,-6.832732200622559
6.753311816554961,-6.265973091125488
0.9434331950199416,-5.553241729736328
2.13745295521649,0.37210845947265625
2.76912169862866,3.333803176879883
2.409764321136161,-4.6522603034973145
3.7606671418030695,-6.932159423828125
0.555665600488549,4.794166564941406
-89.04756219223692,-5.387892246246338
6.987950206462267,-6.931676864624023
-10.09410467002709,-5.261289596557617
8.16191414696451,-7.384294509887695
-10.731303688850904,-10.825782775878906
7.588764503474316,-6.740714073181152
-5.25293160621848,-5.047569274902344
2.3065604778561424,-1.626417875289917
-3.8022266666193874,-9.985544204711914
3.22816419080692,-6.779562950134277
1.1941842843275,-5.753412246704102
9.772192422094813,-6.129725933074951
-2.489313079893845,-3.0168728828430176
-13.547300817594484,-6.617740154266357
-1.5403494549472296,-6.598002910614014
-5.139364658294922,-6.929069519042969
-1.32131943338233,-10.43735122680664
-0.5284321769112605,1.544492483139038
0.1119561526876595,-3.8368072509765625
14.8508222506114,-6.9347453117370605
-0.0918051514147744,-6.931432247161865
-1.7237618714553775,-6.920393943786621
-1.5699354762224491,-4.770270347595215
1.5718362711845366,-6.781442642211914
3.58036180553514,-0.4493684768676758
7.45084701577923,-14.596715927124023
-7.378812419643663,-3.6361849308013916
-33.1832620874725,-6.855465888977051
-6.066411004621831,-6.786729335784912
-16.4910721624856,-5.31880521774292
0.8267526169764301,-6.927776336669922
-9.762453719841735,-6.9338202476501465
8.07102955700163,-6.920202732086182
1.741670982094262,-6.920027732849121
-0.0053525606393112,-6.89119815826416
-51.4043293278057,-6.437929630279541
14.9415296965116,6.6792988777160645
8.70853787657841,-6.925665378570557
-2.149900469098629,-6.930627822875977
14.8229623836697,-6.964346408843994
-0.0379657812584102,-6.690565586090088
-15.3173389528898,-6.863905906677246
-1.7663441991754285,-5.278036594390869
-6.708306328674888,2.693249225616455
-78.7451798053926,-6.853496551513672
-0.5413656534735456,-6.806751728057861
9.625121597198186,-6.859153747558594
-3.15562863494722,-4.901215553283691
9.60447820177431,-5.350801467895508
-3.31847606547329,-6.6403727531433105
-4.12581810820042,-6.734481334686279
1.7706121017107803,-6.6955180168151855
0.5117341060036625,-6.690150737762451
2.63157412115867,-6.605623245239258
-4.763634360062484,-6.811411380767822
-11.18181257464061,-6.823290824890137
-39.4932668903457,-5.5479841232299805
9.206200380526292,-6.057646751403809
-2.93911844531118,-6.8529815673828125
-28.13472322157985,-9.958660125732422
9.62907409316032,-1.034388542175293
-7.042636248773623,4.075425148010254
-4.03025121975644,-6.348726272583008
3.42951329804928,-6.804046630859375
2.5565427438131976,-6.856087684631348
2.8513084033656,-6.800271987915039
-5.5623675139736175,-38.71055603027344
16.9968892380515,-6.901144981384277
-4.144685584269085,-6.607954502105713
-11.221818720505304,-6.877735137939453
-2.111656589218961,-6.37888240814209
-1.626797120535592,-6.933431625366211
0.7652624054000594,-5.684866905212402
-21.5531296050118,-6.735568046569824
-13.053772031257305,-10.391146659851074
5.42509465390903,-6.850438594818115
-5.5186956836840375,-6.062870502471924
-2.260381023139061,-7.035456657409668
-30.3377383335249,-6.7572245597839355
7.380729755239978,-6.804555892944336
-4.172986764275874,-6.515642166137695
-1.2036514942358316,-6.564204216003418
-35.2906329121599,-29.35784912109375
-2.54595208771381,10.972589492797852
-10.901275449743116,-6.849176406860352
-17.0078420331655,-6.856938362121582
-17.0314498829154,-5.644636154174805
-11.9784507557909,-10.678504943847656
-19.469018973061075,-6.55196475982666
-3.2142130797467816,-6.421923637390137
-0.5663484394051013,-6.437071800231934
-21.2195468929047,-11.796402931213379
8.077984978184695,-6.8547210693359375
-17.0119321722455,-8.662217140197754
4.67424026120176,-6.438509464263916
-47.9875704511971,-6.860982894897461
4.316615136301563,-6.643982887268066
11.2728180991378,-2.5936994552612305
-3.5546157663424616,-6.837532043457031
-3.15887949932979,-6.85947322845459
-1.6422791314174887,-6.655718803405762
-3.448025235667948,-6.165765285491943
-13.5632540546311,-6.859101295471191
0.8825935384285006,-5.627774715423584
3.27100049685324,-3.9824814796447754
-0.7762273913233743,-6.325832843780518
1.026942322157092,-6.691075801849365
9.859104788483815,-6.897284984588623
-1.9977872313530125,-6.77011775970459
-13.1809903671301,-6.810126304626465
-35.1782981083837,-6.913084983825684
-35.8337806803641,-9.93385124206543
-7.639409008216227,-6.876597881317139
-15.746453943284,-6.913743495941162
1.055995951979529,-6.586915016174316
3.987299411465438,-5.98707914352417
-37.0930621901092,-5.4279584884643555
16.694612728237402,-6.615187644958496
-4.527979888097892,-7.0771307945251465
14.6352674345898,-9.547179222106934
5.034618319433818,-6.7702178955078125
-3.77133000272187,-6.85847282409668
-1.61504571199055,-6.9144511222839355
-56.3663437951974,-5.291121006011963
10.088450856398616,-6.5126214027404785
-14.285610883283098,-6.886701583862305
2.6210618799141923,-8.234346389770508
-2.308732762121495,-14.931442260742188
-83.9761260280997,-6.843849182128906
-1.03656181464744,-6.764838695526123
10.16232173056559,67.42407989501953
-3.12013961477547,-6.761192321777344
3.010752586641185,-6.743515491485596
-1.5178355576616795,-5.369564056396484
-2.60072537807549,-1.8218276500701904
-2.367312137177082,-4.878902435302734
6.075310726130807,12.647602081298828
2.24572304437811,19.390806198120117
0.2044267191685782,-6.907656669616699
3.85944773684647,-6.906590938568115
-14.409506408843407,-8.305611610412598
-2.683955047842884,-6.807878494262695
-0.0075038478591599,-6.913608074188232
7.190050317883171,-6.070608139038086
-2.1691769605730515,-6.910168647766113
-7.910003358009165,-6.892068862915039
-69.1366966634013,-6.911098957061768
1.437241653553571,-10.57327938079834
-20.7409218490905,-15.124130249023438
3.78247800369874,5.872116565704346
7.909526276907584,-6.9105377197265625
6.097122298913325,-6.907988548278809
24.5800902168924,-7.036159515380859
-9.979741434164584,7.751610279083252
3.1327986373042376,-5.105819225311279
-8.393586343504198,-6.6681928634643555
8.678125432705007,9.207267761230469
20.7428439693387,4.145084381103516
-1.511416195100045,-6.911073684692383
-23.3725501337939,-6.908010482788086
4.69437535963172,-6.907559871673584
8.24149319055937,15.963592529296875
-0.2898522089969393,-6.910601615905762
-7.19378137939456,-5.352089881896973
1.0271109700113177,-6.910594463348389
-14.564555056626377,-6.807480812072754
-9.657849716236,-6.901837348937988
-0.7280966227290082,-5.479680061340332
-21.8962191024866,-9.946263313293457
-40.2614734397264,-9.51154613494873
-1.77750068778882,-3.805814266204834
-28.3488859938485,-6.80797815322876
-8.184373188662292,-6.841552734375
-6.135426654744688,-6.717519283294678
-3.270422191581055,-6.832595348358154
-6.055427015859325,-5.305852890014648
-34.3143130117107,-5.272411346435547
-50.4820483838523,-6.84461784362793
-4.639593570653838,-5.305294513702393
-21.0606958753072,-13.112052917480469
8.747205755218493,-6.847384929656982
0.6884341878779402,-4.465318202972412
0.300408103033295,-5.289167404174805
-2.6184282494780104,-5.333584785461426
-37.3999740396079,-6.276882171630859
-10.594900847222812,-5.278045654296875
-23.227454082363305,-6.844859600067139
-15.4814292943448,-6.66829776763916
-6.89310310865277,-6.330009937286377
-11.7962452523223,-4.341588020324707
-0.3887710448227697,-0.6336660385131836
-4.0896099478500325,-5.170229434967041
-42.6579269422049,-6.844388008117676
-2.095241650043551,4.944522857666016
8.45389840526827,-6.76597785949707
-15.5157954828953,-14.726810455322266
-1.9802660997523944,-1.3497371673583984
1.8368511005450223,-5.238555908203125
2.11900133622217,-6.645924091339111
-38.4962238749225,-6.6681036949157715
0.8069046214032297,-6.6520609855651855
-1.73607437190069,-5.343233108520508
-8.46093254820262,-3.2381739616394043
-0.0780407432645869,-4.293798446655273
5.009535132419683,-6.485847473144531
-74.9399761386801,-6.841798782348633
2.806732553915905,-4.222683906555176
-10.415057364934407,2.848764419555664
-4.81834176383161,-6.663813591003418
-1.4920816076829602,-6.105773448944092
-0.003939288658445,1.2808870077133179
5.86288473591452,-6.839227676391602
0.4443344011282492,-6.678128242492676
5.72263802046558,-5.1872053146362305
5.46583466116103,-7.206140518188477
5.05355462238675,-5.274449825286865
-17.190033530139498,-33.35334396362305
-10.1192188918475,-6.833970069885254
-10.539071528779305,-6.734087944030762
0.2492257167476033,-5.366604328155518
5.35198813185094,-5.7672600746154785
14.9823899147147,-6.884966850280762
1.7336328627834918,-6.842336654663086
3.2582764286422226,-6.591511249542236
1.1615369027166365,4.827754020690918
-42.4099588259267,-6.7905192375183105
-38.7823663998969,-13.744837760925293
7.99575647038201,-6.540406703948975
11.644495901203598,-6.729572296142578
-39.0956747424042,1.0847063064575195
-38.6438610292767,-5.187641620635986
-40.5029244010595,-6.845033645629883
-22.8644313188967,-5.262416839599609
-0.897066728281827,4.943733215332031
-17.6830733389949,-0.16045475006103516
-0.0084306638066775,-6.5688018798828125
0.5394390329931549,-2.546621322631836
-21.61387508166409,-6.570418357849121
5.053393098685065,-6.776022911071777
-15.7834934865799,-9.012928009033203
-58.40351531723695,-6.07254695892334
8.86280218600469,1.4965122938156128
1.888243484494037,-6.777760028839111
8.99923705482913,10.072444915771484
4.133325903305868,-4.770199775695801
4.774357664359128,-11.676033020019531
7.418770080750715,-9.794065475463867
-2.25262466719878,-6.712716102600098
-7.071587649042333,-4.75940465927124
4.398742241377427,-6.756270408630371
-8.692928400841772,-4.769298553466797
2.334382802629,-6.771883964538574
2.8274240704709,-4.560200214385986
2.1747311895065486,0.5776844620704651
-11.9965988914421,-4.369661331176758
2.776867734737273,-6.777379989624023
-12.4595255596924,-4.808859825134277
18.5317724911246,-6.846573829650879
6.86106163750481,-4.314175128936768
-19.1693792779686,-3.7341232299804688
-4.20883890972707,-5.516664981842041
-0.3530077955256401,-1.6192501783370972
-1.6020246929696491,-6.432148456573486
-7.57557880794988,-13.776745796203613
13.9692836454661,-6.857912063598633
1.289294757415069,-6.458310127258301
-20.3746494688195,-6.773469924926758
-8.044482691931467,-6.578474998474121
2.51340467963473,8.21540641784668
11.0282847349576,-6.79252815246582
-1.3944922949507652,-5.025878429412842
-26.2706781913698,-30.033855438232422
-71.7765711158932,-6.767705917358398
-44.2857422252861,-28.2464599609375
-3.057699221935841,-6.792209625244141
10.116767222520318,7.324242115020752
-46.9980356488569,-6.780637264251709
-8.677497573270493,-6.840031147003174
-25.781275563237,-6.773856163024902
-2.941164138388841,-5.344016075134277
-26.5692742661385,-9.983442306518555
1.2555345380058751,-2.1093292236328125
-0.810306898238276,-6.7789106369018555
0.2404076931068699,-11.086445808410645
-2.5590885431480426,-5.226006031036377
-11.9846830308257,-9.652838706970215
-5.775806690181939,-6.7708964347839355
1.9806048133258944,-2.384551763534546
16.618750626525,-5.536913871765137
8.204494762209066,-6.776834487915039
6.80321923705408,-5.347526550292969
11.710679650337616,-6.840299606323242
3.181253849239128,-0.8443727493286133
0.90894434552881,-6.741310119628906
3.547124544521316,-5.542286396026611
-2.202886656443709,-5.153404712677002
-11.133669865203094,-8.341607093811035
9.328533024448705,-6.621105670928955
-0.7012610501602399,-6.464624881744385
-0.3170472839931941,-6.7919511795043945
-2.3458288386735573,-5.782598495483398
-26.1191329979098,-6.630731105804443
-2.33292598982445,-1.308100700378418
2.461922216333884,-6.719331741333008
3.73205068567752,-6.907322883605957
-22.4462583852743,-6.7572245597839355
16.899113604615202,6.87406587600708
-2.85382252753121,-6.79366397857666
1.2705701336207027,-5.990802764892578
7.960789166364423,-6.513169288635254
2.71808902854303,13.889883041381836
5.5273920092716775,-6.677401065826416
-4.11149235653684,-6.857908248901367
-20.9676231329802,-5.192276954650879
-0.89184437235696,1.1857476234436035
-1.2816619609782416,-6.125948429107666
4.85634828411675,0.9015368223190308
6.429854346358795,-6.861988067626953
4.71112087372323,-6.794722080230713
-30.7199022255615,-10.613147735595703
-3.8590388668775,-5.814583778381348
-10.6557437737239,-5.3655242919921875
-13.4460672849668,-1.0427895784378052
-5.527709296795018,-6.7956624031066895
-1.876637029070265,-2.5643272399902344
10.2532613363299,-6.769493103027344
3.00680128293027,-5.231009483337402
19.33685959748449,-7.125184535980225
-0.1058882282985149,-5.051575183868408
14.3436638764016,-6.023830890655518
-16.1535771788668,-7.193430423736572
0.9480162028997956,-6.7593159675598145
-18.5891767455387,-6.799323558807373
13.309934514349203,-6.912604331970215
6.02246857213521,-5.130688667297363
5.16750826555368,-6.420973300933838
-1.0190872666435924,-4.740085601806641
-19.100904418149,-15.288522720336914
4.743603615290096,-2.853043556213379
-13.8157551615103,-6.795254707336426
-3.802611775309477,-26.836591720581055
4.30511943579503,-5.398961067199707
-22.482844278002705,-6.283859729766846
0.60779733849738,1.7978460788726807
17.8138573048897,-6.802789211273193
-38.4626262988146,-10.611001014709473
-0.6089836493556324,-6.806714057922363
0.8617451361473882,-6.791837692260742
-2.40000424902785,-6.794930458068848
3.7078671714499096,1.110276699066162
-2.390619984667185,-4.878146171569824
-15.559462368784592,-10.601970672607422
-13.790764753514,-6.533796787261963
-9.325981865786185,-1.9936403036117554
-58.4491138315396,-6.4733357429504395
9.550892694239591,-6.535995960235596
4.435147085081137,-6.498729705810547
-2.3538192484503564,-6.780807018280029
-5.83438093189622,-6.794658184051514
-7.10827059552493,-10.606650352478027
-12.414939844598162,-6.53102970123291
6.6154810826822,-6.808608055114746
1.3155747227446202,-6.796468734741211
-2.56542276271332,-6.792887210845947
-13.546032832554804,-6.086945533752441
-16.600339428286603,-9.493082046508789
2.9737175212081803,-5.336568355560303
6.167862854629888,-6.796025276184082
-40.922076323723,-6.623291492462158
16.9349100756105,-0.9424924850463867
-12.24911226903676,-10.71528434753418
4.867927463076468,-6.790082931518555
-21.6327950573002,-20.733016967773438
7.11033993521173,-6.797191619873047
-9.59094984812801,-6.800342082977295
4.92186081619874,5.818883895874023
-7.815562497274902,-6.345979690551758
-2.20364176327536,-4.464788913726807
-19.6754058911438,-6.799397945404053
-91.8886792382854,-31.73849868774414
-20.9507978903398,-6.525583267211914
-17.8084408175675,-10.207345962524414
-62.9612541332419,-6.7922797203063965
5.598134989920393,-6.840029716491699
-7.283890318199592,-6.100305557250977
6.1026124307435,-6.743167400360107
7.42840635595139,-1.3363261222839355
-5.179391847578812,-14.84117317199707
-4.873152982370568,-12.949399948120117
7.276768036701751,-3.2843739986419678
-10.739322929783883,-6.797149181365967
-22.9219832537164,-6.796355247497559
1.5259403537211615,-1.3764891624450684
-44.7886924625105,-6.472821235656738
-3.72583443525641,-4.915285587310791
-14.57002364123529,-6.795154571533203
-10.128266274366498,-6.80140495300293
-28.0249952668106,-6.33480978012085
-26.24662901330595,-6.676201820373535
-40.3645652505015,-10.342242240905762
-30.8056950922951,-13.0186767578125
-3.9552380984537248,-6.695849418640137
-2.1789667599796294,-4.999719619750977
-0.5734820606807138,-1.9775640964508057
-1.1617148968623687,-6.588186264038086
3.42848617073407,-4.000395774841309
-17.4030551064212,-6.794708251953125
3.88109013796494,-6.570504665374756
9.400493271217616,-6.69467830657959
-11.302161927872188,-10.121208190917969
-13.3709137252944,-6.883011341094971
-6.79658968512302,-5.495297431945801
4.509456424718162,-2.5596532821655273
5.45103123545738,-5.150604248046875
8.149714042401495,-5.555836200714111
-12.909180343140196,-6.696247100830078
-6.61979034735207,-6.794704914093018
11.9978624338519,-6.795563220977783
-12.53254789251529,-1.2154178619384766
-8.36198121766124,-6.795837879180908
-4.361976736345532,-0.9321150779724121
-0.1898191226144924,-6.796468257904053
2.3166834950764685,5.688657760620117
-12.6203596574975,-6.646887302398682
-1.207429910073891,-5.750461101531982
-29.7403775200217,-9.98962116241455
5.31082796058257,-6.8005051612854
2.97844031586002,-3.1915862560272217
-12.533050119535002,-11.658183097839355
-5.8684323426223,-5.736760139465332
2.391980620215489,-6.382315635681152
7.73570234615748,-6.7991533279418945
1.166748445159433,-6.872885227203369
6.093529951556334,-6.782013893127441
17.709922444879297,2.990042209625244
11.779516260068313,-6.440234661102295
2.4866177573815964,-6.721645355224609
-30.89708550466269,-6.488131523132324
-9.231606713935047,-6.797557830810547
-13.4089268865456,-6.783313751220703
-9.06573754635488,-10.338111877441406
9.30630078585379,-5.788973331451416
-7.156550033865472,-11.066549301147461
-10.5414716495377,-4.92579460144043
-27.8178569354009,-6.663496017456055
5.3817717725564,-5.069073677062988
-35.155236696245,-6.563235282897949
-21.4141717786538,-6.802891731262207
-2.6053130644292946,-0.9930369853973389
-9.953220777101093,-5.062932014465332
-8.798237091769485,-9.782726287841797
-27.6920167541674,-8.363683700561523
8.017093587799739,-6.761903285980225
-0.3550158381598589,-6.83315372467041
-1.19024715514191,-3.129382371902466
-3.2855896341823474,-28.974712371826172
1.844566842421384,-7.701977729797363
-30.7366736665872,-6.802853584289551
-11.338238855350506,-12.958375930786133
-1.059512617215007,-6.543642997741699
-33.7712071062874,-5.064067840576172
3.812227003524945,-5.596868515014648
-2.8472026300298463,-6.789118766784668
-21.5871320482388,-31.82384490966797
1.845960760756301,-5.092690467834473
9.06213659212517,-6.878390789031982
-13.950148061363093,-15.184680938720703
-15.1006814359747,-5.928736686706543
-8.65496498210776,-15.755226135253906
-31.18852367408345,-10.143304824829102
2.35160533891099,-6.800375938415527
-7.06329362397977,-6.797393798828125
-11.299328727708405,-6.79803991317749
-5.73967918172164,0.8537130355834961
-4.062121175440552,-6.471510887145996
3.62056380925444,-6.79158878326416
-6.512385872303066,-6.161290168762207
-17.2817979072755,-5.100160598754883
5.79128728304933,-6.746678352355957
3.7921116228684086,-6.725949287414551
0.51700222845629,-5.0356292724609375
1.0966146270020711,13.66006851196289
-6.613686761665703,-6.791701316833496
-39.873530292237,-5.843616962432861
-35.0272315856836,-6.802728652954102
0.2475632146873464,-6.943726062774658
5.59963570142504,-6.721579551696777
5.29419053806362,-6.633912086486816
6.457932781589695,-5.647367000579834
6.4251548431743295,-6.715193748474121
-19.7885249955934,-5.111154079437256
-2.4097304318056905,-6.778310298919678
7.543407488617369,-7.262320041656494
1.83593808226401,-6.935403823852539
-1.5082203021212124,-6.723569393157959
5.99108205682079,-6.659270286560059
-18.1797235112709,-6.761640548706055
-12.840088322870097,-6.87294340133667
-2.23616712442702,-6.968563079833984
-4.662511414401839,-6.874053001403809
3.41802282280863,-6.860939025878906
-12.0320822507053,-5.360675811767578
-25.9801803981754,-19.364490509033203
-5.97419023328963,-6.720057010650635
15.4186986077963,-5.798741817474365
4.480465220149085,1.0241436958312988
-13.2363849677504,-3.4771320819854736
-9.362863686069195,-9.308557510375977
4.128157012788561,-6.673800468444824
2.26767773086615,-6.874152183532715
-24.1634597090208,-6.655710220336914
10.013204486477417,9.579218864440918
-31.934070451053,-10.639927864074707
-22.9515728231767,-6.355836868286133
-11.219410776078313,-20.469026565551758
6.00089213826483,-6.871896743774414
-28.9638748432599,-6.378976821899414
3.11049964318654,-2.709496021270752
-1.073248118887358,-6.83649206161499
-10.249148139079496,-14.049564361572266
-13.14009076535719,-6.8452863693237305
0.7364260970712593,-6.674081802368164
-44.9949251983702,-43.356178283691406
-5.159519294761907,-7.39486026763916
1.869241020829697,-9.428342819213867
-55.54568697318505,-6.857466697692871
0.3065104335081801,-5.273626327514648
-10.386374558578522,-5.91668176651001
-3.0345245902191325,-5.643514633178711
-57.144820014625296,-2.96177077293396
2.85060083445348,-3.9333362579345703
2.446050707651698,-5.2892746925354
5.50221601830175,-4.711587905883789
3.455876052191651,-6.823167324066162
-14.6157572128631,-6.872196674346924
-0.874105623616695,-4.955921173095703
-1.378759213278819,-6.418676853179932
1.350733135180331,-5.291662693023682
-1.94666134980912,-6.391819953918457
-3.36735139960915,-6.795331954956055
0.8319171014720902,-6.874704360961914
-40.2101205720394,-5.389756202697754
-24.577379709126298,-6.874876022338867
-18.6292132467089,-9.30735969543457
-46.39510994896701,-14.405791282653809
-2.487076105276776,-6.7408127784729
-4.752960817423343,-6.009137153625488
-0.1160299782726794,-0.8808920383453369
-18.5277286275242,-11.530139923095703
-14.1325019191809,-6.824210166931152
10.909208084253878,-6.729694366455078
1.30779520720034,-6.745875358581543
-5.77436797253085,-6.453911304473877
3.986867952152618,-6.137775897979736
-21.7936206120663,-6.874851226806641
-2.643556292002,-2.7413644790649414
11.0853991753379,14.024639129638672
-12.9397422629832,-8.920738220214844
-0.190891674386513,-5.781272888183594
-6.32558602127377,-6.8462066650390625
5.391699208755202,-6.780181884765625
-8.998840630677615,-5.179706573486328
-1.6005087696864486,-5.987586975097656
7.5482379424635875,-6.476401329040527
-7.642910278690365,-3.5479354858398438
3.719171936095444,12.347227096557617
-0.8981307679622897,-2.161768913269043
7.06032809637297,-6.701190948486328
-3.134999611446543,-6.1935930252075195
-5.94174589421185,-3.923431396484375
-17.7883076547542,-6.8463134765625
-25.2381267145584,-6.717095375061035
-27.5445722402187,-5.668438911437988
2.6678241356197647,-5.553952217102051
5.02066543392875,-6.395496368408203
-1.67197513843126,-6.85300350189209
6.58117049992555,11.467753410339355
3.12612254618191,-5.436309337615967
-2.1147225087047508,-7.172507286071777
-76.9668504799361,-6.82123327255249
10.11870938841209,-6.6189422607421875
4.755697845162629,-5.109387397766113
16.5479703149859,-7.25933313369751
4.001938538520379,-15.311628341674805
-14.1813773041305,-6.801884174346924
0.7709161631446207,-6.364179611206055
-24.2508933717269,-11.043021202087402
-22.3071231538392,-6.840224266052246
7.2595381633228,-6.806095600128174
11.555346181601609,-6.847031593322754
-26.258782255785,-6.942202568054199
10.3189652047012,-3.04787540435791
0.809697096857583,1.0294616222381592
-18.5255095356289,-6.854766845703125
-1.0680791130593923,-6.0144548416137695
-3.5390830989045075,-13.915677070617676
10.468583156479704,5.570280075073242
-10.613183176373598,-6.710278511047363
-6.40442742836347,-6.58731746673584
7.196532980977684,-6.852046966552734
-10.586292641023492,-6.681779861450195
-26.79502671025515,-6.7386794090271
-7.187555808667961,-2.8106606006622314
5.4465900456679694,-6.878414630889893
3.1988276731025875,0.43823719024658203
7.827394642815597,-1.9241136312484741
3.887422638441485,-1.4931341409683228
-3.41466344580097,-6.81223726272583
2.667044757168528,-5.287876129150391
1.0590749185315824,12.30722427368164
-3.9965921287470247,-4.769781112670898
10.982614675109394,-6.56109094619751
0.4076170529080399,-5.236289024353027
2.71319811317338,-6.778210639953613
8.652061852316729,-6.712701320648193
-0.6579761516790089,-5.682286739349365
-51.6773231694491,-6.8541460037231445
-2.8325461302865187,-6.799307823181152
2.12749125232924,-6.848764896392822
3.562549470771905,-6.51716423034668
-16.517773128145326,-6.578842639923096
6.874655354673765,2.332137107849121
0.2047767843086013,-3.7361550331115723
-2.698758931910008,-5.178919315338135
1.8601156760560384,-6.781625747680664
-22.2455703021075,-6.777996063232422
2.4288820651169605,-6.648455619812012
-16.8307740899425,-6.81668758392334
20.7191486697607,-6.591495513916016
-30.7261055182573,-6.779402256011963
-38.4849400567448,-6.737912654876709
-14.3103126367969,-6.456958770751953
0.7860328468455551,-6.700235843658447
-48.3858044800915,-6.783945560455322
-3.21662088766757,-6.523123264312744
1.675245639565673,-6.778568744659424
-90.3299705619704,-6.784468173980713
-9.28527551691871,-6.792100429534912
-1.2293411329062325,-6.764206886291504
-4.534682244798708,-6.646345615386963
-68.1959205924323,-6.783637046813965
-24.5242345195019,-5.385868072509766
-2.77042962989298,-6.778226852416992
3.8009101564042025,-1.0775773525238037
8.933703319425492,-6.784505844116211
-11.341527235964405,-4.5388407707214355
6.71098989067457,-6.809478759765625
4.54734483862441,-6.779677391052246
-5.16341129781556,-14.178359985351562
-49.062306315025,-6.583301544189453
5.26551760771767,-6.746306419372559
3.33951124606136,-6.773800373077393
5.006519903780723,-6.156412601470947
4.05485944970297,-0.6092387437820435
2.283405953189745,-4.251893043518066
-2.66483863280114,-6.7734575271606445
12.566471603210276,-6.1564531326293945
-27.9020155354992,-9.268854141235352
8.88265541550952,-6.703814506530762
0.1652887870268324,-6.779736518859863
15.4985727759109,-2.3181495666503906
9.014890317831036,-6.779722690582275
1.4803529144374856,-5.389071464538574
18.1939100849816,-7.0050811767578125
-2.6304973605131474,-6.592217445373535
-5.493763326806099,-6.780481338500977
-0.6715208179901364,-5.087645530700684
-36.7383193130824,-19.746501922607422
5.062784719364307,-6.77921199798584
-12.026803679110706,-6.7652587890625
-3.01321716593974,-6.636460781097412
8.35813394800668,-6.765059947967529
-3.60075442831331,-0.8478763103485107
-9.509135784465323,-5.162072658538818
-19.6175855102284,-14.791435241699219
-27.8629509568953,-10.450133323669434
1.74273211890989,-6.7557525634765625
-2.19578977406709,-7.318239212036133
2.42002639701588,7.2014055252075195
-25.55316918036869,-9.97891616821289
5.635020609606415,-6.780611038208008
-34.727836669101,-10.519404411315918
4.4516036428765,-5.305577278137207
4.967381413305823,-6.602865219116211
-6.81516141534704,-6.495650291442871
-24.3954295810688,1.4878613948822021
8.658679095048068,-6.829936504364014
3.7347243087796,-5.219339370727539
-12.909633143366396,-6.569022178649902
-60.49569009623433,-6.747115135192871
-3.790702882666694,-6.747989177703857
-12.41068356063,-5.2434892654418945
2.76740193393285,-6.4474592208862305
-18.9061714872788,-6.599938869476318
-3.681083449701528,-6.487983226776123
8.13893448615947,-6.700742721557617
-51.402683514636095,-6.746326446533203
-3.0703466753296,-7.073922157287598
0.4646043967887734,-6.307949066162109
5.989492839405608,-9.745797157287598
8.833837192566008,-1.7281006574630737
-26.1965705632023,-5.928663730621338
0.0804428699766095,-0.1965198516845703
10.229168329440906,-6.742656707763672
2.12042655289975,-6.532017230987549
3.88810032819938,1.3863048553466797
-31.515616413872173,-10.942390441894531
2.28163515100639,-5.907940864562988
-9.633163292669298,-16.71487045288086
2.63206586722876,-6.7407379150390625
0.3189015990893598,-6.704950332641602
-6.31868596379813,-5.110239505767822
-6.4648984000359935,-6.741206169128418
8.91646092056966,1.2805228233337402
-42.637521131086125,-10.466872215270996
-89.5439156156453,-6.750486373901367
9.179556151687803,-5.265473365783691
8.754663680824095,5.8611063957214355
0.8838679103249854,0.1933765411376953
4.338369925074482,-6.719666957855225
-18.23432595343749,-6.250563621520996
6.92534745147092,-6.698327541351318
-1.768261666543676,-6.736028671264648
-7.87226820943855,-6.743269920349121
-12.0847368637308,-7.396034240722656
-4.4222229386498375,-6.738375663757324
6.63109301847755,-6.747684955596924
1.675381804264854,-6.410396099090576
-6.897600670415837,-0.8163366317749023
-12.2774867069717,-18.330337524414062
-3.963646539183849,-6.771651268005371
-2.552277046947741,-6.043037414550781
-10.78700495517378,-5.122310161590576
-6.426376983867103,-6.463062286376953
8.2142562177934,-6.6712846755981445
-16.967828162594074,-0.19016551971435547
6.07843040491799,-4.141951560974121
3.08443697315444,-5.201498508453369
-1.3811964732242277,-5.087606906890869
-4.51305804704249,-5.346334457397461
-9.93375477053989,-6.721830368041992
-0.6581754288220045,-6.7567877769470215
-7.952166005584182,-15.347064018249512
-13.563015982384195,-10.639787673950195
-47.9957157156951,-6.748358726501465
4.96190002222477,-6.671431541442871
-2.0240269290899,-6.254670143127441
3.47166270740147,1.5601844787597656
-5.2815921348029296,-6.244550704956055
2.369358494612781,-6.412174701690674
-4.214346026907057,-15.766823768615723
-23.8934551543691,-5.386884689331055
-1.0659561461183158,-6.472769737243652
3.126169348435272,-18.707862854003906
2.35164464781062,-4.30473518371582
-1.79502295092813,-6.833112716674805
-15.957982665262508,-10.50623893737793
-64.65676531723692,-6.829999923706055
-27.8195558011628,-6.835212707519531
-10.480511156242285,-6.8534674644470215
-6.18357684414468,-5.459273338317871
-6.75960002722117,-6.098827362060547
4.4105627388370605,-5.181260585784912
5.58846482112586,6.943558692932129
-16.8483709423333,-5.248103141784668
16.1850033157246,-6.790679931640625
-3.34531377329845,-6.7345991134643555
5.893700156574014,-5.741221904754639
2.745769909533195,-5.944274425506592
2.53362859007723,-6.526405334472656
1.0880788430276551,-6.735875129699707
