Score,Pred Score
-13.812973987503693,-5.284669876098633
-14.6311710829416,-5.386935234069824
-15.020937907067507,-7.812480926513672
5.61896917638109,-5.364421844482422
0.1461877509898399,-5.386935234069824
3.59745169898486,-2.129159450531006
-6.72144892291601,-7.452017784118652
4.304204520484877,-6.011988162994385
3.37898618824583,-5.372636318206787
3.939818822274421,-6.5278167724609375
13.9953943577381,-5.326714515686035
-5.39913759737588,2.8384153842926025
-2.204579993178592,-5.303150653839111
8.829561804598438,-4.81282377243042
6.01696699102072,-0.3999978005886078
-6.376202369524528,-4.302420616149902
-6.50906463316165,-6.490349769592285
-60.92137282626391,-5.28785514831543
1.99934019108803,1.5620818138122559
2.188685633501576,-5.2084832191467285
4.07090957771029,-4.302382469177246
0.5211206139658471,-4.282874584197998
12.5580583918003,-2.8116376399993896
3.320229681965675,-5.162522315979004
-0.4381862293696001,-5.386801719665527
0.1752112379752922,0.07380485534667969
4.123908949931413,-5.381170749664307
-14.2382866820043,-5.390253067016602
12.966325580978296,-4.47417688369751
7.692941411907634,-0.6927089095115662
-62.9031214125763,-5.386935234069824
-5.800670766453999,-6.36462926864624
-11.705366535732304,-10.583867073059082
-4.786538605318405,-5.386935234069824
-82.4887013651952,-5.386935234069824
-8.251107402184557,-5.155615329742432
1.61677665352485,-7.369805335998535
-11.916211326129387,-5.386935234069824
-45.634880019414,-5.285887718200684
-0.568998602339841,-0.27453672885894775
-12.147399114840605,-14.294352531433105
-27.4476544011683,-5.372951030731201
-2.306526469902426,-6.472907066345215
-0.4835459876036119,-2.812411308288574
-8.39479061793487,-7.48691463470459
-46.862925671502296,-5.374335765838623
0.3837795244341289,-4.911805152893066
7.184930267876617,-5.190167427062988
2.8348518495029404,-5.386935234069824
-9.859535687586003,-7.128537654876709
-6.00025755794808,-5.386935234069824
-4.764629840066975,-6.772317409515381
-2.377061578670744,-5.349066257476807
-2.0585753436264698,-5.386935234069824
1.1848602197973823,-7.689027309417725
4.97603191479674,-5.3411126136779785
4.27399441028646,-5.37506628036499
-46.2372447228831,-5.250110626220703
-31.4759298257721,-6.403740882873535
-50.1674018945849,-5.386935234069824
0.9601515747159592,-5.138453960418701
-11.864177458483407,-7.197044849395752
-0.538262620928304,-1.0717332363128662
-0.6920482116816997,-4.882803916931152
-1.5184696160120892,7.904083251953125
-3.0836644409391925,-5.537172794342041
11.316750179392892,3.0096426010131836
-11.183106529127476,-4.442288875579834
3.59102041590596,-5.259815216064453
4.55602013063716,-0.7428092956542969
11.579228393987275,0.7096412777900696
2.3067635611900137,-8.686138153076172
10.480393919522983,-5.547788619995117
-2.698100773809443,-5.537172794342041
3.776985072333982,-6.6181111335754395
-11.773766374328297,-13.464740753173828
8.681027307740193,-5.676525592803955
-1.1091988250418725,-5.053284168243408
4.484288991501213,-6.522414207458496
0.0548896546292299,-6.001372337341309
0.1118559290339978,-5.343613624572754
3.9797293996962297,-5.325313568115234
-22.42608065327665,-5.537172794342041
7.37064384347005,-8.315109252929688
-0.2642143205483515,-5.097994327545166
5.344594984386832,12.99698257446289
-1.2497809936708242,-5.537172794342041
13.71198107208239,-5.377860069274902
0.5045482395984724,-3.7864866256713867
2.86709961553106,-5.379978179931641
0.4423212163888063,-7.539526462554932
-3.724573545179619,-2.0152885913848877
0.2570808252882703,-6.107143878936768
-70.65073406723695,-5.506978511810303
-33.9587360563784,-15.093460083007812
9.2088386022025,-5.226815223693848
1.3318185914773402,-5.241941452026367
-9.176001953270983,2.1392250061035156
-10.497767159210698,-14.775861740112305
-0.4402086584014632,-7.25545597076416
2.1560784090827942,-5.2673659324646
-27.1636490162131,-5.518072605133057
-0.670930828719279,-0.8205126523971558
-22.794043146736,-5.537172794342041
0.8105828534072201,-4.7974467277526855
1.2287673509824204,-5.283802032470703
-0.6435038581465955,2.1085739135742188
8.474782023793379,-5.235208988189697
-9.601847091024196,-7.178704738616943
-1.6610011043127195,-6.552428245544434
-0.1091636509260827,-5.504521369934082
7.570838092245207,-5.385497093200684
-7.211196994815285,-5.3191819190979
9.090654061652296,-5.537172794342041
-26.6651088566214,-5.157699108123779
-17.309192174305,-1.0823955535888672
4.14054171285972,-5.537172794342041
4.097668935846943,-5.393021583557129
-0.29408409265346,-5.28433895111084
-35.8165916579592,-5.307104110717773
10.898098675545494,-5.514337539672852
-1.6552655274048038,-5.253442764282227
1.6729502580778592,-8.712952613830566
-6.42491227706334,-15.371292114257812
-15.4752611754195,-9.852306365966797
-0.6907348474047925,-5.328015327453613
-21.3629045873375,-2.0036497116088867
4.219145585451182,-4.237213134765625
-3.019531285218114,-6.557809352874756
4.25311060075082,-5.383718967437744
-15.0412339008878,-5.4952778816223145
-8.237627320974727,-5.380826473236084
-1.0683487237199796,-6.89365816116333
-1.7174251595272625,-1.1715784072875977
4.069163600073605,-5.208447456359863
-10.162041561092582,-5.24536657333374
-5.97248436581227,-5.219653606414795
6.120538767403939,-5.383159637451172
-0.8028238008287005,-4.549971103668213
-23.6042929930625,-5.383718967437744
-0.1777753404752198,-1.0274803638458252
-5.785469568057495,-5.382369518280029
-0.0556983764780604,-5.3832478523254395
-25.4508968849616,-17.741214752197266
-5.3185412482723295,-4.913028717041016
9.1356503291117,-5.446657180786133
4.020569536845237,-1.694065809249878
-58.5527340809363,-5.172402858734131
-6.291328737399075,-5.3742356300354
4.187869588752649,-4.923339366912842
8.922207576391518,-5.220669746398926
22.7414116448382,-4.326757431030273
-44.6057608529879,-5.383718967437744
-26.5129077898497,-5.304534435272217
-2.13735826282737,-0.32797789573669434
-1.14890133483728,-5.422523498535156
-15.2234416939723,-7.597040176391602
0.369316059642221,-6.705633640289307
-0.6884117876070912,-7.361656188964844
-5.8772631055401,-6.941617488861084
3.6053774296538297,-6.263874053955078
5.07108724357905,-5.383718967437744
1.292753014965791,-5.362832546234131
8.440986836263871,-5.698729515075684
-3.43040335892423,-6.557809829711914
0.7651079053562314,1.2823429107666016
-37.13962469223695,-5.236985206604004
-5.822632503482525,-4.954192638397217
-6.879472048396067,-8.46843147277832
2.11024229353816,-4.735072135925293
-7.1526743450051855,-8.261449813842773
-1.122073026503361,-5.1449127197265625
0.3302260274555297,-5.332688331604004
-1.178255647098801,-5.331264972686768
-2.99361591491145,-4.364070892333984
-18.1070051290659,-8.824369430541992
-3.0332808194811403,-4.9128618240356445
2.6303171850506604,-2.7653865814208984
-9.72499716390718,-5.382389545440674
0.2729453578388601,-1.7202072143554688
-21.4503408223732,-14.017435073852539
-4.99755531471552,-5.204615116119385
-18.0018409950579,-2.972538471221924
4.00031385473591,-5.383718967437744
12.0378145652987,-5.39044189453125
14.1235470599023,-12.743288040161133
6.55729051148795,-1.7296714782714844
11.19992297656359,-5.081908702850342
-7.81388191369781,-12.948826789855957
-2.924593214648255,-10.950942993164062
3.7667366885646025,-0.06525588035583496
-6.68253431604433,-7.5784149169921875
0.7345204104922589,-5.207763671875
-10.626155896203898,-5.300841331481934
8.106852576346123,-2.669706344604492
-58.24412469223692,-5.247795581817627
1.4955767028094,-3.7579615116119385
-17.6906096863185,-4.966118335723877
-4.813871520282443,-5.307355880737305
-11.8973420493851,-4.257254600524902
-2.67676896274171,-3.099170684814453
-3.9331393974605526,-6.8175859451293945
8.756217929094177,4.559026718139648
-29.2662792150344,-2.067894220352173
1.7249239205326918,-7.510872840881348
-6.686975812883663,-5.384620189666748
11.10272802991041,-4.9553399085998535
-10.956818171714705,-12.375123977661133
-6.3500959185649,-1.4101922512054443
0.6681105368389735,-5.3358612060546875
-12.500029270357295,-10.665145874023438
-2.591242863373206,-3.439802885055542
5.954690473588823,-5.404646873474121
-43.929359067237,-5.405137538909912
-17.4841411730512,-7.921575546264648
3.61441892535489,-5.409814834594727
2.1112971208509976,0.7872772216796875
-41.8026500314277,-5.410762786865234
7.028135642932115,-5.410604476928711
8.463248256721428,-5.553553581237793
-13.037072413777096,-5.416763782501221
-1.6307504375632549,-7.810323238372803
-0.3284521577656807,-5.407710075378418
0.4685622181175212,-4.5731282234191895
-5.316952415477393,-5.2983856201171875
4.584421564331302,-12.62536907196045
-20.3593816575191,-9.619316101074219
3.67041582610247,-5.279997825622559
2.204062447972561,-5.410612106323242
-4.666937653128132,-5.6787824630737305
-12.3781694316975,-7.59210205078125
7.06923762363823,-6.7239274978637695
-37.2883298194418,-10.432476043701172
6.442434166934048,5.139570236206055
-12.2162083245621,-7.987957000732422
-20.3623076046531,-5.27424955368042
-5.45440876641342,-4.893399238586426
3.1416241584890576,-4.875401020050049
-4.96580172718434,-5.411168098449707
-37.4061766871973,-4.9821062088012695
6.46185690649625,-5.287369728088379
0.5403453062071405,-3.0336780548095703
8.656689402528613,-5.423783302307129
12.331931266595111,-5.413324356079102
2.75380173901167,-5.409849166870117
-2.8447496930443927,-5.4560346603393555
0.0285872237409883,-5.18432092666626
-73.5286754265322,-5.409383773803711
7.285509446842615,-5.411168098449707
6.72046542688671,-5.320879936218262
-6.19730890695259,-4.090965270996094
-16.4599719883519,-14.463969230651855
-10.288292260688207,-7.43403434753418
-10.285920522724917,-5.411168098449707
-30.8171784242839,-5.697002410888672
-4.65691689928222,-4.096865177154541
-37.1716279374795,-14.141448974609375
-36.50577458359941,-23.778276443481445
0.7942566624333496,-4.709148406982422
-34.8552692363716,-8.670276641845703
-2.491707941339629,-5.528850555419922
1.7387039934851498,-1.4312069416046143
18.9715733525152,-5.572107315063477
-13.8996269060666,-4.366857528686523
4.17561229224804,-5.333059310913086
4.7680640763497,-8.802364349365234
-6.745372906074374,-5.357329845428467
7.262818938793504,-4.297914028167725
-55.7541546140486,-5.25104284286499
8.453421074249384,-5.551126480102539
-5.85807143580148,-5.536303520202637
-52.7336020518746,-5.325307846069336
-1.995826789875676,-4.7999067306518555
-1.3326443092463092,-5.3244781494140625
5.029017096161708,-5.371545791625977
-0.71117494174041,-4.685251712799072
8.243548509216069,1.8604960441589355
5.81602235619721,-5.391531467437744
5.978124919049687,13.879493713378906
-2.8859593337581737,-6.987942695617676
-26.0047332498617,-5.274407863616943
-1.5220929784942658,-7.976932048797607
-3.195242757261453,-5.575280666351318
-15.0089303719363,-14.121600151062012
-1.757118944268968,-5.462394714355469
-13.5091075877696,-4.56661319732666
-4.0681667574955,-5.54174280166626
4.43276114617859,-5.539198875427246
-4.665207913971671,-5.513772964477539
7.33919324558513,-5.540400505065918
-11.69780882660921,-7.916253566741943
5.960801203295765,-5.714654922485352
-29.9162730471743,-5.444504261016846
-5.331847529263395,-5.680870056152344
-40.7258600860177,0.30197471380233765
-35.3994683825842,-5.273530006408691
-10.968565079401992,-1.048123836517334
15.384553292915324,-5.363288879394531
-0.4271227388875901,-5.542325019836426
-7.69948364751984,-10.569843292236328
-26.6822467124322,-5.268939018249512
-0.2823200449385875,-5.0986833572387695
-3.8453528225106623,-5.117663383483887
-2.4599041427842496,-5.512834548950195
-12.7315114055493,-13.138934135437012
1.418014053180695,-4.194945812225342
-3.4922781726655696,-6.229633331298828
9.58062385928767,-5.520199775695801
-17.5801214502402,-5.432441234588623
-49.5120706514507,-5.420171737670898
-0.4503474699443348,-1.4032050371170044
2.332279780348585,-6.041843414306641
-42.2483635713802,-5.54174280166626
-5.00028834575103,-5.0502848625183105
-5.14141487663266,-5.54174280166626
-19.923371510770203,-7.2509446144104
4.28301459624688,-5.5360941886901855
0.3224388648416145,-5.33208703994751
6.795393661635613,-5.561130523681641
6.720388221210122,1.8469234704971313
-20.7558388881914,-4.302572727203369
-12.5922662394529,-8.12105941772461
-5.19085420781142,-5.604843616485596
-27.3858072066324,-5.540855884552002
6.488490212037078,-5.643901348114014
-12.5233171201947,-9.904946327209473
0.996650643215182,-5.670205593109131
3.27144637329635,-5.6689300537109375
1.203208947199059,-5.481034755706787
4.5031585012656095,-5.518714904785156
-46.6686841099013,-5.670205593109131
3.600655729290548,-2.0944361686706543
-2.7077151362496297,-9.162797927856445
-42.936846127142296,-5.670205593109131
2.679404112105611,-5.575880527496338
-23.975827854410426,-5.515790939331055
-24.4869919201538,-5.602578639984131
-6.22433036882608,-5.454476356506348
-24.992167376126925,-8.273723602294922
-9.742168339465294,-5.441512584686279
0.1235817830644999,-1.0485165119171143
-11.607028837624,-5.668843746185303
5.321680837772678,-3.962524890899658
3.3452637215970498,-4.4317193031311035
13.015759276594096,-3.0633602142333984
-6.13466459150186,-5.453828811645508
3.0897024917955025,-7.685903549194336
3.557691046156,-5.656224250793457
2.0008593011464906,-5.366816997528076
-1.2671721747064446,-5.661014556884766
-2.989164004622407,-5.669743537902832
-2.43808381047612,-5.670021057128906
-11.30813578108209,-5.636207580566406
-9.619042312244815,-5.509392261505127
-4.01456885639382,-5.453814506530762
-4.853312003098937,-5.670205593109131
2.78743688363977,-5.287381649017334
3.6035536346157695,-4.799328327178955
6.09033976794457,-5.705434799194336
-5.89266438028177,-5.669511318206787
4.780848076735348,-6.0129547119140625
-20.7592210135025,-5.268438339233398
-3.637071869773312,-5.6472578048706055
-4.396710286499547,-5.306394577026367
9.04709717330502,-0.533077597618103
1.69213972357191,-2.5330429077148438
-27.068723822751306,-18.810781478881836
0.2886204877907422,-5.379418849945068
-0.592182005541919,2.8092269897460938
-4.736229867816737,-2.1385021209716797
7.877641553655238,0.3747525215148926
-2.588665914009158,-5.670205593109131
4.72846919446815,-8.82905387878418
3.42669038506664,-2.0395216941833496
-10.274169876330886,-4.697113513946533
-1.289264920121349,-5.670205593109131
-6.9648772325347394,-5.455681800842285
-1.2236747050651609,-5.574129104614258
-12.208208404490907,-5.526503562927246
4.40921359309415,-5.5404815673828125
16.4171583068458,-5.667439937591553
-15.991582533821994,-2.176009178161621
7.809600001042748,-5.659366607666016
-3.0331069492891496,-2.9443392753601074
2.603164662477901,-5.436113357543945
-24.2572199033326,-5.4207024574279785
13.667582002208905,-0.21490108966827393
8.19307228691883,-14.494333267211914
0.4664503305112299,4.864628791809082
-6.46133524603972,-4.767059803009033
-19.7520332208299,-5.5512237548828125
-7.75971004909346,-7.509481906890869
7.66334596528203,-5.5413408279418945
-27.64770126959135,-14.305176734924316
2.125547882163602,12.1870756149292
-1.8239337240231768,-5.3338189125061035
3.3696784995100426,-0.17019987106323242
5.265272900492549,-5.460610866546631
6.753311816554961,-8.789567947387695
0.9434331950199416,-5.610070705413818
2.13745295521649,-0.020222187042236328
2.76912169862866,-1.2338677644729614
2.409764321136161,-7.28773832321167
3.7606671418030695,-5.5413408279418945
0.555665600488549,7.605663776397705
-89.04756219223692,-4.413671970367432
6.987950206462267,-5.5413408279418945
-10.09410467002709,-5.548161029815674
8.16191414696451,-5.246189594268799
-10.731303688850904,-8.311867713928223
7.588764503474316,-5.246620178222656
-5.25293160621848,-5.27468204498291
2.3065604778561424,0.12833410501480103
-3.8022266666193874,-8.281017303466797
3.22816419080692,-5.432260513305664
1.1941842843275,-4.639626979827881
9.772192422094813,-4.874967098236084
-2.489313079893845,-3.799476146697998
-13.547300817594484,-5.44785737991333
-1.5403494549472296,-5.28336238861084
-5.139364658294922,-5.53907585144043
-1.32131943338233,-8.587289810180664
-0.5284321769112605,-1.4599262475967407
0.1119561526876595,-5.8468523025512695
14.8508222506114,-5.5494608879089355
-0.0918051514147744,-5.5413408279418945
-1.7237618714553775,-5.536265850067139
-1.5699354762224491,-7.433232307434082
1.5718362711845366,-5.432361125946045
3.58036180553514,-0.5461478233337402
7.45084701577923,-14.494195938110352
-7.378812419643663,-2.246032953262329
-33.1832620874725,-5.385373115539551
-6.066411004621831,-5.385739326477051
-16.4910721624856,-5.465309143066406
0.8267526169764301,-5.540428638458252
-9.762453719841735,-5.5413408279418945
8.07102955700163,-5.540417671203613
1.741670982094262,-5.534770965576172
-0.0053525606393112,-5.501092910766602
-51.4043293278057,-4.998408794403076
14.9415296965116,4.900069236755371
8.70853787657841,-5.539340496063232
-2.149900469098629,-5.5413408279418945
14.8229623836697,-5.568056106567383
-0.0379657812584102,-5.298663139343262
-15.3173389528898,-5.484904766082764
-1.7663441991754285,-5.013702869415283
-6.708306328674888,4.286528587341309
-78.7451798053926,-5.471988201141357
-0.5413656534735456,-5.409120559692383
9.625121597198186,-5.474987030029297
-3.15562863494722,-2.7230982780456543
9.60447820177431,-4.832282066345215
-3.31847606547329,-5.306405544281006
-4.12581810820042,-5.326441287994385
1.7706121017107803,-5.148143291473389
0.5117341060036625,-5.146705627441406
2.63157412115867,-5.189343452453613
-4.763634360062484,-5.412288665771484
-11.18181257464061,-5.455171585083008
-39.4932668903457,-6.208676338195801
9.206200380526292,-4.457725524902344
-2.93911844531118,-5.463928699493408
-28.13472322157985,-7.870447158813477
9.62907409316032,-1.0338850021362305
-7.042636248773623,0.1590414047241211
-4.03025121975644,-4.977581024169922
3.42951329804928,-5.366936683654785
2.5565427438131976,-5.473226070404053
2.8513084033656,-5.3935041427612305
-5.5623675139736175,-21.609703063964844
16.9968892380515,-5.532369613647461
-4.144685584269085,-5.2665605545043945
-11.221818720505304,-5.457916736602783
-2.111656589218961,-6.794660568237305
-1.626797120535592,-5.47242546081543
0.7652624054000594,-5.366572380065918
-21.5531296050118,-5.327999114990234
-13.053772031257305,-8.332557678222656
5.42509465390903,-5.470433712005615
-5.5186956836840375,-3.9879846572875977
-2.260381023139061,-4.8435869216918945
-30.3377383335249,-5.345770835876465
7.380729755239978,-5.299586772918701
-4.172986764275874,-5.2690863609313965
-1.2036514942358316,-5.339225769042969
-35.2906329121599,-21.537857055664062
-2.54595208771381,10.637724876403809
-10.901275449743116,-5.466116428375244
-17.0078420331655,-5.473369598388672
-17.0314498829154,-8.491798400878906
-11.9784507557909,-8.136817932128906
-19.469018973061075,-5.487828254699707
-3.2142130797467816,-5.18787956237793
-0.5663484394051013,-5.039516925811768
-21.2195468929047,-10.587030410766602
8.077984978184695,-5.471179008483887
-17.0119321722455,-7.853367328643799
4.67424026120176,-4.75168514251709
-47.9875704511971,-5.475902557373047
4.316615136301563,-5.218327522277832
11.2728180991378,-2.253211498260498
-3.5546157663424616,-5.320565223693848
-3.15887949932979,-5.4754862785339355
-1.6422791314174887,-5.231634616851807
-3.448025235667948,-5.109928131103516
-13.5632540546311,-5.470783233642578
0.8825935384285006,-6.079458713531494
3.27100049685324,-6.364249229431152
-0.7762273913233743,-5.406591892242432
1.026942322157092,-5.461378574371338
9.859104788483815,-5.517922401428223
-1.9977872313530125,-4.899997711181641
-13.1809903671301,-5.349911689758301
-35.1782981083837,-5.558294773101807
-35.8337806803641,-8.507257461547852
-7.639409008216227,-5.426668643951416
-15.746453943284,-5.558239459991455
1.055995951979529,-5.334589958190918
3.987299411465438,-6.589012145996094
-37.0930621901092,-5.454261779785156
16.694612728237402,-5.4489336013793945
-4.527979888097892,-7.283400535583496
14.6352674345898,-8.77364444732666
5.034618319433818,-5.5211896896362305
-3.77133000272187,-5.489398002624512
-1.61504571199055,-5.534632205963135
-56.3663437951974,-5.722613334655762
10.088450856398616,-5.143089294433594
-14.285610883283098,-5.543794631958008
2.6210618799141923,-6.545332908630371
-2.308732762121495,-13.817951202392578
-83.9761260280997,-5.367101669311523
-1.03656181464744,-4.478758811950684
10.16232173056559,80.2410888671875
-3.12013961477547,-5.349408149719238
3.010752586641185,-4.457493782043457
-1.5178355576616795,-7.911652565002441
-2.60072537807549,0.7118851542472839
-2.367312137177082,-0.7740461826324463
6.075310726130807,12.52585220336914
2.24572304437811,19.507179260253906
0.2044267191685782,-5.553861618041992
3.85944773684647,-5.553451061248779
-14.409506408843407,-7.642884731292725
-2.683955047842884,-4.4330244064331055
-0.0075038478591599,-5.558294773101807
7.190050317883171,-5.083388328552246
-2.1691769605730515,-5.557197570800781
-7.910003358009165,-5.446763515472412
-69.1366966634013,-5.5561137199401855
1.437241653553571,-8.62618637084961
-20.7409218490905,-14.598691940307617
3.78247800369874,2.889578342437744
7.909526276907584,-5.5574235916137695
6.097122298913325,-5.554762363433838
24.5800902168924,-5.799643516540527
-9.979741434164584,7.068222999572754
3.1327986373042376,-5.257774353027344
-8.393586343504198,-5.333789348602295
8.678125432705007,5.489657878875732
20.7428439693387,-12.467047691345215
-1.511416195100045,-5.555941581726074
-23.3725501337939,-5.556027412414551
4.69437535963172,-5.547903537750244
8.24149319055937,27.86998176574707
-0.2898522089969393,-5.55726432800293
-7.19378137939456,-5.791595458984375
1.0271109700113177,-5.557120323181152
-14.564555056626377,-5.347245216369629
-9.657849716236,-5.549991130828857
-0.7280966227290082,-7.823580265045166
-21.8962191024866,-8.45792007446289
-40.2614734397264,-8.423554420471191
-1.77750068778882,-4.235835075378418
-28.3488859938485,-5.439550399780273
-8.184373188662292,-5.4708967208862305
-6.135426654744688,-4.65420389175415
-3.270422191581055,-7.382567405700684
-6.055427015859325,-5.894040107727051
-34.3143130117107,-5.993216514587402
-50.4820483838523,-5.4708967208862305
-4.639593570653838,-5.771462440490723
-21.0606958753072,-12.859484672546387
8.747205755218493,-5.33809757232666
0.6884341878779402,-6.621135234832764
0.300408103033295,-4.894306659698486
-2.6184282494780104,-6.088825225830078
-37.3999740396079,-4.989055156707764
-10.594900847222812,-6.0108642578125
-23.227454082363305,-5.4708967208862305
-15.4814292943448,-5.346251964569092
-6.89310310865277,-5.140884876251221
-11.7962452523223,-5.554374694824219
-0.3887710448227697,-1.153219223022461
-4.0896099478500325,-5.015696048736572
-42.6579269422049,-5.4708967208862305
-2.095241650043551,5.447267055511475
8.45389840526827,-5.30771541595459
-15.5157954828953,-12.96075439453125
-1.9802660997523944,-0.22749042510986328
1.8368511005450223,-6.027242183685303
2.11900133622217,-5.420299053192139
-38.4962238749225,-4.278378963470459
0.8069046214032297,-5.224019527435303
-1.73607437190069,-6.506660461425781
-8.46093254820262,-6.35822057723999
-0.0780407432645869,-6.480678558349609
5.009535132419683,-5.327362537384033
-74.9399761386801,-5.470511436462402
2.806732553915905,-5.415104389190674
-10.415057364934407,3.3355331420898438
-4.81834176383161,-4.27766752243042
-1.4920816076829602,-5.100103378295898
-0.003939288658445,0.6581177711486816
5.86288473591452,-5.470157146453857
0.4443344011282492,-5.213194847106934
5.72263802046558,-5.706574440002441
5.46583466116103,-5.564228057861328
5.05355462238675,-5.288163185119629
-17.190033530139498,-24.51486587524414
-10.1192188918475,-5.413585662841797
-10.539071528779305,-5.3277153968811035
0.2492257167476033,-5.918176174163818
5.35198813185094,-5.187214374542236
14.9823899147147,-5.071438312530518
1.7336328627834918,-5.4708967208862305
3.2582764286422226,-5.1726393699646
1.1615369027166365,5.3599853515625
-42.4099588259267,-5.485570907592773
-38.7823663998969,-12.77214527130127
7.99575647038201,-8.452773094177246
11.644495901203598,-4.707653999328613
-39.0956747424042,1.709585189819336
-38.6438610292767,-5.7078752517700195
-40.5029244010595,-5.4439377784729
-22.8644313188967,-5.573481559753418
-0.897066728281827,5.448554039001465
-17.6830733389949,0.8321399688720703
-0.0084306638066775,-5.215969562530518
0.5394390329931549,-1.6761643886566162
-21.61387508166409,-5.215972900390625
5.053393098685065,-5.440829277038574
-15.7834934865799,-7.924993515014648
-58.40351531723695,-4.204861164093018
8.86280218600469,0.8494234085083008
1.888243484494037,-5.440829277038574
8.99923705482913,15.17820930480957
4.133325903305868,-7.200085639953613
4.774357664359128,-2.5364818572998047
7.418770080750715,-9.076874732971191
-2.25262466719878,-5.292682647705078
-7.071587649042333,-7.343523979187012
4.398742241377427,-5.432710647583008
-8.692928400841772,-4.798743724822998
2.334382802629,-5.440276622772217
2.8274240704709,-5.351785182952881
2.1747311895065486,3.6110591888427734
-11.9965988914421,-4.500657081604004
2.776867734737273,-5.440829277038574
-12.4595255596924,-6.744167327880859
18.5317724911246,-5.508868217468262
6.86106163750481,-4.774383544921875
-19.1693792779686,-6.27236270904541
-4.20883890972707,-6.375873565673828
-0.3530077955256401,-1.788408875465393
-1.6020246929696491,-5.072563171386719
-7.57557880794988,-13.80312728881836
13.9692836454661,-5.441616535186768
1.289294757415069,-5.104386329650879
-20.3746494688195,-5.437772750854492
-8.044482691931467,-5.189218521118164
2.51340467963473,9.606197357177734
11.0282847349576,-5.424981117248535
-1.3944922949507652,-5.0599775314331055
-26.2706781913698,-24.87398338317871
-71.7765711158932,-5.369792938232422
-44.2857422252861,-22.6470947265625
-3.057699221935841,-5.475997447967529
10.116767222520318,6.355808258056641
-46.9980356488569,-5.440829277038574
-8.677497573270493,-5.032141208648682
-25.781275563237,-5.439701080322266
-2.941164138388841,-6.162284851074219
-26.5692742661385,-8.630677223205566
1.2555345380058751,-1.9579377174377441
-0.810306898238276,-5.440829277038574
0.2404076931068699,-8.763914108276367
-2.5590885431480426,-5.196163654327393
-11.9846830308257,-8.13589096069336
-5.775806690181939,-5.438671588897705
1.9806048133258944,-2.2053024768829346
16.618750626525,-4.452235221862793
8.204494762209066,-5.440829277038574
6.80321923705408,-6.099672317504883
11.710679650337616,-5.032510280609131
3.181253849239128,4.058237075805664
0.90894434552881,-5.243134498596191
3.547124544521316,-6.560005187988281
-2.202886656443709,-5.769765377044678
-11.133669865203094,-8.436422348022461
9.328533024448705,-4.222880840301514
-0.7012610501602399,-5.033905029296875
-0.3170472839931941,-5.472867012023926
-2.3458288386735573,-5.944341659545898
-26.1191329979098,-5.360169410705566
-2.33292598982445,-2.1473045349121094
2.461922216333884,-5.384239196777344
3.73205068567752,-5.584609031677246
-22.4462583852743,-5.4395928382873535
16.899113604615202,4.7932281494140625
-2.85382252753121,-5.482301712036133
1.2705701336207027,-3.846426010131836
7.960789166364423,-5.382754325866699
2.71808902854303,14.602027893066406
5.5273920092716775,-5.482693672180176
-4.11149235653684,-5.460445880889893
-20.9676231329802,-5.9735636711120605
-0.89184437235696,0.5498256683349609
-1.2816619609782416,-6.863462924957275
4.85634828411675,0.16380685567855835
6.429854346358795,-5.5353007316589355
4.71112087372323,-5.482693672180176
-30.7199022255615,-9.01797103881836
-3.8590388668775,-3.8913300037384033
-10.6557437737239,-4.1292724609375
-13.4460672849668,0.7495261430740356
-5.527709296795018,-5.482693672180176
-1.876637029070265,-1.7558801174163818
10.2532613363299,-5.341074466705322
3.00680128293027,-5.255029201507568
19.33685959748449,-5.918878078460693
-0.1058882282985149,-5.257373332977295
14.3436638764016,-4.997724533081055
-16.1535771788668,-5.189867973327637
0.9480162028997956,-5.444828510284424
-18.5891767455387,-5.482693672180176
13.309934514349203,-5.575560569763184
6.02246857213521,-5.648445129394531
5.16750826555368,-5.251836776733398
-1.0190872666435924,-2.667541027069092
-19.100904418149,-14.878469467163086
4.743603615290096,-0.8584346771240234
-13.8157551615103,-5.482693672180176
-3.802611775309477,-22.251924514770508
4.30511943579503,-6.152042865753174
-22.482844278002705,-5.165243148803711
0.60779733849738,-1.6327842473983765
17.8138573048897,-5.49836540222168
-38.4626262988146,-9.01801586151123
-0.6089836493556324,-5.497834205627441
0.8617451361473882,-5.47928524017334
-2.40000424902785,-5.4696526527404785
3.7078671714499096,0.5906906127929688
-2.390619984667185,-3.2822537422180176
-15.559462368784592,-9.507124900817871
-13.790764753514,-5.180340766906738
-9.325981865786185,-1.529280185699463
-58.4491138315396,-5.194587707519531
9.550892694239591,-5.352541923522949
4.435147085081137,-5.482693672180176
-2.3538192484503564,-5.36961555480957
-5.83438093189622,-5.482693672180176
-7.10827059552493,-9.01797103881836
-12.414939844598162,-5.180002689361572
6.6154810826822,-5.5104899406433105
1.3155747227446202,-5.482639312744141
-2.56542276271332,-5.451867580413818
-13.546032832554804,-4.910820007324219
-16.600339428286603,-7.901976108551025
2.9737175212081803,-7.776628017425537
6.167862854629888,-5.451867580413818
-40.922076323723,-5.3011040687561035
16.9349100756105,-1.0283010005950928
-12.24911226903676,-9.154541969299316
4.867927463076468,-5.395017623901367
-21.6327950573002,-16.72127342224121
7.11033993521173,-5.451867580413818
-9.59094984812801,-5.451867580413818
4.92186081619874,3.3104448318481445
-7.815562497274902,-5.145693302154541
-2.20364176327536,-6.872714519500732
-19.6754058911438,-5.451867580413818
-91.8886792382854,-23.17251968383789
-20.9507978903398,-5.224155902862549
-17.8084408175675,-9.175137519836426
-62.9612541332419,-5.451867580413818
5.598134989920393,-5.499704360961914
-7.283890318199592,-9.326408386230469
6.1026124307435,-5.377684116363525
7.42840635595139,-3.0287673473358154
-5.179391847578812,-15.002195358276367
-4.873152982370568,-15.304643630981445
7.276768036701751,-2.2490086555480957
-10.739322929783883,-5.451867580413818
-22.9219832537164,-5.451838970184326
1.5259403537211615,-3.060802936553955
-44.7886924625105,-5.129303932189941
-3.72583443525641,-5.000724792480469
-14.57002364123529,-5.446483135223389
-10.128266274366498,-5.457041263580322
-28.0249952668106,-5.039867401123047
-26.24662901330595,-5.335150241851807
-40.3645652505015,-8.87171745300293
-30.8056950922951,-12.691661834716797
-3.9552380984537248,-5.30643367767334
-2.1789667599796294,-2.8573174476623535
-0.5734820606807138,-1.8575873374938965
-1.1617148968623687,-9.958625793457031
3.42848617073407,-3.685798406600952
-17.4030551064212,-5.451867580413818
3.88109013796494,-5.177171230316162
9.400493271217616,-5.306938171386719
-11.302161927872188,-8.86148738861084
-13.3709137252944,-7.4989705085754395
-6.79658968512302,-5.033037185668945
4.509456424718162,-2.228184938430786
5.45103123545738,-5.114412784576416
8.149714042401495,-6.540722846984863
-12.909180343140196,-5.350976943969727
-6.61979034735207,-5.449094295501709
11.9978624338519,-5.451867580413818
-12.53254789251529,-2.769045352935791
-8.36198121766124,-5.451867580413818
-4.361976736345532,-0.9016382694244385
-0.1898191226144924,-5.451867580413818
2.3166834950764685,12.13970947265625
-12.6203596574975,-4.497080326080322
-1.207429910073891,-5.2123212814331055
-29.7403775200217,-8.811138153076172
5.31082796058257,-5.438816547393799
2.97844031586002,-2.4666404724121094
-12.533050119535002,-11.928194046020508
-5.8684323426223,-4.634932518005371
2.391980620215489,-5.118149280548096
7.73570234615748,-5.498502254486084
1.166748445159433,-5.56426477432251
6.093529951556334,-5.486754417419434
17.709922444879297,-1.4171040058135986
11.779516260068313,-5.294526100158691
2.4866177573815964,-5.411781311035156
-30.89708550466269,-5.206480979919434
-9.231606713935047,-5.493470191955566
-13.4089268865456,-5.370828151702881
-9.06573754635488,-8.662491798400879
9.30630078585379,-4.659279823303223
-7.156550033865472,-9.558282852172852
-10.5414716495377,-5.9902873039245605
-27.8178569354009,-4.566668510437012
5.3817717725564,-5.163047790527344
-35.155236696245,-5.265377044677734
-21.4141717786538,-5.498502254486084
-2.6053130644292946,-0.8592877388000488
-9.953220777101093,-3.485724449157715
-8.798237091769485,-9.516674041748047
-27.6920167541674,-7.442500114440918
8.017093587799739,-5.395094394683838
-0.3550158381598589,-5.533871650695801
-1.19024715514191,-1.2789993286132812
-3.2855896341823474,-26.03445816040039
1.844566842421384,-10.755995750427246
-30.7366736665872,-5.498502254486084
-11.338238855350506,-14.765228271484375
-1.059512617215007,-5.3646440505981445
-33.7712071062874,-4.72690486907959
3.812227003524945,-5.284850120544434
-2.8472026300298463,-5.498502254486084
-21.5871320482388,-24.59125328063965
1.845960760756301,-5.308905601501465
9.06213659212517,-5.580440521240234
-13.950148061363093,-15.349319458007812
-15.1006814359747,-4.808920860290527
-8.65496498210776,-15.51802921295166
-31.18852367408345,-9.281103134155273
2.35160533891099,-5.498502254486084
-7.06329362397977,-5.498368740081787
-11.299328727708405,-5.498502254486084
-5.73967918172164,0.3790152072906494
-4.062121175440552,-5.092369556427002
3.62056380925444,-5.4959635734558105
-6.512385872303066,-5.168154716491699
-17.2817979072755,-5.2355756759643555
5.79128728304933,-5.443678379058838
3.7921116228684086,-5.372291088104248
0.51700222845629,-4.841688632965088
1.0966146270020711,4.55034875869751
-6.613686761665703,-5.498502254486084
-39.873530292237,-3.825010299682617
-35.0272315856836,-5.498502254486084
0.2475632146873464,-5.625625133514404
5.59963570142504,-5.4103264808654785
5.29419053806362,-5.3926262855529785
6.457932781589695,-4.559681415557861
6.4251548431743295,-5.340016841888428
-19.7885249955934,-4.950957298278809
-2.4097304318056905,-5.467362403869629
7.543407488617369,-5.308306694030762
1.83593808226401,-5.600520610809326
-1.5082203021212124,-4.1698994636535645
5.99108205682079,-5.386603832244873
-18.1797235112709,-5.4784626960754395
-12.840088322870097,-5.555139064788818
-2.23616712442702,-5.566483020782471
-4.662511414401839,-5.555139064788818
3.41802282280863,-5.549895763397217
-12.0320822507053,-6.264531135559082
-25.9801803981754,-19.548667907714844
-5.97419023328963,-4.169736385345459
15.4186986077963,-6.406883716583252
4.480465220149085,0.2856626510620117
-13.2363849677504,-3.2394182682037354
-9.362863686069195,-8.405106544494629
4.128157012788561,-5.248382091522217
2.26767773086615,-5.555139064788818
-24.1634597090208,-5.415650844573975
10.013204486477417,18.798540115356445
-31.934070451053,-9.796283721923828
-22.9515728231767,-3.9704248905181885
-11.219410776078313,-17.45945930480957
6.00089213826483,-5.555139064788818
-28.9638748432599,-5.0314860343933105
3.11049964318654,-2.388805866241455
-1.073248118887358,-5.499935150146484
-10.249148139079496,-12.464391708374023
-13.14009076535719,-5.458817005157471
0.7364260970712593,-5.392084121704102
-44.9949251983702,-34.015018463134766
-5.159519294761907,-9.37056827545166
1.869241020829697,-13.673362731933594
-55.54568697318505,-5.493002414703369
0.3065104335081801,-5.601121425628662
-10.386374558578522,-5.183346271514893
-3.0345245902191325,-6.48117733001709
-57.144820014625296,-1.964214563369751
2.85060083445348,-2.824545383453369
2.446050707651698,-5.48123836517334
5.50221601830175,-5.606624126434326
3.455876052191651,-5.43169641494751
-14.6157572128631,-5.555139064788818
-0.874105623616695,-7.078097820281982
-1.378759213278819,-5.139212608337402
1.350733135180331,-6.8269500732421875
-1.94666134980912,-9.518072128295898
-3.36735139960915,-5.4807610511779785
0.8319171014720902,-5.555139064788818
-40.2101205720394,-5.3571457862854
-24.577379709126298,-5.555139064788818
-18.6292132467089,-7.64246940612793
-46.39510994896701,-12.75558853149414
-2.487076105276776,-4.33043098449707
-4.752960817423343,-6.072516441345215
-0.1160299782726794,-2.606757640838623
-18.5277286275242,-8.87606430053711
-14.1325019191809,-5.341793537139893
10.909208084253878,-5.4852776527404785
1.30779520720034,-5.441835403442383
-5.77436797253085,-8.196993827819824
3.986867952152618,-4.770719051361084
-21.7936206120663,-5.555139064788818
-2.643556292002,-1.8208436965942383
11.0853991753379,13.67024040222168
-12.9397422629832,-6.777068138122559
-0.190891674386513,-5.811792850494385
-6.32558602127377,-5.582067966461182
5.391699208755202,-5.514864921569824
-8.998840630677615,-4.933448791503906
-1.6005087696864486,-5.269973278045654
7.5482379424635875,-5.248481273651123
-7.642910278690365,-5.184196472167969
3.719171936095444,12.133161544799805
-0.8981307679622897,2.327503204345703
7.06032809637297,-4.14140510559082
-3.134999611446543,-9.144033432006836
-5.94174589421185,-5.369498252868652
-17.7883076547542,-5.56829309463501
-25.2381267145584,-5.555843830108643
-27.5445722402187,-5.678826332092285
2.6678241356197647,-6.308540344238281
5.02066543392875,-4.523423671722412
-1.67197513843126,-5.55349588394165
6.58117049992555,12.568744659423828
3.12612254618191,-5.431662082672119
-2.1147225087047508,-5.216299057006836
-76.9668504799361,-5.486541748046875
10.11870938841209,-5.318672180175781
4.755697845162629,-4.71560525894165
16.5479703149859,-5.914302349090576
4.001938538520379,-15.91666316986084
-14.1813773041305,-5.4903950691223145
0.7709161631446207,-8.558915138244629
-24.2508933717269,-9.155511856079102
-22.3071231538392,-5.56554651260376
7.2595381633228,-5.3639678955078125
11.555346181601609,-5.631818771362305
-26.258782255785,-5.409451484680176
10.3189652047012,1.7297697067260742
0.809697096857583,0.06196796894073486
-18.5255095356289,-5.550662994384766
-1.0680791130593923,-6.510492324829102
-3.5390830989045075,-15.238822937011719
10.468583156479704,4.9907073974609375
-10.613183176373598,-4.521796226501465
-6.40442742836347,-5.401594161987305
7.196532980977684,-5.587301254272461
-10.586292641023492,-5.311528205871582
-26.79502671025515,-5.3407464027404785
-7.187555808667961,-2.0190176963806152
5.4465900456679694,-5.608766078948975
3.1988276731025875,-0.9032974243164062
7.827394642815597,-1.6521825790405273
3.887422638441485,-1.6191270351409912
-3.41466344580097,-5.524049282073975
2.667044757168528,-4.482365608215332
1.0590749185315824,12.066390991210938
-3.9965921287470247,-7.654752254486084
10.982614675109394,-5.431418418884277
0.4076170529080399,-5.787243366241455
2.71319811317338,-5.421193599700928
8.652061852316729,-5.373149871826172
-0.6579761516790089,-5.728119850158691
-51.6773231694491,-5.591431140899658
-2.8325461302865187,-5.579329490661621
2.12749125232924,-5.582688331604004
3.562549470771905,-5.409247398376465
-16.517773128145326,-5.352922439575195
6.874655354673765,-1.207169771194458
0.2047767843086013,-2.843928337097168
-2.698758931910008,-5.445490837097168
1.8601156760560384,-5.5140910148620605
-22.2455703021075,-5.513972759246826
2.4288820651169605,-5.354189395904541
-16.8307740899425,-5.545012474060059
20.7191486697607,-5.416041851043701
-30.7261055182573,-5.5140910148620605
-38.4849400567448,-5.530484199523926
-14.3103126367969,-5.2056097984313965
0.7860328468455551,-4.802969932556152
-48.3858044800915,-5.5140910148620605
-3.21662088766757,-5.069974899291992
1.675245639565673,-5.5140910148620605
-90.3299705619704,-5.5140910148620605
-9.28527551691871,-5.5032758712768555
-1.2293411329062325,-5.475197792053223
-4.534682244798708,-4.0746026039123535
-68.1959205924323,-5.5140910148620605
-24.5242345195019,-4.943578720092773
-2.77042962989298,-5.5140910148620605
3.8009101564042025,-0.44289958477020264
8.933703319425492,-5.4896321296691895
-11.341527235964405,-1.5597209930419922
6.71098989067457,-5.5364484786987305
4.54734483862441,-5.5140910148620605
-5.16341129781556,-15.031673431396484
-49.062306315025,-4.688934326171875
5.26551760771767,-5.438096046447754
3.33951124606136,-5.50534200668335
5.006519903780723,-4.931589603424072
4.05485944970297,-2.7058045864105225
2.283405953189745,-7.159435272216797
-2.66483863280114,-5.495838165283203
12.566471603210276,-5.074241638183594
-27.9020155354992,-8.326435089111328
8.88265541550952,-5.418255805969238
0.1652887870268324,-5.5140910148620605
15.4985727759109,-1.7605222463607788
9.014890317831036,-5.5140910148620605
1.4803529144374856,-5.069014549255371
18.1939100849816,-5.591742038726807
-2.6304973605131474,-5.208041667938232
-5.493763326806099,-5.5140910148620605
-0.6715208179901364,-5.151352882385254
-36.7383193130824,-16.62381935119629
5.062784719364307,-5.5140910148620605
-12.026803679110706,-5.506755828857422
-3.01321716593974,-5.440882205963135
8.35813394800668,-5.509044170379639
-3.60075442831331,-3.9540820121765137
-9.509135784465323,-6.543212890625
-19.6175855102284,-14.809565544128418
-27.8629509568953,-9.657109260559082
1.74273211890989,-5.501192092895508
-2.19578977406709,-9.225311279296875
2.42002639701588,8.785280227661133
-25.55316918036869,-8.64098072052002
5.635020609606415,-5.5140910148620605
-34.727836669101,-8.978521347045898
4.4516036428765,-5.303511142730713
4.967381413305823,-4.926342964172363
-6.81516141534704,-5.261446952819824
-24.3954295810688,0.33049649000167847
8.658679095048068,-5.3834333419799805
3.7347243087796,-5.18371057510376
-12.909633143366396,-5.423717975616455
-60.49569009623433,-5.529968738555908
-3.790702882666694,-5.529968738555908
-12.41068356063,-5.3192243576049805
2.76740193393285,-5.162905693054199
-18.9061714872788,-5.37567663192749
-3.681083449701528,-5.370911598205566
8.13893448615947,-5.468555927276611
-51.402683514636095,-5.529968738555908
-3.0703466753296,-5.844671249389648
0.4646043967887734,-7.320423603057861
5.989492839405608,-9.517951011657715
8.833837192566008,-1.388350009918213
-26.1965705632023,-4.097080230712891
0.0804428699766095,-1.7374978065490723
10.229168329440906,-5.529968738555908
2.12042655289975,-5.31049108505249
3.88810032819938,0.30093497037887573
-31.515616413872173,-9.683623313903809
2.28163515100639,-5.190296173095703
-9.633163292669298,-17.223249435424805
2.63206586722876,-5.526634216308594
0.3189015990893598,-5.411703109741211
-6.31868596379813,-4.274703025817871
-6.4648984000359935,-5.531958103179932
8.91646092056966,1.02197265625
-42.637521131086125,-9.722381591796875
-89.5439156156453,-5.529968738555908
9.179556151687803,-6.876245498657227
8.754663680824095,4.233448028564453
0.8838679103249854,-1.2969698905944824
4.338369925074482,-5.471749305725098
-18.23432595343749,-5.224769115447998
6.92534745147092,-5.467296600341797
-1.768261666543676,-5.527402400970459
-7.87226820943855,-5.529968738555908
-12.0847368637308,-11.579646110534668
-4.4222229386498375,-5.363277435302734
6.63109301847755,-5.529968738555908
1.675381804264854,-5.104958534240723
-6.897600670415837,-1.2653350830078125
-12.2774867069717,-21.053354263305664
-3.963646539183849,-5.527276992797852
-2.552277046947741,-5.180787086486816
-10.78700495517378,-6.768486022949219
-6.426376983867103,-5.307332515716553
8.2142562177934,-5.347593307495117
-16.967828162594074,-1.7482995986938477
6.07843040491799,-5.467353820800781
3.08443697315444,-6.838284969329834
-1.3811964732242277,-5.780213832855225
-4.51305804704249,-7.0437469482421875
-9.93375477053989,-5.38264799118042
-0.6581754288220045,-5.501254081726074
-7.952166005584182,-17.02184295654297
-13.563015982384195,-9.210505485534668
-47.9957157156951,-5.529968738555908
4.96190002222477,-5.325328826904297
-2.0240269290899,-4.840137481689453
3.47166270740147,3.8520255088806152
-5.2815921348029296,-5.159088134765625
2.369358494612781,-5.311507225036621
-4.214346026907057,-15.648003578186035
-23.8934551543691,-4.8465375900268555
-1.0659561461183158,-9.32464599609375
3.126169348435272,-17.733617782592773
2.35164464781062,-4.750720977783203
-1.79502295092813,-5.651286602020264
-15.957982665262508,-9.239435195922852
-64.65676531723692,-5.6488728523254395
-27.8195558011628,-5.561826705932617
-10.480511156242285,-5.583252906799316
-6.18357684414468,-6.223108768463135
-6.75960002722117,-4.276268005371094
4.4105627388370605,-5.547770023345947
5.58846482112586,6.745238780975342
-16.8483709423333,-5.781386375427246
16.1850033157246,-5.628226280212402
-3.34531377329845,-5.336788177490234
5.893700156574014,-5.9893083572387695
2.745769909533195,-6.127028942108154
2.53362859007723,-5.237955093383789
1.0880788430276551,-4.266152381896973
