Score,Pred Score
4.2006804390709,0.8306818008422852
4.76541245752904,9.464678764343262
5.87221574658101,4.704723358154297
-12.955988512618,-29.6429386138916
-14.4061745570978,-11.547933578491211
13.644333664082708,11.964150428771973
7.522446474796843,-17.77214813232422
2.858782897786812,-4.107020854949951
-49.8653288018085,-29.130807876586914
-4.029904705212941,-2.905864715576172
-6.2026319104393295,-19.612442016601562
4.452168509343501,0.5887517929077148
-16.475900892606802,0.54632568359375
-11.03094492075089,-38.42087173461914
-8.08045020128908,0.5056915283203125
1.39259946716825,0.8857402801513672
-14.885807229381896,-0.28606128692626953
-11.113180908425988,-9.469782829284668
5.506094216928792,-8.421173095703125
5.29091659278858,1.2551360130310059
3.42106467876526,3.654991626739502
5.162821279449693,-1.6365690231323242
6.020551076354931,-1.3379058837890625
0.8086942897832163,-0.1396474838256836
-8.80546181278599,-10.460129737854004
-7.42349600405968,-14.802457809448242
-14.4731176558811,-7.546783447265625
-35.5448186771701,-18.754547119140625
-1.657597602265355,-4.4436821937561035
-1.930224441335125,-11.286369323730469
-10.398648228661925,-3.3503761291503906
-1.6521884315998507,-4.194794178009033
1.3131129859732091,-0.5905914306640625
-0.1240821746904601,-3.902449607849121
-35.1709788883515,-18.893823623657227
0.6771989561182002,-1.8100109100341797
-5.8677981963370005,-5.155542373657227
0.7982616963508231,-9.503283500671387
2.595279020812243,-5.905742645263672
6.9472187772133225,7.274200439453125
-41.1395198834054,-18.639240264892578
-35.4604736838065,-19.36343765258789
7.87379173269718,-1.5267677307128906
-8.72128086410909,-37.63359451293945
-82.13826531723697,-8.46450424194336
-9.70693692529289,-10.933069229125977
-61.4386715672369,-32.91607666015625
7.10938257895085,1.4135971069335938
0.4007388327427847,3.9187889099121094
-0.7455370396145937,1.730727195739746
1.674966057420845,6.594882965087891
11.877856996640997,-2.554135322570801
-0.9096556467231308,-6.133017063140869
-1.4680391508473674,-3.274808883666992
15.6414782015599,0.008113861083984375
-10.35739215730591,3.08689546585083
1.926107182225645,-2.850055694580078
6.99756701325662,2.8651208877563477
3.54836143321337,-5.554864883422852
-7.726553411266567,-16.187055587768555
-48.51478094223695,-31.977760314941406
-3.0453156276270903,-3.9661970138549805
-3.454798154796729,1.4208641052246094
9.503977484174175,9.837701797485352
6.001532732018722,9.354349136352539
1.775572054007981,2.444446563720703
-2.6871577689602653,-5.674938201904297
-7.920344649869953,-14.84417724609375
2.578081311550471,-4.596588134765625
-14.434457477598505,-5.092382431030273
-1.338045882914232,-4.10919189453125
-44.1817825469333,-28.57740592956543
2.4314234692194163,-7.4485578536987305
-2.35314836228574,-1.0492076873779297
-2.07036107592124,-5.337528228759766
-6.560167066336443,-13.213118553161621
-2.54688332955635,-1.2519512176513672
-7.940842049461227,-3.8892269134521484
-7.789052707582185,-5.621522903442383
-1.4295761119406232,0.4953651428222656
7.206977941743588,-0.10435867309570312
-4.081394009803599,1.2861595153808594
-30.167243616457,-16.754131317138672
11.7225687296843,5.988916873931885
-0.8984319813221007,3.092235565185547
10.349523074958825,-4.486146450042725
5.42147270471237,5.003098487854004
-0.3136273830120112,1.7311515808105469
4.398848813602776,1.9441742897033691
2.099307195887115,-2.226837158203125
-61.6890402284636,-9.937357902526855
-7.08434802004719,-4.094160079956055
0.6962467393230812,-11.297486305236816
9.0758909366509,2.187986373901367
-1.9263965715605047,-1.6185169219970703
-6.262949496708321,-9.757831573486328
-4.739766082030863,-2.0511960983276367
-36.8822022827233,-35.74574661254883
3.24770439300306,-1.6453256607055664
-2.289513933263135,-2.0609235763549805
1.41805545618482,-0.015625
-24.4432878855492,-0.5780258178710938
-24.96156751119129,-13.037723541259766
-7.734574598544068,-15.286772727966309
2.79124989437018,1.5476970672607422
-5.17831154550348,-12.014077186584473
1.5275640312561216,-0.04534149169921875
3.682989905065457,4.261388778686523
-10.8237586662752,-26.58625602722168
-6.929951553081727,-11.628681182861328
-27.96215708599589,-14.567983627319336
-2.88087637063392,-5.192100524902344
-5.960419628776203,-7.857151031494141
-37.189874708633695,-18.34432029724121
1.1496085756031087,-3.5882015228271484
-12.7137936794919,-13.222137451171875
8.398744223780918,-8.015766143798828
-33.3004252633332,-31.172019958496094
9.144089281431205,2.1713762283325195
4.065326821312747,0.5719356536865234
-41.9047429025821,-26.339805603027344
7.383552345763623,-0.5219478607177734
6.364261125349779,-0.8777704238891602
4.841793570156368,-2.524595260620117
1.6198341998494314,-2.421459197998047
4.179707781567577,4.942424774169922
-14.7229944429405,4.479621887207031
7.078924552126015,-0.7021427154541016
-12.898019313824,-18.608409881591797
-70.8116033690518,-16.158849716186523
12.7359625054994,8.881074905395508
5.586124430090477,7.007904052734375
3.028467183462371,0.830045223236084
-5.830142578087577,-9.900096893310547
-22.6841489367301,-8.443002700805664
-1.51657819068512,-0.7654972076416016
-81.52648016021857,-9.014422416687012
-3.36903782007548,6.675440788269043
-18.707844022,-20.422088623046875
-34.48768519828235,-18.05362319946289
-39.7169735486916,-4.050457000732422
-1.593720937577549,-0.6594991683959961
-23.2954444871652,-24.404010772705078
-45.30258920076982,-19.518417358398438
12.5056328567953,7.426252365112305
-11.9299972333177,-9.307140350341797
-37.9495035857927,-1.0507984161376953
0.7001962140772594,-2.3512401580810547
4.49418879319923,-1.0732383728027344
-39.0646563811545,-33.304588317871094
-9.09730633851708,-2.276426315307617
-17.5589533745204,-25.19374656677246
-4.92782811871599,4.672000885009766
-8.2299173561342,-12.76728630065918
2.60625970962018,5.006661415100098
2.726862934921635,1.8980903625488281
4.071661498679735,0.7003421783447266
-13.2494383747796,-0.3523268699645996
-11.9154244975033,0.2602858543395996
0.9090871567987184,-8.716217041015625
7.92708077877978,4.835679054260254
-3.119647295186995,-0.29534339904785156
-2.248378586620203,-7.349456787109375
1.6646916021852596,-2.6333065032958984
0.1590569364430157,-0.12359285354614258
-77.3623903172369,-35.73212432861328
15.8859560938761,2.583568572998047
-3.11888044241469,-1.0801849365234375
-2.7468186065138984,-6.767330169677734
2.77922195660905,9.956649780273438
4.052279150357491,-1.26202392578125
-4.03806373695381,-8.763274192810059
-2.4461467814868523,-17.31441307067871
-0.1639564470097907,4.044339179992676
0.8542168432631491,-8.98957633972168
5.84905996845087,3.710235595703125
-5.77665564868809,-2.677802085876465
-3.7008288999313423,-3.696063995361328
-7.18713065449027,-6.775225639343262
-0.9529303605806088,7.919493675231934
-15.902118442879,-12.069707870483398
-28.0636361890057,-13.631922721862793
-26.912205886836706,-25.40127182006836
8.596988309863011,11.262041091918945
0.2877587512502297,-9.219457626342773
3.3899996482015826,2.6541099548339844
-20.5869014386951,-10.566791534423828
-9.341800010912078,-20.419418334960938
0.1692077246922899,-1.0875396728515625
-1.857666460494741,-2.755178451538086
-13.2752747780792,-18.266157150268555
0.7445982178878973,-8.61368179321289
4.49646859469848,-4.284632682800293
3.60913262992784,-4.698083877563477
-5.653435188749545,-2.4632301330566406
1.51502173443586,-6.780928611755371
8.143116180793372,4.651065826416016
-8.36164856265281,-30.592899322509766
-1.130678948105339,-3.1741466522216797
-4.349210006555943,8.956085205078125
0.2594141505344826,-8.240346908569336
-32.1283374054069,-26.23540496826172
-1.9051378030600723,-2.7245702743530273
4.768047800449637,-2.818143844604492
2.264898495983479,-3.1300201416015625
-6.47138721063866,-4.323677062988281
4.93167956005568,-9.930068969726562
2.4851768276660025,-2.009913444519043
-3.930469946192945,-13.9805908203125
11.923948375295712,4.401228904724121
11.616605850275496,7.565153121948242
10.41580460128629,-9.138506889343262
-8.700462669667385,-8.87812328338623
13.1991243046288,-5.966314315795898
-4.75101729862813,4.666349411010742
-1.4230966237807086,-4.106439590454102
-2.07861348348741,-9.054342269897461
10.292368565007404,14.10297679901123
1.9007667723773176,-0.7248659133911133
17.1612744381531,7.735227584838867
-0.1428452494230792,-6.1808013916015625
2.4933992323843923,-5.052663803100586
-13.861300672159,-2.094961166381836
-1.7943154401891548,1.564333438873291
-4.15624175439773,-2.389739990234375
-14.277645616907492,-2.5295639038085938
2.713132201978397,-10.897809982299805
-13.315456279797685,-27.07958221435547
-5.36204355968609,-3.439497947692871
-1.4872271509121793,-0.8959360122680664
0.31232235517322,7.858232498168945
3.0307168501552093,-3.046876907348633
3.4484762474106,2.450265884399414
-34.0729170807354,-23.814453125
-25.0659802428987,2.2269678115844727
0.86771933446589,-7.743629455566406
-11.996919710325,-13.311739921569824
17.2594267615487,7.043941497802734
-56.2560888739038,-33.90594482421875
-12.7386491421071,-12.943918228149414
-3.520787796436005,-5.917704105377197
-0.8014467498558491,-17.18649673461914
-34.7812340468876,-21.335311889648438
7.158235365631607,-11.15402889251709
3.29681579894721,-1.5836219787597656
0.046018285265003,-11.741503715515137
2.046344769010002,-12.809415817260742
4.25403099118957,2.93271541595459
3.7804230286959792,-6.081843376159668
-3.773219093074008,-8.196269989013672
-9.722403045722997,0.5257492065429688
2.81101468536903,-5.4185943603515625
-23.7494411406013,-9.130926132202148
-75.56229656723696,-35.417415618896484
4.366245372711767,6.140875816345215
9.94612085382829,5.328130722045898
-8.207132148775708,-27.047042846679688
-3.09775596823669,-3.1532678604125977
3.77256113899207,1.0420551300048828
0.2016574678685985,-6.512765884399414
4.38808277416547,-7.156244277954102
3.7092867134231,-4.419369697570801
1.6740112862957208,-4.817098140716553
-5.472376660417956,3.502946376800537
12.283123760680592,3.719013214111328
4.417989059347175,-5.818897247314453
1.907333647224608,-3.9849681854248047
-3.73521146317182,-4.050382614135742
7.837521570550837,8.905478477478027
4.82455755953161,-3.7099313735961914
-0.6472060937938101,-4.559295654296875
-8.237956686764985,-20.4268798828125
7.36579899286375,-0.3554849624633789
7.859716520666763,5.492635726928711
2.765011277030255,5.459585189819336
4.62415639298937,7.993411064147949
6.430237727930085,-10.30721664428711
2.44728958086436,-13.219245910644531
-1.93656353174353,-0.4052858352661133
-33.7845903951132,-28.982112884521484
10.960301672714698,6.567970275878906
6.147225205740463,-0.8417329788208008
2.4659746492236927,0.5902013778686523
18.2642273209106,-1.7213726043701172
7.656482330373112,-0.6599645614624023
-63.2346715672369,-41.56077194213867
-22.9610154952969,-28.180458068847656
4.39789099231211,-6.919782638549805
-46.587141393021525,-35.99418640136719
-12.281506448986304,-3.3099136352539062
5.220668557811489,-3.182016372680664
-1.4412632820262703,-1.2654352188110352
-35.163016426576704,-26.319538116455078
-31.380009974583203,-24.215564727783203
-40.7258600860177,-3.1445693969726562
-35.3994683825842,-23.13331413269043
-10.968565079401992,-10.900623321533203
15.384553292915324,-29.854610443115234
-0.4271227388875901,-2.791348457336426
-7.69948364751984,0.5852622985839844
-26.6822467124322,-23.287769317626953
-0.2823200449385875,-6.475534439086914
-3.8453528225106623,-12.10705852508545
-2.4599041427842496,5.167320251464844
-12.7315114055493,0.9828958511352539
1.418014053180695,-10.54484748840332
-3.4922781726655696,-12.312862396240234
9.58062385928767,1.3389062881469727
-17.5801214502402,-23.378021240234375
-49.5120706514507,-37.06328582763672
-0.4503474699443348,-6.17669677734375
2.332279780348585,-4.328248977661133
-42.2483635713802,-47.68690490722656
-5.00028834575103,-3.0663375854492188
-5.14141487663266,-14.477907180786133
-19.923371510770203,-5.167700290679932
4.28301459624688,0.887141227722168
0.3224388648416145,-3.958794593811035
6.795393661635613,2.5059309005737305
6.720388221210122,5.965137481689453
-20.7558388881914,-6.2866315841674805
-12.5922662394529,-8.836475372314453
-5.19085420781142,-0.8887863159179688
-27.3858072066324,-16.97644805908203
6.488490212037078,3.7571277618408203
-12.5233171201947,-17.70970344543457
0.996650643215182,-8.31705093383789
3.27144637329635,1.0982847213745117
1.203208947199059,-14.259637832641602
4.5031585012656095,-0.1808490753173828
-46.6686841099013,-29.645410537719727
3.600655729290548,-1.0478458404541016
-2.7077151362496297,-9.984704971313477
-42.936846127142296,-25.406816482543945
2.679404112105611,5.246707916259766
-23.975827854410426,-20.07016944885254
-24.4869919201538,-21.605119705200195
-6.22433036882608,-2.739744186401367
-24.992167376126925,-10.073513984680176
-9.742168339465294,-6.343672752380371
0.1235817830644999,-1.4667000770568848
-11.607028837624,-11.767332077026367
5.321680837772678,-1.0264110565185547
3.3452637215970498,-8.856142044067383
13.015759276594096,8.667547225952148
-6.13466459150186,-4.986972808837891
3.0897024917955025,-4.845312118530273
3.557691046156,1.633072853088379
2.0008593011464906,-9.617193222045898
-1.2671721747064446,-20.83704948425293
-2.989164004622407,-21.054269790649414
-2.43808381047612,-4.605756759643555
-11.30813578108209,-0.9251642227172852
-9.619042312244815,-10.554437637329102
-4.01456885639382,-3.248577117919922
-4.853312003098937,-21.569456100463867
2.78743688363977,5.371685028076172
3.6035536346157695,-4.310758590698242
6.09033976794457,10.38555908203125
-5.89266438028177,-0.2908058166503906
4.780848076735348,-0.2343759536743164
-20.7592210135025,-17.482067108154297
-3.637071869773312,-12.392221450805664
-4.396710286499547,-3.998077392578125
9.04709717330502,-17.31587791442871
1.69213972357191,1.1456480026245117
-27.068723822751306,-17.02512550354004
0.2886204877907422,-1.451176643371582
-0.592182005541919,-15.272076606750488
-4.736229867816737,-4.4048919677734375
7.877641553655238,6.45064640045166
-2.588665914009158,-3.163663864135742
4.72846919446815,-17.147611618041992
3.42669038506664,-4.458405494689941
-10.274169876330886,1.8146886825561523
-1.289264920121349,-16.22220230102539
-6.9648772325347394,-5.809783935546875
-1.2236747050651609,-1.0510034561157227
-12.208208404490907,-14.043493270874023
4.40921359309415,1.4301891326904297
16.4171583068458,8.518275260925293
-15.991582533821994,2.9645423889160156
7.809600001042748,2.946380138397217
-3.0331069492891496,-5.032914161682129
2.603164662477901,-11.082865715026855
-24.2572199033326,-12.654643058776855
13.667582002208905,6.54410457611084
8.19307228691883,-3.7354865074157715
0.4664503305112299,-2.643649101257324
-6.46133524603972,-7.937877655029297
-19.7520332208299,-9.966625213623047
-7.75971004909346,4.930269241333008
7.66334596528203,-1.3871173858642578
-27.64770126959135,-9.319787979125977
2.125547882163602,6.764878273010254
-1.8239337240231768,-1.9096202850341797
3.3696784995100426,0.33790111541748047
5.265272900492549,-2.2929000854492188
6.753311816554961,1.4989194869995117
0.9434331950199416,-2.0932788848876953
2.13745295521649,0.014583587646484375
2.76912169862866,-4.2422027587890625
2.409764321136161,-3.199652671813965
3.7606671418030695,2.4014034271240234
0.555665600488549,5.576510429382324
-89.04756219223692,-29.373741149902344
6.987950206462267,7.951669692993164
-10.09410467002709,-16.162267684936523
8.16191414696451,6.872776031494141
-10.731303688850904,-18.755802154541016
7.588764503474316,9.338003158569336
-5.25293160621848,-4.615367889404297
2.3065604778561424,5.289698600769043
-3.8022266666193874,-21.075244903564453
3.22816419080692,-2.9193115234375
1.1941842843275,0.179443359375
9.772192422094813,-19.099071502685547
-2.489313079893845,-4.832904815673828
-13.547300817594484,-24.077014923095703
-1.5403494549472296,-5.692831039428711
-5.139364658294922,-1.2059736251831055
-1.32131943338233,-7.100940704345703
-0.5284321769112605,3.834573745727539
0.1119561526876595,0.8784351348876953
14.8508222506114,9.850767135620117
-0.0918051514147744,4.156517028808594
-1.7237618714553775,2.106257438659668
-1.5699354762224491,8.273138046264648
1.5718362711845366,-6.009374618530273
3.58036180553514,-2.866607189178467
7.45084701577923,-5.002480983734131
-7.378812419643663,-2.599146842956543
-33.1832620874725,-31.858154296875
-6.066411004621831,-2.494220733642578
-16.4910721624856,-21.404752731323242
0.8267526169764301,-0.3253755569458008
-9.762453719841735,-18.122255325317383
8.07102955700163,9.580245971679688
1.741670982094262,0.8567852973937988
-0.0053525606393112,-0.782313346862793
-51.4043293278057,-26.07931900024414
14.9415296965116,12.643768310546875
8.70853787657841,-0.18436622619628906
-2.149900469098629,-9.979438781738281
14.8229623836697,9.059432029724121
-0.0379657812584102,-0.23180198669433594
-15.3173389528898,-3.099821090698242
-1.7663441991754285,11.49050235748291
-6.708306328674888,-3.5739688873291016
-78.7451798053926,-17.345806121826172
-0.5413656534735456,-10.039729118347168
9.625121597198186,2.2905349731445312
-3.15562863494722,-2.5934276580810547
9.60447820177431,4.396385192871094
-3.31847606547329,-1.3257312774658203
-4.12581810820042,-4.497093200683594
1.7706121017107803,0.3728599548339844
0.5117341060036625,5.694034576416016
2.63157412115867,-8.239507675170898
-4.763634360062484,-10.15261173248291
-11.18181257464061,1.6829338073730469
-39.4932668903457,-13.722792625427246
9.206200380526292,5.861286640167236
-2.93911844531118,9.774446487426758
-28.13472322157985,-12.23454475402832
9.62907409316032,-1.7385883331298828
-7.042636248773623,-6.73023796081543
-4.03025121975644,-2.8291940689086914
3.42951329804928,5.163329124450684
2.5565427438131976,2.634500503540039
2.8513084033656,2.8201818466186523
-5.5623675139736175,-0.8594017028808594
16.9968892380515,9.915423393249512
-4.144685584269085,8.412954330444336
-11.221818720505304,-2.6571903228759766
-2.111656589218961,-6.751492500305176
-1.626797120535592,-1.3965463638305664
0.7652624054000594,-5.288537979125977
-21.5531296050118,-25.06528663635254
-13.053772031257305,-18.944965362548828
5.42509465390903,3.944337844848633
-5.5186956836840375,-6.319746971130371
-2.260381023139061,2.643191337585449
-30.3377383335249,-5.318789482116699
7.380729755239978,5.501401424407959
-4.172986764275874,-10.147140502929688
-1.2036514942358316,2.5492687225341797
-35.2906329121599,-14.964557647705078
-2.54595208771381,-6.978194236755371
-10.901275449743116,-3.4861459732055664
-17.0078420331655,-29.280445098876953
-17.0314498829154,0.8247594833374023
-11.9784507557909,-2.3402366638183594
-19.469018973061075,-10.658892631530762
-3.2142130797467816,5.443229675292969
-0.5663484394051013,5.835465908050537
-21.2195468929047,-11.067333221435547
8.077984978184695,9.010221481323242
-17.0119321722455,-14.43071174621582
4.67424026120176,5.076595306396484
-47.9875704511971,-30.5968074798584
4.316615136301563,-4.242228031158447
11.2728180991378,16.61020278930664
-3.5546157663424616,-14.452066421508789
-3.15887949932979,-16.201868057250977
-1.6422791314174887,4.069475173950195
-3.448025235667948,-25.12494659423828
-13.5632540546311,-18.371938705444336
0.8825935384285006,-1.4073810577392578
3.27100049685324,2.944854736328125
-0.7762273913233743,1.304464340209961
1.026942322157092,-0.4424304962158203
9.859104788483815,-0.712677001953125
-1.9977872313530125,-4.835132598876953
-13.1809903671301,-4.962576389312744
-35.1782981083837,-41.71129608154297
-35.8337806803641,-29.224960327148438
-7.639409008216227,-5.780808925628662
-15.746453943284,-21.77887535095215
1.055995951979529,3.2784271240234375
3.987299411465438,0.7112979888916016
-37.0930621901092,1.6868438720703125
16.694612728237402,0.7928953170776367
-4.527979888097892,-12.963580131530762
14.6352674345898,-0.4291801452636719
5.034618319433818,-4.467683792114258
-3.77133000272187,-1.7368927001953125
-1.61504571199055,-2.601879119873047
-56.3663437951974,-27.700027465820312
10.088450856398616,-1.709463119506836
-14.285610883283098,-16.868701934814453
2.6210618799141923,3.6565799713134766
-2.308732762121495,-13.027238845825195
-83.9761260280997,-34.96438217163086
-1.03656181464744,-2.596181869506836
10.16232173056559,2.79067325592041
-3.12013961477547,1.7250967025756836
3.010752586641185,-9.311236381530762
-1.5178355576616795,0.008585929870605469
-2.60072537807549,3.102205276489258
-2.367312137177082,-7.890997886657715
6.075310726130807,3.571847915649414
2.24572304437811,-2.635401725769043
0.2044267191685782,-3.8172712326049805
3.85944773684647,8.357492446899414
-14.409506408843407,-9.074918746948242
-2.683955047842884,7.300273895263672
-0.0075038478591599,-8.498703002929688
7.190050317883171,3.0212154388427734
-2.1691769605730515,-5.196559906005859
-7.910003358009165,0.1982250213623047
-69.1366966634013,-25.784137725830078
1.437241653553571,-14.16974925994873
-20.7409218490905,-5.311304092407227
3.78247800369874,5.528241157531738
7.909526276907584,-0.6446361541748047
6.097122298913325,-20.00006866455078
24.5800902168924,7.1827392578125
-9.979741434164584,-13.931049346923828
3.1327986373042376,3.331498146057129
-8.393586343504198,4.710271835327148
8.678125432705007,6.195317268371582
20.7428439693387,-0.856358528137207
-1.511416195100045,-31.196691513061523
-23.3725501337939,-4.6411638259887695
4.69437535963172,-2.6126575469970703
8.24149319055937,2.818765640258789
-0.2898522089969393,-0.1409587860107422
-7.19378137939456,-14.403690338134766
1.0271109700113177,1.1062889099121094
-14.564555056626377,-6.24083137512207
-9.657849716236,-17.953067779541016
-0.7280966227290082,-4.785980224609375
-21.8962191024866,-18.19940185546875
-40.2614734397264,-17.36510467529297
-1.77750068778882,-8.378568649291992
-28.3488859938485,-20.644493103027344
-8.184373188662292,-19.20256805419922
-6.135426654744688,-2.0567874908447266
-3.270422191581055,-5.6158905029296875
-6.055427015859325,-1.3728342056274414
-34.3143130117107,-14.206342697143555
-50.4820483838523,-21.518598556518555
-4.639593570653838,-3.0837016105651855
-21.0606958753072,-14.360244750976562
8.747205755218493,11.055948257446289
0.6884341878779402,2.68222713470459
0.300408103033295,-3.46352481842041
-2.6184282494780104,0.6773557662963867
-37.3999740396079,-10.540326118469238
-10.594900847222812,-22.634132385253906
-23.227454082363305,-32.136375427246094
-15.4814292943448,-7.026648044586182
-6.89310310865277,-3.3815746307373047
-11.7962452523223,-4.055662155151367
-0.3887710448227697,-2.148653030395508
-4.0896099478500325,5.494141578674316
-42.6579269422049,-34.49335479736328
-2.095241650043551,2.9634838104248047
8.45389840526827,0.4138813018798828
-15.5157954828953,-19.514789581298828
-1.9802660997523944,1.6094446182250977
1.8368511005450223,-8.916387557983398
2.11900133622217,2.2953529357910156
-38.4962238749225,-25.646644592285156
0.8069046214032297,-3.2549705505371094
-1.73607437190069,2.135491371154785
-8.46093254820262,3.266572952270508
-0.0780407432645869,3.5545496940612793
5.009535132419683,7.969357490539551
-74.9399761386801,-39.779685974121094
2.806732553915905,-2.9925851821899414
-10.415057364934407,-0.5362682342529297
-4.81834176383161,-1.2822551727294922
-1.4920816076829602,-4.757284164428711
-0.003939288658445,10.165387153625488
5.86288473591452,8.171675682067871
0.4443344011282492,-0.3755521774291992
5.72263802046558,-0.7976465225219727
5.46583466116103,-10.87823486328125
5.05355462238675,2.218064308166504
-17.190033530139498,7.880762100219727
-10.1192188918475,-0.8676948547363281
-10.539071528779305,-1.8259544372558594
0.2492257167476033,3.276285171508789
5.35198813185094,4.99467658996582
14.9823899147147,10.616421699523926
1.7336328627834918,-3.4410886764526367
3.2582764286422226,-2.209136962890625
1.1615369027166365,0.037395477294921875
-42.4099588259267,-18.032684326171875
-38.7823663998969,-13.03515338897705
7.99575647038201,-0.2522401809692383
11.644495901203598,3.9220733642578125
-39.0956747424042,1.8375768661499023
-38.6438610292767,-24.988256454467773
-40.5029244010595,-35.76417541503906
-22.8644313188967,-2.175539016723633
-0.897066728281827,3.5757741928100586
-17.6830733389949,-5.497672080993652
-0.0084306638066775,-3.3999710083007812
0.5394390329931549,-1.9396491050720215
-21.61387508166409,-22.084449768066406
5.053393098685065,6.137851715087891
-15.7834934865799,-13.846593856811523
-58.40351531723695,-21.044601440429688
8.86280218600469,5.412258148193359
1.888243484494037,12.170171737670898
8.99923705482913,-2.182236671447754
4.133325903305868,2.0098142623901367
4.774357664359128,-0.8179721832275391
7.418770080750715,-9.372529983520508
-2.25262466719878,3.3910961151123047
-7.071587649042333,-11.532797813415527
4.398742241377427,0.12252044677734375
-8.692928400841772,-5.379210472106934
2.334382802629,-2.575071334838867
2.8274240704709,-10.86978816986084
2.1747311895065486,9.147317886352539
-11.9965988914421,2.230401039123535
2.776867734737273,-14.448432922363281
-12.4595255596924,0.38937854766845703
18.5317724911246,9.743413925170898
6.86106163750481,0.08618831634521484
-19.1693792779686,0.48615360260009766
-4.20883890972707,-2.1638898849487305
-0.3530077955256401,-5.21696662902832
-1.6020246929696491,-26.767534255981445
-7.57557880794988,-6.186637878417969
13.9692836454661,0.8687677383422852
1.289294757415069,-6.495487213134766
-20.3746494688195,-24.134201049804688
-8.044482691931467,-5.466533660888672
2.51340467963473,-10.43840503692627
11.0282847349576,8.65052604675293
-1.3944922949507652,-8.494318962097168
-26.2706781913698,-20.31218910217285
-71.7765711158932,-35.416961669921875
-44.2857422252861,-19.448680877685547
-3.057699221935841,6.467863082885742
10.116767222520318,10.411308288574219
-46.9980356488569,-16.188358306884766
-8.677497573270493,-6.824438095092773
-25.781275563237,-5.391960144042969
-2.941164138388841,-0.996917724609375
-26.5692742661385,-23.50910186767578
1.2555345380058751,-3.0525760650634766
-0.810306898238276,-2.161815643310547
0.2404076931068699,-15.1762113571167
-2.5590885431480426,0.35947704315185547
-11.9846830308257,-9.87474250793457
-5.775806690181939,-7.613527297973633
1.9806048133258944,-27.859622955322266
16.618750626525,9.244170188903809
8.204494762209066,1.542017936706543
6.80321923705408,4.60047721862793
11.710679650337616,-0.6315488815307617
3.181253849239128,-1.763892650604248
0.90894434552881,-3.816679000854492
3.547124544521316,-15.178850173950195
-2.202886656443709,-1.4504642486572266
-11.133669865203094,-8.151192665100098
9.328533024448705,-6.393806457519531
-0.7012610501602399,-4.177952766418457
-0.3170472839931941,8.032278060913086
-2.3458288386735573,-0.8780632019042969
-26.1191329979098,-8.951428413391113
-2.33292598982445,-3.748541831970215
2.461922216333884,9.604291915893555
3.73205068567752,9.42281723022461
-22.4462583852743,-20.032682418823242
16.899113604615202,10.110030174255371
-2.85382252753121,4.063797950744629
1.2705701336207027,-4.092377662658691
7.960789166364423,9.840434074401855
2.71808902854303,-0.18201255798339844
5.5273920092716775,-23.20145606994629
-4.11149235653684,-10.460124969482422
-20.9676231329802,-2.2671170234680176
-0.89184437235696,2.1276302337646484
-1.2816619609782416,-5.226836681365967
4.85634828411675,6.248533725738525
6.429854346358795,6.706443786621094
4.71112087372323,0.8663816452026367
-30.7199022255615,-19.930740356445312
-3.8590388668775,-5.259539604187012
-10.6557437737239,-4.721581935882568
-13.4460672849668,-17.991111755371094
-5.527709296795018,-6.391551971435547
-1.876637029070265,-5.074359893798828
10.2532613363299,8.918909072875977
3.00680128293027,3.363955497741699
19.33685959748449,11.443774223327637
-0.1058882282985149,1.3481569290161133
14.3436638764016,9.417994499206543
-16.1535771788668,-14.852215766906738
0.9480162028997956,4.942745208740234
-18.5891767455387,-16.586162567138672
13.309934514349203,9.426874160766602
6.02246857213521,-0.3963756561279297
5.16750826555368,6.458401679992676
-1.0190872666435924,-1.5873584747314453
-19.100904418149,-5.494056701660156
4.743603615290096,-6.836225509643555
-13.8157551615103,0.3295631408691406
-3.802611775309477,3.2798242568969727
4.30511943579503,-2.168874740600586
-22.482844278002705,-12.85883617401123
0.60779733849738,1.7370491027832031
17.8138573048897,9.438445091247559
-38.4626262988146,-22.712120056152344
-0.6089836493556324,2.944517135620117
0.8617451361473882,-3.496866226196289
-2.40000424902785,-6.219953536987305
3.7078671714499096,4.670924186706543
-2.390619984667185,-5.078550338745117
-15.559462368784592,-16.393951416015625
-13.790764753514,-4.515922546386719
-9.325981865786185,-7.743429183959961
-58.4491138315396,-42.729007720947266
9.550892694239591,10.308424949645996
4.435147085081137,8.299819946289062
-2.3538192484503564,-2.8771896362304688
-5.83438093189622,3.4669485092163086
-7.10827059552493,-17.285327911376953
-12.414939844598162,-11.956624984741211
6.6154810826822,8.583949089050293
1.3155747227446202,2.558304786682129
-2.56542276271332,-0.10360956192016602
-13.546032832554804,-8.919692993164062
-16.600339428286603,-9.507184028625488
2.9737175212081803,-1.4206838607788086
6.167862854629888,3.406496047973633
-40.922076323723,-28.67938804626465
16.9349100756105,9.429000854492188
-12.24911226903676,-13.986724853515625
4.867927463076468,-1.4513654708862305
-21.6327950573002,-17.233930587768555
7.11033993521173,7.362592697143555
-9.59094984812801,-22.378925323486328
4.92186081619874,5.278554916381836
-7.815562497274902,-2.2323532104492188
-2.20364176327536,-4.484472274780273
-19.6754058911438,-36.21617889404297
-91.8886792382854,-11.842713356018066
-20.9507978903398,-32.14479064941406
-17.8084408175675,-14.53520393371582
-62.9612541332419,-26.906024932861328
5.598134989920393,6.54328727722168
-7.283890318199592,-0.8130273818969727
6.1026124307435,5.446872711181641
7.42840635595139,7.14522647857666
-5.179391847578812,-5.439530372619629
-4.873152982370568,1.0819644927978516
7.276768036701751,3.06101131439209
-10.739322929783883,0.6441793441772461
-22.9219832537164,-43.52317810058594
1.5259403537211615,9.466934204101562
-44.7886924625105,-17.906503677368164
-3.72583443525641,-8.031966209411621
-14.57002364123529,-34.68981170654297
-10.128266274366498,-28.525897979736328
-28.0249952668106,-19.624313354492188
-26.24662901330595,-29.49934959411621
-40.3645652505015,-19.089603424072266
-30.8056950922951,-16.30750274658203
-3.9552380984537248,-5.962209701538086
-2.1789667599796294,-4.66969108581543
-0.5734820606807138,-3.8514318466186523
-1.1617148968623687,-2.7381811141967773
3.42848617073407,-9.27617359161377
-17.4030551064212,2.257134437561035
3.88109013796494,4.493647575378418
9.400493271217616,4.093647003173828
-11.302161927872188,-22.16437530517578
-13.3709137252944,-20.71126365661621
-6.79658968512302,0.7204475402832031
4.509456424718162,9.319962501525879
5.45103123545738,-4.434514999389648
8.149714042401495,1.8182334899902344
-12.909180343140196,6.516461372375488
-6.61979034735207,-4.445285797119141
11.9978624338519,-4.116947174072266
-12.53254789251529,0.3324117660522461
-8.36198121766124,-8.271228790283203
-4.361976736345532,-1.5013542175292969
-0.1898191226144924,-7.410944938659668
2.3166834950764685,-10.32790470123291
-12.6203596574975,-14.04132080078125
-1.207429910073891,-3.4762191772460938
-29.7403775200217,-13.220610618591309
5.31082796058257,-3.063436508178711
2.97844031586002,1.0527772903442383
-12.533050119535002,-4.422290802001953
-5.8684323426223,3.5654211044311523
2.391980620215489,5.656197547912598
7.73570234615748,2.0718469619750977
1.166748445159433,8.691675186157227
6.093529951556334,2.4054670333862305
17.709922444879297,16.419368743896484
11.779516260068313,-0.823486328125
2.4866177573815964,-2.055746078491211
-30.89708550466269,-37.5216064453125
-9.231606713935047,-0.613037109375
-13.4089268865456,-14.282462120056152
-9.06573754635488,-13.177620887756348
9.30630078585379,0.5046596527099609
-7.156550033865472,-13.55170726776123
-10.5414716495377,-10.267430305480957
-27.8178569354009,-19.958253860473633
5.3817717725564,1.889542579650879
-35.155236696245,-22.081310272216797
-21.4141717786538,-30.94070053100586
-2.6053130644292946,0.8777093887329102
-9.953220777101093,-14.136817932128906
-8.798237091769485,-15.036767959594727
-27.6920167541674,-7.231884956359863
8.017093587799739,3.096076011657715
-0.3550158381598589,8.25655460357666
-1.19024715514191,-14.834223747253418
-3.2855896341823474,-16.308347702026367
1.844566842421384,4.419643878936768
-30.7366736665872,-29.695005416870117
-11.338238855350506,-5.394283771514893
-1.059512617215007,-2.120582103729248
-33.7712071062874,-21.925025939941406
3.812227003524945,13.06326961517334
-2.8472026300298463,-25.914283752441406
-21.5871320482388,-0.6897525787353516
1.845960760756301,-6.74833869934082
9.06213659212517,8.258295059204102
-13.950148061363093,-3.9438910484313965
-15.1006814359747,2.4063405990600586
-8.65496498210776,-2.6235780715942383
-31.18852367408345,-22.46379280090332
2.35160533891099,-18.84715461730957
-7.06329362397977,3.5729007720947266
-11.299328727708405,-6.291966438293457
-5.73967918172164,-2.9788503646850586
-4.062121175440552,-5.246734619140625
3.62056380925444,5.692760467529297
-6.512385872303066,-29.478849411010742
-17.2817979072755,-23.55580711364746
5.79128728304933,4.978717803955078
3.7921116228684086,-4.472530364990234
0.51700222845629,-12.172598838806152
1.0966146270020711,-6.5984110832214355
-6.613686761665703,-28.186927795410156
-39.873530292237,-32.37572479248047
-35.0272315856836,-29.659385681152344
0.2475632146873464,9.058134078979492
5.59963570142504,-3.3501453399658203
5.29419053806362,-4.701322555541992
6.457932781589695,2.1636781692504883
6.4251548431743295,-3.948881149291992
-19.7885249955934,-16.936477661132812
-2.4097304318056905,1.4341192245483398
7.543407488617369,4.983519554138184
1.83593808226401,5.81820011138916
-1.5082203021212124,3.6040706634521484
5.99108205682079,1.6577224731445312
-18.1797235112709,-3.301942825317383
-12.840088322870097,-21.689828872680664
-2.23616712442702,3.263051986694336
-4.662511414401839,-17.542184829711914
3.41802282280863,-1.507772445678711
-12.0320822507053,-21.66360092163086
-25.9801803981754,-22.3925838470459
-5.97419023328963,1.2615509033203125
15.4186986077963,4.786667823791504
4.480465220149085,-13.703184127807617
-13.2363849677504,-16.463241577148438
-9.362863686069195,-10.93034553527832
4.128157012788561,1.9199104309082031
2.26767773086615,-2.7289047241210938
-24.1634597090208,-31.497573852539062
10.013204486477417,5.183309078216553
-31.934070451053,-13.618165969848633
-22.9515728231767,-1.904348373413086
-11.219410776078313,-17.11863136291504
6.00089213826483,-5.019244194030762
-28.9638748432599,-31.486661911010742
3.11049964318654,6.737356185913086
-1.073248118887358,-4.25969123840332
-10.249148139079496,-25.142087936401367
-13.14009076535719,-24.542583465576172
0.7364260970712593,-4.29347038269043
-44.9949251983702,-3.1372385025024414
-5.159519294761907,-0.12102603912353516
1.869241020829697,-20.043581008911133
-55.54568697318505,-34.88528060913086
0.3065104335081801,3.296402931213379
-10.386374558578522,-2.8000659942626953
-3.0345245902191325,-1.1903266906738281
-57.144820014625296,-23.069971084594727
2.85060083445348,5.85103702545166
2.446050707651698,1.5538654327392578
5.50221601830175,-7.57740592956543
3.455876052191651,-1.1692733764648438
-14.6157572128631,-28.021331787109375
-0.874105623616695,6.632099151611328
-1.378759213278819,4.408430099487305
1.350733135180331,-2.5941896438598633
-1.94666134980912,-3.634396553039551
-3.36735139960915,-7.314666748046875
0.8319171014720902,-7.937877655029297
-40.2101205720394,-2.0134506225585938
-24.577379709126298,-32.321510314941406
-18.6292132467089,-5.994899272918701
-46.39510994896701,-18.853652954101562
-2.487076105276776,-3.414750099182129
-4.752960817423343,-15.81683349609375
-0.1160299782726794,-8.065017700195312
-18.5277286275242,-2.0441341400146484
-14.1325019191809,-16.229726791381836
10.909208084253878,2.36181640625
1.30779520720034,6.920984268188477
-5.77436797253085,1.6231269836425781
3.986867952152618,1.740530014038086
-21.7936206120663,-22.244911193847656
-2.643556292002,-12.644742965698242
11.0853991753379,-3.1239709854125977
-12.9397422629832,-11.95352840423584
-0.190891674386513,-4.253613471984863
-6.32558602127377,-3.8267922401428223
5.391699208755202,-5.0053510665893555
-8.998840630677615,-1.4168529510498047
-1.6005087696864486,-3.2088584899902344
7.5482379424635875,10.931632995605469
-7.642910278690365,-8.753018379211426
3.719171936095444,6.625628471374512
-0.8981307679622897,-1.5114507675170898
7.06032809637297,4.053523063659668
-3.134999611446543,-5.606692790985107
-5.94174589421185,-1.2645835876464844
-17.7883076547542,-11.324356079101562
-25.2381267145584,-35.135467529296875
-27.5445722402187,-22.02120590209961
2.6678241356197647,-2.1279067993164062
5.02066543392875,-2.055583953857422
-1.67197513843126,-35.04376220703125
6.58117049992555,2.949432373046875
3.12612254618191,-0.43364810943603516
-2.1147225087047508,-3.667593002319336
-76.9668504799361,-4.739283561706543
10.11870938841209,4.978723526000977
4.755697845162629,4.124728679656982
16.5479703149859,10.271299362182617
4.001938538520379,-10.160943984985352
-14.1813773041305,-20.810565948486328
0.7709161631446207,2.260406970977783
-24.2508933717269,-14.01336669921875
-22.3071231538392,-45.86379623413086
7.2595381633228,4.556905746459961
11.555346181601609,9.71636962890625
-26.258782255785,-16.662656784057617
10.3189652047012,-3.249575614929199
0.809697096857583,-0.7864084243774414
-18.5255095356289,-31.262557983398438
-1.0680791130593923,-0.8177661895751953
-3.5390830989045075,-7.245692729949951
10.468583156479704,6.44344425201416
-10.613183176373598,-1.8322467803955078
-6.40442742836347,1.8038177490234375
7.196532980977684,9.724932670593262
-10.586292641023492,-0.560875415802002
-26.79502671025515,-20.74236488342285
-7.187555808667961,-2.3953189849853516
5.4465900456679694,6.841012001037598
3.1988276731025875,-1.4110651016235352
7.827394642815597,9.598727226257324
3.887422638441485,5.538125038146973
-3.41466344580097,-5.70622444152832
2.667044757168528,-3.258314609527588
1.0590749185315824,-1.0867843627929688
-3.9965921287470247,-5.712873935699463
10.982614675109394,3.1003522872924805
0.4076170529080399,-3.8052139282226562
2.71319811317338,0.6877517700195312
8.652061852316729,-6.518253326416016
-0.6579761516790089,-0.9444904327392578
-51.6773231694491,-26.50389289855957
-2.8325461302865187,-1.6507749557495117
2.12749125232924,-25.02197265625
3.562549470771905,-9.199094772338867
-16.517773128145326,-5.447547912597656
6.874655354673765,12.005615234375
0.2047767843086013,-0.929621696472168
-2.698758931910008,-9.4030122756958
1.8601156760560384,4.541690349578857
-22.2455703021075,-17.501070022583008
2.4288820651169605,-4.78646183013916
-16.8307740899425,4.374532699584961
20.7191486697607,8.478814125061035
-30.7261055182573,-22.782827377319336
-38.4849400567448,-16.100013732910156
-14.3103126367969,-5.857048511505127
0.7860328468455551,5.147516250610352
-48.3858044800915,-41.09795379638672
-3.21662088766757,-7.666383743286133
1.675245639565673,-1.6411190032958984
-90.3299705619704,-32.41962432861328
-9.28527551691871,7.155906677246094
-1.2293411329062325,-4.243669509887695
-4.534682244798708,-13.219511032104492
-68.1959205924323,-28.81610107421875
-24.5242345195019,-21.844966888427734
-2.77042962989298,-0.28155517578125
3.8009101564042025,6.534929275512695
8.933703319425492,7.401620864868164
-11.341527235964405,-10.499532699584961
6.71098989067457,7.041524887084961
4.54734483862441,-13.177934646606445
-5.16341129781556,-1.9402947425842285
-49.062306315025,-22.684162139892578
5.26551760771767,6.240644454956055
3.33951124606136,-9.623395919799805
5.006519903780723,0.4340057373046875
4.05485944970297,-8.53399658203125
2.283405953189745,2.486164093017578
-2.66483863280114,-3.966435432434082
12.566471603210276,10.267101287841797
-27.9020155354992,-12.204097747802734
8.88265541550952,5.420436859130859
0.1652887870268324,-4.1785078048706055
15.4985727759109,13.524707794189453
9.014890317831036,-3.217144012451172
1.4803529144374856,-11.43918228149414
18.1939100849816,16.7413330078125
-2.6304973605131474,0.6048173904418945
-5.493763326806099,0.6167335510253906
-0.6715208179901364,-1.8054466247558594
-36.7383193130824,-21.920276641845703
5.062784719364307,-3.568716049194336
-12.026803679110706,-19.967884063720703
-3.01321716593974,0.6540746688842773
8.35813394800668,6.4578657150268555
-3.60075442831331,-7.70065450668335
-9.509135784465323,4.215628623962402
-19.6175855102284,-2.8974218368530273
-27.8629509568953,-18.423938751220703
1.74273211890989,6.066713333129883
-2.19578977406709,-1.0334539413452148
2.42002639701588,-6.765018939971924
-25.55316918036869,-14.949853897094727
5.635020609606415,3.7707290649414062
-34.727836669101,-25.119735717773438
4.4516036428765,-0.4529542922973633
4.967381413305823,0.25022315979003906
-6.81516141534704,-7.040506362915039
-24.3954295810688,-0.5463266372680664
8.658679095048068,7.944014549255371
3.7347243087796,-7.190247535705566
-12.909633143366396,-13.529764175415039
-60.49569009623433,-30.962127685546875
-3.790702882666694,-0.6227397918701172
-12.41068356063,-15.760212898254395
2.76740193393285,0.8747749328613281
-18.9061714872788,-5.803550720214844
-3.681083449701528,-23.12811279296875
8.13893448615947,3.1871414184570312
-51.402683514636095,-31.712909698486328
-3.0703466753296,-4.508198261260986
0.4646043967887734,-2.993314266204834
5.989492839405608,-9.91262435913086
8.833837192566008,9.473480224609375
-26.1965705632023,-5.036230087280273
0.0804428699766095,-0.11509513854980469
10.229168329440906,-1.5115642547607422
2.12042655289975,-5.882518768310547
3.88810032819938,0.046924591064453125
-31.515616413872173,-15.8128662109375
2.28163515100639,-2.026407241821289
-9.633163292669298,-20.975393295288086
2.63206586722876,1.6552667617797852
0.3189015990893598,-9.871299743652344
-6.31868596379813,-1.7711257934570312
-6.4648984000359935,-22.981096267700195
8.91646092056966,-1.3484783172607422
-42.637521131086125,-25.23110580444336
-89.5439156156453,-42.488216400146484
9.179556151687803,2.955678939819336
8.754663680824095,3.689014434814453
0.8838679103249854,-1.4126005172729492
4.338369925074482,-4.997657775878906
-18.23432595343749,-26.42293930053711
6.92534745147092,-6.43585205078125
-1.768261666543676,-1.1675081253051758
-7.87226820943855,-8.11752700805664
-12.0847368637308,-0.02233600616455078
-4.4222229386498375,-7.262901306152344
6.63109301847755,0.5419425964355469
1.675381804264854,-4.836749076843262
-6.897600670415837,-8.296701431274414
-12.2774867069717,-16.059242248535156
-3.963646539183849,-1.8658218383789062
-2.552277046947741,-13.682552337646484
-10.78700495517378,2.39111328125
-6.426376983867103,-1.0230674743652344
8.2142562177934,-4.615013122558594
-16.967828162594074,-0.32938194274902344
6.07843040491799,0.8056812286376953
3.08443697315444,-5.906644821166992
-1.3811964732242277,-9.468056678771973
-4.51305804704249,-13.850780487060547
-9.93375477053989,-7.474254608154297
-0.6581754288220045,-2.349262237548828
-7.952166005584182,-13.576375961303711
-13.563015982384195,-8.89996337890625
-47.9957157156951,-16.754619598388672
4.96190002222477,5.800487518310547
-2.0240269290899,-4.193828582763672
3.47166270740147,0.4191856384277344
-5.2815921348029296,-3.2639942169189453
2.369358494612781,6.506185531616211
-4.214346026907057,-14.071609497070312
-23.8934551543691,-28.650386810302734
-1.0659561461183158,1.5536155700683594
3.126169348435272,-24.277217864990234
2.35164464781062,-5.253958702087402
-1.79502295092813,-1.2842063903808594
-15.957982665262508,-25.27688980102539
-64.65676531723692,-34.5183219909668
-27.8195558011628,-25.055051803588867
-10.480511156242285,-25.641935348510742
-6.18357684414468,-4.215145111083984
-6.75960002722117,-7.002956390380859
4.4105627388370605,-1.6100568771362305
5.58846482112586,-6.828655242919922
-16.8483709423333,-11.915782928466797
16.1850033157246,7.571483612060547
-3.34531377329845,-1.357172966003418
5.893700156574014,1.2253146171569824
2.745769909533195,2.5559935569763184
2.53362859007723,-3.933063507080078
1.0880788430276551,1.6344671249389648
