Score,Pred Score
4.2006804390709,1.7685346603393555
4.76541245752904,10.638209342956543
5.87221574658101,7.503591537475586
-12.955988512618,-23.77308464050293
-14.4061745570978,-8.294822692871094
13.644333664082708,13.857355117797852
7.522446474796843,-12.74223804473877
2.858782897786812,-0.4095311164855957
-49.8653288018085,-24.084054946899414
-4.029904705212941,-1.276432991027832
-6.2026319104393295,-18.553306579589844
4.452168509343501,1.2057533264160156
-16.475900892606802,4.024809837341309
-11.03094492075089,-34.0250129699707
-8.08045020128908,3.7419214248657227
1.39259946716825,3.4911181926727295
-14.885807229381896,2.198838233947754
-11.113180908425988,-7.732338905334473
5.506094216928792,-6.817105770111084
5.29091659278858,3.166553497314453
3.42106467876526,0.4141101837158203
5.162821279449693,-2.9274702072143555
6.020551076354931,1.4894943237304688
0.8086942897832163,3.5983190536499023
-8.80546181278599,-7.509103775024414
-7.42349600405968,-12.077287673950195
-14.4731176558811,-10.151727676391602
-35.5448186771701,-14.047271728515625
-1.657597602265355,-0.845766544342041
-1.930224441335125,-7.455497741699219
-10.398648228661925,-1.1709527969360352
-1.6521884315998507,-1.0632047653198242
1.3131129859732091,1.8120403289794922
-0.1240821746904601,0.25676536560058594
-35.1709788883515,-13.413568496704102
0.6771989561182002,0.1861743927001953
-5.8677981963370005,-2.4846391677856445
0.7982616963508231,-6.786789894104004
2.595279020812243,-4.043300628662109
6.9472187772133225,10.341757774353027
-41.1395198834054,-14.492914199829102
-35.4604736838065,-14.26923656463623
7.87379173269718,-1.2729225158691406
-8.72128086410909,-32.13987350463867
-82.13826531723697,-6.33580207824707
-9.70693692529289,-7.309734344482422
-61.4386715672369,-28.31041717529297
7.10938257895085,3.3886661529541016
0.4007388327427847,6.135204315185547
-0.7455370396145937,3.541317939758301
1.674966057420845,10.276318550109863
11.877856996640997,0.7671763896942139
-0.9096556467231308,-8.909671783447266
-1.4680391508473674,-1.181502342224121
15.6414782015599,2.2808303833007812
-10.35739215730591,7.079849720001221
1.926107182225645,-0.9146404266357422
6.99756701325662,5.606152534484863
3.54836143321337,-2.905303955078125
-7.726553411266567,-11.88882064819336
-48.51478094223695,-25.95214080810547
-3.0453156276270903,0.3653392791748047
-3.454798154796729,2.3991146087646484
9.503977484174175,12.017168045043945
6.001532732018722,8.890981674194336
1.775572054007981,3.7174835205078125
-2.6871577689602653,-6.909325122833252
-7.920344649869953,-16.8886775970459
2.578081311550471,-5.550016403198242
-14.434457477598505,-5.508144378662109
-1.338045882914232,-5.398061752319336
-44.1817825469333,-29.197237014770508
2.4314234692194163,-9.666675567626953
-2.35314836228574,-0.6563172340393066
-2.07036107592124,-6.290911674499512
-6.560167066336443,-13.095602035522461
-2.54688332955635,-0.7121543884277344
-7.940842049461227,-4.195277214050293
-7.789052707582185,-5.849708080291748
-1.4295761119406232,0.03792428970336914
7.206977941743588,0.34485721588134766
-4.081394009803599,3.4017467498779297
-30.167243616457,-14.570938110351562
11.7225687296843,5.072715759277344
-0.8984319813221007,3.504615306854248
10.349523074958825,-6.466210842132568
5.42147270471237,4.8144378662109375
-0.3136273830120112,-0.776667594909668
4.398848813602776,2.556671142578125
2.099307195887115,-1.9878816604614258
-61.6890402284636,-9.572239875793457
-7.08434802004719,-4.221362113952637
0.6962467393230812,-12.885485649108887
9.0758909366509,2.094968795776367
-1.9263965715605047,-2.60269832611084
-6.262949496708321,-9.609720230102539
-4.739766082030863,-0.8414859771728516
-36.8822022827233,-33.778648376464844
3.24770439300306,-1.7671756744384766
-2.289513933263135,-2.7999954223632812
1.41805545618482,-0.5590353012084961
-24.4432878855492,-1.2006902694702148
-24.96156751119129,-14.274154663085938
-7.734574598544068,-14.422115325927734
2.79124989437018,0.022027969360351562
-5.17831154550348,-11.591348648071289
1.5275640312561216,1.70849609375
3.682989905065457,4.33259391784668
-10.8237586662752,-26.908658981323242
-6.929951553081727,-11.840658187866211
-27.96215708599589,-13.099224090576172
-2.88087637063392,-5.306597709655762
-5.960419628776203,-6.554868698120117
-37.189874708633695,-18.759321212768555
1.1496085756031087,-4.8994598388671875
-12.7137936794919,-12.19206428527832
8.398744223780918,-8.794954299926758
-33.3004252633332,-31.588653564453125
9.144089281431205,1.9014101028442383
4.065326821312747,-1.2624225616455078
-41.9047429025821,-23.372419357299805
7.383552345763623,-1.0502147674560547
6.364261125349779,-0.7331075668334961
4.841793570156368,-4.487455368041992
1.6198341998494314,-2.3171515464782715
4.179707781567577,3.813927173614502
-14.7229944429405,4.207501411437988
7.078924552126015,-1.161393165588379
-12.898019313824,-18.61347007751465
-70.8116033690518,-16.513935089111328
12.7359625054994,8.379106521606445
5.586124430090477,6.0196990966796875
3.028467183462371,-0.8915014266967773
-5.830142578087577,-9.717275619506836
-22.6841489367301,-6.5418806076049805
-1.51657819068512,-2.6514368057250977
-81.52648016021857,-8.798932075500488
-3.36903782007548,8.098101615905762
-18.707844022,-19.437698364257812
-34.48768519828235,-19.98687744140625
-39.7169735486916,-2.097917079925537
-1.593720937577549,0.2248373031616211
-23.2954444871652,-22.615400314331055
-45.30258920076982,-17.052608489990234
12.5056328567953,7.519021987915039
-11.9299972333177,-11.583965301513672
-37.9495035857927,0.2200489044189453
0.7001962140772594,-3.1523990631103516
4.49418879319923,-6.04903507232666
-39.0646563811545,-33.30608367919922
-9.09730633851708,-2.181527614593506
-17.5589533745204,-22.006237030029297
-4.92782811871599,4.557190895080566
-8.2299173561342,-14.624613761901855
2.60625970962018,3.914982795715332
2.726862934921635,2.3733768463134766
4.071661498679735,1.3748855590820312
-13.2494383747796,-0.19884014129638672
-11.9154244975033,1.143524169921875
0.9090871567987184,-6.831245422363281
7.92708077877978,3.963986396789551
-3.119647295186995,-0.7907066345214844
-2.248378586620203,-7.816598892211914
1.6646916021852596,-3.795063018798828
0.1590569364430157,-0.5429496765136719
-77.3623903172369,-34.252689361572266
15.8859560938761,2.117633819580078
-3.11888044241469,-0.9009952545166016
-2.7468186065138984,-6.892209529876709
2.77922195660905,11.367974281311035
4.052279150357491,-1.0078620910644531
-4.03806373695381,-7.613585472106934
-2.4461467814868523,-21.908313751220703
-0.1639564470097907,4.03907585144043
0.8542168432631491,-10.448101997375488
5.84905996845087,2.8627681732177734
-5.77665564868809,-0.8073148727416992
-3.7008288999313423,-3.3829493522644043
-7.18713065449027,-5.732690811157227
-0.9529303605806088,7.6524658203125
-15.902118442879,-10.890332221984863
-28.0636361890057,-11.448079109191895
-26.912205886836706,-26.348358154296875
8.596988309863011,12.451141357421875
0.2877587512502297,-10.084859848022461
3.3899996482015826,0.6803340911865234
-20.5869014386951,-9.650715827941895
-9.341800010912078,-20.301666259765625
0.1692077246922899,-0.5004787445068359
-1.857666460494741,-2.725205421447754
-13.2752747780792,-20.113794326782227
0.7445982178878973,-7.957934379577637
4.49646859469848,-6.646101951599121
3.60913262992784,-7.043839454650879
-5.653435188749545,-4.751289367675781
1.51502173443586,-8.95836067199707
8.143116180793372,0.23582839965820312
-8.36164856265281,-35.069427490234375
-1.130678948105339,-5.273246765136719
-4.349210006555943,6.0792951583862305
0.2594141505344826,-10.849784851074219
-32.1283374054069,-27.386293411254883
-1.9051378030600723,-5.288924217224121
4.768047800449637,-4.811806678771973
2.264898495983479,-6.7921552658081055
-6.47138721063866,-5.281293869018555
4.93167956005568,-10.790427207946777
2.4851768276660025,-3.62343168258667
-3.930469946192945,-16.085620880126953
11.923948375295712,3.4063730239868164
11.616605850275496,5.289104461669922
10.41580460128629,-11.931304931640625
-8.700462669667385,-11.078888893127441
13.1991243046288,-10.010753631591797
-4.75101729862813,3.2157669067382812
-1.4230966237807086,-8.277753829956055
-2.07861348348741,-11.219534873962402
10.292368565007404,10.82144546508789
1.9007667723773176,-2.8569679260253906
17.1612744381531,5.478446006774902
-0.1428452494230792,-8.824714660644531
2.4933992323843923,-9.39901065826416
-13.861300672159,-5.045361518859863
-1.7943154401891548,-0.512122631072998
-4.15624175439773,-4.844773292541504
-14.277645616907492,-5.307487487792969
2.713132201978397,-13.936393737792969
-13.315456279797685,-31.369529724121094
-5.36204355968609,-5.171609878540039
-1.4872271509121793,-2.8445920944213867
0.31232235517322,5.553801536560059
3.0307168501552093,-6.451684951782227
3.4484762474106,2.1025185585021973
-34.0729170807354,-27.856660842895508
-25.0659802428987,-1.1353483200073242
0.86771933446589,-10.566061973571777
-11.996919710325,-16.26021957397461
17.2594267615487,4.340571880340576
-56.2560888739038,-36.236732482910156
-12.7386491421071,-14.729682922363281
-3.520787796436005,-9.09407901763916
-0.8014467498558491,-18.430198669433594
-34.7812340468876,-22.407310485839844
7.158235365631607,-13.538854598999023
3.29681579894721,-3.5224204063415527
0.046018285265003,-17.24005699157715
2.046344769010002,-15.445236206054688
4.25403099118957,1.4906988143920898
3.7804230286959792,-8.719385147094727
-3.773219093074008,-11.425557136535645
-9.722403045722997,-4.125100135803223
2.81101468536903,-7.776529312133789
-23.7494411406013,-10.999693870544434
-75.56229656723696,-37.02418899536133
4.366245372711767,3.7116751670837402
9.94612085382829,5.35699462890625
-8.207132148775708,-26.877349853515625
-3.09775596823669,-1.8569049835205078
3.77256113899207,0.7799835205078125
0.2016574678685985,-6.845466613769531
4.38808277416547,-5.85274600982666
3.7092867134231,-4.316810607910156
1.6740112862957208,-4.218257904052734
-5.472376660417956,3.9086999893188477
12.283123760680592,5.852330207824707
4.417989059347175,-6.160012245178223
1.907333647224608,-4.770322799682617
-3.73521146317182,-3.3577823638916016
7.837521570550837,8.497709274291992
4.82455755953161,-3.249692440032959
-0.6472060937938101,-4.215666770935059
-8.237956686764985,-18.54039764404297
7.36579899286375,-1.5787782669067383
7.859716520666763,3.5088653564453125
2.765011277030255,4.605873107910156
4.62415639298937,9.137300491333008
6.430237727930085,-10.72020149230957
2.44728958086436,-13.62561321258545
-1.93656353174353,-0.5386676788330078
-33.7845903951132,-28.993722915649414
10.960301672714698,6.5444746017456055
6.147225205740463,0.08216595649719238
2.4659746492236927,0.8704404830932617
18.2642273209106,-1.4334592819213867
7.656482330373112,0.1891946792602539
-63.2346715672369,-40.614418029785156
-22.9610154952969,-27.615394592285156
4.39789099231211,-7.141951560974121
-46.587141393021525,-34.92867660522461
-12.281506448986304,-1.7867679595947266
5.220668557811489,-3.253276824951172
-1.4412632820262703,-2.2259879112243652
-35.163016426576704,-24.9522705078125
-31.380009974583203,-23.078784942626953
-40.7258600860177,-2.452848434448242
-35.3994683825842,-21.07610511779785
-10.968565079401992,-10.016468048095703
15.384553292915324,-31.015182495117188
-0.4271227388875901,-2.3818492889404297
-7.69948364751984,0.9465827941894531
-26.6822467124322,-23.631977081298828
-0.2823200449385875,-6.983970642089844
-3.8453528225106623,-10.715630531311035
-2.4599041427842496,5.256996154785156
-12.7315114055493,0.6315836906433105
1.418014053180695,-10.863618850708008
-3.4922781726655696,-12.900689125061035
9.58062385928767,0.8826618194580078
-17.5801214502402,-23.40851593017578
-49.5120706514507,-36.03412628173828
-0.4503474699443348,-6.163629531860352
2.332279780348585,-3.885319709777832
-42.2483635713802,-45.90641784667969
-5.00028834575103,-2.663196563720703
-5.14141487663266,-14.73057746887207
-19.923371510770203,-4.458685398101807
4.28301459624688,0.4926586151123047
0.3224388648416145,-4.353603363037109
6.795393661635613,-0.025608062744140625
6.720388221210122,6.335305213928223
-20.7558388881914,-5.250789165496826
-12.5922662394529,-4.028515338897705
-5.19085420781142,1.9964923858642578
-27.3858072066324,-11.762229919433594
6.488490212037078,7.296152114868164
-12.5233171201947,-13.092695236206055
0.996650643215182,-6.23000431060791
3.27144637329635,2.395294189453125
1.203208947199059,-11.354391098022461
4.5031585012656095,0.7226848602294922
-46.6686841099013,-24.92264175415039
3.600655729290548,1.0139923095703125
-2.7077151362496297,-8.689949989318848
-42.936846127142296,-22.713537216186523
2.679404112105611,7.934064865112305
-23.975827854410426,-17.23185920715332
-24.4869919201538,-19.93714141845703
-6.22433036882608,-0.3881998062133789
-24.992167376126925,-7.285580158233643
-9.742168339465294,-4.780231952667236
0.1235817830644999,-0.05922269821166992
-11.607028837624,-6.581990718841553
5.321680837772678,1.6037216186523438
3.3452637215970498,-4.682146072387695
13.015759276594096,6.623220443725586
-6.13466459150186,-1.7264642715454102
3.0897024917955025,-2.4048399925231934
3.557691046156,4.933698654174805
2.0008593011464906,-6.5499773025512695
-1.2671721747064446,-19.54495620727539
-2.989164004622407,-19.052278518676758
-2.43808381047612,-2.828244686126709
-11.30813578108209,0.3037986755371094
-9.619042312244815,-10.811603546142578
-4.01456885639382,0.6422557830810547
-4.853312003098937,-18.956085205078125
2.78743688363977,7.742250442504883
3.6035536346157695,-3.22196102142334
6.09033976794457,11.878975868225098
-5.89266438028177,2.5062618255615234
4.780848076735348,3.844883441925049
-20.7592210135025,-16.764873504638672
-3.637071869773312,-8.329010009765625
-4.396710286499547,-1.4411869049072266
9.04709717330502,-15.375638961791992
1.69213972357191,2.138345718383789
-27.068723822751306,-13.980937957763672
0.2886204877907422,0.6422452926635742
-0.592182005541919,-14.812849044799805
-4.736229867816737,-3.344135284423828
7.877641553655238,9.16433334350586
-2.588665914009158,-2.546234130859375
4.72846919446815,-12.948014259338379
3.42669038506664,-1.6862030029296875
-10.274169876330886,3.4750261306762695
-1.289264920121349,-13.054394721984863
-6.9648772325347394,-2.5776748657226562
-1.2236747050651609,-0.015473365783691406
-12.208208404490907,-11.135483741760254
4.40921359309415,3.1799793243408203
16.4171583068458,10.518895149230957
-15.991582533821994,6.3154296875
7.809600001042748,3.2453155517578125
-3.0331069492891496,-4.492747783660889
2.603164662477901,-10.775811195373535
-24.2572199033326,-11.843400955200195
13.667582002208905,5.983859062194824
8.19307228691883,-4.798172950744629
0.4664503305112299,-3.873969078063965
-6.46133524603972,-8.227684020996094
-19.7520332208299,-10.269293785095215
-7.75971004909346,6.627100944519043
7.66334596528203,-1.4648771286010742
-27.64770126959135,-11.130101203918457
2.125547882163602,6.6502685546875
-1.8239337240231768,-1.9840431213378906
3.3696784995100426,0.5959262847900391
5.265272900492549,-2.0329999923706055
6.753311816554961,1.824554443359375
0.9434331950199416,-3.1413402557373047
2.13745295521649,-0.09049606323242188
2.76912169862866,-1.1667289733886719
2.409764321136161,-3.180853843688965
3.7606671418030695,2.4769763946533203
0.555665600488549,5.244876861572266
-89.04756219223692,-27.39088249206543
6.987950206462267,8.183120727539062
-10.09410467002709,-16.645214080810547
8.16191414696451,7.85308837890625
-10.731303688850904,-17.323259353637695
7.588764503474316,12.304513931274414
-5.25293160621848,-5.464371204376221
2.3065604778561424,6.933979034423828
-3.8022266666193874,-18.684465408325195
3.22816419080692,-3.758657455444336
1.1941842843275,-0.23756694793701172
9.772192422094813,-19.33026123046875
-2.489313079893845,-1.5410070419311523
-13.547300817594484,-23.888973236083984
-1.5403494549472296,-5.676192283630371
-5.139364658294922,4.9905314445495605
-1.32131943338233,-7.375669479370117
-0.5284321769112605,1.9134798049926758
0.1119561526876595,0.8622989654541016
14.8508222506114,9.781150817871094
-0.0918051514147744,4.665157318115234
-1.7237618714553775,7.910232067108154
-1.5699354762224491,8.73678207397461
1.5718362711845366,-6.360245704650879
3.58036180553514,-3.5365798473358154
7.45084701577923,-6.950558662414551
-7.378812419643663,-0.17138195037841797
-33.1832620874725,-29.265840530395508
-6.066411004621831,-2.194305419921875
-16.4910721624856,-23.491588592529297
0.8267526169764301,-1.1760168075561523
-9.762453719841735,-18.124088287353516
8.07102955700163,8.786894798278809
1.741670982094262,6.781525611877441
-0.0053525606393112,-3.695728302001953
-51.4043293278057,-25.476757049560547
14.9415296965116,10.42426872253418
8.70853787657841,0.3457927703857422
-2.149900469098629,-10.54145622253418
14.8229623836697,7.5376081466674805
-0.0379657812584102,0.11912727355957031
-15.3173389528898,-3.2103872299194336
-1.7663441991754285,12.076383590698242
-6.708306328674888,-3.469320297241211
-78.7451798053926,-15.120187759399414
-0.5413656534735456,-12.581048965454102
9.625121597198186,1.9904861450195312
-3.15562863494722,-1.7454791069030762
9.60447820177431,4.530340194702148
-3.31847606547329,0.651667594909668
-4.12581810820042,-3.485952377319336
1.7706121017107803,-0.2483348846435547
0.5117341060036625,6.590805530548096
2.63157412115867,-6.401416778564453
-4.763634360062484,-12.915190696716309
-11.18181257464061,-0.3415870666503906
-39.4932668903457,-14.224018096923828
9.206200380526292,5.627506256103516
-2.93911844531118,10.872420310974121
-28.13472322157985,-9.844995498657227
9.62907409316032,-0.48890018463134766
-7.042636248773623,-4.205892562866211
-4.03025121975644,-1.6702775955200195
3.42951329804928,6.480545997619629
2.5565427438131976,2.7303504943847656
2.8513084033656,1.4862918853759766
-5.5623675139736175,-0.2633342742919922
16.9968892380515,10.661914825439453
-4.144685584269085,8.792945861816406
-11.221818720505304,-0.994746208190918
-2.111656589218961,-5.887718200683594
-1.626797120535592,-0.054828643798828125
0.7652624054000594,-5.477043151855469
-21.5531296050118,-23.388118743896484
-13.053772031257305,-14.967473030090332
5.42509465390903,4.6939697265625
-5.5186956836840375,-5.167890548706055
-2.260381023139061,3.0198230743408203
-30.3377383335249,-5.108469009399414
7.380729755239978,7.325843811035156
-4.172986764275874,-9.110380172729492
-1.2036514942358316,0.963019847869873
-35.2906329121599,-14.186929702758789
-2.54595208771381,-7.208430290222168
-10.901275449743116,-2.0585594177246094
-17.0078420331655,-26.18815040588379
-17.0314498829154,2.2630815505981445
-11.9784507557909,-2.319520950317383
-19.469018973061075,-8.279788970947266
-3.2142130797467816,6.216203689575195
-0.5663484394051013,6.389967441558838
-21.2195468929047,-10.61878776550293
8.077984978184695,11.696663856506348
-17.0119321722455,-10.772865295410156
4.67424026120176,4.383235931396484
-47.9875704511971,-28.15864372253418
4.316615136301563,-4.988275527954102
11.2728180991378,18.264299392700195
-3.5546157663424616,-14.01968765258789
-3.15887949932979,-14.875076293945312
-1.6422791314174887,5.244438171386719
-3.448025235667948,-22.222143173217773
-13.5632540546311,-17.401243209838867
0.8825935384285006,-1.2414178848266602
3.27100049685324,3.2653074264526367
-0.7762273913233743,2.8339691162109375
1.026942322157092,-1.5311470031738281
9.859104788483815,-1.3364801406860352
-1.9977872313530125,-5.7308454513549805
-13.1809903671301,-4.632998943328857
-35.1782981083837,-39.42490768432617
-35.8337806803641,-28.144277572631836
-7.639409008216227,-4.711294174194336
-15.746453943284,-23.212032318115234
1.055995951979529,1.6468544006347656
3.987299411465438,-0.15125370025634766
-37.0930621901092,1.7029428482055664
16.694612728237402,-1.3664073944091797
-4.527979888097892,-12.494373321533203
14.6352674345898,-2.2489476203918457
5.034618319433818,-5.747069358825684
-3.77133000272187,-4.118198394775391
-1.61504571199055,-4.178960800170898
-56.3663437951974,-29.506816864013672
10.088450856398616,-4.540057182312012
-14.285610883283098,-18.231826782226562
2.6210618799141923,2.1205568313598633
-2.308732762121495,-15.220093727111816
-83.9761260280997,-34.21029281616211
-1.03656181464744,-5.887777805328369
10.16232173056559,1.645554542541504
-3.12013961477547,0.59686279296875
3.010752586641185,-11.815648078918457
-1.5178355576616795,-1.4090948104858398
-2.60072537807549,3.0758042335510254
-2.367312137177082,-8.625728607177734
6.075310726130807,2.450913429260254
2.24572304437811,-4.360945701599121
0.2044267191685782,-5.274998664855957
3.85944773684647,6.97149658203125
-14.409506408843407,-7.7820281982421875
-2.683955047842884,3.4782485961914062
-0.0075038478591599,-10.373824119567871
7.190050317883171,1.0092558860778809
-2.1691769605730515,-6.567702293395996
-7.910003358009165,-1.567265510559082
-69.1366966634013,-26.82025718688965
1.437241653553571,-13.130202293395996
-20.7409218490905,-5.911651134490967
3.78247800369874,4.631120681762695
7.909526276907584,-0.3792753219604492
6.097122298913325,-21.73590660095215
24.5800902168924,3.4994544982910156
-9.979741434164584,-15.587797164916992
3.1327986373042376,1.7564105987548828
-8.393586343504198,3.1063671112060547
8.678125432705007,4.398639678955078
20.7428439693387,-2.9994869232177734
-1.511416195100045,-30.892013549804688
-23.3725501337939,-4.172328472137451
4.69437535963172,-3.146696090698242
8.24149319055937,1.1058778762817383
-0.2898522089969393,-3.597715377807617
-7.19378137939456,-16.880359649658203
1.0271109700113177,-1.5361824035644531
-14.564555056626377,-9.242790222167969
-9.657849716236,-19.32548713684082
-0.7280966227290082,-7.817276477813721
-21.8962191024866,-17.35797119140625
-40.2614734397264,-17.979660034179688
-1.77750068778882,-10.40125846862793
-28.3488859938485,-23.021595001220703
-8.184373188662292,-17.02585792541504
-6.135426654744688,-2.3483428955078125
-3.270422191581055,-2.8147153854370117
-6.055427015859325,-0.45694732666015625
-34.3143130117107,-12.18819808959961
-50.4820483838523,-20.468151092529297
-4.639593570653838,0.44306492805480957
-21.0606958753072,-15.068901062011719
8.747205755218493,12.086283683776855
0.6884341878779402,5.418931007385254
0.300408103033295,-1.9282417297363281
-2.6184282494780104,2.3297605514526367
-37.3999740396079,-10.825018882751465
-10.594900847222812,-21.108844757080078
-23.227454082363305,-29.642860412597656
-15.4814292943448,-4.921154975891113
-6.89310310865277,-1.9303922653198242
-11.7962452523223,-1.9889888763427734
-0.3887710448227697,0.28710460662841797
-4.0896099478500325,7.39456844329834
-42.6579269422049,-31.599767684936523
-2.095241650043551,4.866246223449707
8.45389840526827,-1.496993064880371
-15.5157954828953,-17.58126449584961
-1.9802660997523944,3.7078094482421875
1.8368511005450223,-7.81431770324707
2.11900133622217,4.14698600769043
-38.4962238749225,-24.745189666748047
0.8069046214032297,-2.6940765380859375
-1.73607437190069,4.0951433181762695
-8.46093254820262,4.781579971313477
-0.0780407432645869,5.205002784729004
5.009535132419683,6.739651679992676
-74.9399761386801,-34.24207305908203
2.806732553915905,-1.604379653930664
-10.415057364934407,0.3561744689941406
-4.81834176383161,-0.5590066909790039
-1.4920816076829602,-3.341676712036133
-0.003939288658445,12.126144409179688
5.86288473591452,9.650039672851562
0.4443344011282492,0.7102794647216797
5.72263802046558,0.8788547515869141
5.46583466116103,-8.958460807800293
5.05355462238675,3.659947395324707
-17.190033530139498,9.499338150024414
-10.1192188918475,0.12590789794921875
-10.539071528779305,-0.4939556121826172
0.2492257167476033,2.9136390686035156
5.35198813185094,5.556249618530273
14.9823899147147,11.89908218383789
1.7336328627834918,-1.9418907165527344
3.2582764286422226,0.07501554489135742
1.1615369027166365,0.6205036640167236
-42.4099588259267,-15.532037734985352
-38.7823663998969,-10.662054061889648
7.99575647038201,0.5335788726806641
11.644495901203598,3.5272088050842285
-39.0956747424042,2.5260262489318848
-38.6438610292767,-23.18227767944336
-40.5029244010595,-32.599281311035156
-22.8644313188967,0.5219345092773438
-0.897066728281827,4.805402755737305
-17.6830733389949,-4.747556209564209
-0.0084306638066775,-5.181361198425293
0.5394390329931549,-1.4153366088867188
-21.61387508166409,-24.036867141723633
5.053393098685065,5.3120527267456055
-15.7834934865799,-12.677435874938965
-58.40351531723695,-20.33258056640625
8.86280218600469,3.9015865325927734
1.888243484494037,11.272708892822266
8.99923705482913,-2.7413816452026367
4.133325903305868,2.290137767791748
4.774357664359128,-2.148861885070801
7.418770080750715,-11.239956855773926
-2.25262466719878,2.178058624267578
-7.071587649042333,-11.898425102233887
4.398742241377427,-4.090804100036621
-8.692928400841772,-7.555940628051758
2.334382802629,-4.585945129394531
2.8274240704709,-11.330528259277344
2.1747311895065486,7.710431098937988
-11.9965988914421,2.706038475036621
2.776867734737273,-16.241804122924805
-12.4595255596924,-1.0709185600280762
18.5317724911246,8.743349075317383
6.86106163750481,-0.3436746597290039
-19.1693792779686,-1.3834197521209717
-4.20883890972707,-3.2363312244415283
-0.3530077955256401,-4.859435081481934
-1.6020246929696491,-27.367191314697266
-7.57557880794988,-7.339062690734863
13.9692836454661,0.4223823547363281
1.289294757415069,-8.246819496154785
-20.3746494688195,-25.080026626586914
-8.044482691931467,-6.307553291320801
2.51340467963473,-10.368288040161133
11.0282847349576,8.063940048217773
-1.3944922949507652,-8.886470794677734
-26.2706781913698,-20.750381469726562
-71.7765711158932,-35.08778381347656
-44.2857422252861,-19.653432846069336
-3.057699221935841,6.089856147766113
10.116767222520318,9.05848503112793
-46.9980356488569,-17.83408546447754
-8.677497573270493,-7.5611066818237305
-25.781275563237,-4.561126708984375
-2.941164138388841,-1.578434944152832
-26.5692742661385,-23.41150665283203
1.2555345380058751,-3.035127639770508
-0.810306898238276,-4.133571624755859
0.2404076931068699,-15.16076374053955
-2.5590885431480426,0.3345823287963867
-11.9846830308257,-8.716615676879883
-5.775806690181939,-8.435250282287598
1.9806048133258944,-28.35039710998535
16.618750626525,7.932703018188477
8.204494762209066,-0.08889007568359375
6.80321923705408,1.951359748840332
11.710679650337616,-3.484943389892578
3.181253849239128,-2.1505274772644043
0.90894434552881,-3.8686227798461914
3.547124544521316,-19.623340606689453
-2.202886656443709,-1.1512479782104492
-11.133669865203094,-9.184162139892578
9.328533024448705,-9.055150985717773
-0.7012610501602399,-5.535980224609375
-0.3170472839931941,8.20974063873291
-2.3458288386735573,-0.6251306533813477
-26.1191329979098,-6.757256984710693
-2.33292598982445,-1.9638338088989258
2.461922216333884,11.042070388793945
3.73205068567752,10.271865844726562
-22.4462583852743,-20.24373435974121
16.899113604615202,10.89700698852539
-2.85382252753121,5.469521522521973
1.2705701336207027,-4.645796775817871
7.960789166364423,10.661236763000488
2.71808902854303,0.5666522979736328
5.5273920092716775,-21.554588317871094
-4.11149235653684,-9.283540725708008
-20.9676231329802,0.033504486083984375
-0.89184437235696,4.596621513366699
-1.2816619609782416,-3.6257410049438477
4.85634828411675,5.56881046295166
6.429854346358795,8.158462524414062
4.71112087372323,2.008547782897949
-30.7199022255615,-16.588220596313477
-3.8590388668775,-1.9545173645019531
-10.6557437737239,-3.856837272644043
-13.4460672849668,-16.19249725341797
-5.527709296795018,-4.892764091491699
-1.876637029070265,-2.3555126190185547
10.2532613363299,9.461824417114258
3.00680128293027,6.907125473022461
19.33685959748449,10.375520706176758
-0.1058882282985149,2.279603958129883
14.3436638764016,10.853631973266602
-16.1535771788668,-12.361412048339844
0.9480162028997956,4.857765197753906
-18.5891767455387,-14.350531578063965
13.309934514349203,9.770308494567871
6.02246857213521,1.1823911666870117
5.16750826555368,8.480841636657715
-1.0190872666435924,0.053537845611572266
-19.100904418149,-5.749783992767334
4.743603615290096,-5.47620153427124
-13.8157551615103,2.356180191040039
-3.802611775309477,3.9863128662109375
4.30511943579503,-2.4375648498535156
-22.482844278002705,-11.349881172180176
0.60779733849738,1.7076416015625
17.8138573048897,10.91425895690918
-38.4626262988146,-19.218711853027344
-0.6089836493556324,4.963418960571289
0.8617451361473882,-3.49709415435791
-2.40000424902785,-4.555965423583984
3.7078671714499096,5.424028396606445
-2.390619984667185,-3.922335624694824
-15.559462368784592,-17.107675552368164
-13.790764753514,-3.1262407302856445
-9.325981865786185,-8.558953285217285
-58.4491138315396,-39.31434631347656
9.550892694239591,10.943838119506836
4.435147085081137,8.632951736450195
-2.3538192484503564,-1.5097112655639648
-5.83438093189622,6.142240524291992
-7.10827059552493,-14.40976333618164
-12.414939844598162,-9.6918306350708
6.6154810826822,9.993254661560059
1.3155747227446202,4.647051811218262
-2.56542276271332,1.300081729888916
-13.546032832554804,-9.900200843811035
-16.600339428286603,-9.22877025604248
2.9737175212081803,-2.533313751220703
6.167862854629888,0.5836181640625
-40.922076323723,-30.37881851196289
16.9349100756105,8.006168365478516
-12.24911226903676,-13.80239200592041
4.867927463076468,0.8857617378234863
-21.6327950573002,-17.206586837768555
7.11033993521173,6.136321067810059
-9.59094984812801,-24.284610748291016
4.92186081619874,3.8029842376708984
-7.815562497274902,-3.296548843383789
-2.20364176327536,-3.298821449279785
-19.6754058911438,-34.07910919189453
-91.8886792382854,-11.319375991821289
-20.9507978903398,-31.570783615112305
-17.8084408175675,-14.663982391357422
-62.9612541332419,-27.129623413085938
5.598134989920393,5.214154243469238
-7.283890318199592,-1.499349594116211
6.1026124307435,3.920644760131836
7.42840635595139,7.261482238769531
-5.179391847578812,-6.680774211883545
-4.873152982370568,-1.3770709037780762
7.276768036701751,1.3256549835205078
-10.739322929783883,-0.6551275253295898
-22.9219832537164,-42.35973358154297
1.5259403537211615,7.815147399902344
-44.7886924625105,-18.196861267089844
-3.72583443525641,-9.16678237915039
-14.57002364123529,-33.73477554321289
-10.128266274366498,-28.256040573120117
-28.0249952668106,-18.49392318725586
-26.24662901330595,-29.945560455322266
-40.3645652505015,-19.210479736328125
-30.8056950922951,-16.349201202392578
-3.9552380984537248,-7.753386497497559
-2.1789667599796294,-6.799519062042236
-0.5734820606807138,-4.740975379943848
-1.1617148968623687,-4.119688034057617
3.42848617073407,-10.606474876403809
-17.4030551064212,2.143096923828125
3.88109013796494,4.085231781005859
9.400493271217616,3.129243850708008
-11.302161927872188,-22.02598762512207
-13.3709137252944,-20.309650421142578
-6.79658968512302,0.46939659118652344
4.509456424718162,7.593866348266602
5.45103123545738,-5.2370924949646
8.149714042401495,1.9819211959838867
-12.909180343140196,5.726634979248047
-6.61979034735207,-5.930159568786621
11.9978624338519,-4.291070938110352
-12.53254789251529,-0.20378494262695312
-8.36198121766124,-11.201788902282715
-4.361976736345532,-3.332657814025879
-0.1898191226144924,-10.208976745605469
2.3166834950764685,-13.13250732421875
-12.6203596574975,-18.94452667236328
-1.207429910073891,-3.8976707458496094
-29.7403775200217,-12.804323196411133
5.31082796058257,-3.4430837631225586
2.97844031586002,-0.727442741394043
-12.533050119535002,-6.233978748321533
-5.8684323426223,1.0636630058288574
2.391980620215489,3.5652923583984375
7.73570234615748,1.379323959350586
1.166748445159433,6.168265342712402
6.093529951556334,0.8328924179077148
17.709922444879297,15.268585205078125
11.779516260068313,-4.125418663024902
2.4866177573815964,-3.598491668701172
-30.89708550466269,-37.81452178955078
-9.231606713935047,-0.5193996429443359
-13.4089268865456,-15.34595775604248
-9.06573754635488,-14.188301086425781
9.30630078585379,-0.9371681213378906
-7.156550033865472,-12.807037353515625
-10.5414716495377,-11.894493103027344
-27.8178569354009,-22.31036949157715
5.3817717725564,-0.8081960678100586
-35.155236696245,-24.78661346435547
-21.4141717786538,-32.647178649902344
-2.6053130644292946,-0.8892040252685547
-9.953220777101093,-15.552566528320312
-8.798237091769485,-15.237478256225586
-27.6920167541674,-7.756964683532715
8.017093587799739,0.8023567199707031
-0.3550158381598589,5.956476211547852
-1.19024715514191,-16.33177947998047
-3.2855896341823474,-17.859153747558594
1.844566842421384,2.911475896835327
-30.7366736665872,-32.21836853027344
-11.338238855350506,-6.474845886230469
-1.059512617215007,-3.693356990814209
-33.7712071062874,-24.645801544189453
3.812227003524945,14.750726699829102
-2.8472026300298463,-27.533958435058594
-21.5871320482388,-2.781343460083008
1.845960760756301,-9.767866134643555
9.06213659212517,5.892029762268066
-13.950148061363093,-7.6137590408325195
-15.1006814359747,0.4168872833251953
-8.65496498210776,-3.936629295349121
-31.18852367408345,-25.649253845214844
2.35160533891099,-20.444320678710938
-7.06329362397977,1.7646427154541016
-11.299328727708405,-8.70103645324707
-5.73967918172164,-5.775107383728027
-4.062121175440552,-8.361393928527832
3.62056380925444,3.7750606536865234
-6.512385872303066,-31.69367218017578
-17.2817979072755,-27.229625701904297
5.79128728304933,2.6536922454833984
3.7921116228684086,-5.621193885803223
0.51700222845629,-14.917326927185059
1.0966146270020711,-8.304088592529297
-6.613686761665703,-29.51056671142578
-39.873530292237,-32.92403030395508
-35.0272315856836,-31.406299591064453
0.2475632146873464,7.125774383544922
5.59963570142504,-4.595894813537598
5.29419053806362,-5.894819259643555
6.457932781589695,-0.36985111236572266
6.4251548431743295,-6.562873840332031
-19.7885249955934,-19.716705322265625
-2.4097304318056905,2.2673606872558594
7.543407488617369,3.0243968963623047
1.83593808226401,6.494135856628418
-1.5082203021212124,2.14853572845459
5.99108205682079,2.426370620727539
-18.1797235112709,-4.315075397491455
-12.840088322870097,-23.054622650146484
-2.23616712442702,1.505685806274414
-4.662511414401839,-16.14101219177246
3.41802282280863,-3.113636016845703
-12.0320822507053,-22.65526580810547
-25.9801803981754,-22.131103515625
-5.97419023328963,0.6920385360717773
15.4186986077963,4.311854362487793
4.480465220149085,-13.884546279907227
-13.2363849677504,-15.32397174835205
-9.362863686069195,-8.452263832092285
4.128157012788561,2.802501678466797
2.26767773086615,-1.355208396911621
-24.1634597090208,-30.636999130249023
10.013204486477417,2.777474880218506
-31.934070451053,-13.121801376342773
-22.9515728231767,-1.11732816696167
-11.219410776078313,-16.981887817382812
6.00089213826483,-4.677507400512695
-28.9638748432599,-28.656888961791992
3.11049964318654,7.651307106018066
-1.073248118887358,-4.318500518798828
-10.249148139079496,-23.807344436645508
-13.14009076535719,-23.262136459350586
0.7364260970712593,-3.2071266174316406
-44.9949251983702,-3.5487136840820312
-5.159519294761907,-1.408163070678711
1.869241020829697,-18.933582305908203
-55.54568697318505,-31.646827697753906
0.3065104335081801,3.7126693725585938
-10.386374558578522,-2.900705337524414
-3.0345245902191325,-0.8045444488525391
-57.144820014625296,-21.369508743286133
2.85060083445348,7.608495712280273
2.446050707651698,3.3728160858154297
5.50221601830175,-7.721842288970947
3.455876052191651,-3.668546676635742
-14.6157572128631,-25.398040771484375
-0.874105623616695,8.065622329711914
-1.378759213278819,6.057616233825684
1.350733135180331,-2.2085957527160645
-1.94666134980912,-5.148345947265625
-3.36735139960915,-7.090693473815918
0.8319171014720902,-7.560934066772461
-40.2101205720394,-1.037236213684082
-24.577379709126298,-30.34272003173828
-18.6292132467089,-4.814508438110352
-46.39510994896701,-17.719348907470703
-2.487076105276776,-3.2641897201538086
-4.752960817423343,-14.758184432983398
-0.1160299782726794,-7.018434047698975
-18.5277286275242,-3.853316307067871
-14.1325019191809,-16.72317886352539
10.909208084253878,2.036142349243164
1.30779520720034,7.24510383605957
-5.77436797253085,2.0321130752563477
3.986867952152618,1.7944250106811523
-21.7936206120663,-19.782604217529297
-2.643556292002,-13.483743667602539
11.0853991753379,-5.7219743728637695
-12.9397422629832,-12.383099555969238
-0.190891674386513,-4.8123779296875
-6.32558602127377,-5.911911487579346
5.391699208755202,-7.131535530090332
-8.998840630677615,-2.450876235961914
-1.6005087696864486,-5.080008506774902
7.5482379424635875,10.515768051147461
-7.642910278690365,-10.315893173217773
3.719171936095444,4.774410247802734
-0.8981307679622897,-2.5826921463012695
7.06032809637297,3.0037107467651367
-3.134999611446543,-7.41862154006958
-5.94174589421185,-2.2508487701416016
-17.7883076547542,-11.068780899047852
-25.2381267145584,-35.2794189453125
-27.5445722402187,-21.66242218017578
2.6678241356197647,-4.210073471069336
5.02066543392875,-2.3626461029052734
-1.67197513843126,-32.469932556152344
6.58117049992555,-0.787806510925293
3.12612254618191,-2.2486350536346436
-2.1147225087047508,-5.993529319763184
-76.9668504799361,-4.9091386795043945
10.11870938841209,4.855451583862305
4.755697845162629,1.7303228378295898
16.5479703149859,8.650262832641602
4.001938538520379,-12.850693702697754
-14.1813773041305,-21.28539276123047
0.7709161631446207,0.2779555320739746
-24.2508933717269,-13.600231170654297
-22.3071231538392,-44.15071487426758
7.2595381633228,3.9241790771484375
11.555346181601609,7.716543197631836
-26.258782255785,-16.8089656829834
10.3189652047012,-3.562333583831787
0.809697096857583,-2.7022571563720703
-18.5255095356289,-29.390531539916992
-1.0680791130593923,-1.9568228721618652
-3.5390830989045075,-8.806411743164062
10.468583156479704,4.923659324645996
-10.613183176373598,-2.9405202865600586
-6.40442742836347,0.9023246765136719
7.196532980977684,8.875202178955078
-10.586292641023492,-5.401947021484375
-26.79502671025515,-21.21119499206543
-7.187555808667961,-4.3794965744018555
5.4465900456679694,5.318561553955078
3.1988276731025875,-2.814479351043701
7.827394642815597,7.452337265014648
3.887422638441485,4.303912162780762
-3.41466344580097,-6.264834403991699
2.667044757168528,-4.089910507202148
1.0590749185315824,-3.6224136352539062
-3.9965921287470247,-7.373322486877441
10.982614675109394,1.615621566772461
0.4076170529080399,-4.649614334106445
2.71319811317338,-0.8170967102050781
8.652061852316729,-6.680843353271484
-0.6579761516790089,-1.655299186706543
-51.6773231694491,-26.31853675842285
-2.8325461302865187,-2.9701356887817383
2.12749125232924,-24.32569122314453
3.562549470771905,-12.047436714172363
-16.517773128145326,-5.0155439376831055
6.874655354673765,10.565631866455078
0.2047767843086013,-0.9619302749633789
-2.698758931910008,-9.907389640808105
1.8601156760560384,5.449139595031738
-22.2455703021075,-15.511077880859375
2.4288820651169605,-1.8471674919128418
-16.8307740899425,5.505023002624512
20.7191486697607,9.666984558105469
-30.7261055182573,-21.169261932373047
-38.4849400567448,-14.82215404510498
-14.3103126367969,-4.297344207763672
0.7860328468455551,5.481655120849609
-48.3858044800915,-38.15461349487305
-3.21662088766757,-10.049589157104492
1.675245639565673,-0.9202699661254883
-90.3299705619704,-26.854568481445312
-9.28527551691871,8.372016906738281
-1.2293411329062325,-4.212518692016602
-4.534682244798708,-13.942400932312012
-68.1959205924323,-26.343395233154297
-24.5242345195019,-19.886951446533203
-2.77042962989298,-0.08684730529785156
3.8009101564042025,7.3535919189453125
8.933703319425492,8.109643936157227
-11.341527235964405,-9.828936576843262
6.71098989067457,7.1030168533325195
4.54734483862441,-14.470987319946289
-5.16341129781556,-2.6279797554016113
-49.062306315025,-21.055999755859375
5.26551760771767,7.116365432739258
3.33951124606136,-13.697921752929688
5.006519903780723,0.92352294921875
4.05485944970297,-8.580697059631348
2.283405953189745,3.982823371887207
-2.66483863280114,-3.112031936645508
12.566471603210276,10.20121955871582
-27.9020155354992,-10.517054557800293
8.88265541550952,6.185739517211914
0.1652887870268324,-2.7491836547851562
15.4985727759109,13.797636985778809
9.014890317831036,-2.451700210571289
1.4803529144374856,-5.8955793380737305
18.1939100849816,14.427203178405762
-2.6304973605131474,0.03137016296386719
-5.493763326806099,1.271759033203125
-0.6715208179901364,-2.350344181060791
-36.7383193130824,-19.48737144470215
5.062784719364307,-6.138095855712891
-12.026803679110706,-17.260540008544922
-3.01321716593974,1.9236946105957031
8.35813394800668,7.62664794921875
-3.60075442831331,-10.929828643798828
-9.509135784465323,5.14057731628418
-19.6175855102284,-1.921422004699707
-27.8629509568953,-15.822362899780273
1.74273211890989,6.6828107833862305
-2.19578977406709,-0.5000419616699219
2.42002639701588,-5.94943904876709
-25.55316918036869,-13.368783950805664
5.635020609606415,3.6031036376953125
-34.727836669101,-20.69025230407715
4.4516036428765,0.0726175308227539
4.967381413305823,-1.146296501159668
-6.81516141534704,-8.965794563293457
-24.3954295810688,-2.01735782623291
8.658679095048068,6.403301239013672
3.7347243087796,-7.75833797454834
-12.909633143366396,-14.440177917480469
-60.49569009623433,-27.74762725830078
-3.790702882666694,-0.7953376770019531
-12.41068356063,-16.234329223632812
2.76740193393285,0.0036020278930664062
-18.9061714872788,-6.7349443435668945
-3.681083449701528,-24.583511352539062
8.13893448615947,1.5391578674316406
-51.402683514636095,-30.74026870727539
-3.0703466753296,-5.427356243133545
0.4646043967887734,-4.316695213317871
5.989492839405608,-10.402268409729004
8.833837192566008,7.356532096862793
-26.1965705632023,-4.744940280914307
0.0804428699766095,-1.3453235626220703
10.229168329440906,-2.804666519165039
2.12042655289975,-7.714827537536621
3.88810032819938,-1.9336280822753906
-31.515616413872173,-15.685829162597656
2.28163515100639,-4.339109420776367
-9.633163292669298,-22.305200576782227
2.63206586722876,1.579967975616455
0.3189015990893598,-11.281980514526367
-6.31868596379813,-4.575597763061523
-6.4648984000359935,-22.674896240234375
8.91646092056966,-3.8567018508911133
-42.637521131086125,-23.303592681884766
-89.5439156156453,-39.53515625
9.179556151687803,1.4624309539794922
8.754663680824095,1.043778419494629
0.8838679103249854,-3.473576545715332
4.338369925074482,-6.793333053588867
-18.23432595343749,-27.822307586669922
6.92534745147092,-7.966693878173828
-1.768261666543676,-1.9243898391723633
-7.87226820943855,-8.750067710876465
-12.0847368637308,-1.804830551147461
-4.4222229386498375,-8.809880256652832
6.63109301847755,-0.8301582336425781
1.675381804264854,-6.693140029907227
-6.897600670415837,-10.185734748840332
-12.2774867069717,-16.435705184936523
-3.963646539183849,-1.6591453552246094
-2.552277046947741,-14.489191055297852
-10.78700495517378,1.4342451095581055
-6.426376983867103,-3.095587730407715
8.2142562177934,-6.872247695922852
-16.967828162594074,-1.8942232131958008
6.07843040491799,-0.7671728134155273
3.08443697315444,-8.493943214416504
-1.3811964732242277,-10.737910270690918
-4.51305804704249,-16.30685806274414
-9.93375477053989,-8.824297904968262
-0.6581754288220045,-5.024291038513184
-7.952166005584182,-13.908219337463379
-13.563015982384195,-10.10119915008545
-47.9957157156951,-17.946975708007812
4.96190002222477,4.357924461364746
-2.0240269290899,-5.608939170837402
3.47166270740147,-0.9178733825683594
-5.2815921348029296,-2.140444755554199
2.369358494612781,5.830005645751953
-4.214346026907057,-13.54495620727539
-23.8934551543691,-27.427478790283203
-1.0659561461183158,1.6096525192260742
3.126169348435272,-22.54360580444336
2.35164464781062,-4.402376174926758
-1.79502295092813,0.9118099212646484
-15.957982665262508,-22.32653045654297
-64.65676531723692,-30.702638626098633
-27.8195558011628,-22.69765853881836
-10.480511156242285,-24.142986297607422
-6.18357684414468,-3.3199691772460938
-6.75960002722117,-4.868958473205566
4.4105627388370605,-1.8029613494873047
5.58846482112586,-5.976162910461426
-16.8483709423333,-11.23210334777832
16.1850033157246,8.73047161102295
-3.34531377329845,-1.1017732620239258
5.893700156574014,0.9214963912963867
2.745769909533195,1.5431432723999023
2.53362859007723,-3.062239646911621
1.0880788430276551,0.12826061248779297
