Score,Pred Score
4.2006804390709,309.5888671875
4.76541245752904,-222.05047607421875
5.87221574658101,-1127.9150390625
-12.955988512618,324.6640625
-14.4061745570978,-313.8948974609375
13.644333664082708,176.45040893554688
7.522446474796843,274.9687194824219
2.858782897786812,-182.908935546875
-49.8653288018085,215.06785583496094
-4.029904705212941,92.97186279296875
-6.2026319104393295,-389.92333984375
4.452168509343501,146.73150634765625
-16.475900892606802,-496.734619140625
-11.03094492075089,-63.752410888671875
-8.08045020128908,193.37109375
1.39259946716825,-64.17324829101562
-14.885807229381896,494.0670166015625
-11.113180908425988,-371.8916015625
5.506094216928792,-62.462890625
5.29091659278858,-34.371978759765625
3.42106467876526,29.5439453125
5.162821279449693,-2.2869338989257812
6.020551076354931,85.28790283203125
0.8086942897832163,-1758.99609375
-8.80546181278599,-20.297073364257812
-7.42349600405968,-357.69171142578125
-14.4731176558811,530.7667236328125
-35.5448186771701,2.2486572265625
-1.657597602265355,-128.68032836914062
-1.930224441335125,-76.67198181152344
-10.398648228661925,25.923309326171875
-1.6521884315998507,10.1859130859375
1.3131129859732091,-998.45458984375
-0.1240821746904601,-12.5538330078125
-35.1709788883515,-245.5888671875
0.6771989561182002,-225.17962646484375
-5.8677981963370005,4.2655029296875
0.7982616963508231,-32.4842529296875
2.595279020812243,-16.2686767578125
6.9472187772133225,423.89990234375
-41.1395198834054,-164.97900390625
-35.4604736838065,213.69497680664062
7.87379173269718,-196.48448181152344
-8.72128086410909,-17.549545288085938
-82.13826531723697,97.82748413085938
-9.70693692529289,263.5368957519531
-61.4386715672369,-449.621826171875
7.10938257895085,-319.85394287109375
0.4007388327427847,382.676513671875
-0.7455370396145937,165.17510986328125
1.674966057420845,-9.78326416015625
11.877856996640997,12.81658935546875
-0.9096556467231308,331.90185546875
-1.4680391508473674,-204.267333984375
15.6414782015599,-95.28169250488281
-10.35739215730591,986.86865234375
1.926107182225645,274.7231140136719
6.99756701325662,-169.92764282226562
3.54836143321337,-77.7342529296875
-7.726553411266567,-103.55282592773438
-48.51478094223695,65.94241333007812
-3.0453156276270903,-723.316650390625
-3.454798154796729,-237.516357421875
9.503977484174175,-62.2431640625
6.001532732018722,241.9827880859375
1.775572054007981,-140.92529296875
-2.6871577689602653,24.5389404296875
-7.920344649869953,-15.489288330078125
2.578081311550471,-173.95703125
-14.434457477598505,307.8187255859375
-1.338045882914232,-498.029541015625
-44.1817825469333,44.19384765625
2.4314234692194163,148.1702880859375
-2.35314836228574,0.194915771484375
-2.07036107592124,706.072265625
-6.560167066336443,194.31268310546875
-2.54688332955635,-141.3504638671875
-7.940842049461227,-115.31607055664062
-7.789052707582185,-333.3235168457031
-1.4295761119406232,-58.26995849609375
7.206977941743588,-411.24951171875
-4.081394009803599,42.95458984375
-30.167243616457,60.8466796875
11.7225687296843,157.5218505859375
-0.8984319813221007,-364.426025390625
10.349523074958825,103.80496215820312
5.42147270471237,-72.87112426757812
-0.3136273830120112,201.417236328125
4.398848813602776,170.76089477539062
2.099307195887115,-18.95068359375
-61.6890402284636,-434.79443359375
-7.08434802004719,164.7657470703125
0.6962467393230812,-94.66876220703125
9.0758909366509,123.83154296875
-1.9263965715605047,445.0771789550781
-6.262949496708321,-323.42425537109375
-4.739766082030863,139.830078125
-36.8822022827233,-96.5509033203125
3.24770439300306,124.20050048828125
-2.289513933263135,-92.108154296875
1.41805545618482,-24.496490478515625
-24.4432878855492,136.83502197265625
-24.96156751119129,3.49560546875
-7.734574598544068,-230.409912109375
2.79124989437018,26.51495361328125
-5.17831154550348,53.20025634765625
1.5275640312561216,-122.18131256103516
3.682989905065457,-517.1217041015625
-10.8237586662752,51.74028015136719
-6.929951553081727,-77.080078125
-27.96215708599589,-17.5775146484375
-2.88087637063392,-248.8671875
-5.960419628776203,-251.726318359375
-37.189874708633695,75.20661926269531
1.1496085756031087,-97.58778381347656
-12.7137936794919,34.1630859375
8.398744223780918,-9.87786865234375
-33.3004252633332,109.72663879394531
9.144089281431205,-6.310699462890625
4.065326821312747,-653.31201171875
-41.9047429025821,9.24560546875
7.383552345763623,177.25537109375
6.364261125349779,-19.5360107421875
4.841793570156368,139.65887451171875
1.6198341998494314,89.62213134765625
4.179707781567577,99.39410400390625
-14.7229944429405,-351.934814453125
7.078924552126015,269.12078857421875
-12.898019313824,119.14118957519531
-70.8116033690518,-96.74172973632812
12.7359625054994,53.17364501953125
5.586124430090477,243.64788818359375
3.028467183462371,-133.992431640625
-5.830142578087577,-177.4833221435547
-22.6841489367301,-102.30592346191406
-1.51657819068512,358.33984375
-81.52648016021857,453.7138671875
-3.36903782007548,-1077.9178466796875
-18.707844022,1057.550537109375
-34.48768519828235,83.15386962890625
-39.7169735486916,-377.73773193359375
-1.593720937577549,163.53948974609375
-23.2954444871652,-40.7119140625
-45.30258920076982,-332.8238525390625
12.5056328567953,-18.624053955078125
-11.9299972333177,150.8502197265625
-37.9495035857927,-3421.736328125
0.7001962140772594,206.9346466064453
4.49418879319923,1432.284912109375
-39.0646563811545,-379.484130859375
-9.09730633851708,183.401611328125
-17.5589533745204,-184.4742431640625
-4.92782811871599,188.41650390625
-8.2299173561342,70.48025512695312
2.60625970962018,-388.11669921875
2.726862934921635,155.12371826171875
4.071661498679735,192.683349609375
-13.2494383747796,-233.34579467773438
-11.9154244975033,255.000732421875
0.9090871567987184,-252.6009521484375
7.92708077877978,202.40802001953125
-3.119647295186995,-61.50311279296875
-2.248378586620203,-245.70773315429688
1.6646916021852596,59.945068359375
0.1590569364430157,27.854461669921875
-77.3623903172369,-28.482025146484375
15.8859560938761,324.71099853515625
-3.11888044241469,-153.01004028320312
-2.7468186065138984,-65.74386596679688
2.77922195660905,848.70361328125
4.052279150357491,-142.09703063964844
-4.03806373695381,9.31298828125
-2.4461467814868523,500.05419921875
-0.1639564470097907,182.80169677734375
0.8542168432631491,130.2698974609375
5.84905996845087,-8.941070556640625
-5.77665564868809,142.35162353515625
-3.7008288999313423,737.57177734375
-7.18713065449027,371.4268798828125
-0.9529303605806088,-173.8441162109375
-15.902118442879,-394.66827392578125
-28.0636361890057,-177.00314331054688
-26.912205886836706,33.034271240234375
8.596988309863011,122.7843017578125
0.2877587512502297,65.73567199707031
3.3899996482015826,-192.66683959960938
-20.5869014386951,128.4732666015625
-9.341800010912078,637.664306640625
0.1692077246922899,145.3896484375
-1.857666460494741,740.8720703125
-13.2752747780792,-19.91314697265625
0.7445982178878973,-109.49383544921875
4.49646859469848,1214.429931640625
3.60913262992784,517.0684814453125
-5.653435188749545,332.5266418457031
1.51502173443586,-111.14990234375
8.143116180793372,-217.58871459960938
-8.36164856265281,-23.471237182617188
-1.130678948105339,-315.5419921875
-4.349210006555943,-277.4535217285156
0.2594141505344826,46.886016845703125
-32.1283374054069,541.02490234375
-1.9051378030600723,321.98095703125
4.768047800449637,247.67938232421875
2.264898495983479,41.250640869140625
-6.47138721063866,1739.7822265625
4.93167956005568,-8.633941650390625
2.4851768276660025,-113.55038452148438
-3.930469946192945,39.296661376953125
11.923948375295712,298.06353759765625
11.616605850275496,-55.8602294921875
10.41580460128629,48.04425048828125
-8.700462669667385,200.91693115234375
13.1991243046288,-43.1153564453125
-4.75101729862813,-221.54910278320312
-1.4230966237807086,670.240234375
-2.07861348348741,-180.185302734375
10.292368565007404,272.18017578125
1.9007667723773176,160.83441162109375
17.1612744381531,-86.0316162109375
-0.1428452494230792,1254.224609375
2.4933992323843923,-131.95411682128906
-13.861300672159,59.30615234375
-1.7943154401891548,-159.69683837890625
-4.15624175439773,14.52093505859375
-14.277645616907492,-423.2480773925781
2.713132201978397,834.4462890625
-13.315456279797685,-9.149810791015625
-5.36204355968609,74.4068603515625
-1.4872271509121793,-320.97705078125
0.31232235517322,-126.85370635986328
3.0307168501552093,-353.76605224609375
3.4484762474106,15.542167663574219
-34.0729170807354,95.04754638671875
-25.0659802428987,-165.4091796875
0.86771933446589,1607.6474609375
-11.996919710325,-5.5305938720703125
17.2594267615487,-222.95533752441406
-56.2560888739038,-6.666259765625
-12.7386491421071,6.13812255859375
-3.520787796436005,43.21875
-0.8014467498558491,-127.58767700195312
-34.7812340468876,753.064453125
7.158235365631607,19.2755126953125
3.29681579894721,149.0611572265625
0.046018285265003,-184.0439453125
2.046344769010002,483.59344482421875
4.25403099118957,-162.62640380859375
3.7804230286959792,-58.743408203125
-3.773219093074008,-263.58795166015625
-9.722403045722997,103.83978271484375
2.81101468536903,19.53228759765625
-23.7494411406013,-153.90313720703125
-75.56229656723696,40.480560302734375
4.366245372711767,-145.34414672851562
9.94612085382829,49.81787109375
-8.207132148775708,52.390716552734375
-3.09775596823669,480.98046875
3.77256113899207,6.441741943359375
0.2016574678685985,794.438232421875
4.38808277416547,-706.305908203125
3.7092867134231,-271.4017333984375
1.6740112862957208,-480.6591796875
-5.472376660417956,124.34378051757812
12.283123760680592,176.11227416992188
4.417989059347175,284.574951171875
1.907333647224608,308.94268798828125
-3.73521146317182,-16.550765991210938
7.837521570550837,-208.7865753173828
4.82455755953161,73.48101806640625
-0.6472060937938101,40.509552001953125
-8.237956686764985,-268.73388671875
7.36579899286375,-50.824432373046875
7.859716520666763,-0.482391357421875
2.765011277030255,-964.099609375
4.62415639298937,365.3687744140625
6.430237727930085,27.862411499023438
2.44728958086436,102.01788330078125
-1.93656353174353,69.76759338378906
-33.7845903951132,321.8515625
10.960301672714698,-89.49456787109375
6.147225205740463,-250.21090698242188
2.4659746492236927,9.8800048828125
18.2642273209106,119.555908203125
7.656482330373112,195.9766845703125
-63.2346715672369,278.94219970703125
-22.9610154952969,246.231201171875
4.39789099231211,93.26312255859375
-46.587141393021525,-133.0017547607422
-12.281506448986304,-237.8433837890625
5.220668557811489,308.755859375
-1.4412632820262703,149.26834106445312
-35.163016426576704,-773.28125
-31.380009974583203,-10.08978271484375
-40.7258600860177,49.8848876953125
-35.3994683825842,-2.40130615234375
-10.968565079401992,57.0911865234375
15.384553292915324,-4.05902099609375
-0.4271227388875901,-124.96144104003906
-7.69948364751984,20.46807861328125
-26.6822467124322,128.26930236816406
-0.2823200449385875,-242.4951171875
-3.8453528225106623,58.5740966796875
-2.4599041427842496,-371.2106628417969
-12.7315114055493,-71.18954467773438
1.418014053180695,-865.15234375
-3.4922781726655696,-370.92626953125
9.58062385928767,131.88485717773438
-17.5801214502402,-373.3816833496094
-49.5120706514507,-443.3614807128906
-0.4503474699443348,-639.685791015625
2.332279780348585,489.3583984375
-42.2483635713802,3.4136962890625
-5.00028834575103,-25.064208984375
-5.14141487663266,128.9311981201172
-19.923371510770203,9.970932006835938
4.28301459624688,-233.966552734375
0.3224388648416145,143.80667114257812
6.795393661635613,-934.1572265625
6.720388221210122,-174.8963623046875
-20.7558388881914,506.8271484375
-12.5922662394529,-359.84002685546875
-5.19085420781142,33.739990234375
-27.3858072066324,-387.5682373046875
6.488490212037078,-221.94287109375
-12.5233171201947,0.4249267578125
0.996650643215182,81.48992919921875
3.27144637329635,-361.91070556640625
1.203208947199059,-249.1464080810547
4.5031585012656095,15.55615234375
-46.6686841099013,214.38043212890625
3.600655729290548,-141.91482543945312
-2.7077151362496297,959.64404296875
-42.936846127142296,-158.901123046875
2.679404112105611,103.30007934570312
-23.975827854410426,147.77346801757812
-24.4869919201538,388.9996032714844
-6.22433036882608,130.73751831054688
-24.992167376126925,-26.75799560546875
-9.742168339465294,667.978759765625
0.1235817830644999,77.041259765625
-11.607028837624,91.7662353515625
5.321680837772678,-15.557861328125
3.3452637215970498,829.743896484375
13.015759276594096,150.7906494140625
-6.13466459150186,455.449462890625
3.0897024917955025,-133.5392608642578
3.557691046156,-105.38858032226562
2.0008593011464906,7.41778564453125
-1.2671721747064446,7.288665771484375
-2.989164004622407,94.14752197265625
-2.43808381047612,250.8316650390625
-11.30813578108209,448.9619140625
-9.619042312244815,649.24072265625
-4.01456885639382,1580.01611328125
-4.853312003098937,162.40560913085938
2.78743688363977,-325.288818359375
3.6035536346157695,304.748046875
6.09033976794457,220.80615234375
-5.89266438028177,-8.18438720703125
4.780848076735348,-272.7762145996094
-20.7592210135025,199.6437225341797
-3.637071869773312,22.29827880859375
-4.396710286499547,386.8717346191406
9.04709717330502,294.8126220703125
1.69213972357191,-111.36328125
-27.068723822751306,268.4833984375
0.2886204877907422,179.5718536376953
-0.592182005541919,151.66761779785156
-4.736229867816737,113.509033203125
7.877641553655238,25.688232421875
-2.588665914009158,-212.10244750976562
4.72846919446815,-233.3646240234375
3.42669038506664,125.8740234375
-10.274169876330886,41.50439453125
-1.289264920121349,38.495452880859375
-6.9648772325347394,46.27947998046875
-1.2236747050651609,174.08154296875
-12.208208404490907,-87.35183715820312
4.40921359309415,530.8189697265625
16.4171583068458,-132.4013671875
-15.991582533821994,90.30499267578125
7.809600001042748,58.67756652832031
-3.0331069492891496,405.181884765625
2.603164662477901,-269.8282165527344
-24.2572199033326,-13.8468017578125
13.667582002208905,142.7659912109375
8.19307228691883,-41.877105712890625
0.4664503305112299,-153.4183349609375
-6.46133524603972,-65.404541015625
-19.7520332208299,-123.04461669921875
-7.75971004909346,-813.733154296875
7.66334596528203,74.61965942382812
-27.64770126959135,17.58929443359375
2.125547882163602,286.16546630859375
-1.8239337240231768,286.18682861328125
3.3696784995100426,60.53515625
5.265272900492549,17.12762451171875
6.753311816554961,236.18142700195312
0.9434331950199416,455.190185546875
2.13745295521649,-47.919281005859375
2.76912169862866,246.178466796875
2.409764321136161,-143.0593719482422
3.7606671418030695,96.1148681640625
0.555665600488549,145.9007568359375
-89.04756219223692,-290.01953125
6.987950206462267,-222.21981811523438
-10.09410467002709,-654.068603515625
8.16191414696451,-4.2509918212890625
-10.731303688850904,-20.99176025390625
7.588764503474316,-4.731620788574219
-5.25293160621848,141.64642333984375
2.3065604778561424,318.1708984375
-3.8022266666193874,52.36860656738281
3.22816419080692,34.627349853515625
1.1941842843275,-16.378143310546875
9.772192422094813,-133.66531372070312
-2.489313079893845,-1051.847412109375
-13.547300817594484,42.008697509765625
-1.5403494549472296,-196.50933837890625
-5.139364658294922,-248.16676330566406
-1.32131943338233,-550.7578125
-0.5284321769112605,250.13909912109375
0.1119561526876595,-133.21722412109375
14.8508222506114,400.4065856933594
-0.0918051514147744,462.8420104980469
-1.7237618714553775,-28.212600708007812
-1.5699354762224491,1405.794921875
1.5718362711845366,-240.82470703125
3.58036180553514,86.7730712890625
7.45084701577923,16.79864501953125
-7.378812419643663,-148.445068359375
-33.1832620874725,-34.1357421875
-6.066411004621831,116.04397583007812
-16.4910721624856,-333.78662109375
0.8267526169764301,164.33474731445312
-9.762453719841735,-23.6793212890625
8.07102955700163,-30.491500854492188
1.741670982094262,-25.634353637695312
-0.0053525606393112,-256.71875
-51.4043293278057,182.75396728515625
14.9415296965116,403.93212890625
8.70853787657841,-94.48846435546875
-2.149900469098629,-59.34693908691406
14.8229623836697,84.76409912109375
-0.0379657812584102,-581.6875
-15.3173389528898,-782.7618408203125
-1.7663441991754285,-1086.522705078125
-6.708306328674888,100.38771057128906
-78.7451798053926,26.383392333984375
-0.5413656534735456,250.07080078125
9.625121597198186,-534.9248046875
-3.15562863494722,-384.34375
9.60447820177431,-55.22705078125
-3.31847606547329,24.1629638671875
-4.12581810820042,-644.403564453125
1.7706121017107803,-455.2432861328125
0.5117341060036625,-71.1955337524414
2.63157412115867,-353.9655456542969
-4.763634360062484,-117.6103515625
-11.18181257464061,-192.70761108398438
-39.4932668903457,231.3125
9.206200380526292,-45.12684631347656
-2.93911844531118,-52.621917724609375
-28.13472322157985,-197.81170654296875
9.62907409316032,-209.10791015625
-7.042636248773623,73.02996826171875
-4.03025121975644,202.30609130859375
3.42951329804928,-185.4344940185547
2.5565427438131976,-208.11865234375
2.8513084033656,-14.285232543945312
-5.5623675139736175,196.471435546875
16.9968892380515,-311.76922607421875
-4.144685584269085,-57.55003356933594
-11.221818720505304,-593.87060546875
-2.111656589218961,-105.461181640625
-1.626797120535592,-152.58447265625
0.7652624054000594,417.0709228515625
-21.5531296050118,-100.90376281738281
-13.053772031257305,-70.216796875
5.42509465390903,23.39996337890625
-5.5186956836840375,321.704345703125
-2.260381023139061,288.0986328125
-30.3377383335249,-203.37811279296875
7.380729755239978,45.33575439453125
-4.172986764275874,-210.74075317382812
-1.2036514942358316,106.2431640625
-35.2906329121599,-35.81201171875
-2.54595208771381,160.39691162109375
-10.901275449743116,-7.24676513671875
-17.0078420331655,-26.32440185546875
-17.0314498829154,-75.16610717773438
-11.9784507557909,44.2601318359375
-19.469018973061075,-112.53564453125
-3.2142130797467816,-95.19233703613281
-0.5663484394051013,-316.1192626953125
-21.2195468929047,-93.64755249023438
8.077984978184695,15.456329345703125
-17.0119321722455,-184.51739501953125
4.67424026120176,443.5
-47.9875704511971,-339.87286376953125
4.316615136301563,147.9852294921875
11.2728180991378,-25.023239135742188
-3.5546157663424616,11.7447509765625
-3.15887949932979,-227.32662963867188
-1.6422791314174887,-254.32867431640625
-3.448025235667948,-13.915939331054688
-13.5632540546311,-27.91802978515625
0.8825935384285006,-136.4320068359375
3.27100049685324,210.58621215820312
-0.7762273913233743,113.343994140625
1.026942322157092,40.265289306640625
9.859104788483815,-27.1446533203125
-1.9977872313530125,521.044921875
-13.1809903671301,64.30108642578125
-35.1782981083837,-42.153106689453125
-35.8337806803641,304.9895324707031
-7.639409008216227,52.87286376953125
-15.746453943284,366.9913330078125
1.055995951979529,-95.53067016601562
3.987299411465438,389.6385498046875
-37.0930621901092,133.84469604492188
16.694612728237402,31.009368896484375
-4.527979888097892,4.6707763671875
14.6352674345898,-20.992095947265625
5.034618319433818,139.46995544433594
-3.77133000272187,2242.19677734375
-1.61504571199055,259.48419189453125
-56.3663437951974,-332.7109375
10.088450856398616,127.94451904296875
-14.285610883283098,228.11746215820312
2.6210618799141923,-334.9482421875
-2.308732762121495,37.700103759765625
-83.9761260280997,-97.07012939453125
-1.03656181464744,186.71923828125
10.16232173056559,1104.8682861328125
-3.12013961477547,95.07875061035156
3.010752586641185,-751.480224609375
-1.5178355576616795,20.627243041992188
-2.60072537807549,-200.1864013671875
-2.367312137177082,-88.4117431640625
6.075310726130807,206.27842712402344
2.24572304437811,627.42578125
0.2044267191685782,205.33546447753906
3.85944773684647,138.94598388671875
-14.409506408843407,71.72731018066406
-2.683955047842884,2753.279296875
-0.0075038478591599,-208.43719482421875
7.190050317883171,139.08078002929688
-2.1691769605730515,86.31130981445312
-7.910003358009165,-355.02032470703125
-69.1366966634013,34.235809326171875
1.437241653553571,-361.5697021484375
-20.7409218490905,9.6292724609375
3.78247800369874,-349.7451171875
7.909526276907584,91.5357666015625
6.097122298913325,-158.04690551757812
24.5800902168924,23.4261474609375
-9.979741434164584,-31.76763916015625
3.1327986373042376,95.2298583984375
-8.393586343504198,-28.97796630859375
8.678125432705007,221.89794921875
20.7428439693387,178.63424682617188
-1.511416195100045,95.99380493164062
-23.3725501337939,117.669677734375
4.69437535963172,-105.31353759765625
8.24149319055937,291.5
-0.2898522089969393,-255.55023193359375
-7.19378137939456,-493.08935546875
1.0271109700113177,-32.80859375
-14.564555056626377,-676.54248046875
-9.657849716236,43.845245361328125
-0.7280966227290082,-1557.8232421875
-21.8962191024866,-179.18994140625
-40.2614734397264,-812.14501953125
-1.77750068778882,-311.170166015625
-28.3488859938485,535.8115234375
-8.184373188662292,0.3480224609375
-6.135426654744688,28.38623046875
-3.270422191581055,-68.00299072265625
-6.055427015859325,-21.2314453125
-34.3143130117107,12.12109375
-50.4820483838523,45.221771240234375
-4.639593570653838,-101.09820556640625
-21.0606958753072,941.375
8.747205755218493,-109.55368041992188
0.6884341878779402,1359.547119140625
0.300408103033295,37.12158203125
-2.6184282494780104,-115.3487548828125
-37.3999740396079,245.2889404296875
-10.594900847222812,440.85791015625
-23.227454082363305,-58.1744384765625
-15.4814292943448,65.75091552734375
-6.89310310865277,181.75628662109375
-11.7962452523223,101.96621704101562
-0.3887710448227697,400.44873046875
-4.0896099478500325,415.026611328125
-42.6579269422049,-123.21951293945312
-2.095241650043551,103.11888122558594
8.45389840526827,83.61474609375
-15.5157954828953,153.339111328125
-1.9802660997523944,227.97315979003906
1.8368511005450223,285.469970703125
2.11900133622217,-195.4611053466797
-38.4962238749225,779.1552734375
0.8069046214032297,-8.732009887695312
-1.73607437190069,-233.36898803710938
-8.46093254820262,81.21939086914062
-0.0780407432645869,1539.942626953125
5.009535132419683,-329.2082824707031
-74.9399761386801,-233.35989379882812
2.806732553915905,-9.360671997070312
-10.415057364934407,71.22168731689453
-4.81834176383161,278.27978515625
-1.4920816076829602,171.08316040039062
-0.003939288658445,300.6429443359375
5.86288473591452,-12.734756469726562
0.4443344011282492,-509.70648193359375
5.72263802046558,289.97747802734375
5.46583466116103,124.22381591796875
5.05355462238675,-2.268035888671875
-17.190033530139498,-282.02874755859375
-10.1192188918475,27.97979736328125
-10.539071528779305,-718.4091186523438
0.2492257167476033,297.24951171875
5.35198813185094,22.522781372070312
14.9823899147147,268.4029541015625
1.7336328627834918,-206.93087768554688
3.2582764286422226,3420.58251953125
1.1615369027166365,146.65591430664062
-42.4099588259267,-400.8084716796875
-38.7823663998969,-209.10604858398438
7.99575647038201,-11.554412841796875
11.644495901203598,-1084.59375
-39.0956747424042,-7.19061279296875
-38.6438610292767,354.158935546875
-40.5029244010595,-19.50921630859375
-22.8644313188967,-157.18267822265625
-0.897066728281827,67.7974853515625
-17.6830733389949,250.2919921875
-0.0084306638066775,-474.8988342285156
0.5394390329931549,-310.06146240234375
-21.61387508166409,53.77825927734375
5.053393098685065,-105.18106079101562
-15.7834934865799,-342.74468994140625
-58.40351531723695,120.31707763671875
8.86280218600469,205.979248046875
1.888243484494037,-91.87966918945312
8.99923705482913,-230.165771484375
4.133325903305868,139.9140625
4.774357664359128,247.0706787109375
7.418770080750715,-89.03497314453125
-2.25262466719878,205.8013916015625
-7.071587649042333,470.5289001464844
4.398742241377427,-183.98095703125
-8.692928400841772,-265.45703125
2.334382802629,89.30046081542969
2.8274240704709,-93.92596435546875
2.1747311895065486,-1442.193603515625
-11.9965988914421,25.0289306640625
2.776867734737273,488.92840576171875
-12.4595255596924,-425.4212646484375
18.5317724911246,-332.5008544921875
6.86106163750481,1828.119140625
-19.1693792779686,72.2432861328125
-4.20883890972707,-29.2369384765625
-0.3530077955256401,-149.579833984375
-1.6020246929696491,8.784454345703125
-7.57557880794988,-323.15155029296875
13.9692836454661,44.018646240234375
1.289294757415069,-185.4698486328125
-20.3746494688195,25.32843017578125
-8.044482691931467,-145.82986450195312
2.51340467963473,107.23275756835938
11.0282847349576,445.188232421875
-1.3944922949507652,-42.49565124511719
-26.2706781913698,-676.53515625
-71.7765711158932,-431.32537841796875
-44.2857422252861,-198.2744140625
-3.057699221935841,-340.4000244140625
10.116767222520318,-255.375
-46.9980356488569,62.7918701171875
-8.677497573270493,-531.576904296875
-25.781275563237,-51.738067626953125
-2.941164138388841,85.28804016113281
-26.5692742661385,76.18524169921875
1.2555345380058751,69.80657958984375
-0.810306898238276,61.87701416015625
0.2404076931068699,26.57025146484375
-2.5590885431480426,163.3094482421875
-11.9846830308257,148.4320068359375
-5.775806690181939,-6.1142425537109375
1.9806048133258944,-149.2135009765625
16.618750626525,-296.08447265625
8.204494762209066,118.14373779296875
6.80321923705408,-1232.0400390625
11.710679650337616,-326.9580078125
3.181253849239128,151.13671875
0.90894434552881,-58.3221435546875
3.547124544521316,-61.485107421875
-2.202886656443709,1560.9501953125
-11.133669865203094,-235.8787078857422
9.328533024448705,-1180.60693359375
-0.7012610501602399,297.60296630859375
-0.3170472839931941,28.791534423828125
-2.3458288386735573,1193.180419921875
-26.1191329979098,-214.26495361328125
-2.33292598982445,467.41943359375
2.461922216333884,94.86276245117188
3.73205068567752,-484.08056640625
-22.4462583852743,130.640625
16.899113604615202,200.33642578125
-2.85382252753121,102.90020751953125
1.2705701336207027,62.99603271484375
7.960789166364423,-121.21636962890625
2.71808902854303,-49.562835693359375
5.5273920092716775,169.19338989257812
-4.11149235653684,-70.716796875
-20.9676231329802,-1235.7109375
-0.89184437235696,80.97528076171875
-1.2816619609782416,-4.42919921875
4.85634828411675,937.0374145507812
6.429854346358795,-112.5941162109375
4.71112087372323,245.36614990234375
-30.7199022255615,-152.35861206054688
-3.8590388668775,-75.7327880859375
-10.6557437737239,210.10162353515625
-13.4460672849668,61.36102294921875
-5.527709296795018,295.46044921875
-1.876637029070265,-336.37060546875
10.2532613363299,-194.78466796875
3.00680128293027,407.0064697265625
19.33685959748449,245.2652587890625
-0.1058882282985149,101.546630859375
14.3436638764016,149.36679077148438
-16.1535771788668,92.2205810546875
0.9480162028997956,-637.103515625
-18.5891767455387,3.7606048583984375
13.309934514349203,-482.5804443359375
6.02246857213521,187.28076171875
5.16750826555368,35.30851745605469
-1.0190872666435924,-1489.77734375
-19.100904418149,51.3101806640625
4.743603615290096,369.3154296875
-13.8157551615103,165.6253662109375
-3.802611775309477,0.83966064453125
4.30511943579503,132.250244140625
-22.482844278002705,11.588592529296875
0.60779733849738,132.98715209960938
17.8138573048897,214.22735595703125
-38.4626262988146,-13.09906005859375
-0.6089836493556324,94.76327514648438
0.8617451361473882,40.64384460449219
-2.40000424902785,-37.35954284667969
3.7078671714499096,93.7144775390625
-2.390619984667185,-30.90771484375
-15.559462368784592,16.647216796875
-13.790764753514,58.909027099609375
-9.325981865786185,-145.725341796875
-58.4491138315396,-170.85855102539062
9.550892694239591,244.54415893554688
4.435147085081137,-33.2659912109375
-2.3538192484503564,473.85986328125
-5.83438093189622,42.23651123046875
-7.10827059552493,-188.93832397460938
-12.414939844598162,78.14791870117188
6.6154810826822,-368.8629150390625
1.3155747227446202,108.00689697265625
-2.56542276271332,-107.8969497680664
-13.546032832554804,148.26878356933594
-16.600339428286603,313.618896484375
2.9737175212081803,103.73782348632812
6.167862854629888,-160.68348693847656
-40.922076323723,-316.8157958984375
16.9349100756105,-340.4696044921875
-12.24911226903676,164.09661865234375
4.867927463076468,-102.01824188232422
-21.6327950573002,204.8328857421875
7.11033993521173,268.181884765625
-9.59094984812801,-21.5302734375
4.92186081619874,-347.2889099121094
-7.815562497274902,8.261383056640625
-2.20364176327536,297.56103515625
-19.6754058911438,87.29000854492188
-91.8886792382854,75.07260131835938
-20.9507978903398,173.7733154296875
-17.8084408175675,-250.13006591796875
-62.9612541332419,361.63775634765625
5.598134989920393,-69.30697631835938
-7.283890318199592,175.583984375
6.1026124307435,136.85699462890625
7.42840635595139,232.07052612304688
-5.179391847578812,92.29400634765625
-4.873152982370568,-55.730712890625
7.276768036701751,-32.67144775390625
-10.739322929783883,-280.542236328125
-22.9219832537164,-179.48464965820312
1.5259403537211615,-150.8046875
-44.7886924625105,69.54818725585938
-3.72583443525641,443.00927734375
-14.57002364123529,-245.30914306640625
-10.128266274366498,-43.80419921875
-28.0249952668106,-116.74978637695312
-26.24662901330595,61.95538330078125
-40.3645652505015,168.150390625
-30.8056950922951,-9.46185302734375
-3.9552380984537248,-253.46920776367188
-2.1789667599796294,259.25830078125
-0.5734820606807138,-292.4066162109375
-1.1617148968623687,205.22605895996094
3.42848617073407,334.43701171875
-17.4030551064212,233.25732421875
3.88109013796494,-312.44256591796875
9.400493271217616,227.16226196289062
-11.302161927872188,-86.0936279296875
-13.3709137252944,125.9852294921875
-6.79658968512302,467.8214111328125
4.509456424718162,4.47503662109375
5.45103123545738,51.5618896484375
8.149714042401495,231.54779052734375
-12.909180343140196,-53.802734375
-6.61979034735207,159.40264892578125
11.9978624338519,58.709564208984375
-12.53254789251529,70.05937194824219
-8.36198121766124,174.097412109375
-4.361976736345532,-447.067626953125
-0.1898191226144924,142.3490753173828
2.3166834950764685,-170.5224609375
-12.6203596574975,-404.138671875
-1.207429910073891,-422.162109375
-29.7403775200217,-439.23675537109375
5.31082796058257,-56.888275146484375
2.97844031586002,-221.41537475585938
-12.533050119535002,150.9493408203125
-5.8684323426223,965.3050537109375
2.391980620215489,-161.74795532226562
7.73570234615748,130.09228515625
1.166748445159433,-57.19012451171875
6.093529951556334,30.7083740234375
17.709922444879297,-186.88473510742188
11.779516260068313,-143.896240234375
2.4866177573815964,-357.11895751953125
-30.89708550466269,-178.55877685546875
-9.231606713935047,-55.1170654296875
-13.4089268865456,-617.5675659179688
-9.06573754635488,-0.30242919921875
9.30630078585379,70.93600463867188
-7.156550033865472,-7.03009033203125
-10.5414716495377,169.03469848632812
-27.8178569354009,-424.3154296875
5.3817717725564,-217.19091796875
-35.155236696245,215.7328643798828
-21.4141717786538,-27.035736083984375
-2.6053130644292946,-188.605224609375
-9.953220777101093,-129.166259765625
-8.798237091769485,-153.48394775390625
-27.6920167541674,-0.777374267578125
8.017093587799739,802.626953125
-0.3550158381598589,175.8660888671875
-1.19024715514191,-505.748046875
-3.2855896341823474,-695.5888671875
1.844566842421384,-151.42971801757812
-30.7366736665872,-49.371124267578125
-11.338238855350506,-159.75479125976562
-1.059512617215007,350.4510803222656
-33.7712071062874,-313.466064453125
3.812227003524945,-120.080078125
-2.8472026300298463,127.99200439453125
-21.5871320482388,-232.25497436523438
1.845960760756301,-814.446044921875
9.06213659212517,-162.7232666015625
-13.950148061363093,28.326904296875
-15.1006814359747,655.5621337890625
-8.65496498210776,-90.11434936523438
-31.18852367408345,-1303.40869140625
2.35160533891099,-177.85195922851562
-7.06329362397977,-118.8802490234375
-11.299328727708405,-55.073822021484375
-5.73967918172164,543.8004150390625
-4.062121175440552,537.2511596679688
3.62056380925444,-80.63478088378906
-6.512385872303066,-76.43594360351562
-17.2817979072755,-313.8505859375
5.79128728304933,-159.15869140625
3.7921116228684086,-4.611541748046875
0.51700222845629,-906.373291015625
1.0966146270020711,167.9495849609375
-6.613686761665703,-65.69007873535156
-39.873530292237,-7.383544921875
-35.0272315856836,282.7471923828125
0.2475632146873464,-524.339111328125
5.59963570142504,-575.7257080078125
5.29419053806362,-337.86712646484375
6.457932781589695,-129.188232421875
6.4251548431743295,58.832855224609375
-19.7885249955934,-366.80810546875
-2.4097304318056905,-339.26934814453125
7.543407488617369,319.94964599609375
1.83593808226401,-143.2347412109375
-1.5082203021212124,986.11572265625
5.99108205682079,8.2977294921875
-18.1797235112709,441.574951171875
-12.840088322870097,-46.925567626953125
-2.23616712442702,213.56707763671875
-4.662511414401839,-179.34780883789062
3.41802282280863,-90.91754150390625
-12.0320822507053,287.118408203125
-25.9801803981754,720.16015625
-5.97419023328963,1028.0355224609375
15.4186986077963,-48.20703125
4.480465220149085,912.258544921875
-13.2363849677504,147.4582061767578
-9.362863686069195,60.86102294921875
4.128157012788561,-29.849578857421875
2.26767773086615,-392.9365234375
-24.1634597090208,-263.9125671386719
10.013204486477417,1066.605712890625
-31.934070451053,44.15972900390625
-22.9515728231767,2772.91796875
-11.219410776078313,-137.567626953125
6.00089213826483,51.7734375
-28.9638748432599,-426.47802734375
3.11049964318654,261.44915771484375
-1.073248118887358,-659.8147583007812
-10.249148139079496,700.56005859375
-13.14009076535719,-59.0634765625
0.7364260970712593,-105.18917846679688
-44.9949251983702,229.51095581054688
-5.159519294761907,262.7708740234375
1.869241020829697,-517.69287109375
-55.54568697318505,-95.03277587890625
0.3065104335081801,1018.483154296875
-10.386374558578522,307.61151123046875
-3.0345245902191325,-253.98782348632812
-57.144820014625296,-162.489990234375
2.85060083445348,86.16940307617188
2.446050707651698,173.5902099609375
5.50221601830175,-145.25527954101562
3.455876052191651,-249.20474243164062
-14.6157572128631,-62.4410400390625
-0.874105623616695,-1700.971923828125
-1.378759213278819,270.3409423828125
1.350733135180331,-1782.2568359375
-1.94666134980912,-12.50421142578125
-3.36735139960915,-255.42657470703125
0.8319171014720902,100.203857421875
-40.2101205720394,-116.898681640625
-24.577379709126298,141.2413330078125
-18.6292132467089,-59.81976318359375
-46.39510994896701,511.556396484375
-2.487076105276776,-371.65869140625
-4.752960817423343,1049.1572265625
-0.1160299782726794,696.8154296875
-18.5277286275242,300.3434143066406
-14.1325019191809,-78.68084716796875
10.909208084253878,416.3563232421875
1.30779520720034,120.62171936035156
-5.77436797253085,167.1061553955078
3.986867952152618,117.05508422851562
-21.7936206120663,149.958984375
-2.643556292002,-84.29296875
11.0853991753379,80.04718017578125
-12.9397422629832,22.73015594482422
-0.190891674386513,-741.84423828125
-6.32558602127377,-47.58575439453125
5.391699208755202,337.2626953125
-8.998840630677615,-1526.85693359375
-1.6005087696864486,-53.9798583984375
7.5482379424635875,32.309722900390625
-7.642910278690365,-135.44921875
3.719171936095444,268.0373229980469
-0.8981307679622897,907.0908203125
7.06032809637297,6.3768310546875
-3.134999611446543,-30.5185546875
-5.94174589421185,1045.4697265625
-17.7883076547542,-20.3045654296875
-25.2381267145584,-131.08192443847656
-27.5445722402187,-328.98583984375
2.6678241356197647,-291.38031005859375
5.02066543392875,194.62451171875
-1.67197513843126,36.13360595703125
6.58117049992555,230.6123046875
3.12612254618191,-164.35462951660156
-2.1147225087047508,247.898681640625
-76.9668504799361,-141.89410400390625
10.11870938841209,72.3184814453125
4.755697845162629,95.76033020019531
16.5479703149859,161.10711669921875
4.001938538520379,-118.05389404296875
-14.1813773041305,-15.27130126953125
0.7709161631446207,63.987457275390625
-24.2508933717269,70.41390228271484
-22.3071231538392,-141.0360565185547
7.2595381633228,-295.1360778808594
11.555346181601609,-322.0689392089844
-26.258782255785,23.78033447265625
10.3189652047012,-770.98046875
0.809697096857583,78.79600524902344
-18.5255095356289,-68.42100524902344
-1.0680791130593923,-153.55722045898438
-3.5390830989045075,6.94598388671875
10.468583156479704,-113.6978759765625
-10.613183176373598,-887.0537109375
-6.40442742836347,-34.131591796875
7.196532980977684,40.348876953125
-10.586292641023492,-87.659423828125
-26.79502671025515,-179.34619140625
-7.187555808667961,34.576171875
5.4465900456679694,-198.2001953125
3.1988276731025875,174.5097198486328
7.827394642815597,-101.74481201171875
3.887422638441485,-91.59255981445312
-3.41466344580097,-647.4295654296875
2.667044757168528,675.45947265625
1.0590749185315824,205.15350341796875
-3.9965921287470247,-54.9801025390625
10.982614675109394,-121.78068542480469
0.4076170529080399,-287.98046875
2.71319811317338,-151.65701293945312
8.652061852316729,1061.279296875
-0.6579761516790089,-679.07958984375
-51.6773231694491,-32.333343505859375
-2.8325461302865187,269.5301208496094
2.12749125232924,-105.153564453125
3.562549470771905,-288.3267822265625
-16.517773128145326,-91.4422607421875
6.874655354673765,119.72186279296875
0.2047767843086013,-524.5488891601562
-2.698758931910008,610.35205078125
1.8601156760560384,84.65924072265625
-22.2455703021075,-14.662994384765625
2.4288820651169605,-262.89794921875
-16.8307740899425,-13.410858154296875
20.7191486697607,259.8917236328125
-30.7261055182573,-20.846038818359375
-38.4849400567448,6.88543701171875
-14.3103126367969,-79.57046508789062
0.7860328468455551,1117.73486328125
-48.3858044800915,-73.35183715820312
-3.21662088766757,-402.7284240722656
1.675245639565673,333.28173828125
-90.3299705619704,-29.940093994140625
-9.28527551691871,183.9637451171875
-1.2293411329062325,429.2540283203125
-4.534682244798708,70.36004638671875
-68.1959205924323,141.65475463867188
-24.5242345195019,276.34130859375
-2.77042962989298,-52.8887939453125
3.8009101564042025,213.46556091308594
8.933703319425492,83.0514144897461
-11.341527235964405,-64.42626953125
6.71098989067457,34.19036865234375
4.54734483862441,-15.170600891113281
-5.16341129781556,55.33319091796875
-49.062306315025,307.904052734375
5.26551760771767,95.74072265625
3.33951124606136,604.3959350585938
5.006519903780723,317.3372497558594
4.05485944970297,94.078857421875
2.283405953189745,-1312.99609375
-2.66483863280114,-80.41201782226562
12.566471603210276,58.19482421875
-27.9020155354992,20.352386474609375
8.88265541550952,59.36094665527344
0.1652887870268324,-110.44720458984375
15.4985727759109,-356.898681640625
9.014890317831036,-237.31231689453125
1.4803529144374856,-30.555419921875
18.1939100849816,726.583984375
-2.6304973605131474,-15.60516357421875
-5.493763326806099,26.943267822265625
-0.6715208179901364,203.71829223632812
-36.7383193130824,269.1064453125
5.062784719364307,187.51007080078125
-12.026803679110706,24.536346435546875
-3.01321716593974,11.367347717285156
8.35813394800668,-3.344482421875
-3.60075442831331,233.8157958984375
-9.509135784465323,-397.77197265625
-19.6175855102284,151.25341796875
-27.8629509568953,-196.19070434570312
1.74273211890989,1026.14453125
-2.19578977406709,351.32806396484375
2.42002639701588,52.202545166015625
-25.55316918036869,16.998046875
5.635020609606415,-73.5892333984375
-34.727836669101,-51.612335205078125
4.4516036428765,234.849609375
4.967381413305823,143.17333984375
-6.81516141534704,-288.3580322265625
-24.3954295810688,-84.77804565429688
8.658679095048068,-85.58770751953125
3.7347243087796,-376.443359375
-12.909633143366396,-126.90972900390625
-60.49569009623433,28.069580078125
-3.790702882666694,-281.86212158203125
-12.41068356063,-257.938720703125
2.76740193393285,-225.9373779296875
-18.9061714872788,253.41476440429688
-3.681083449701528,-175.6160125732422
8.13893448615947,-182.4060821533203
-51.402683514636095,35.83842468261719
-3.0703466753296,-219.178955078125
0.4646043967887734,-189.702880859375
5.989492839405608,-431.6239013671875
8.833837192566008,-114.091796875
-26.1965705632023,-482.7298583984375
0.0804428699766095,72.46139526367188
10.229168329440906,-5.62591552734375
2.12042655289975,-395.9278869628906
3.88810032819938,-70.05551147460938
-31.515616413872173,28.361328125
2.28163515100639,32.28041076660156
-9.633163292669298,-236.843994140625
2.63206586722876,-47.51936340332031
0.3189015990893598,-101.28094482421875
-6.31868596379813,-694.74365234375
-6.4648984000359935,-174.5113525390625
8.91646092056966,112.84274291992188
-42.637521131086125,-262.5235595703125
-89.5439156156453,-151.1772918701172
9.179556151687803,193.734375
8.754663680824095,46.802642822265625
0.8838679103249854,158.57362365722656
4.338369925074482,-101.6214599609375
-18.23432595343749,-8.29766845703125
6.92534745147092,-88.25390625
-1.768261666543676,108.7010498046875
-7.87226820943855,150.75885009765625
-12.0847368637308,-283.78106689453125
-4.4222229386498375,-192.012939453125
6.63109301847755,-114.34548950195312
1.675381804264854,10.816650390625
-6.897600670415837,-101.611083984375
-12.2774867069717,-900.909423828125
-3.963646539183849,-96.3450927734375
-2.552277046947741,-108.04269409179688
-10.78700495517378,847.1689453125
-6.426376983867103,137.478515625
8.2142562177934,-165.1486053466797
-16.967828162594074,-85.30061340332031
6.07843040491799,107.8143310546875
3.08443697315444,-635.3104248046875
-1.3811964732242277,-291.679443359375
-4.51305804704249,-134.87841796875
-9.93375477053989,-144.79998779296875
-0.6581754288220045,327.0445556640625
-7.952166005584182,-19.869476318359375
-13.563015982384195,-12.437713623046875
-47.9957157156951,-3.00689697265625
4.96190002222477,-41.6473388671875
-2.0240269290899,295.63421630859375
3.47166270740147,220.32830810546875
-5.2815921348029296,-273.85888671875
2.369358494612781,698.4454345703125
-4.214346026907057,-2.4205322265625
-23.8934551543691,458.3629150390625
-1.0659561461183158,381.0612487792969
3.126169348435272,552.71142578125
2.35164464781062,2716.59765625
-1.79502295092813,-108.72564697265625
-15.957982665262508,113.24639892578125
-64.65676531723692,-20.48255157470703
-27.8195558011628,133.876220703125
-10.480511156242285,-184.61993408203125
-6.18357684414468,-318.858642578125
-6.75960002722117,1790.247802734375
4.4105627388370605,-208.73681640625
5.58846482112586,-196.5362548828125
-16.8483709423333,946.774658203125
16.1850033157246,708.053466796875
-3.34531377329845,55.0234375
5.893700156574014,-105.5067138671875
2.745769909533195,807.74560546875
2.53362859007723,550.844482421875
1.0880788430276551,-1242.3056640625
