Score,Pred Score
-13.812973987503693,492.6397399902344
-14.6311710829416,57.74334716796875
-15.020937907067507,-68.60478973388672
5.61896917638109,-2175.02734375
0.1461877509898399,77.04473876953125
3.59745169898486,54.43121337890625
-6.72144892291601,170.64910888671875
4.304204520484877,-84.2109375
3.37898618824583,503.22021484375
3.939818822274421,172.84912109375
13.9953943577381,437.369140625
-5.39913759737588,-724.9921875
-2.204579993178592,381.8164978027344
8.829561804598438,333.5522155761719
6.01696699102072,257.4336242675781
-6.376202369524528,-396.763916015625
-6.50906463316165,-1229.142822265625
-60.92137282626391,236.4620361328125
1.99934019108803,-83.48248291015625
2.188685633501576,6.840614318847656
4.07090957771029,-1124.89501953125
0.5211206139658471,-726.7119140625
12.5580583918003,0.32281494140625
3.320229681965675,-2215.29833984375
-0.4381862293696001,93.98544311523438
0.1752112379752922,-96.1356201171875
4.123908949931413,-804.1796875
-14.2382866820043,128.13418579101562
12.966325580978296,-804.5550537109375
7.692941411907634,-124.7772216796875
-62.9031214125763,31.76690673828125
-5.800670766453999,222.4014129638672
-11.705366535732304,-192.09739685058594
-4.786538605318405,184.1558837890625
-82.4887013651952,-25.701171875
-8.251107402184557,-43.417724609375
1.61677665352485,-251.03475952148438
-11.916211326129387,-50.6163330078125
-45.634880019414,-142.46951293945312
-0.568998602339841,-290.35845947265625
-12.147399114840605,-636.9351806640625
-27.4476544011683,47.8616943359375
-2.306526469902426,146.9019775390625
-0.4835459876036119,25.73760986328125
-8.39479061793487,-335.73114013671875
-46.862925671502296,104.2216796875
0.3837795244341289,182.626220703125
7.184930267876617,-1956.966796875
2.8348518495029404,-167.21875
-9.859535687586003,1269.265625
-6.00025755794808,37.2039794921875
-4.764629840066975,-323.5858154296875
-2.377061578670744,1176.6865234375
-2.0585753436264698,31.250732421875
1.1848602197973823,413.7939453125
4.97603191479674,486.98291015625
4.27399441028646,-129.40576171875
-46.2372447228831,-49.89637756347656
-31.4759298257721,-763.462890625
-50.1674018945849,-34.074462890625
0.9601515747159592,-404.5643005371094
-11.864177458483407,-1901.033935546875
-0.538262620928304,-610.6190795898438
-0.6920482116816997,152.5326690673828
-1.5184696160120892,-329.9451904296875
-3.0836644409391925,-160.2569580078125
11.316750179392892,293.80078125
-11.183106529127476,-27.4501953125
3.59102041590596,1783.6650390625
4.55602013063716,-47.706085205078125
11.579228393987275,107.74710083007812
2.3067635611900137,5.06915283203125
10.480393919522983,461.6279296875
-2.698100773809443,171.2303466796875
3.776985072333982,377.74169921875
-11.773766374328297,-191.51739501953125
8.681027307740193,970.926513671875
-1.1091988250418725,-122.0216064453125
4.484288991501213,1637.16162109375
0.0548896546292299,639.286376953125
0.1118559290339978,-385.10430908203125
3.9797293996962297,309.90093994140625
-22.42608065327665,54.97674560546875
7.37064384347005,63.30189514160156
-0.2642143205483515,119.15524291992188
5.344594984386832,-348.44000244140625
-1.2497809936708242,25.2677001953125
13.71198107208239,-274.6815185546875
0.5045482395984724,-315.48095703125
2.86709961553106,-157.91461181640625
0.4423212163888063,432.336669921875
-3.724573545179619,542.3474731445312
0.2570808252882703,291.1566162109375
-70.65073406723695,-318.51904296875
-33.9587360563784,-24.8770751953125
9.2088386022025,44.4058837890625
1.3318185914773402,5064.57373046875
-9.176001953270983,-75.111083984375
-10.497767159210698,-101.853271484375
-0.4402086584014632,-301.45196533203125
2.1560784090827942,-137.211669921875
-27.1636490162131,-202.11474609375
-0.670930828719279,-69.6275634765625
-22.794043146736,-116.7548828125
0.8105828534072201,331.969482421875
1.2287673509824204,-222.71978759765625
-0.6435038581465955,3354.439453125
8.474782023793379,278.6653137207031
-9.601847091024196,-536.94873046875
-1.6610011043127195,-111.83221435546875
-0.1091636509260827,22.83929443359375
7.570838092245207,-92.16790771484375
-7.211196994815285,-102.1138916015625
9.090654061652296,-39.715240478515625
-26.6651088566214,-45.00030517578125
-17.309192174305,-194.4676513671875
4.14054171285972,212.12982177734375
4.097668935846943,-141.48171997070312
-0.29408409265346,-97.86383056640625
-35.8165916579592,-251.83749389648438
10.898098675545494,129.78347778320312
-1.6552655274048038,-20.760025024414062
1.6729502580778592,-204.807373046875
-6.42491227706334,51.76177978515625
-15.4752611754195,105.8668212890625
-0.6907348474047925,-638.6016235351562
-21.3629045873375,213.15631103515625
4.219145585451182,-83.05810546875
-3.019531285218114,-914.8212890625
4.25311060075082,-29.3797607421875
-15.0412339008878,-1754.244140625
-8.237627320974727,-249.65826416015625
-1.0683487237199796,-1382.28125
-1.7174251595272625,-96.092041015625
4.069163600073605,-173.1621551513672
-10.162041561092582,8.816314697265625
-5.97248436581227,-27.696258544921875
6.120538767403939,0.43017578125
-0.8028238008287005,-122.74887084960938
-23.6042929930625,355.6021728515625
-0.1777753404752198,76.46121215820312
-5.785469568057495,-52.213897705078125
-0.0556983764780604,7.8118896484375
-25.4508968849616,70.87451171875
-5.3185412482723295,-298.1251220703125
9.1356503291117,188.85227966308594
4.020569536845237,-559.6192626953125
-58.5527340809363,-75.51763916015625
-6.291328737399075,-272.4906005859375
4.187869588752649,55.74090576171875
8.922207576391518,-23.565826416015625
22.7414116448382,354.22900390625
-44.6057608529879,-133.47793579101562
-26.5129077898497,-91.36759948730469
-2.13735826282737,-262.16900634765625
-1.14890133483728,-127.2442855834961
-15.2234416939723,215.70909118652344
0.369316059642221,-75.35601806640625
-0.6884117876070912,35.33477783203125
-5.8772631055401,-64.329345703125
3.6053774296538297,79.00787353515625
5.07108724357905,-36.674224853515625
1.292753014965791,410.03558349609375
8.440986836263871,37.1485595703125
-3.43040335892423,-263.3111572265625
0.7651079053562314,308.6651611328125
-37.13962469223695,-172.09088134765625
-5.822632503482525,-241.16766357421875
-6.879472048396067,-215.810546875
2.11024229353816,-162.14183044433594
-7.1526743450051855,90.58975219726562
-1.122073026503361,181.60888671875
0.3302260274555297,-12.133697509765625
-1.178255647098801,-207.787109375
-2.99361591491145,728.4609375
-18.1070051290659,-49.642303466796875
-3.0332808194811403,172.98602294921875
2.6303171850506604,-156.7645263671875
-9.72499716390718,-78.80419921875
0.2729453578388601,-177.1754150390625
-21.4503408223732,212.6396484375
-4.99755531471552,-296.02105712890625
-18.0018409950579,-100.95053100585938
4.00031385473591,-116.34625244140625
12.0378145652987,354.92730712890625
14.1235470599023,-113.37625122070312
6.55729051148795,426.453125
11.19992297656359,246.71136474609375
-7.81388191369781,-112.01976013183594
-2.924593214648255,-162.66259765625
3.7667366885646025,-0.52685546875
-6.68253431604433,-198.7994384765625
0.7345204104922589,564.830810546875
-10.626155896203898,287.30694580078125
8.106852576346123,39.30487823486328
-58.24412469223692,-479.432373046875
1.4955767028094,886.087890625
-17.6906096863185,-301.10015869140625
-4.813871520282443,-13.6329345703125
-11.8973420493851,-314.7138671875
-2.67676896274171,18.69134521484375
-3.9331393974605526,-241.431884765625
8.756217929094177,-19.5830078125
-29.2662792150344,-14.2662353515625
1.7249239205326918,-27.798126220703125
-6.686975812883663,34.58203125
11.10272802991041,-69.9058837890625
-10.956818171714705,-60.85267639160156
-6.3500959185649,-64.7689208984375
0.6681105368389735,349.8037109375
-12.500029270357295,-811.814208984375
-2.591242863373206,85.13622283935547
5.954690473588823,129.18942260742188
-43.929359067237,41.62681579589844
-17.4841411730512,-21.407180786132812
3.61441892535489,-29.52386474609375
2.1112971208509976,251.814697265625
-41.8026500314277,-42.63911437988281
7.028135642932115,132.0948486328125
8.463248256721428,-480.350341796875
-13.037072413777096,18.597991943359375
-1.6307504375632549,-429.416015625
-0.3284521577656807,-187.5574951171875
0.4685622181175212,38.929534912109375
-5.316952415477393,-83.33639526367188
4.584421564331302,226.47987365722656
-20.3593816575191,-506.804931640625
3.67041582610247,706.2393188476562
2.204062447972561,-136.4564208984375
-4.666937653128132,269.37255859375
-12.3781694316975,-141.95135498046875
7.06923762363823,-587.4091796875
-37.2883298194418,20.231597900390625
6.442434166934048,-514.06201171875
-12.2162083245621,75.81713104248047
-20.3623076046531,672.8529663085938
-5.45440876641342,155.26553344726562
3.1416241584890576,84.88327026367188
-4.96580172718434,78.9356689453125
-37.4061766871973,-56.79576110839844
6.46185690649625,199.437744140625
0.5403453062071405,2607.236328125
8.656689402528613,118.03727722167969
12.331931266595111,237.9046630859375
2.75380173901167,195.981201171875
-2.8447496930443927,2257.43310546875
0.0285872237409883,-521.07958984375
-73.5286754265322,154.7273406982422
7.285509446842615,-32.535247802734375
6.72046542688671,739.3587646484375
-6.19730890695259,-49.11077880859375
-16.4599719883519,-174.8524169921875
-10.288292260688207,1768.9417724609375
-10.285920522724917,6.77978515625
-30.8171784242839,173.07009887695312
-4.65691689928222,-492.608154296875
-37.1716279374795,15.85986328125
-36.50577458359941,-120.04486083984375
0.7942566624333496,541.88134765625
-34.8552692363716,35.69544982910156
-2.491707941339629,41.284217834472656
1.7387039934851498,91.638671875
18.9715733525152,-62.575836181640625
-13.8996269060666,-226.10760498046875
4.17561229224804,-48.989166259765625
4.7680640763497,-90.12936401367188
-6.745372906074374,365.79541015625
7.262818938793504,-1633.607666015625
-55.7541546140486,-387.4804992675781
8.453421074249384,472.1677551269531
-5.85807143580148,-254.21737670898438
-52.7336020518746,42.040122985839844
-1.995826789875676,-425.9329833984375
-1.3326443092463092,126.2816390991211
5.029017096161708,392.90338134765625
-0.71117494174041,-89.184814453125
8.243548509216069,-397.1760559082031
5.81602235619721,-98.79345703125
5.978124919049687,-250.50830078125
-2.8859593337581737,-1384.50048828125
-26.0047332498617,-100.56285095214844
-1.5220929784942658,-174.03260803222656
-3.195242757261453,-422.30517578125
-15.0089303719363,-49.5289306640625
-1.757118944268968,45.3228759765625
-13.5091075877696,1000.5263671875
-4.0681667574955,-23.451080322265625
4.43276114617859,220.80224609375
-4.665207913971671,-85.81402587890625
7.33919324558513,-78.39523315429688
-11.69780882660921,-81.01705932617188
5.960801203295765,-257.764404296875
-29.9162730471743,-137.95645141601562
-5.331847529263395,969.4039306640625
4.2006804390709,1040.765869140625
4.76541245752904,-50.213993072509766
5.87221574658101,669.0224609375
-12.955988512618,251.6298828125
-14.4061745570978,-276.2747497558594
13.644333664082708,-227.4771728515625
7.522446474796843,175.7686767578125
2.858782897786812,451.68408203125
-49.8653288018085,-274.20086669921875
-4.029904705212941,-421.57415771484375
-6.2026319104393295,265.10711669921875
4.452168509343501,53.76104736328125
-16.475900892606802,-2366.1689453125
-11.03094492075089,-36.487579345703125
-8.08045020128908,-1613.9052734375
1.39259946716825,83.55709838867188
-14.885807229381896,-142.4940185546875
-11.113180908425988,98.92266845703125
5.506094216928792,-6.11865234375
5.29091659278858,-181.7843780517578
3.42106467876526,63.272308349609375
5.162821279449693,188.76568603515625
6.020551076354931,-4.1864013671875
0.8086942897832163,974.236328125
-8.80546181278599,-190.39723205566406
-7.42349600405968,91.57550048828125
-14.4731176558811,-271.3695068359375
-35.5448186771701,-16.67144775390625
-1.657597602265355,-2.478912353515625
-1.930224441335125,142.6286163330078
-10.398648228661925,357.720458984375
-1.6521884315998507,99.76031494140625
1.3131129859732091,-458.86865234375
-0.1240821746904601,17.003570556640625
-35.1709788883515,83.72576904296875
0.6771989561182002,-79.24261474609375
-5.8677981963370005,6.558013916015625
0.7982616963508231,-34.548614501953125
2.595279020812243,35.73194885253906
6.9472187772133225,1641.2979736328125
-41.1395198834054,8.07598876953125
-35.4604736838065,26.49627685546875
7.87379173269718,127.16152954101562
-8.72128086410909,37.0916748046875
-82.13826531723697,93.35003662109375
-9.70693692529289,-18.02922821044922
-61.4386715672369,3.1999359130859375
7.10938257895085,230.858154296875
0.4007388327427847,-622.662109375
-0.7455370396145937,62.08750915527344
1.674966057420845,-94.89208984375
11.877856996640997,-22.428009033203125
-0.9096556467231308,-241.12548828125
-1.4680391508473674,-12.27166748046875
15.6414782015599,-30.692398071289062
-10.35739215730591,1051.65380859375
1.926107182225645,146.58416748046875
6.99756701325662,-27.20928955078125
3.54836143321337,155.7535400390625
-7.726553411266567,132.482421875
-48.51478094223695,-20.74627685546875
-3.0453156276270903,1577.2490234375
-3.454798154796729,-408.9854736328125
9.503977484174175,-212.024169921875
6.001532732018722,313.43426513671875
1.775572054007981,-638.8382568359375
-2.6871577689602653,-12.97747802734375
-7.920344649869953,-123.1806640625
2.578081311550471,-346.1904296875
-14.434457477598505,151.92584228515625
-1.338045882914232,-66.41748046875
-44.1817825469333,-33.57252502441406
2.4314234692194163,-126.4979248046875
-2.35314836228574,90.32621765136719
-2.07036107592124,71.3358154296875
-6.560167066336443,-25.517578125
-2.54688332955635,85.842041015625
-7.940842049461227,72.7813720703125
-7.789052707582185,201.74066162109375
-1.4295761119406232,-26.46044921875
7.206977941743588,-240.461669921875
-4.081394009803599,-1037.35400390625
-30.167243616457,-197.2154541015625
11.7225687296843,-151.54840087890625
-0.8984319813221007,1059.3712158203125
10.349523074958825,-61.32916259765625
5.42147270471237,638.9910278320312
-0.3136273830120112,88.1617431640625
4.398848813602776,37.587493896484375
2.099307195887115,68.50439453125
-61.6890402284636,-254.4384765625
-7.08434802004719,-385.58282470703125
0.6962467393230812,70.92298889160156
9.0758909366509,-2410.01806640625
-1.9263965715605047,439.95880126953125
-6.262949496708321,155.6939697265625
-4.739766082030863,495.277587890625
-36.8822022827233,36.2218017578125
3.24770439300306,181.13839721679688
-2.289513933263135,120.74629974365234
1.41805545618482,106.87088012695312
-24.4432878855492,87.2664794921875
-24.96156751119129,241.62841796875
-7.734574598544068,-88.197998046875
2.79124989437018,-143.7122802734375
-5.17831154550348,-60.9158935546875
1.5275640312561216,57.48699951171875
3.682989905065457,-124.07684326171875
-10.8237586662752,-108.611083984375
-6.929951553081727,68.18145751953125
-27.96215708599589,68.96484375
-2.88087637063392,729.310546875
-5.960419628776203,706.6746826171875
-37.189874708633695,-90.34841918945312
1.1496085756031087,239.65240478515625
-12.7137936794919,-201.6132049560547
8.398744223780918,-114.94155883789062
-33.3004252633332,-324.3367919921875
9.144089281431205,-38.032440185546875
4.065326821312747,271.968017578125
-41.9047429025821,97.88623046875
7.383552345763623,-89.7099609375
6.364261125349779,108.1163330078125
4.841793570156368,-158.01785278320312
1.6198341998494314,3.7237701416015625
4.179707781567577,-236.35784912109375
-14.7229944429405,-420.3687744140625
7.078924552126015,-34.9781494140625
-12.898019313824,280.74029541015625
-70.8116033690518,-94.75287628173828
12.7359625054994,258.51409912109375
5.586124430090477,93.19570922851562
3.028467183462371,275.0267639160156
-5.830142578087577,264.76416015625
-22.6841489367301,86.48191833496094
-1.51657819068512,-409.45294189453125
-81.52648016021857,264.7449951171875
-3.36903782007548,-1002.23388671875
-18.707844022,-123.5382080078125
-34.48768519828235,-124.1614990234375
-39.7169735486916,129.77069091796875
-1.593720937577549,-243.497802734375
-23.2954444871652,-53.95550537109375
-45.30258920076982,55.6357421875
12.5056328567953,-20.525177001953125
-11.9299972333177,-491.49298095703125
-37.9495035857927,-867.8955078125
0.7001962140772594,-49.84661865234375
4.49418879319923,197.357421875
-39.0646563811545,71.98674011230469
-9.09730633851708,95.049560546875
-17.5589533745204,52.93548583984375
-4.92782811871599,-501.0296630859375
-8.2299173561342,79.52362060546875
2.60625970962018,-293.9716796875
2.726862934921635,-192.78790283203125
4.071661498679735,154.7080078125
-13.2494383747796,111.78237915039062
-11.9154244975033,504.64251708984375
0.9090871567987184,-102.92904663085938
7.92708077877978,8.079925537109375
-3.119647295186995,-36.551116943359375
-2.248378586620203,207.74160766601562
1.6646916021852596,-228.81329345703125
0.1590569364430157,-39.30561828613281
-77.3623903172369,-119.9285888671875
15.8859560938761,-18.86407470703125
-3.11888044241469,95.73112487792969
-2.7468186065138984,-23.338088989257812
2.77922195660905,-355.0009765625
4.052279150357491,78.37113952636719
-4.03806373695381,-50.93878173828125
-2.4461467814868523,-1436.6357421875
-0.1639564470097907,100.90536499023438
0.8542168432631491,-227.30743408203125
5.84905996845087,238.533935546875
-5.77665564868809,-33.17547607421875
-3.7008288999313423,-124.76953125
-7.18713065449027,-48.31610107421875
-0.9529303605806088,121.68601989746094
-15.902118442879,-317.35150146484375
-28.0636361890057,-30.751953125
-26.912205886836706,149.02928161621094
8.596988309863011,352.26629638671875
0.2877587512502297,-92.84933471679688
3.3899996482015826,62.70684814453125
-20.5869014386951,-92.42849731445312
-9.341800010912078,-845.72509765625
0.1692077246922899,174.88656616210938
-1.857666460494741,-412.021484375
-13.2752747780792,-276.8134460449219
0.7445982178878973,257.40283203125
4.49646859469848,-125.980224609375
3.60913262992784,-154.6051025390625
-5.653435188749545,-80.76666259765625
1.51502173443586,105.24459075927734
8.143116180793372,54.940185546875
-8.36164856265281,-208.1885986328125
-1.130678948105339,-145.1649169921875
-4.349210006555943,-152.23878479003906
0.2594141505344826,133.42166137695312
-32.1283374054069,-527.087158203125
-1.9051378030600723,-72.5101318359375
4.768047800449637,14.23150634765625
2.264898495983479,-57.70098876953125
-6.47138721063866,116.2255859375
4.93167956005568,-76.22525024414062
2.4851768276660025,32.6572265625
-3.930469946192945,152.1539306640625
11.923948375295712,387.85418701171875
11.616605850275496,-87.58401489257812
10.41580460128629,-60.556884765625
-8.700462669667385,-108.1280517578125
13.1991243046288,-387.03033447265625
-4.75101729862813,195.21719360351562
-1.4230966237807086,-984.6986083984375
-2.07861348348741,-75.00213623046875
10.292368565007404,-219.75048828125
1.9007667723773176,99.83881378173828
17.1612744381531,111.58692932128906
-0.1428452494230792,-81.74114990234375
2.4933992323843923,69.8505859375
-13.861300672159,162.50823974609375
-1.7943154401891548,-27.5599365234375
-4.15624175439773,-45.447509765625
-14.277645616907492,7.295154571533203
2.713132201978397,598.1685180664062
-13.315456279797685,-88.58056640625
-5.36204355968609,685.36572265625
-1.4872271509121793,-60.25665283203125
0.31232235517322,-219.99365234375
3.0307168501552093,158.90960693359375
3.4484762474106,310.6163635253906
-34.0729170807354,-350.2010498046875
-25.0659802428987,646.53759765625
0.86771933446589,569.175048828125
-11.996919710325,-102.28445434570312
17.2594267615487,169.0556640625
-56.2560888739038,63.209197998046875
-12.7386491421071,123.92233276367188
-3.520787796436005,65.754150390625
-0.8014467498558491,-8.7860107421875
-34.7812340468876,1232.1478271484375
7.158235365631607,123.9599609375
3.29681579894721,47.832733154296875
0.046018285265003,56.53961181640625
2.046344769010002,-276.03424072265625
4.25403099118957,-65.46914672851562
3.7804230286959792,-77.95391082763672
-3.773219093074008,29.32489013671875
-9.722403045722997,-61.562713623046875
2.81101468536903,215.01031494140625
-23.7494411406013,17.646270751953125
-75.56229656723696,-62.51838684082031
4.366245372711767,62.97435760498047
9.94612085382829,310.5721435546875
-8.207132148775708,-33.52539825439453
-3.09775596823669,-74.1011962890625
3.77256113899207,236.24560546875
0.2016574678685985,-184.47283935546875
4.38808277416547,-237.592041015625
3.7092867134231,186.35833740234375
1.6740112862957208,819.91796875
-5.472376660417956,42.475555419921875
12.283123760680592,210.31918334960938
4.417989059347175,8.666107177734375
1.907333647224608,-90.72865295410156
-3.73521146317182,170.8739776611328
7.837521570550837,-69.75303649902344
4.82455755953161,19.847274780273438
-0.6472060937938101,-56.1756591796875
-8.237956686764985,21.048187255859375
7.36579899286375,372.98809814453125
7.859716520666763,275.8995361328125
2.765011277030255,2134.611328125
4.62415639298937,823.767822265625
6.430237727930085,23.719955444335938
2.44728958086436,-128.53892517089844
-1.93656353174353,105.99595642089844
-33.7845903951132,-289.95770263671875
10.960301672714698,-192.80560302734375
6.147225205740463,82.81484985351562
2.4659746492236927,316.48992919921875
18.2642273209106,-94.44302368164062
7.656482330373112,-208.52297973632812
-63.2346715672369,-372.67584228515625
-22.9610154952969,-67.126708984375
4.39789099231211,-102.1876220703125
-46.587141393021525,-94.97627258300781
-12.281506448986304,-152.3795166015625
5.220668557811489,326.49932861328125
-1.4412632820262703,-18.3834228515625
-35.163016426576704,524.3023071289062
-31.380009974583203,85.5682373046875
-2.6184282494780104,119.4234619140625
-37.3999740396079,59.4527587890625
-10.594900847222812,532.41064453125
-23.227454082363305,-113.78564453125
-15.4814292943448,159.2720947265625
-6.89310310865277,145.406494140625
-11.7962452523223,143.58651733398438
-0.3887710448227697,-1443.8394775390625
-4.0896099478500325,-428.05853271484375
-42.6579269422049,61.44580078125
-2.095241650043551,23.62047576904297
8.45389840526827,-1135.7216796875
-15.5157954828953,674.9144897460938
-1.9802660997523944,-98.40673828125
1.8368511005450223,-148.586669921875
2.11900133622217,300.4479675292969
-38.4962238749225,-37.009033203125
0.8069046214032297,7.3087310791015625
-1.73607437190069,192.56143188476562
-8.46093254820262,39.877838134765625
-0.0780407432645869,-400.034423828125
5.009535132419683,-290.2587890625
-74.9399761386801,-4.935882568359375
2.806732553915905,29.50341796875
-10.415057364934407,-55.843170166015625
-4.81834176383161,-790.298828125
-1.4920816076829602,334.39080810546875
-0.003939288658445,324.1287536621094
5.86288473591452,-9.6153564453125
0.4443344011282492,275.3883056640625
5.72263802046558,-630.846435546875
5.46583466116103,60.88372802734375
5.05355462238675,261.6468505859375
-17.190033530139498,348.3407897949219
-10.1192188918475,523.4295043945312
-10.539071528779305,364.8185729980469
0.2492257167476033,712.9375
5.35198813185094,-135.92477416992188
14.9823899147147,-119.9390869140625
1.7336328627834918,339.3275146484375
3.2582764286422226,-1392.72265625
1.1615369027166365,-9.98675537109375
-42.4099588259267,6.33087158203125
-38.7823663998969,101.1409912109375
7.99575647038201,167.38818359375
11.644495901203598,-3601.859375
-39.0956747424042,83.5235595703125
-38.6438610292767,45.363525390625
-40.5029244010595,92.11933135986328
-22.8644313188967,36.96849060058594
-0.897066728281827,155.37010192871094
-17.6830733389949,273.16943359375
-0.0084306638066775,694.3978271484375
0.5394390329931549,55.947265625
-21.61387508166409,-192.86940002441406
5.053393098685065,90.27987670898438
-15.7834934865799,23.616363525390625
-58.40351531723695,-114.0123291015625
8.86280218600469,90.38461303710938
1.888243484494037,-293.4505615234375
8.99923705482913,125.39794921875
4.133325903305868,1004.8115234375
4.774357664359128,-20.78216552734375
7.418770080750715,-63.158782958984375
-2.25262466719878,-99.65615844726562
-7.071587649042333,50.1304931640625
4.398742241377427,696.755859375
-8.692928400841772,5604.7421875
2.334382802629,-75.35383605957031
2.8274240704709,-73.96014404296875
2.1747311895065486,-209.84063720703125
-11.9965988914421,114.47018432617188
2.776867734737273,13.31201171875
-12.4595255596924,559.6876220703125
18.5317724911246,312.6520690917969
6.86106163750481,325.5849609375
-19.1693792779686,-114.46429443359375
-4.20883890972707,120.51431274414062
-0.3530077955256401,10.03338623046875
-1.6020246929696491,41.10246276855469
-7.57557880794988,-355.23919677734375
13.9692836454661,337.5321044921875
1.289294757415069,311.4621887207031
-20.3746494688195,-46.720672607421875
-8.044482691931467,-7.6123046875
2.51340467963473,33.366455078125
11.0282847349576,474.5626525878906
-1.3944922949507652,-63.768829345703125
-26.2706781913698,742.8768920898438
-71.7765711158932,-16.07806396484375
-44.2857422252861,1117.88720703125
-3.057699221935841,157.6148223876953
10.116767222520318,72.8927001953125
-46.9980356488569,-250.84176635742188
-8.677497573270493,669.0894775390625
-25.781275563237,126.75836181640625
-2.941164138388841,119.18289184570312
-26.5692742661385,-29.695556640625
1.2555345380058751,252.4068603515625
-0.810306898238276,-127.720458984375
0.2404076931068699,-32.3961181640625
-2.5590885431480426,87.03164672851562
-11.9846830308257,-76.94935607910156
-5.775806690181939,-12.4371337890625
1.9806048133258944,444.5838317871094
16.618750626525,1127.7525634765625
8.204494762209066,-52.68975830078125
6.80321923705408,1719.791015625
11.710679650337616,-244.0084228515625
3.181253849239128,2024.2646484375
0.90894434552881,-13.361618041992188
3.547124544521316,374.76806640625
-2.202886656443709,-235.440673828125
-11.133669865203094,-104.984375
9.328533024448705,1495.84765625
-0.7012610501602399,-283.7708740234375
-0.3170472839931941,377.4344482421875
-2.3458288386735573,1195.888916015625
-26.1191329979098,-301.9483337402344
-2.33292598982445,153.4661865234375
2.461922216333884,291.4615478515625
3.73205068567752,262.2242736816406
-22.4462583852743,1524.6910400390625
16.899113604615202,-293.249267578125
-2.85382252753121,-118.70378112792969
1.2705701336207027,-469.2105712890625
7.960789166364423,-25.579833984375
2.71808902854303,321.2974853515625
5.5273920092716775,-53.14924621582031
-4.11149235653684,101.1959228515625
-20.9676231329802,-4536.509765625
-0.89184437235696,170.87835693359375
-1.2816619609782416,1.788818359375
4.85634828411675,491.72003173828125
6.429854346358795,182.68185424804688
4.71112087372323,13.592803955078125
-30.7199022255615,-24.028961181640625
-3.8590388668775,444.94677734375
-10.6557437737239,73.359130859375
-13.4460672849668,36.04779052734375
-5.527709296795018,1.643890380859375
-1.876637029070265,171.5120849609375
10.2532613363299,-410.758056640625
3.00680128293027,493.7529296875
19.33685959748449,72.14404296875
-0.1058882282985149,66.674560546875
14.3436638764016,184.0379638671875
-16.1535771788668,203.6690673828125
0.9480162028997956,786.44580078125
-18.5891767455387,-164.54293823242188
13.309934514349203,138.26467895507812
6.02246857213521,531.3515625
5.16750826555368,-139.77230834960938
-1.0190872666435924,-2825.7705078125
-19.100904418149,-13.64996337890625
4.743603615290096,377.3170166015625
-13.8157551615103,106.57440185546875
-3.802611775309477,364.4902648925781
4.30511943579503,1702.86328125
-22.482844278002705,35.38067626953125
0.60779733849738,-96.58609008789062
17.8138573048897,319.38995361328125
-38.4626262988146,75.56005859375
-0.6089836493556324,276.7998046875
0.8617451361473882,-352.80670166015625
-2.40000424902785,130.120849609375
3.7078671714499096,155.01666259765625
-2.390619984667185,382.505615234375
-15.559462368784592,-90.80938720703125
-13.790764753514,-2.1348876953125
-9.325981865786185,186.3037109375
-58.4491138315396,-9.573905944824219
9.550892694239591,-107.964111328125
4.435147085081137,170.94912719726562
-2.3538192484503564,-216.84033203125
-5.83438093189622,-52.66387939453125
-7.10827059552493,-16.48248291015625
-12.414939844598162,88.81236267089844
6.6154810826822,44.015811920166016
1.3155747227446202,77.784423828125
-2.56542276271332,166.32252502441406
-13.546032832554804,-28.114822387695312
-16.600339428286603,-199.1135711669922
2.9737175212081803,179.6497802734375
6.167862854629888,-21.861083984375
-40.922076323723,-849.7607421875
16.9349100756105,-0.5205078125
-12.24911226903676,4.32513427734375
4.867927463076468,141.64903259277344
-21.6327950573002,-395.9818115234375
7.11033993521173,16.19097900390625
-9.59094984812801,-6.014495849609375
4.92186081619874,-17.65496826171875
-7.815562497274902,166.37998962402344
-2.20364176327536,1333.6181640625
-19.6754058911438,-80.89837646484375
-91.8886792382854,-76.53170776367188
-20.9507978903398,-141.0934600830078
-17.8084408175675,105.9644775390625
-62.9612541332419,-130.76336669921875
5.598134989920393,28.840087890625
-7.283890318199592,52.41212463378906
6.1026124307435,-217.5060272216797
7.42840635595139,324.4756774902344
-5.179391847578812,11.79638671875
-4.873152982370568,-226.3551025390625
7.276768036701751,34.2425537109375
-10.739322929783883,-257.94091796875
-22.9219832537164,-46.69775390625
1.5259403537211615,179.8031005859375
-44.7886924625105,-173.35816955566406
-3.72583443525641,-485.68115234375
-14.57002364123529,18.341705322265625
-10.128266274366498,120.523193359375
-28.0249952668106,-144.61688232421875
-26.24662901330595,23.18609619140625
-40.3645652505015,-87.5972900390625
-30.8056950922951,-102.75265502929688
-3.9552380984537248,348.5805358886719
-2.1789667599796294,-428.424560546875
-0.5734820606807138,-0.151580810546875
-1.1617148968623687,-138.3800048828125
3.42848617073407,-262.7794189453125
-17.4030551064212,-2.439361572265625
3.88109013796494,188.4068603515625
9.400493271217616,53.34088134765625
-11.302161927872188,35.00811767578125
-13.3709137252944,-47.9337158203125
-6.79658968512302,-250.45880126953125
4.509456424718162,-143.154541015625
5.45103123545738,27.08172607421875
8.149714042401495,-25.240768432617188
-12.909180343140196,154.97119140625
-6.61979034735207,-280.1979675292969
11.9978624338519,38.991912841796875
-12.53254789251529,196.49960327148438
-8.36198121766124,125.522705078125
-4.361976736345532,-438.688232421875
-0.1898191226144924,61.825469970703125
2.3166834950764685,-894.49755859375
-12.6203596574975,-954.641845703125
-1.207429910073891,1536.44482421875
-29.7403775200217,-668.2339477539062
5.31082796058257,182.7626495361328
2.97844031586002,199.52752685546875
-12.533050119535002,-0.4749298095703125
-5.8684323426223,-445.60302734375
2.391980620215489,-16.392364501953125
7.73570234615748,-34.349151611328125
1.166748445159433,-99.96893310546875
6.093529951556334,418.42779541015625
17.709922444879297,298.6763916015625
11.779516260068313,-548.40234375
2.4866177573815964,-396.1606750488281
-30.89708550466269,-97.94044494628906
-9.231606713935047,124.11813354492188
-13.4089268865456,36.65473937988281
-9.06573754635488,-106.73165893554688
9.30630078585379,20.314697265625
-7.156550033865472,48.47984313964844
-10.5414716495377,233.36361694335938
-27.8178569354009,561.957763671875
5.3817717725564,415.177734375
-35.155236696245,-63.985382080078125
-21.4141717786538,-309.264404296875
-2.6053130644292946,73.289306640625
-9.953220777101093,280.08642578125
-8.798237091769485,-110.93069458007812
-27.6920167541674,-40.77649688720703
8.017093587799739,-1002.84765625
-0.3550158381598589,173.05755615234375
-1.19024715514191,678.12890625
-3.2855896341823474,534.6912231445312
1.844566842421384,23.456008911132812
-30.7366736665872,-54.15008544921875
-11.338238855350506,-100.39389038085938
-1.059512617215007,-290.02398681640625
-33.7712071062874,365.05517578125
3.812227003524945,-322.548828125
-2.8472026300298463,-2.16082763671875
-21.5871320482388,273.72015380859375
1.845960760756301,-320.23291015625
9.06213659212517,-105.22286987304688
-13.950148061363093,100.098876953125
-15.1006814359747,67.310791015625
-8.65496498210776,159.40878295898438
-31.18852367408345,-178.348388671875
2.35160533891099,26.860107421875
-7.06329362397977,197.46026611328125
-11.299328727708405,15.445510864257812
-5.73967918172164,286.7955627441406
-4.062121175440552,78.02752685546875
3.62056380925444,55.57757568359375
-6.512385872303066,-20.389633178710938
-17.2817979072755,185.6697998046875
5.79128728304933,1216.85498046875
3.7921116228684086,217.2525177001953
0.51700222845629,-451.56005859375
1.0966146270020711,-166.34478759765625
-6.613686761665703,230.2373046875
-39.873530292237,4.1021728515625
-35.0272315856836,-142.83984375
0.2475632146873464,-1.9002685546875
5.59963570142504,-215.20068359375
5.29419053806362,228.94219970703125
6.457932781589695,233.77761840820312
6.4251548431743295,-0.1932373046875
-19.7885249955934,-158.691162109375
-2.4097304318056905,-94.82992553710938
7.543407488617369,128.9217529296875
1.83593808226401,-106.61683654785156
-1.5082203021212124,-708.08447265625
5.99108205682079,-57.76023864746094
-18.1797235112709,-269.052734375
-12.840088322870097,-51.466064453125
-2.23616712442702,269.3226623535156
-4.662511414401839,197.9781494140625
3.41802282280863,233.544921875
-12.0320822507053,-733.59765625
-25.9801803981754,-826.699462890625
-5.97419023328963,-118.08837890625
15.4186986077963,103.90771484375
4.480465220149085,-465.7384033203125
-13.2363849677504,170.44195556640625
-9.362863686069195,-126.05476379394531
4.128157012788561,146.9437713623047
2.26767773086615,15.385528564453125
-24.1634597090208,-875.4188232421875
10.013204486477417,-319.1888732910156
-31.934070451053,-46.01068115234375
-22.9515728231767,-347.962890625
-11.219410776078313,-737.2099609375
6.00089213826483,-34.81854248046875
-28.9638748432599,-153.73233032226562
3.11049964318654,377.04339599609375
-1.073248118887358,392.4093017578125
-10.249148139079496,-452.519775390625
-13.14009076535719,-164.048583984375
0.7364260970712593,63.362640380859375
-44.9949251983702,-120.47100830078125
-5.159519294761907,-347.99169921875
1.869241020829697,-1113.0570068359375
-55.54568697318505,-64.81465148925781
0.3065104335081801,-817.300537109375
-10.386374558578522,182.05194091796875
-3.0345245902191325,253.6759033203125
-57.144820014625296,-93.0516357421875
2.85060083445348,308.1417236328125
2.446050707651698,599.66259765625
5.50221601830175,-38.9322509765625
3.455876052191651,100.2724609375
-14.6157572128631,21.712799072265625
-0.874105623616695,-248.10205078125
-1.378759213278819,-345.57196044921875
1.350733135180331,-1136.304931640625
-1.94666134980912,-50.58442687988281
-3.36735139960915,-37.886810302734375
0.8319171014720902,-184.51495361328125
-40.2101205720394,-94.83331298828125
-24.577379709126298,395.7623291015625
-18.6292132467089,-96.43600463867188
-46.39510994896701,129.88555908203125
-2.487076105276776,1378.53125
-4.752960817423343,-1033.9580078125
-0.1160299782726794,-876.15771484375
-18.5277286275242,-153.85516357421875
-14.1325019191809,-318.7738037109375
10.909208084253878,365.2913513183594
1.30779520720034,-83.8839111328125
-5.77436797253085,135.5501708984375
3.986867952152618,129.07566833496094
-21.7936206120663,-133.6259765625
-2.643556292002,447.489990234375
11.0853991753379,-39.680419921875
-12.9397422629832,41.460601806640625
-0.190891674386513,1511.79248046875
-6.32558602127377,92.77629089355469
5.391699208755202,1253.2529296875
-8.998840630677615,-477.679443359375
-1.6005087696864486,-312.1839904785156
7.5482379424635875,-55.492218017578125
-7.642910278690365,71.8809814453125
3.719171936095444,-268.01727294921875
-0.8981307679622897,1388.4287109375
7.06032809637297,284.53424072265625
-3.134999611446543,-95.6466064453125
-5.94174589421185,489.5213623046875
-17.7883076547542,-119.47369384765625
-25.2381267145584,40.7490234375
-27.5445722402187,366.705322265625
2.6678241356197647,79.62567138671875
5.02066543392875,86.77947998046875
-1.67197513843126,44.8663330078125
6.58117049992555,-5.90435791015625
3.12612254618191,24.1678466796875
-2.1147225087047508,8.9886474609375
-76.9668504799361,51.84552001953125
10.11870938841209,-218.93035888671875
4.755697845162629,-182.31134033203125
16.5479703149859,-221.6922607421875
4.001938538520379,-104.5169677734375
-14.1813773041305,-103.22817993164062
0.7709161631446207,70.02133178710938
-24.2508933717269,120.99920654296875
-22.3071231538392,-133.11904907226562
7.2595381633228,-119.68899536132812
11.555346181601609,67.50071716308594
-26.258782255785,-29.58819580078125
10.3189652047012,1003.7275390625
0.809697096857583,28.986343383789062
-18.5255095356289,50.8958740234375
-1.0680791130593923,53.962127685546875
-3.5390830989045075,-33.189544677734375
10.468583156479704,183.3427734375
-10.613183176373598,-959.798828125
-6.40442742836347,162.8245849609375
7.196532980977684,-64.813720703125
-10.586292641023492,102.60525512695312
-26.79502671025515,604.91552734375
-7.187555808667961,-1000.6726684570312
5.4465900456679694,246.54705810546875
3.1988276731025875,-102.85980224609375
7.827394642815597,-157.3475341796875
3.887422638441485,313.483642578125
-3.41466344580097,194.72625732421875
2.667044757168528,1135.000732421875
1.0590749185315824,670.3401489257812
-3.9965921287470247,14.679534912109375
10.982614675109394,325.3441162109375
0.4076170529080399,-663.1961669921875
2.71319811317338,2.178466796875
8.652061852316729,-319.73486328125
-0.6579761516790089,1425.01806640625
-51.6773231694491,-155.72076416015625
-2.8325461302865187,618.4713134765625
2.12749125232924,3.93878173828125
3.562549470771905,602.65478515625
-16.517773128145326,29.132644653320312
6.874655354673765,-126.3385009765625
0.2047767843086013,670.6785888671875
-2.698758931910008,-477.72021484375
1.8601156760560384,-139.3970947265625
-22.2455703021075,-153.33120727539062
2.4288820651169605,-1594.8974609375
-16.8307740899425,-17.3255615234375
20.7191486697607,245.4019775390625
-30.7261055182573,-126.94305419921875
-38.4849400567448,-60.28631591796875
-14.3103126367969,10.058517456054688
0.7860328468455551,1118.66015625
-48.3858044800915,-194.69760131835938
-3.21662088766757,20.41400146484375
1.675245639565673,141.13400268554688
-90.3299705619704,-148.11676025390625
-9.28527551691871,172.35647583007812
-1.2293411329062325,-612.1952514648438
-4.534682244798708,16.4056396484375
-68.1959205924323,-64.30224609375
-24.5242345195019,183.02752685546875
-2.77042962989298,-46.46783447265625
3.8009101564042025,209.474365234375
8.933703319425492,378.08355712890625
-11.341527235964405,204.45166015625
6.71098989067457,-126.57093811035156
4.54734483862441,0.9083709716796875
-5.16341129781556,195.66046142578125
-49.062306315025,-98.25537109375
5.26551760771767,-430.525390625
3.33951124606136,-215.92877197265625
5.006519903780723,64.71859741210938
4.05485944970297,-111.50396728515625
2.283405953189745,-2202.96728515625
-2.66483863280114,18.006668090820312
12.566471603210276,124.536376953125
-27.9020155354992,-108.14894104003906
8.88265541550952,337.06109619140625
0.1652887870268324,58.34864807128906
15.4985727759109,82.0780029296875
9.014890317831036,-144.48199462890625
1.4803529144374856,32.259033203125
18.1939100849816,405.339599609375
-2.6304973605131474,132.34307861328125
-5.493763326806099,62.012939453125
-0.6715208179901364,-60.44781494140625
-36.7383193130824,129.11648559570312
5.062784719364307,-254.2164306640625
-12.026803679110706,-173.32293701171875
-3.01321716593974,324.7169189453125
8.35813394800668,331.7310791015625
-3.60075442831331,-528.5211791992188
-9.509135784465323,108.3466796875
-19.6175855102284,179.0048828125
-27.8629509568953,302.79364013671875
1.74273211890989,470.46563720703125
-2.19578977406709,-67.09122467041016
2.42002639701588,-104.33737182617188
-25.55316918036869,-38.58514404296875
5.635020609606415,114.050537109375
-34.727836669101,-12.12628173828125
4.4516036428765,136.15737915039062
4.967381413305823,-485.47900390625
-6.81516141534704,73.13531494140625
-24.3954295810688,108.59246063232422
8.658679095048068,-428.402587890625
3.7347243087796,363.04345703125
-12.909633143366396,101.81903076171875
-60.49569009623433,-74.76535034179688
-3.790702882666694,-93.941650390625
-12.41068356063,-31.42095947265625
2.76740193393285,185.5592803955078
-18.9061714872788,187.91500854492188
-3.681083449701528,-184.31423950195312
8.13893448615947,12.569732666015625
-51.402683514636095,36.748390197753906
-3.0703466753296,-614.0026245117188
0.4646043967887734,116.61882019042969
5.989492839405608,370.7619934082031
8.833837192566008,66.046875
-26.1965705632023,-242.607421875
0.0804428699766095,127.92732238769531
10.229168329440906,-31.7548828125
2.12042655289975,533.6384887695312
3.88810032819938,146.32070922851562
-31.515616413872173,-34.630218505859375
2.28163515100639,71.355712890625
-9.633163292669298,80.2012939453125
2.63206586722876,76.86689758300781
0.3189015990893598,-138.15992736816406
-6.31868596379813,-32.538665771484375
-6.4648984000359935,16.960968017578125
8.91646092056966,195.8536376953125
-42.637521131086125,9.41497802734375
-89.5439156156453,-124.7843017578125
9.179556151687803,476.59765625
8.754663680824095,34.2520751953125
0.8838679103249854,-232.70916748046875
4.338369925074482,-114.46646881103516
-18.23432595343749,-11.768875122070312
6.92534745147092,-390.334228515625
-1.768261666543676,-164.75668334960938
-7.87226820943855,53.55104064941406
-12.0847368637308,-97.49295043945312
-4.4222229386498375,-187.54925537109375
6.63109301847755,-37.1434326171875
1.675381804264854,-282.18231201171875
-6.897600670415837,235.533447265625
-12.2774867069717,-39.4501953125
-3.963646539183849,170.13116455078125
-2.552277046947741,-145.03070068359375
-10.78700495517378,-964.872802734375
-6.426376983867103,-469.809326171875
8.2142562177934,-164.41009521484375
-16.967828162594074,148.7060089111328
6.07843040491799,65.34873962402344
3.08443697315444,293.22607421875
-1.3811964732242277,-386.49786376953125
-4.51305804704249,232.76513671875
-9.93375477053989,-388.04058837890625
-0.6581754288220045,47.76885986328125
-7.952166005584182,8.0867919921875
-13.563015982384195,-19.98687744140625
-47.9957157156951,-159.69805908203125
4.96190002222477,-470.40899658203125
-2.0240269290899,-29.426658630371094
3.47166270740147,-113.85443115234375
-5.2815921348029296,-1.149658203125
2.369358494612781,486.04058837890625
-4.214346026907057,21.398651123046875
-23.8934551543691,322.3753662109375
-1.0659561461183158,55.20172119140625
3.126169348435272,-34.16845703125
2.35164464781062,-3883.3544921875
-1.79502295092813,-417.8050537109375
-15.957982665262508,-44.9498291015625
-64.65676531723692,32.0960693359375
-27.8195558011628,-23.7752685546875
-10.480511156242285,138.52838134765625
-6.18357684414468,11.01361083984375
-6.75960002722117,-945.47314453125
4.4105627388370605,290.671142578125
5.58846482112586,515.794677734375
-16.8483709423333,882.3929443359375
16.1850033157246,-515.5274658203125
-3.34531377329845,-1855.85546875
5.893700156574014,657.48681640625
2.745769909533195,508.144775390625
2.53362859007723,203.002685546875
1.0880788430276551,390.310791015625
