Score,Pred Score
-13.812973987503693,-56.242919921875
-14.6311710829416,71.91879272460938
-15.020937907067507,-40.24196243286133
5.61896917638109,2702.06640625
0.1461877509898399,143.93092346191406
3.59745169898486,74.54806518554688
-6.72144892291601,16.67082977294922
4.304204520484877,861.25341796875
3.37898618824583,-647.1820068359375
3.939818822274421,537.11669921875
13.9953943577381,577.4287109375
-5.39913759737588,1394.62109375
-2.204579993178592,31.178604125976562
8.829561804598438,-10.720695495605469
6.01696699102072,-32.83457946777344
-6.376202369524528,1134.671875
-6.50906463316165,964.7259521484375
-60.92137282626391,634.11865234375
1.99934019108803,-24.558958053588867
2.188685633501576,-333.0357666015625
4.07090957771029,916.043701171875
0.5211206139658471,1073.2333984375
12.5580583918003,-51.1822624206543
3.320229681965675,1702.5859375
-0.4381862293696001,105.65740966796875
0.1752112379752922,-79.35443878173828
4.123908949931413,684.07666015625
-14.2382866820043,96.0330810546875
12.966325580978296,0.069854736328125
7.692941411907634,-34.602928161621094
-62.9031214125763,18.751808166503906
-5.800670766453999,73.61729431152344
-11.705366535732304,-19.908313751220703
-4.786538605318405,111.42816162109375
-82.4887013651952,108.48048400878906
-8.251107402184557,-86.42507934570312
1.61677665352485,-79.88262939453125
-11.916211326129387,-42.094932556152344
-45.634880019414,-32.98228073120117
-0.568998602339841,-22.304584503173828
-12.147399114840605,-49.77546691894531
-27.4476544011683,-58.22283935546875
-2.306526469902426,13.387056350708008
-0.4835459876036119,-36.421531677246094
-8.39479061793487,116.4222412109375
-46.862925671502296,-75.43631744384766
0.3837795244341289,69.20476531982422
7.184930267876617,1744.99169921875
2.8348518495029404,-126.17472076416016
-9.859535687586003,665.5697631835938
-6.00025755794808,-144.65341186523438
-4.764629840066975,936.963134765625
-2.377061578670744,-144.77963256835938
-2.0585753436264698,-38.74437713623047
1.1848602197973823,-91.80206298828125
4.97603191479674,-21.8582763671875
4.27399441028646,-17.596481323242188
-46.2372447228831,55.54020690917969
-31.4759298257721,538.5696411132812
-50.1674018945849,37.262123107910156
0.9601515747159592,-74.83013916015625
-11.864177458483407,187.91717529296875
-0.538262620928304,55.97124481201172
-0.6920482116816997,-13.411735534667969
-1.5184696160120892,13.945297241210938
-3.0836644409391925,-2.1960182189941406
11.316750179392892,-61.072364807128906
-11.183106529127476,14.369216918945312
3.59102041590596,-517.320068359375
4.55602013063716,1.7244224548339844
11.579228393987275,89.9584732055664
2.3067635611900137,33.98371887207031
10.480393919522983,15.278762817382812
-2.698100773809443,34.94040298461914
3.776985072333982,-27.0501708984375
-11.773766374328297,-143.73623657226562
8.681027307740193,-236.66497802734375
-1.1091988250418725,-28.233224868774414
4.484288991501213,116.35357666015625
0.0548896546292299,278.3658447265625
0.1118559290339978,-72.40695190429688
3.9797293996962297,95.70369720458984
-22.42608065327665,10.611858367919922
7.37064384347005,14.846023559570312
-0.2642143205483515,-35.54900360107422
5.344594984386832,-861.9498901367188
-1.2497809936708242,-29.712635040283203
13.71198107208239,-8.320877075195312
0.5045482395984724,-509.4754943847656
2.86709961553106,-48.04350280761719
0.4423212163888063,-378.3987121582031
-3.724573545179619,45.80833435058594
0.2570808252882703,-282.16162109375
-70.65073406723695,-2.2928504943847656
-33.9587360563784,-173.89227294921875
9.2088386022025,69.92762756347656
1.3318185914773402,-260.43841552734375
-9.176001953270983,8.422992706298828
-10.497767159210698,-300.3920593261719
-0.4402086584014632,-51.98627853393555
2.1560784090827942,-39.90359115600586
-27.1636490162131,-120.42997741699219
-0.670930828719279,-51.845184326171875
-22.794043146736,-35.64568328857422
0.8105828534072201,-57.9224853515625
1.2287673509824204,9.559953689575195
-0.6435038581465955,-1000.20654296875
8.474782023793379,-55.30377960205078
-9.601847091024196,3.793701171875
-1.6610011043127195,12.235444068908691
-0.1091636509260827,3.7278976440429688
7.570838092245207,-89.74313354492188
-7.211196994815285,-25.710407257080078
9.090654061652296,-74.47384643554688
-26.6651088566214,-111.49757385253906
-17.309192174305,0.4452037811279297
4.14054171285972,-54.401939392089844
4.097668935846943,207.680908203125
-0.29408409265346,-11.008893966674805
-35.8165916579592,94.46784210205078
10.898098675545494,27.03921890258789
-1.6552655274048038,-4.883821487426758
1.6729502580778592,-25.174571990966797
-6.42491227706334,25.91442108154297
-15.4752611754195,10.24666976928711
-0.6907348474047925,-155.1201171875
-21.3629045873375,-0.70233154296875
4.219145585451182,471.0302734375
-3.019531285218114,786.61767578125
4.25311060075082,37.92442321777344
-15.0412339008878,849.35205078125
-8.237627320974727,80.4998550415039
-1.0683487237199796,819.49853515625
-1.7174251595272625,-20.148849487304688
4.069163600073605,-299.60919189453125
-10.162041561092582,42.636653900146484
-5.97248436581227,49.29848861694336
6.120538767403939,-30.379684448242188
-0.8028238008287005,-79.46073913574219
-23.6042929930625,-43.833255767822266
-0.1777753404752198,-239.50851440429688
-5.785469568057495,196.22113037109375
-0.0556983764780604,-125.28292846679688
-25.4508968849616,693.0078125
-5.3185412482723295,-21.38485336303711
9.1356503291117,47.94795227050781
4.020569536845237,41.886802673339844
-58.5527340809363,-172.78128051757812
-6.291328737399075,24.435161590576172
4.187869588752649,14.085693359375
8.922207576391518,101.66757202148438
22.7414116448382,56.19831848144531
-44.6057608529879,8.658897399902344
-26.5129077898497,148.85198974609375
-2.13735826282737,95.88554382324219
-1.14890133483728,-15.967964172363281
-15.2234416939723,48.97135543823242
0.369316059642221,115.87176513671875
-0.6884117876070912,-208.33802795410156
-5.8772631055401,702.8602294921875
3.6053774296538297,-3.667642593383789
5.07108724357905,199.91458129882812
1.292753014965791,91.32892608642578
8.440986836263871,49.21754455566406
-3.43040335892423,759.7537841796875
0.7651079053562314,-49.832061767578125
-37.13962469223695,429.66546630859375
-5.822632503482525,39.55430603027344
-6.879472048396067,-13.60888671875
2.11024229353816,18.80829620361328
-7.1526743450051855,-23.38045883178711
-1.122073026503361,-3.992786407470703
0.3302260274555297,92.06396484375
-1.178255647098801,1035.718017578125
-2.99361591491145,588.197998046875
-18.1070051290659,11.31442642211914
-3.0332808194811403,22.780122756958008
2.6303171850506604,24.332977294921875
-9.72499716390718,73.61644744873047
0.2729453578388601,-279.4972839355469
-21.4503408223732,-71.60984802246094
-4.99755531471552,87.8752670288086
-18.0018409950579,-27.635486602783203
4.00031385473591,79.2955551147461
12.0378145652987,-1636.4716796875
14.1235470599023,19.441898345947266
6.55729051148795,573.57373046875
11.19992297656359,39.04879379272461
-7.81388191369781,48.28367233276367
-2.924593214648255,156.19390869140625
3.7667366885646025,115.85696411132812
-6.68253431604433,-297.96844482421875
0.7345204104922589,-121.26163482666016
-10.626155896203898,40.220008850097656
8.106852576346123,-36.951480865478516
-58.24412469223692,-29.438156127929688
1.4955767028094,-76.39947509765625
-17.6906096863185,-1.7281455993652344
-4.813871520282443,87.85787963867188
-11.8973420493851,-154.6263427734375
-2.67676896274171,87.90083312988281
-3.9331393974605526,190.7545166015625
8.756217929094177,-55.20642852783203
-29.2662792150344,-252.6279754638672
1.7249239205326918,26.398040771484375
-6.686975812883663,8.63667106628418
11.10272802991041,-36.12751007080078
-10.956818171714705,-40.61357879638672
-6.3500959185649,-6.1833343505859375
0.6681105368389735,-594.0033569335938
-12.500029270357295,-612.6386108398438
-2.591242863373206,83.11296844482422
5.954690473588823,75.93818664550781
-43.929359067237,29.143028259277344
-17.4841411730512,57.0886344909668
3.61441892535489,-38.68921661376953
2.1112971208509976,-5.711402893066406
-41.8026500314277,74.56914520263672
7.028135642932115,586.6483154296875
8.463248256721428,319.6431884765625
-13.037072413777096,24.75537872314453
-1.6307504375632549,-980.1048583984375
-0.3284521577656807,-23.383663177490234
0.4685622181175212,34.16851806640625
-5.316952415477393,347.3860168457031
4.584421564331302,-94.57624816894531
-20.3593816575191,-500.14788818359375
3.67041582610247,-223.60313415527344
2.204062447972561,-14.34375
-4.666937653128132,242.04931640625
-12.3781694316975,50.85988235473633
7.06923762363823,2254.021484375
-37.2883298194418,-75.71106719970703
6.442434166934048,148.78280639648438
-12.2162083245621,68.20887756347656
-20.3623076046531,-15.002777099609375
-5.45440876641342,-44.510555267333984
3.1416241584890576,15.988525390625
-4.96580172718434,-49.75773620605469
-37.4061766871973,-22.76349449157715
6.46185690649625,47.245689392089844
0.5403453062071405,132.0479736328125
8.656689402528613,3.3289871215820312
12.331931266595111,106.01966094970703
2.75380173901167,31.169891357421875
-2.8447496930443927,161.480712890625
0.0285872237409883,-104.24090576171875
-73.5286754265322,-42.590728759765625
7.285509446842615,60.085044860839844
6.72046542688671,492.9671630859375
-6.19730890695259,-25.262672424316406
-16.4599719883519,-26.997831344604492
-10.288292260688207,573.8920288085938
-10.285920522724917,91.85924530029297
-30.8171784242839,-56.37274932861328
-4.65691689928222,-129.60211181640625
-37.1716279374795,7.640495300292969
-36.50577458359941,-37.06470489501953
0.7942566624333496,-242.5391845703125
-34.8552692363716,67.50495910644531
-2.491707941339629,-220.24539184570312
1.7387039934851498,96.52790069580078
18.9715733525152,124.24395751953125
-13.8996269060666,148.98793029785156
4.17561229224804,-94.74238586425781
4.7680640763497,26.381622314453125
-6.745372906074374,0.7333984375
7.262818938793504,187.97216796875
-55.7541546140486,9.836040496826172
8.453421074249384,-10.2086181640625
-5.85807143580148,-91.22830200195312
-52.7336020518746,52.618709564208984
-1.995826789875676,128.30978393554688
-1.3326443092463092,-24.428424835205078
5.029017096161708,-23.522777557373047
-0.71117494174041,-61.736419677734375
8.243548509216069,-146.38748168945312
5.81602235619721,-248.743896484375
5.978124919049687,-8.913761138916016
-2.8859593337581737,-232.517333984375
-26.0047332498617,-69.79151916503906
-1.5220929784942658,168.211669921875
-3.195242757261453,-1.0413818359375
-15.0089303719363,-52.86597442626953
-1.757118944268968,4.261379241943359
-13.5091075877696,-352.5163879394531
-4.0681667574955,86.85884857177734
4.43276114617859,-57.4229736328125
-4.665207913971671,-94.23936462402344
7.33919324558513,187.34326171875
-11.69780882660921,116.84756469726562
5.960801203295765,31.513381958007812
-29.9162730471743,76.90582275390625
-5.331847529263395,-663.9075927734375
4.2006804390709,-27.97296142578125
4.76541245752904,196.65621948242188
5.87221574658101,-417.094970703125
-12.955988512618,-648.697021484375
-14.4061745570978,64.836181640625
13.644333664082708,128.51712036132812
7.522446474796843,-1052.11474609375
2.858782897786812,-596.41650390625
-49.8653288018085,-113.31362915039062
-4.029904705212941,-17.678131103515625
-6.2026319104393295,51.834007263183594
4.452168509343501,50.46665573120117
-16.475900892606802,604.8256225585938
-11.03094492075089,101.56006622314453
-8.08045020128908,60.708251953125
1.39259946716825,-71.06265258789062
-14.885807229381896,-92.16654968261719
-11.113180908425988,-49.02631378173828
5.506094216928792,123.9765625
5.29091659278858,31.40094757080078
3.42106467876526,170.27931213378906
5.162821279449693,-53.74496841430664
6.020551076354931,64.09162139892578
0.8086942897832163,-640.30322265625
-8.80546181278599,10.472724914550781
-7.42349600405968,-448.99066162109375
-14.4731176558811,4.014553070068359
-35.5448186771701,13.835800170898438
-1.657597602265355,84.53388977050781
-1.930224441335125,-273.34649658203125
-10.398648228661925,-111.02886962890625
-1.6521884315998507,14.424957275390625
1.3131129859732091,-601.32421875
-0.1240821746904601,-26.746475219726562
-35.1709788883515,-48.16261672973633
0.6771989561182002,58.995643615722656
-5.8677981963370005,-96.1644287109375
0.7982616963508231,48.217437744140625
2.595279020812243,80.23978424072266
6.9472187772133225,476.6524353027344
-41.1395198834054,-172.7618865966797
-35.4604736838065,-34.71458053588867
7.87379173269718,408.25958251953125
-8.72128086410909,42.404056549072266
-82.13826531723697,86.09664916992188
-9.70693692529289,17.952903747558594
-61.4386715672369,20.40680694580078
7.10938257895085,366.161376953125
0.4007388327427847,-955.65283203125
-0.7455370396145937,-23.630844116210938
1.674966057420845,84.18344116210938
11.877856996640997,85.15689086914062
-0.9096556467231308,75.24314880371094
-1.4680391508473674,-19.317935943603516
15.6414782015599,-18.41153335571289
-10.35739215730591,-77.0350341796875
1.926107182225645,156.1944122314453
6.99756701325662,98.52372741699219
3.54836143321337,17.712892532348633
-7.726553411266567,-202.17489624023438
-48.51478094223695,-56.513328552246094
-3.0453156276270903,-123.6141357421875
-3.454798154796729,-5.997953414916992
9.503977484174175,13.359306335449219
6.001532732018722,33.170623779296875
1.775572054007981,248.33230590820312
-2.6871577689602653,32.439247131347656
-7.920344649869953,-25.58658218383789
2.578081311550471,10.424652099609375
-14.434457477598505,-92.63369750976562
-1.338045882914232,81.04843139648438
-44.1817825469333,20.996471405029297
2.4314234692194163,31.7156925201416
-2.35314836228574,42.73649215698242
-2.07036107592124,-63.46578598022461
-6.560167066336443,-28.578643798828125
-2.54688332955635,-370.17059326171875
-7.940842049461227,-177.78079223632812
-7.789052707582185,45.42094421386719
-1.4295761119406232,-411.5180358886719
7.206977941743588,-286.1380615234375
-4.081394009803599,63.351806640625
-30.167243616457,1351.2392578125
11.7225687296843,-27.492538452148438
-0.8984319813221007,2.509735107421875
10.349523074958825,-290.38201904296875
5.42147270471237,-101.86184692382812
-0.3136273830120112,-129.4702911376953
4.398848813602776,18.841060638427734
2.099307195887115,89.13619995117188
-61.6890402284636,217.09567260742188
-7.08434802004719,-111.63060760498047
0.6962467393230812,-35.061153411865234
9.0758909366509,36.29547119140625
-1.9263965715605047,2.0293197631835938
-6.262949496708321,92.77055358886719
-4.739766082030863,539.0164794921875
-36.8822022827233,-160.71475219726562
3.24770439300306,-32.3114013671875
-2.289513933263135,-43.54893112182617
1.41805545618482,-132.33633422851562
-24.4432878855492,15.742904663085938
-24.96156751119129,312.2503662109375
-7.734574598544068,147.43350219726562
2.79124989437018,-116.79945373535156
-5.17831154550348,-51.80003356933594
1.5275640312561216,-11.398014068603516
3.682989905065457,1507.37353515625
-10.8237586662752,-166.68487548828125
-6.929951553081727,-73.60924530029297
-27.96215708599589,9.6065673828125
-2.88087637063392,161.58154296875
-5.960419628776203,147.9974365234375
-37.189874708633695,193.0584716796875
1.1496085756031087,-123.44270324707031
-12.7137936794919,-75.23074340820312
8.398744223780918,7.643768310546875
-33.3004252633332,8.129608154296875
9.144089281431205,122.10252380371094
4.065326821312747,-118.4130859375
-41.9047429025821,-55.141754150390625
7.383552345763623,-32.634178161621094
6.364261125349779,59.12690353393555
4.841793570156368,471.3867492675781
1.6198341998494314,-28.85015869140625
4.179707781567577,-99.21659088134766
-14.7229944429405,-290.80810546875
7.078924552126015,-88.39571380615234
-12.898019313824,-18.502971649169922
-70.8116033690518,-40.334373474121094
12.7359625054994,-36.169822692871094
5.586124430090477,-96.30553436279297
3.028467183462371,-115.18453979492188
-5.830142578087577,55.793235778808594
-22.6841489367301,-468.44073486328125
-1.51657819068512,431.089599609375
-81.52648016021857,1035.396240234375
-3.36903782007548,-370.2232666015625
-18.707844022,-313.396728515625
-34.48768519828235,-2.063915252685547
-39.7169735486916,27.954971313476562
-1.593720937577549,13.972034454345703
-23.2954444871652,-12.640541076660156
-45.30258920076982,-106.6611328125
12.5056328567953,25.665691375732422
-11.9299972333177,-72.58302307128906
-37.9495035857927,381.44482421875
0.7001962140772594,-1.4598064422607422
4.49418879319923,1049.90234375
-39.0646563811545,19.204559326171875
-9.09730633851708,65.51637268066406
-17.5589533745204,10.522506713867188
-4.92782811871599,-131.820556640625
-8.2299173561342,-51.03611373901367
2.60625970962018,-654.9703979492188
2.726862934921635,-9.436561584472656
4.071661498679735,-38.6480712890625
-13.2494383747796,31.061954498291016
-11.9154244975033,-105.25759887695312
0.9090871567987184,84.63204956054688
7.92708077877978,125.84860229492188
-3.119647295186995,-12.539478302001953
-2.248378586620203,-34.234771728515625
1.6646916021852596,-89.3073959350586
0.1590569364430157,79.74508666992188
-77.3623903172369,29.16919708251953
15.8859560938761,91.61701965332031
-3.11888044241469,-119.2734375
-2.7468186065138984,-14.585905075073242
2.77922195660905,-445.783447265625
4.052279150357491,-47.09706115722656
-4.03806373695381,2.0919723510742188
-2.4461467814868523,-693.02490234375
-0.1639564470097907,-234.19850158691406
0.8542168432631491,-73.81402587890625
5.84905996845087,54.174560546875
-5.77665564868809,-552.5028686523438
-3.7008288999313423,-623.9176025390625
-7.18713065449027,-178.34475708007812
-0.9529303605806088,101.75811767578125
-15.902118442879,168.83230590820312
-28.0636361890057,-654.8319702148438
-26.912205886836706,-1.2908401489257812
8.596988309863011,-3.6858577728271484
0.2877587512502297,59.98834228515625
3.3899996482015826,-95.98388671875
-20.5869014386951,88.13270568847656
-9.341800010912078,-133.324951171875
0.1692077246922899,69.16704559326172
-1.857666460494741,-630.262451171875
-13.2752747780792,-35.202491760253906
0.7445982178878973,30.19983673095703
4.49646859469848,-70.69775390625
3.60913262992784,-35.54705810546875
-5.653435188749545,134.04908752441406
1.51502173443586,-45.22389221191406
8.143116180793372,26.828140258789062
-8.36164856265281,-92.45579528808594
-1.130678948105339,-116.33184814453125
-4.349210006555943,142.53892517089844
0.2594141505344826,-35.473472595214844
-32.1283374054069,-584.997314453125
-1.9051378030600723,7.870037078857422
4.768047800449637,45.39544677734375
2.264898495983479,-7.960884094238281
-6.47138721063866,-278.3818359375
4.93167956005568,174.30006408691406
2.4851768276660025,-36.388038635253906
-3.930469946192945,104.12092590332031
11.923948375295712,-13.393486022949219
11.616605850275496,103.25349426269531
10.41580460128629,-155.88095092773438
-8.700462669667385,-95.59677124023438
13.1991243046288,-58.11636734008789
-4.75101729862813,-146.13417053222656
-1.4230966237807086,-266.18218994140625
-2.07861348348741,-10.611669540405273
10.292368565007404,-246.61241149902344
1.9007667723773176,56.95756530761719
17.1612744381531,-136.81507873535156
-0.1428452494230792,63.82502746582031
2.4933992323843923,42.17035675048828
-13.861300672159,112.41018676757812
-1.7943154401891548,165.70787048339844
-4.15624175439773,-224.68466186523438
-14.277645616907492,109.10142517089844
2.713132201978397,283.9391784667969
-13.315456279797685,72.21355438232422
-5.36204355968609,521.0936279296875
-1.4872271509121793,-71.82171630859375
0.31232235517322,-559.20166015625
3.0307168501552093,110.56466674804688
3.4484762474106,95.19677734375
-34.0729170807354,-78.3589096069336
-25.0659802428987,360.3247375488281
0.86771933446589,-347.897216796875
-11.996919710325,227.642822265625
17.2594267615487,193.14410400390625
-56.2560888739038,5.050178527832031
-12.7386491421071,-57.87439727783203
-3.520787796436005,-206.64874267578125
-0.8014467498558491,88.93408966064453
-34.7812340468876,-1477.193359375
7.158235365631607,-56.25779724121094
3.29681579894721,176.81126403808594
0.046018285265003,51.12940979003906
2.046344769010002,341.1304931640625
4.25403099118957,-24.635772705078125
3.7804230286959792,-44.89056396484375
-3.773219093074008,185.45401000976562
-9.722403045722997,748.8336791992188
2.81101468536903,8.386260986328125
-23.7494411406013,21.93307113647461
-75.56229656723696,-19.30561065673828
4.366245372711767,59.45219039916992
9.94612085382829,108.08086395263672
-8.207132148775708,-33.68013000488281
-3.09775596823669,406.3619384765625
3.77256113899207,96.17588806152344
0.2016574678685985,237.23956298828125
4.38808277416547,756.299560546875
3.7092867134231,-109.88274383544922
1.6740112862957208,-533.94091796875
-5.472376660417956,-99.42821502685547
12.283123760680592,-19.411006927490234
4.417989059347175,-5.5635986328125
1.907333647224608,157.92921447753906
-3.73521146317182,-104.04693603515625
7.837521570550837,170.97930908203125
4.82455755953161,-142.18734741210938
-0.6472060937938101,-36.0626335144043
-8.237956686764985,-105.23283386230469
7.36579899286375,-31.14342498779297
7.859716520666763,-75.97715759277344
2.765011277030255,604.4866943359375
4.62415639298937,-20.785499572753906
6.430237727930085,229.29713439941406
2.44728958086436,-323.1097412109375
-1.93656353174353,-58.04814147949219
-33.7845903951132,-99.41645812988281
10.960301672714698,-4070.31396484375
6.147225205740463,109.25940704345703
2.4659746492236927,39.876129150390625
18.2642273209106,29.282611846923828
7.656482330373112,-123.19353485107422
-63.2346715672369,-43.59090805053711
-22.9610154952969,122.52809143066406
4.39789099231211,-35.160648345947266
-46.587141393021525,22.70169448852539
-12.281506448986304,76.02662658691406
5.220668557811489,-127.947021484375
-1.4412632820262703,-88.19990539550781
-35.163016426576704,207.563232421875
-31.380009974583203,-71.14178466796875
-40.7258600860177,-251.5448760986328
-35.3994683825842,-69.64704132080078
-10.968565079401992,-4.955028533935547
15.384553292915324,-76.18392944335938
-0.4271227388875901,110.0774917602539
-7.69948364751984,0.9797306060791016
-26.6822467124322,-71.0377197265625
-0.2823200449385875,55.21342468261719
-3.8453528225106623,-104.42481994628906
-2.4599041427842496,-7.173118591308594
-12.7315114055493,158.8062744140625
1.418014053180695,-75.41375732421875
-3.4922781726655696,844.6757202148438
9.58062385928767,-170.297607421875
-17.5801214502402,21.008041381835938
-49.5120706514507,232.7373046875
-0.4503474699443348,24.02225112915039
2.332279780348585,461.90966796875
-42.2483635713802,46.41651916503906
-5.00028834575103,-131.69442749023438
-5.14141487663266,-82.9168930053711
-19.923371510770203,59.30862808227539
4.28301459624688,93.59262084960938
0.3224388648416145,-122.94932556152344
6.795393661635613,914.024658203125
6.720388221210122,-74.25010681152344
-20.7558388881914,697.190185546875
-12.5922662394529,65.67749786376953
-5.19085420781142,-39.51417922973633
-27.3858072066324,-116.21734619140625
6.488490212037078,33.5853385925293
-12.5233171201947,-3.78851318359375
0.996650643215182,63.55533981323242
3.27144637329635,-113.48148345947266
1.203208947199059,174.87884521484375
4.5031585012656095,414.863525390625
-46.6686841099013,-142.8089599609375
3.600655729290548,-39.92665100097656
-2.7077151362496297,45.391357421875
-42.936846127142296,-69.60211181640625
2.679404112105611,30.01469612121582
-23.975827854410426,577.4205322265625
-24.4869919201538,-42.53981018066406
-6.22433036882608,-53.282806396484375
-24.992167376126925,-77.01411437988281
-9.742168339465294,425.7147216796875
0.1235817830644999,-19.060874938964844
-11.607028837624,125.76422882080078
5.321680837772678,-90.04374694824219
3.3452637215970498,2968.6728515625
13.015759276594096,-0.09038925170898438
-6.13466459150186,558.044921875
3.0897024917955025,-251.0343017578125
3.557691046156,52.56195068359375
2.0008593011464906,-70.65513610839844
-1.2671721747064446,19.65138816833496
-2.989164004622407,-79.85582733154297
-2.43808381047612,9.658763885498047
-11.30813578108209,-577.9833984375
-9.619042312244815,-178.546142578125
-4.01456885639382,-275.48388671875
-4.853312003098937,-51.444061279296875
2.78743688363977,-252.9888916015625
3.6035536346157695,-980.35205078125
6.09033976794457,183.66549682617188
-5.89266438028177,-8.973115921020508
4.780848076735348,22.609451293945312
-20.7592210135025,8.865728378295898
-3.637071869773312,-113.21658325195312
-4.396710286499547,13.532646179199219
9.04709717330502,40.04002380371094
1.69213972357191,-123.58162689208984
-27.068723822751306,-656.889404296875
0.2886204877907422,-41.577117919921875
-0.592182005541919,-43.57949447631836
-4.736229867816737,36.07832336425781
7.877641553655238,87.3671875
-2.588665914009158,-0.11686325073242188
4.72846919446815,94.31449127197266
3.42669038506664,-2.352466583251953
-10.274169876330886,-747.34423828125
-1.289264920121349,64.619384765625
-6.9648772325347394,-5.0729522705078125
-1.2236747050651609,-56.123023986816406
-12.208208404490907,10.006332397460938
4.40921359309415,-800.4652099609375
16.4171583068458,1.9731674194335938
-15.991582533821994,10.686378479003906
7.809600001042748,-77.04812622070312
-3.0331069492891496,117.79193115234375
2.603164662477901,26.852020263671875
-24.2572199033326,-387.20751953125
13.667582002208905,125.2615737915039
8.19307228691883,69.83538818359375
0.4664503305112299,36.23834228515625
-6.46133524603972,-207.26644897460938
-19.7520332208299,3.4284515380859375
-7.75971004909346,-76.57525634765625
7.66334596528203,37.59488296508789
-27.64770126959135,-25.255859375
2.125547882163602,-391.79522705078125
-1.8239337240231768,-14.156402587890625
3.3696784995100426,-189.68496704101562
5.265272900492549,82.34260559082031
6.753311816554961,78.78189086914062
0.9434331950199416,-187.9508056640625
2.13745295521649,-106.76212310791016
2.76912169862866,129.11676025390625
2.409764321136161,-282.8214111328125
3.7606671418030695,65.97348022460938
0.555665600488549,-11.321121215820312
-89.04756219223692,-148.41897583007812
6.987950206462267,-129.75123596191406
-10.09410467002709,-124.72976684570312
8.16191414696451,108.25749206542969
-10.731303688850904,9.988273620605469
7.588764503474316,-77.69488525390625
-5.25293160621848,37.82536697387695
2.3065604778561424,-71.49063873291016
-3.8022266666193874,8.14434814453125
3.22816419080692,185.1723175048828
1.1941842843275,-68.75076293945312
9.772192422094813,81.65711975097656
-2.489313079893845,169.86517333984375
-13.547300817594484,48.064002990722656
-1.5403494549472296,261.71478271484375
-5.139364658294922,48.80291748046875
-1.32131943338233,444.26611328125
-0.5284321769112605,-95.37312316894531
0.1119561526876595,252.5864715576172
14.8508222506114,1.3090896606445312
-0.0918051514147744,28.2762451171875
-1.7237618714553775,116.15864562988281
-1.5699354762224491,219.5226287841797
1.5718362711845366,-142.43521118164062
3.58036180553514,10.932502746582031
7.45084701577923,90.9146499633789
-7.378812419643663,-57.90668487548828
-33.1832620874725,-238.3898162841797
-6.066411004621831,7.573406219482422
-16.4910721624856,560.08642578125
0.8267526169764301,132.20126342773438
-9.762453719841735,-25.334564208984375
8.07102955700163,-36.227134704589844
1.741670982094262,-40.1512451171875
-0.0053525606393112,1460.94189453125
-51.4043293278057,46.30846405029297
14.9415296965116,1363.81298828125
8.70853787657841,128.7482147216797
-2.149900469098629,6.540374755859375
14.8229623836697,20.680557250976562
-0.0379657812584102,1402.05419921875
-15.3173389528898,-105.53915405273438
-1.7663441991754285,284.29541015625
-6.708306328674888,38.22369384765625
-78.7451798053926,17.35907745361328
-0.5413656534735456,674.380859375
9.625121597198186,-61.89501953125
-3.15562863494722,349.50323486328125
9.60447820177431,423.36370849609375
-3.31847606547329,81.25435638427734
-4.12581810820042,-56.76154708862305
1.7706121017107803,936.133544921875
0.5117341060036625,583.5569458007812
2.63157412115867,-41.12152099609375
-4.763634360062484,1236.8985595703125
-11.18181257464061,936.732177734375
-39.4932668903457,120.51611328125
9.206200380526292,-94.3945541381836
-2.93911844531118,117.11189270019531
-28.13472322157985,-225.82913208007812
9.62907409316032,314.1116943359375
-7.042636248773623,46.12446594238281
-4.03025121975644,-128.8224639892578
3.42951329804928,-54.46172332763672
2.5565427438131976,-70.48167419433594
2.8513084033656,1231.880859375
-5.5623675139736175,948.95166015625
16.9968892380515,140.299560546875
-4.144685584269085,50.351234436035156
-11.221818720505304,7.6890106201171875
-2.111656589218961,5.400180816650391
-1.626797120535592,-47.93388748168945
0.7652624054000594,665.002197265625
-21.5531296050118,30.299442291259766
-13.053772031257305,17.392669677734375
5.42509465390903,-46.38916015625
-5.5186956836840375,-587.369384765625
-2.260381023139061,-24.961681365966797
-30.3377383335249,-14.957969665527344
7.380729755239978,125.88336944580078
-4.172986764275874,-21.64035415649414
-1.2036514942358316,70.08660125732422
-35.2906329121599,-167.55914306640625
-2.54595208771381,-395.73260498046875
-10.901275449743116,-69.54946899414062
-17.0078420331655,9.759632110595703
-17.0314498829154,88.25171661376953
-11.9784507557909,-190.59658813476562
-19.469018973061075,-12.116073608398438
-3.2142130797467816,31.367721557617188
-0.5663484394051013,-15.97967529296875
-21.2195468929047,228.67031860351562
8.077984978184695,300.2362060546875
-17.0119321722455,-12.5743408203125
4.67424026120176,-990.6800537109375
-47.9875704511971,92.89605712890625
4.316615136301563,-34.79541015625
11.2728180991378,-68.61735534667969
-3.5546157663424616,-57.42891311645508
-3.15887949932979,31.809967041015625
-1.6422791314174887,-92.66403198242188
-3.448025235667948,-19.41998291015625
-13.5632540546311,112.54747009277344
0.8825935384285006,23.697532653808594
3.27100049685324,48.28961944580078
-0.7762273913233743,86.26216888427734
1.026942322157092,146.441650390625
9.859104788483815,177.23121643066406
-1.9977872313530125,75.21099853515625
-13.1809903671301,-21.34961700439453
-35.1782981083837,9.933853149414062
-35.8337806803641,95.47138977050781
-7.639409008216227,-63.16090393066406
-15.746453943284,1.3322257995605469
1.055995951979529,15.012653350830078
3.987299411465438,1.9257659912109375
-37.0930621901092,12.506851196289062
16.694612728237402,68.54703521728516
-4.527979888097892,-78.0103759765625
14.6352674345898,-65.34217834472656
5.034618319433818,193.80892944335938
-3.77133000272187,-485.3642578125
-1.61504571199055,-146.40113830566406
-56.3663437951974,238.44903564453125
10.088450856398616,41.00579071044922
-14.285610883283098,219.63690185546875
2.6210618799141923,46.97021484375
-2.308732762121495,-12.127395629882812
-83.9761260280997,103.79991149902344
-1.03656181464744,-6.36767578125
10.16232173056559,-398.4739990234375
-3.12013961477547,43.63573455810547
3.010752586641185,-264.154052734375
-1.5178355576616795,73.919921875
-2.60072537807549,-22.694339752197266
-2.367312137177082,47.894004821777344
6.075310726130807,-290.985595703125
2.24572304437811,-1821.50927734375
0.2044267191685782,128.6127166748047
3.85944773684647,-6.101886749267578
-14.409506408843407,58.25111389160156
-2.683955047842884,906.364013671875
-0.0075038478591599,135.53866577148438
7.190050317883171,38.15260314941406
-2.1691769605730515,-5.869586944580078
-7.910003358009165,-3.590789794921875
-69.1366966634013,-5.509326934814453
1.437241653553571,56.22804260253906
-20.7409218490905,140.56085205078125
3.78247800369874,-139.17601013183594
7.909526276907584,60.70806884765625
6.097122298913325,-51.112518310546875
24.5800902168924,-10.808963775634766
-9.979741434164584,-85.49771881103516
3.1327986373042376,146.06060791015625
-8.393586343504198,39.83208465576172
8.678125432705007,194.3536376953125
20.7428439693387,98.99000549316406
-1.511416195100045,16.94637680053711
-23.3725501337939,63.3782958984375
4.69437535963172,113.57549285888672
8.24149319055937,-376.0609130859375
-0.2898522089969393,-36.390316009521484
-7.19378137939456,484.8367614746094
1.0271109700113177,-61.8547248840332
-14.564555056626377,946.5938110351562
-9.657849716236,-58.15483856201172
-0.7280966227290082,388.2498779296875
-21.8962191024866,-111.05017852783203
-40.2614734397264,-818.5765380859375
-1.77750068778882,-72.02639770507812
-28.3488859938485,1265.51123046875
-8.184373188662292,-41.642059326171875
-6.135426654744688,346.5211181640625
-3.270422191581055,37.61588668823242
-6.055427015859325,784.7021484375
-34.3143130117107,143.90087890625
-50.4820483838523,-29.979469299316406
-4.639593570653838,40.02655029296875
-21.0606958753072,-5088.30029296875
8.747205755218493,60.954933166503906
0.6884341878779402,-270.52301025390625
0.300408103033295,473.602294921875
-2.6184282494780104,-43.555355072021484
-37.3999740396079,-29.30365753173828
-10.594900847222812,334.5931396484375
-23.227454082363305,-26.56155776977539
-15.4814292943448,-340.85064697265625
-6.89310310865277,-106.89510345458984
-11.7962452523223,-47.777034759521484
-0.3887710448227697,239.160888671875
-4.0896099478500325,-187.98654174804688
-42.6579269422049,10.022876739501953
-2.095241650043551,-33.366764068603516
8.45389840526827,879.872802734375
-15.5157954828953,854.020263671875
-1.9802660997523944,15.750101089477539
1.8368511005450223,322.15283203125
2.11900133622217,-110.385009765625
-38.4962238749225,380.196044921875
0.8069046214032297,-19.5157413482666
-1.73607437190069,61.77598190307617
-8.46093254820262,20.362571716308594
-0.0780407432645869,-315.326171875
5.009535132419683,-132.36268615722656
-74.9399761386801,-5.536586761474609
2.806732553915905,-55.8536376953125
-10.415057364934407,-92.1649169921875
-4.81834176383161,-667.7904052734375
-1.4920816076829602,-144.25311279296875
-0.003939288658445,35.58355712890625
5.86288473591452,-153.26205444335938
0.4443344011282492,-90.1341781616211
5.72263802046558,-34.2406005859375
5.46583466116103,69.95858764648438
5.05355462238675,24.272048950195312
-17.190033530139498,24.74173355102539
-10.1192188918475,-103.98654174804688
-10.539071528779305,-57.078041076660156
0.2492257167476033,-486.475341796875
5.35198813185094,7.825181007385254
14.9823899147147,59.19978332519531
1.7336328627834918,96.99528503417969
3.2582764286422226,-391.9134521484375
1.1615369027166365,-66.483642578125
-42.4099588259267,-102.66220092773438
-38.7823663998969,-48.332088470458984
7.99575647038201,75.87281799316406
11.644495901203598,-231.3455810546875
-39.0956747424042,-159.48052978515625
-38.6438610292767,233.9891357421875
-40.5029244010595,120.10208129882812
-22.8644313188967,3.4202938079833984
-0.897066728281827,-124.54252624511719
-17.6830733389949,171.06277465820312
-0.0084306638066775,-212.20526123046875
0.5394390329931549,-61.14506149291992
-21.61387508166409,-151.54408264160156
5.053393098685065,228.97378540039062
-15.7834934865799,-160.04794311523438
-58.40351531723695,-93.07852172851562
8.86280218600469,50.99266052246094
1.888243484494037,-154.94403076171875
8.99923705482913,122.07131958007812
4.133325903305868,-139.21226501464844
4.774357664359128,-140.07151794433594
7.418770080750715,-62.34471893310547
-2.25262466719878,31.021800994873047
-7.071587649042333,-7.292980194091797
4.398742241377427,-101.496826171875
-8.692928400841772,360.525390625
2.334382802629,9.994064331054688
2.8274240704709,-47.28188705444336
2.1747311895065486,-274.16229248046875
-11.9965988914421,49.560935974121094
2.776867734737273,-106.26275634765625
-12.4595255596924,-7.066684722900391
18.5317724911246,44.41058349609375
6.86106163750481,79.85009765625
-19.1693792779686,21.388198852539062
-4.20883890972707,-36.1964111328125
-0.3530077955256401,-38.49460220336914
-1.6020246929696491,-36.62528610229492
-7.57557880794988,155.13037109375
13.9692836454661,4.897069931030273
1.289294757415069,-56.19565963745117
-20.3746494688195,-90.4852294921875
-8.044482691931467,-89.54322052001953
2.51340467963473,-9.803394317626953
11.0282847349576,28.55511474609375
-1.3944922949507652,613.9021606445312
-26.2706781913698,264.9622802734375
-71.7765711158932,-27.964920043945312
-44.2857422252861,118.08453369140625
-3.057699221935841,-119.23646545410156
10.116767222520318,917.7744140625
-46.9980356488569,17.49350357055664
-8.677497573270493,-199.04660034179688
-25.781275563237,98.74276733398438
-2.941164138388841,-96.34733581542969
-26.5692742661385,105.67160034179688
1.2555345380058751,-83.63265991210938
-0.810306898238276,-119.93960571289062
0.2404076931068699,12.235504150390625
-2.5590885431480426,25.863731384277344
-11.9846830308257,-33.884117126464844
-5.775806690181939,-39.46723937988281
1.9806048133258944,-24.791732788085938
16.618750626525,136.23757934570312
8.204494762209066,221.40213012695312
6.80321923705408,-622.6114501953125
11.710679650337616,-17.45818328857422
3.181253849239128,432.57666015625
0.90894434552881,-54.68402099609375
3.547124544521316,-123.4251708984375
-2.202886656443709,-742.2451171875
-11.133669865203094,87.77073669433594
9.328533024448705,-400.92437744140625
-0.7012610501602399,-90.0443344116211
-0.3170472839931941,-37.846946716308594
-2.3458288386735573,-82.89990234375
-26.1191329979098,-93.38653564453125
-2.33292598982445,1018.1143798828125
2.461922216333884,28.113624572753906
3.73205068567752,-5.64263916015625
-22.4462583852743,-790.7210693359375
16.899113604615202,1177.9130859375
-2.85382252753121,28.40300750732422
1.2705701336207027,397.70550537109375
7.960789166364423,42.97333526611328
2.71808902854303,-21.86382293701172
5.5273920092716775,-80.73573303222656
-4.11149235653684,-40.53874969482422
-20.9676231329802,1622.551025390625
-0.89184437235696,4.724113464355469
-1.2816619609782416,-57.05219268798828
4.85634828411675,-33.910621643066406
6.429854346358795,26.864675521850586
4.71112087372323,236.20175170898438
-30.7199022255615,69.079345703125
-3.8590388668775,-68.72265625
-10.6557437737239,-90.85758209228516
-13.4460672849668,-36.5881233215332
-5.527709296795018,-133.76016235351562
-1.876637029070265,-143.88848876953125
10.2532613363299,-249.7381591796875
3.00680128293027,-182.47486877441406
19.33685959748449,-100.42962646484375
-0.1058882282985149,-35.303077697753906
14.3436638764016,-39.876708984375
-16.1535771788668,37.12445831298828
0.9480162028997956,267.83203125
-18.5891767455387,-15.409805297851562
13.309934514349203,32.530372619628906
6.02246857213521,-140.58062744140625
5.16750826555368,-65.32962799072266
-1.0190872666435924,366.501220703125
-19.100904418149,2.101726531982422
4.743603615290096,159.42901611328125
-13.8157551615103,-17.101581573486328
-3.802611775309477,-15.92068099975586
4.30511943579503,488.08154296875
-22.482844278002705,-28.421873092651367
0.60779733849738,-57.62174606323242
17.8138573048897,9.256275177001953
-38.4626262988146,-41.255001068115234
-0.6089836493556324,-227.8229217529297
0.8617451361473882,-80.93949890136719
-2.40000424902785,2.4962234497070312
3.7078671714499096,26.607677459716797
-2.390619984667185,237.85845947265625
-15.559462368784592,12.778816223144531
-13.790764753514,-140.19979858398438
-9.325981865786185,-44.70555114746094
-58.4491138315396,-6.819576263427734
9.550892694239591,-198.0401611328125
4.435147085081137,-110.70294189453125
-2.3538192484503564,-144.89923095703125
-5.83438093189622,80.96957397460938
-7.10827059552493,118.5408935546875
-12.414939844598162,4.424324035644531
6.6154810826822,-80.34928894042969
1.3155747227446202,172.27536010742188
-2.56542276271332,79.1710205078125
-13.546032832554804,-51.42921447753906
-16.600339428286603,-17.641189575195312
2.9737175212081803,69.58354187011719
6.167862854629888,-43.99454116821289
-40.922076323723,-60.405818939208984
16.9349100756105,-175.78268432617188
-12.24911226903676,-111.12324523925781
4.867927463076468,76.42098999023438
-21.6327950573002,-21.936683654785156
7.11033993521173,50.57807159423828
-9.59094984812801,0.176177978515625
4.92186081619874,-191.76377868652344
-7.815562497274902,-33.11947250366211
-2.20364176327536,-2040.013916015625
-19.6754058911438,-49.11761474609375
-91.8886792382854,-138.3280792236328
-20.9507978903398,-21.966978073120117
-17.8084408175675,-157.83106994628906
-62.9612541332419,-48.103729248046875
5.598134989920393,58.74777603149414
-7.283890318199592,177.365478515625
6.1026124307435,19.212120056152344
7.42840635595139,-27.90420913696289
-5.179391847578812,-19.47987937927246
-4.873152982370568,37.82230758666992
7.276768036701751,103.68939971923828
-10.739322929783883,-158.42984008789062
-22.9219832537164,-45.54463195800781
1.5259403537211615,17.802474975585938
-44.7886924625105,-54.66847610473633
-3.72583443525641,-602.97021484375
-14.57002364123529,-118.52055358886719
-10.128266274366498,-125.97702026367188
-28.0249952668106,-381.10516357421875
-26.24662901330595,-47.35623550415039
-40.3645652505015,780.416748046875
-30.8056950922951,1.1168098449707031
-3.9552380984537248,2.5229415893554688
-2.1789667599796294,8.5462646484375
-0.5734820606807138,-49.4674186706543
-1.1617148968623687,138.1962432861328
3.42848617073407,-500.60748291015625
-17.4030551064212,-63.18646240234375
3.88109013796494,-61.5203857421875
9.400493271217616,31.000192642211914
-11.302161927872188,119.61405181884766
-13.3709137252944,-107.076416015625
-6.79658968512302,64.5452651977539
4.509456424718162,-9.949653625488281
5.45103123545738,-33.91808319091797
8.149714042401495,45.22087860107422
-12.909180343140196,38.01124954223633
-6.61979034735207,91.58232116699219
11.9978624338519,117.55500793457031
-12.53254789251529,-88.57813262939453
-8.36198121766124,-86.9894790649414
-4.361976736345532,-77.03205871582031
-0.1898191226144924,-21.22098159790039
2.3166834950764685,529.07861328125
-12.6203596574975,-3000.935546875
-1.207429910073891,881.4764404296875
-29.7403775200217,127.3527603149414
5.31082796058257,-66.10399627685547
2.97844031586002,-26.210948944091797
-12.533050119535002,0.4565544128417969
-5.8684323426223,19.68909454345703
2.391980620215489,36.94903564453125
7.73570234615748,-78.60710144042969
1.166748445159433,31.695125579833984
6.093529951556334,-168.88621520996094
17.709922444879297,-32.00032043457031
11.779516260068313,-120.40390014648438
2.4866177573815964,4.32257080078125
-30.89708550466269,10.21226692199707
-9.231606713935047,-110.05484008789062
-13.4089268865456,120.0705795288086
-9.06573754635488,-129.15713500976562
9.30630078585379,117.39727020263672
-7.156550033865472,105.4400634765625
-10.5414716495377,102.36152648925781
-27.8178569354009,-458.75140380859375
5.3817717725564,-436.87060546875
-35.155236696245,-38.57843780517578
-21.4141717786538,-81.14368438720703
-2.6053130644292946,-20.26488494873047
-9.953220777101093,39.910701751708984
-8.798237091769485,32.38356018066406
-27.6920167541674,-162.072265625
8.017093587799739,241.2587890625
-0.3550158381598589,20.034358978271484
-1.19024715514191,2061.256103515625
-3.2855896341823474,100.3446044921875
1.844566842421384,8.542713165283203
-30.7366736665872,-48.01175308227539
-11.338238855350506,-321.5986633300781
-1.059512617215007,15.249687194824219
-33.7712071062874,294.2373352050781
3.812227003524945,7182.37744140625
-2.8472026300298463,2.971141815185547
-21.5871320482388,-1.4331436157226562
1.845960760756301,673.3678588867188
9.06213659212517,-216.1118621826172
-13.950148061363093,-83.37237548828125
-15.1006814359747,-77.49092102050781
-8.65496498210776,450.40032958984375
-31.18852367408345,1609.419921875
2.35160533891099,-155.34262084960938
-7.06329362397977,130.96963500976562
-11.299328727708405,171.2338409423828
-5.73967918172164,-59.61497116088867
-4.062121175440552,-43.09937286376953
3.62056380925444,71.62086486816406
-6.512385872303066,-58.581024169921875
