Score,Pred Score
-13.812973987503693,-56.67462921142578
-14.6311710829416,10.434274673461914
-15.020937907067507,-103.68012237548828
5.61896917638109,-818.25146484375
0.1461877509898399,32.69370651245117
3.59745169898486,23.083572387695312
-6.72144892291601,-20.606117248535156
4.304204520484877,-210.86798095703125
3.37898618824583,-857.0726318359375
3.939818822274421,-457.148681640625
13.9953943577381,227.86224365234375
-5.39913759737588,-862.1205444335938
-2.204579993178592,-87.84375762939453
8.829561804598438,-82.66216278076172
6.01696699102072,-2.327808380126953
-6.376202369524528,-724.248291015625
-6.50906463316165,-29.2232666015625
-60.92137282626391,-103.21096801757812
1.99934019108803,-34.39289093017578
2.188685633501576,-37.01837921142578
4.07090957771029,-753.1092529296875
0.5211206139658471,-714.9754028320312
12.5580583918003,55.67851257324219
3.320229681965675,-681.3984375
-0.4381862293696001,-53.589962005615234
0.1752112379752922,47.56548309326172
4.123908949931413,73.1556396484375
-14.2382866820043,-72.68118286132812
12.966325580978296,6.960834503173828
7.692941411907634,22.115474700927734
-62.9031214125763,38.70349884033203
-5.800670766453999,-71.31134033203125
-11.705366535732304,-79.5726318359375
-4.786538605318405,-30.750545501708984
-82.4887013651952,-97.57308959960938
-8.251107402184557,-19.47821807861328
1.61677665352485,-87.9842529296875
-11.916211326129387,-5.561851501464844
-45.634880019414,55.556053161621094
-0.568998602339841,20.849021911621094
-12.147399114840605,30.141143798828125
-27.4476544011683,-39.38722610473633
-2.306526469902426,-41.60691452026367
-0.4835459876036119,25.075809478759766
-8.39479061793487,-85.2380599975586
-46.862925671502296,18.042404174804688
0.3837795244341289,25.47258758544922
7.184930267876617,-1606.8359375
2.8348518495029404,6.225815773010254
-9.859535687586003,-648.8193359375
-6.00025755794808,40.5
-4.764629840066975,-372.6786804199219
-2.377061578670744,-32.093326568603516
-2.0585753436264698,-62.72467041015625
1.1848602197973823,350.7061767578125
4.97603191479674,111.74566650390625
4.27399441028646,-125.05030059814453
-46.2372447228831,-49.319984436035156
-31.4759298257721,-445.364013671875
-50.1674018945849,32.609954833984375
0.9601515747159592,21.549470901489258
-11.864177458483407,123.14784240722656
-0.538262620928304,-14.620750427246094
-0.6920482116816997,-4.292303085327148
-1.5184696160120892,-64.43035888671875
-3.0836644409391925,40.33953857421875
11.316750179392892,-9.112336158752441
-11.183106529127476,-7.488300323486328
3.59102041590596,799.3731689453125
4.55602013063716,18.257179260253906
11.579228393987275,187.35545349121094
2.3067635611900137,24.537803649902344
10.480393919522983,-110.82020568847656
-2.698100773809443,61.45866394042969
3.776985072333982,746.3116455078125
-11.773766374328297,7.737541198730469
8.681027307740193,55.05379867553711
-1.1091988250418725,-98.29439544677734
4.484288991501213,57.700225830078125
0.0548896546292299,-270.7802734375
0.1118559290339978,237.72210693359375
3.9797293996962297,-7.231876373291016
-22.42608065327665,31.961212158203125
7.37064384347005,-44.787994384765625
-0.2642143205483515,-40.706565856933594
5.344594984386832,249.98052978515625
-1.2497809936708242,-51.965049743652344
13.71198107208239,-23.507736206054688
0.5045482395984724,202.75076293945312
2.86709961553106,20.802335739135742
0.4423212163888063,719.5716552734375
-3.724573545179619,13.962230682373047
0.2570808252882703,123.88922119140625
-70.65073406723695,137.45095825195312
-33.9587360563784,-98.99481201171875
9.2088386022025,84.12938690185547
1.3318185914773402,679.57373046875
-9.176001953270983,-13.27668571472168
-10.497767159210698,-102.10440826416016
-0.4402086584014632,-11.524032592773438
2.1560784090827942,37.353919982910156
-27.1636490162131,-3.8654184341430664
-0.670930828719279,43.761043548583984
-22.794043146736,41.323509216308594
0.8105828534072201,270.6848449707031
1.2287673509824204,-57.30247497558594
-0.6435038581465955,257.7525634765625
8.474782023793379,-20.126617431640625
-9.601847091024196,482.851806640625
-1.6610011043127195,42.85884475708008
-0.1091636509260827,0.5254859924316406
7.570838092245207,-64.45044708251953
-7.211196994815285,65.27871704101562
9.090654061652296,261.06268310546875
-26.6651088566214,35.5499153137207
-17.309192174305,79.30403137207031
4.14054171285972,125.64839172363281
4.097668935846943,-123.74319458007812
-0.29408409265346,-24.785947799682617
-35.8165916579592,120.13350677490234
10.898098675545494,-70.55281066894531
-1.6552655274048038,-81.72190856933594
1.6729502580778592,-26.126815795898438
-6.42491227706334,-80.96711730957031
-15.4752611754195,-30.94646453857422
-0.6907348474047925,43.18304443359375
-21.3629045873375,36.022308349609375
4.219145585451182,70.88276672363281
-3.019531285218114,-173.39671325683594
4.25311060075082,15.155101776123047
-15.0412339008878,-129.24429321289062
-8.237627320974727,164.14129638671875
-1.0683487237199796,-119.93099975585938
-1.7174251595272625,-153.38731384277344
4.069163600073605,-7.695644378662109
-10.162041561092582,-11.580322265625
-5.97248436581227,-17.05565643310547
6.120538767403939,-70.08769989013672
-0.8028238008287005,2.3310585021972656
-23.6042929930625,24.849468231201172
-0.1777753404752198,34.93988800048828
-5.785469568057495,-101.61824035644531
-0.0556983764780604,116.79882049560547
-25.4508968849616,-159.120361328125
-5.3185412482723295,52.98063278198242
9.1356503291117,81.36796569824219
4.020569536845237,109.58085632324219
-58.5527340809363,20.815166473388672
-6.291328737399075,-35.38671112060547
4.187869588752649,-536.2070922851562
8.922207576391518,-52.55015563964844
22.7414116448382,-56.844486236572266
-44.6057608529879,26.6678466796875
-26.5129077898497,-82.35076904296875
-2.13735826282737,12.227142333984375
-1.14890133483728,-22.23455810546875
-15.2234416939723,18.058895111083984
0.369316059642221,201.944091796875
-0.6884117876070912,-103.61913299560547
-5.8772631055401,274.51690673828125
3.6053774296538297,14.424485206604004
5.07108724357905,26.780162811279297
1.292753014965791,101.80277252197266
8.440986836263871,70.43360137939453
-3.43040335892423,-512.1842651367188
0.7651079053562314,5.081145763397217
-37.13962469223695,-462.1280212402344
-5.822632503482525,58.65765380859375
-6.879472048396067,-89.3738784790039
2.11024229353816,118.57862854003906
-7.1526743450051855,-29.408432006835938
-1.122073026503361,-25.210193634033203
0.3302260274555297,-46.83641815185547
-1.178255647098801,148.40814208984375
-2.99361591491145,-172.195068359375
-18.1070051290659,-94.58716583251953
-3.0332808194811403,92.14071655273438
2.6303171850506604,-93.82795715332031
-9.72499716390718,72.96846771240234
0.2729453578388601,-125.47042846679688
-21.4503408223732,-107.99136352539062
-4.99755531471552,10.813011169433594
-18.0018409950579,101.08027648925781
4.00031385473591,92.63346862792969
12.0378145652987,-1179.523681640625
14.1235470599023,-51.8988037109375
6.55729051148795,-139.0181427001953
11.19992297656359,104.7430648803711
-7.81388191369781,-24.59414291381836
-2.924593214648255,-120.96614074707031
3.7667366885646025,-9.664016723632812
-6.68253431604433,186.3695068359375
0.7345204104922589,5.348670959472656
-10.626155896203898,-84.83354187011719
8.106852576346123,45.28572463989258
-58.24412469223692,43.86518859863281
1.4955767028094,-112.2607650756836
-17.6906096863185,93.53611755371094
-4.813871520282443,-8.149391174316406
-11.8973420493851,-271.080078125
-2.67676896274171,-17.769073486328125
-3.9331393974605526,-148.9559326171875
8.756217929094177,149.8831329345703
-29.2662792150344,20.497634887695312
1.7249239205326918,43.35953140258789
-6.686975812883663,-28.018360137939453
11.10272802991041,-1.0304183959960938
-10.956818171714705,-17.89902114868164
-6.3500959185649,9.695327758789062
0.6681105368389735,-938.9671630859375
-12.500029270357295,558.8392333984375
-2.591242863373206,-61.7127685546875
5.954690473588823,79.16297912597656
-43.929359067237,61.25959014892578
-17.4841411730512,-42.45320129394531
3.61441892535489,-79.43035888671875
2.1112971208509976,13.819279670715332
-41.8026500314277,-13.026681900024414
7.028135642932115,97.63806915283203
8.463248256721428,130.3956298828125
-13.037072413777096,-34.25189208984375
-1.6307504375632549,87.23257446289062
-0.3284521577656807,113.27592468261719
0.4685622181175212,-7.012544631958008
-5.316952415477393,-746.7872924804688
4.584421564331302,30.40191650390625
-20.3593816575191,543.9208984375
3.67041582610247,-31.55047607421875
2.204062447972561,52.297061920166016
-4.666937653128132,85.52755737304688
-12.3781694316975,-97.76736450195312
7.06923762363823,1299.15673828125
-37.2883298194418,-45.52867889404297
6.442434166934048,-130.22372436523438
-12.2162083245621,34.16759490966797
-20.3623076046531,-30.406356811523438
-5.45440876641342,15.384273529052734
3.1416241584890576,-2.5285491943359375
-4.96580172718434,-9.643444061279297
-37.4061766871973,53.89091110229492
6.46185690649625,1.2365570068359375
0.5403453062071405,251.47462463378906
8.656689402528613,30.772994995117188
12.331931266595111,-69.50430297851562
2.75380173901167,-0.1631946563720703
-2.8447496930443927,124.74070739746094
0.0285872237409883,839.767578125
-73.5286754265322,-59.89949035644531
7.285509446842615,1.9719696044921875
6.72046542688671,131.99664306640625
-6.19730890695259,-5.195220947265625
-16.4599719883519,44.55188751220703
-10.288292260688207,-510.23846435546875
-10.285920522724917,18.03786277770996
-30.8171784242839,-26.536357879638672
-4.65691689928222,-534.5634765625
-37.1716279374795,-113.91658020019531
-36.50577458359941,56.54472732543945
0.7942566624333496,75.9417724609375
-34.8552692363716,-48.544010162353516
-2.491707941339629,-54.911624908447266
1.7387039934851498,12.584831237792969
18.9715733525152,29.087326049804688
-13.8996269060666,-0.6890792846679688
4.17561229224804,30.105426788330078
4.7680640763497,-90.00994873046875
-6.745372906074374,-341.74542236328125
7.262818938793504,-515.72900390625
-55.7541546140486,100.01054382324219
8.453421074249384,141.9274139404297
-5.85807143580148,-130.8571319580078
-52.7336020518746,58.81485366821289
-1.995826789875676,-94.4718017578125
-1.3326443092463092,99.44879150390625
5.029017096161708,-51.542449951171875
-0.71117494174041,12.202474594116211
8.243548509216069,35.168312072753906
5.81602235619721,43.8883056640625
5.978124919049687,-62.08715057373047
-2.8859593337581737,40.28929901123047
-26.0047332498617,25.42563247680664
-1.5220929784942658,154.95199584960938
-3.195242757261453,703.7731323242188
-15.0089303719363,-27.909317016601562
-1.757118944268968,52.89326477050781
-13.5091075877696,-307.19580078125
-4.0681667574955,0.6074981689453125
4.43276114617859,121.99894714355469
-4.665207913971671,89.49560546875
7.33919324558513,-102.64584350585938
-11.69780882660921,-62.39472198486328
5.960801203295765,30.182090759277344
-29.9162730471743,103.35838317871094
-5.331847529263395,107.5543212890625
4.2006804390709,-35.066184997558594
4.76541245752904,-52.23408508300781
5.87221574658101,-3148.28662109375
-12.955988512618,-279.14453125
-14.4061745570978,-156.32139587402344
13.644333664082708,-94.76708221435547
7.522446474796843,-355.2229919433594
2.858782897786812,-225.95046997070312
-49.8653288018085,12.069374084472656
-4.029904705212941,-80.595458984375
-6.2026319104393295,54.84199142456055
4.452168509343501,5.211655616760254
-16.475900892606802,-367.7537841796875
-11.03094492075089,5.945579528808594
-8.08045020128908,-37.53343200683594
1.39259946716825,92.53324890136719
-14.885807229381896,61.852752685546875
-11.113180908425988,-7.552970886230469
5.506094216928792,-24.927017211914062
5.29091659278858,88.85533142089844
3.42106467876526,-102.476318359375
5.162821279449693,24.96065330505371
6.020551076354931,17.249141693115234
0.8086942897832163,-3309.68701171875
-8.80546181278599,-119.61439514160156
-7.42349600405968,-35.02921676635742
-14.4731176558811,-30.112586975097656
-35.5448186771701,1.8555450439453125
-1.657597602265355,-4.520305633544922
-1.930224441335125,-127.62759399414062
-10.398648228661925,-27.591350555419922
-1.6521884315998507,-63.261016845703125
1.3131129859732091,361.89544677734375
-0.1240821746904601,-34.219791412353516
-35.1709788883515,-38.471221923828125
0.6771989561182002,28.44123077392578
-5.8677981963370005,48.13527297973633
0.7982616963508231,-70.89519500732422
2.595279020812243,-14.275039672851562
6.9472187772133225,-100.40381622314453
-41.1395198834054,-0.6170654296875
-35.4604736838065,-29.846961975097656
7.87379173269718,-86.48980712890625
-8.72128086410909,51.37345886230469
-82.13826531723697,-39.053897857666016
-9.70693692529289,-56.51899719238281
-61.4386715672369,-35.24674987792969
7.10938257895085,96.63052368164062
0.4007388327427847,-611.8814697265625
-0.7455370396145937,-50.032283782958984
1.674966057420845,-61.30424499511719
11.877856996640997,-69.95075988769531
-0.9096556467231308,-51.46553039550781
-1.4680391508473674,-4.963630676269531
15.6414782015599,-59.14189910888672
-10.35739215730591,-492.3257141113281
1.926107182225645,40.0615234375
6.99756701325662,63.670433044433594
3.54836143321337,-3.8386154174804688
-7.726553411266567,-33.17509078979492
-48.51478094223695,25.074623107910156
-3.0453156276270903,-373.05517578125
-3.454798154796729,7.332324981689453
9.503977484174175,37.839073181152344
6.001532732018722,1.273773193359375
1.775572054007981,319.8565673828125
-2.6871577689602653,-71.51181030273438
-7.920344649869953,48.88325881958008
2.578081311550471,162.36045837402344
-14.434457477598505,23.841907501220703
-1.338045882914232,-25.61379623413086
-44.1817825469333,-36.49028015136719
2.4314234692194163,-67.22547912597656
-2.35314836228574,-19.909042358398438
-2.07036107592124,-23.15815544128418
-6.560167066336443,-28.382568359375
-2.54688332955635,-80.8509521484375
-7.940842049461227,41.83777618408203
-7.789052707582185,-42.27604293823242
-1.4295761119406232,6.2056884765625
7.206977941743588,-230.49462890625
-4.081394009803599,-90.76303100585938
-30.167243616457,-69.7515869140625
11.7225687296843,3.3092994689941406
-0.8984319813221007,-124.61141204833984
10.349523074958825,-33.328758239746094
5.42147270471237,35.35761260986328
-0.3136273830120112,43.63077926635742
4.398848813602776,-78.33601379394531
2.099307195887115,3.4014511108398438
-61.6890402284636,-80.10160827636719
-7.08434802004719,76.14251708984375
0.6962467393230812,-25.598876953125
9.0758909366509,118.3824462890625
-1.9263965715605047,-35.54740905761719
-6.262949496708321,-32.399078369140625
-4.739766082030863,950.302001953125
-36.8822022827233,-14.548660278320312
3.24770439300306,-16.26150131225586
-2.289513933263135,-62.98051452636719
1.41805545618482,-17.721446990966797
-24.4432878855492,-67.81437683105469
-24.96156751119129,-92.78961181640625
-7.734574598544068,-265.6783447265625
2.79124989437018,16.337764739990234
-5.17831154550348,-43.71040725708008
1.5275640312561216,55.119407653808594
3.682989905065457,3102.804443359375
-10.8237586662752,26.758010864257812
-6.929951553081727,28.302471160888672
-27.96215708599589,9.270523071289062
-2.88087637063392,677.8635864257812
-5.960419628776203,234.75567626953125
-37.189874708633695,73.89434814453125
1.1496085756031087,-28.764415740966797
-12.7137936794919,-27.278615951538086
8.398744223780918,-51.379966735839844
-33.3004252633332,35.47972106933594
9.144089281431205,-98.47047424316406
4.065326821312747,-137.37095642089844
-41.9047429025821,-37.11865997314453
7.383552345763623,-8.593482971191406
6.364261125349779,31.794408798217773
4.841793570156368,267.8948974609375
1.6198341998494314,10.468267440795898
4.179707781567577,69.70269775390625
-14.7229944429405,-2.1652450561523438
7.078924552126015,71.84199523925781
-12.898019313824,58.83572769165039
-70.8116033690518,-27.875900268554688
12.7359625054994,49.23704147338867
5.586124430090477,79.00712585449219
3.028467183462371,1.1302223205566406
-5.830142578087577,41.611595153808594
-22.6841489367301,75.25827026367188
-1.51657819068512,27.722881317138672
-81.52648016021857,-50.05244445800781
-3.36903782007548,7.306343078613281
-18.707844022,-506.762451171875
-34.48768519828235,62.76776885986328
-39.7169735486916,48.790260314941406
-1.593720937577549,21.51663589477539
-23.2954444871652,-90.59921264648438
-45.30258920076982,-9.071380615234375
12.5056328567953,319.8421630859375
-11.9299972333177,-44.25347900390625
-37.9495035857927,-115.40118408203125
0.7001962140772594,2.4675064086914062
4.49418879319923,1667.31298828125
-39.0646563811545,-60.12561798095703
-9.09730633851708,-32.48945999145508
-17.5589533745204,3.1351470947265625
-4.92782811871599,-82.54278564453125
-8.2299173561342,48.621036529541016
2.60625970962018,88.19927978515625
2.726862934921635,107.93623352050781
4.071661498679735,7.389505386352539
-13.2494383747796,6.400348663330078
-11.9154244975033,-0.7390670776367188
0.9090871567987184,-24.935440063476562
7.92708077877978,-14.395729064941406
-3.119647295186995,-72.32732391357422
-2.248378586620203,42.819698333740234
1.6646916021852596,-11.608844757080078
0.1590569364430157,-1.4369277954101562
-77.3623903172369,32.09949493408203
15.8859560938761,103.94274139404297
-3.11888044241469,-28.4952392578125
-2.7468186065138984,-63.475425720214844
2.77922195660905,-322.128173828125
4.052279150357491,-38.12007141113281
-4.03806373695381,6.717342376708984
-2.4461467814868523,-1938.0860595703125
-0.1639564470097907,-96.72300720214844
0.8542168432631491,-8.719261169433594
5.84905996845087,-54.91222381591797
-5.77665564868809,-0.054595947265625
-3.7008288999313423,40.0186653137207
-7.18713065449027,9.327713012695312
-0.9529303605806088,24.38803482055664
-15.902118442879,33.60926818847656
-28.0636361890057,149.96600341796875
-26.912205886836706,12.850996017456055
8.596988309863011,-16.984058380126953
0.2877587512502297,-96.92035675048828
3.3899996482015826,75.25857543945312
-20.5869014386951,-51.5693359375
-9.341800010912078,-483.23468017578125
0.1692077246922899,56.44445037841797
-1.857666460494741,-138.1168212890625
-13.2752747780792,121.0450439453125
0.7445982178878973,-30.561674118041992
4.49646859469848,-231.40472412109375
3.60913262992784,29.904521942138672
-5.653435188749545,12.862327575683594
1.51502173443586,-23.42580795288086
8.143116180793372,85.68074035644531
-8.36164856265281,15.085271835327148
-1.130678948105339,-22.70220947265625
-4.349210006555943,-12.561210632324219
0.2594141505344826,-38.67536926269531
-32.1283374054069,-280.06878662109375
-1.9051378030600723,18.175142288208008
4.768047800449637,43.04294967651367
2.264898495983479,-75.72950744628906
-6.47138721063866,-10.2169189453125
4.93167956005568,3.3892555236816406
2.4851768276660025,39.389198303222656
-3.930469946192945,-57.375335693359375
11.923948375295712,-11.022010803222656
11.616605850275496,-47.46112060546875
10.41580460128629,-74.34760284423828
-8.700462669667385,-58.983665466308594
13.1991243046288,50.353485107421875
-4.75101729862813,28.164295196533203
-1.4230966237807086,-1346.19580078125
-2.07861348348741,30.082725524902344
10.292368565007404,131.6475372314453
1.9007667723773176,-32.985069274902344
17.1612744381531,-51.67438507080078
-0.1428452494230792,-61.148441314697266
2.4933992323843923,-104.41348266601562
-13.861300672159,-35.049583435058594
-1.7943154401891548,32.10694122314453
-4.15624175439773,-95.45259094238281
-14.277645616907492,6.229362487792969
2.713132201978397,59.72418212890625
-13.315456279797685,44.99431610107422
-5.36204355968609,263.28125
-1.4872271509121793,-107.7874755859375
0.31232235517322,-522.000732421875
3.0307168501552093,-51.71550750732422
3.4484762474106,32.86542892456055
-34.0729170807354,51.943275451660156
-25.0659802428987,181.71099853515625
0.86771933446589,-453.7347412109375
-11.996919710325,109.19754791259766
17.2594267615487,-54.8988037109375
-56.2560888739038,-56.580047607421875
-12.7386491421071,-99.7394027709961
-3.520787796436005,-88.91334533691406
-0.8014467498558491,0.7581329345703125
-34.7812340468876,227.6365966796875
7.158235365631607,-70.63922882080078
3.29681579894721,-304.8542785644531
0.046018285265003,59.08592224121094
2.046344769010002,41.32836151123047
4.25403099118957,-18.080921173095703
3.7804230286959792,-68.23072814941406
-3.773219093074008,37.65799331665039
-9.722403045722997,721.396728515625
2.81101468536903,58.401817321777344
-23.7494411406013,-87.2029800415039
-75.56229656723696,-4.0718994140625
4.366245372711767,-62.678016662597656
9.94612085382829,72.36750793457031
-8.207132148775708,-29.71507453918457
-3.09775596823669,117.54678344726562
3.77256113899207,-65.63233184814453
0.2016574678685985,81.15458679199219
4.38808277416547,556.6092529296875
3.7092867134231,-71.587890625
1.6740112862957208,97.421875
-5.472376660417956,-78.11466217041016
12.283123760680592,-79.70293426513672
4.417989059347175,-11.497543334960938
1.907333647224608,-36.03730773925781
-3.73521146317182,-4.6991424560546875
7.837521570550837,-64.32632446289062
4.82455755953161,-94.31075286865234
-0.6472060937938101,43.51444625854492
-8.237956686764985,111.12037658691406
7.36579899286375,-58.32719039916992
7.859716520666763,11.70513916015625
2.765011277030255,397.9120788574219
4.62415639298937,-22.880704879760742
6.430237727930085,142.54774475097656
2.44728958086436,-124.60919952392578
-1.93656353174353,-50.86259460449219
-33.7845903951132,55.516258239746094
10.960301672714698,-3139.453369140625
6.147225205740463,29.532329559326172
2.4659746492236927,-62.94871139526367
18.2642273209106,-5.404918670654297
7.656482330373112,23.335330963134766
-63.2346715672369,-22.16851234436035
-22.9610154952969,59.75416564941406
4.39789099231211,-72.75627136230469
-46.587141393021525,14.741621017456055
-12.281506448986304,88.49832916259766
5.220668557811489,15.602554321289062
-1.4412632820262703,19.871700286865234
-35.163016426576704,474.5021057128906
-31.380009974583203,-76.31172180175781
-2.6184282494780104,-30.272937774658203
-37.3999740396079,29.450450897216797
-10.594900847222812,-111.19430541992188
-23.227454082363305,42.07195281982422
-15.4814292943448,3.0156402587890625
-6.89310310865277,-40.50396728515625
-11.7962452523223,-19.52703285217285
-0.3887710448227697,155.0197296142578
-4.0896099478500325,-98.61029815673828
-42.6579269422049,70.73172760009766
-2.095241650043551,-32.934906005859375
8.45389840526827,930.551513671875
-15.5157954828953,-34.51507568359375
-1.9802660997523944,-1.1867618560791016
1.8368511005450223,-208.61050415039062
2.11900133622217,83.98344421386719
-38.4962238749225,451.49041748046875
0.8069046214032297,-14.922189712524414
-1.73607437190069,-20.686237335205078
-8.46093254820262,24.55586814880371
-0.0780407432645869,558.8477783203125
5.009535132419683,112.71955871582031
-74.9399761386801,7.3103179931640625
2.806732553915905,-25.688600540161133
-10.415057364934407,72.76797485351562
-4.81834176383161,-71.26568603515625
-1.4920816076829602,56.71204376220703
-0.003939288658445,128.45689392089844
5.86288473591452,17.093809127807617
0.4443344011282492,78.50940704345703
5.72263802046558,99.68006896972656
5.46583466116103,54.125526428222656
5.05355462238675,-9.76388931274414
-17.190033530139498,37.07234191894531
-10.1192188918475,-83.69755554199219
-10.539071528779305,-18.078664779663086
0.2492257167476033,-279.44989013671875
5.35198813185094,72.12937927246094
14.9823899147147,96.9816665649414
1.7336328627834918,25.950489044189453
3.2582764286422226,479.7713623046875
1.1615369027166365,-32.763858795166016
-42.4099588259267,57.82048034667969
-38.7823663998969,-55.847511291503906
7.99575647038201,-38.817527770996094
11.644495901203598,-142.2908935546875
-39.0956747424042,2.0953445434570312
-38.6438610292767,-165.03024291992188
-40.5029244010595,9.175277709960938
-22.8644313188967,3.8646316528320312
-0.897066728281827,19.17237663269043
-17.6830733389949,36.810028076171875
-0.0084306638066775,24.420028686523438
0.5394390329931549,46.20986557006836
-21.61387508166409,39.173095703125
5.053393098685065,-231.98388671875
-15.7834934865799,-13.928176879882812
-58.40351531723695,104.09732055664062
8.86280218600469,82.66053771972656
1.888243484494037,21.051000595092773
8.99923705482913,47.44948959350586
4.133325903305868,-291.1576232910156
4.774357664359128,90.05268859863281
7.418770080750715,-78.19788360595703
-2.25262466719878,52.90119171142578
-7.071587649042333,14.283226013183594
4.398742241377427,-1055.68896484375
-8.692928400841772,-937.8325805664062
2.334382802629,-80.82786560058594
2.8274240704709,48.01580047607422
2.1747311895065486,43.57056427001953
-11.9965988914421,-18.682735443115234
2.776867734737273,-32.05443572998047
-12.4595255596924,64.89388275146484
18.5317724911246,-12.183523178100586
6.86106163750481,-72.88916015625
-19.1693792779686,38.983070373535156
-4.20883890972707,-10.696534156799316
-0.3530077955256401,83.97325897216797
-1.6020246929696491,31.944873809814453
-7.57557880794988,12.546401977539062
13.9692836454661,71.78044128417969
1.289294757415069,-0.18375015258789062
-20.3746494688195,0.853764533996582
-8.044482691931467,-23.874956130981445
2.51340467963473,39.65026092529297
11.0282847349576,85.68818664550781
-1.3944922949507652,11.47576904296875
-26.2706781913698,-86.42544555664062
-71.7765711158932,-33.31691360473633
-44.2857422252861,-178.87744140625
-3.057699221935841,16.804996490478516
10.116767222520318,688.6069946289062
-46.9980356488569,-10.792621612548828
-8.677497573270493,1.3586483001708984
-25.781275563237,139.6842041015625
-2.941164138388841,-8.0968017578125
-26.5692742661385,26.686241149902344
1.2555345380058751,88.20299530029297
-0.810306898238276,-1.0808677673339844
0.2404076931068699,-51.254241943359375
-2.5590885431480426,22.46938705444336
-11.9846830308257,-31.910356521606445
-5.775806690181939,11.901872634887695
1.9806048133258944,82.97933959960938
16.618750626525,-35.26542282104492
8.204494762209066,70.2236557006836
6.80321923705408,-592.8232421875
11.710679650337616,33.71202850341797
3.181253849239128,-392.76116943359375
0.90894434552881,-55.11181640625
3.547124544521316,-528.8704833984375
-2.202886656443709,-1229.471435546875
-11.133669865203094,-16.111358642578125
9.328533024448705,-296.91351318359375
-0.7012610501602399,10.077611923217773
-0.3170472839931941,39.85465621948242
-2.3458288386735573,121.61700439453125
-26.1191329979098,-21.560394287109375
-2.33292598982445,-303.7267150878906
2.461922216333884,58.1173095703125
3.73205068567752,-5.9124908447265625
-22.4462583852743,-1774.6336669921875
16.899113604615202,238.03125
-2.85382252753121,-6.420013427734375
1.2705701336207027,243.83200073242188
7.960789166364423,-9.783500671386719
2.71808902854303,-57.392967224121094
5.5273920092716775,25.33258056640625
-4.11149235653684,85.84049987792969
-20.9676231329802,755.2654418945312
-0.89184437235696,-19.07134246826172
-1.2816619609782416,-9.994579315185547
4.85634828411675,19.88195037841797
6.429854346358795,27.792037963867188
4.71112087372323,3.3665237426757812
-30.7199022255615,32.539276123046875
-3.8590388668775,-47.95378875732422
-10.6557437737239,-14.267745971679688
-13.4460672849668,40.78429412841797
-5.527709296795018,79.95297241210938
-1.876637029070265,-41.4827880859375
10.2532613363299,-58.38456726074219
3.00680128293027,-143.96035766601562
19.33685959748449,130.79043579101562
-0.1058882282985149,8.450542449951172
14.3436638764016,-84.95397186279297
-16.1535771788668,65.46430969238281
0.9480162028997956,-1671.0458984375
-18.5891767455387,-13.694316864013672
13.309934514349203,-30.138450622558594
6.02246857213521,-66.42193603515625
5.16750826555368,-5.0272216796875
-1.0190872666435924,198.78334045410156
-19.100904418149,-91.64198303222656
4.743603615290096,-417.6499328613281
-13.8157551615103,-3.2923049926757812
-3.802611775309477,89.83746337890625
4.30511943579503,-444.6531982421875
-22.482844278002705,98.4024887084961
0.60779733849738,45.309574127197266
17.8138573048897,5.511333465576172
-38.4626262988146,9.219854354858398
-0.6089836493556324,87.01512908935547
0.8617451361473882,-108.72860717773438
-2.40000424902785,14.993791580200195
3.7078671714499096,-15.64219856262207
-2.390619984667185,-498.1900634765625
-15.559462368784592,-33.644927978515625
-13.790764753514,-41.605133056640625
-9.325981865786185,117.25137329101562
-58.4491138315396,62.93102264404297
9.550892694239591,143.09909057617188
4.435147085081137,42.19508361816406
-2.3538192484503564,32.0832633972168
-5.83438093189622,-65.09317779541016
-7.10827059552493,19.53961181640625
-12.414939844598162,-86.71861267089844
6.6154810826822,0.18730545043945312
1.3155747227446202,-16.676864624023438
-2.56542276271332,-48.770530700683594
-13.546032832554804,-5.722270965576172
-16.600339428286603,-18.098743438720703
2.9737175212081803,-16.24905776977539
6.167862854629888,56.421356201171875
-40.922076323723,35.0379638671875
16.9349100756105,99.25173950195312
-12.24911226903676,-83.28077697753906
4.867927463076468,28.863502502441406
-21.6327950573002,177.535888671875
7.11033993521173,22.013090133666992
-9.59094984812801,106.16865539550781
4.92186081619874,-18.636634826660156
-7.815562497274902,-18.48297691345215
-2.20364176327536,-580.72412109375
-19.6754058911438,24.38791847229004
-91.8886792382854,8.669268608093262
-20.9507978903398,39.389564514160156
-17.8084408175675,12.776496887207031
-62.9612541332419,55.29587173461914
5.598134989920393,29.325271606445312
-7.283890318199592,-4.7974395751953125
6.1026124307435,-52.38630676269531
7.42840635595139,82.93302154541016
-5.179391847578812,-25.147308349609375
-4.873152982370568,-36.69976806640625
7.276768036701751,111.58727264404297
-10.739322929783883,35.778621673583984
-22.9219832537164,36.350975036621094
1.5259403537211615,88.75086975097656
-44.7886924625105,119.20234680175781
-3.72583443525641,785.2816162109375
-14.57002364123529,-1.0814056396484375
-10.128266274366498,-9.48794937133789
-28.0249952668106,35.5211181640625
-26.24662901330595,2.991741180419922
-40.3645652505015,423.93988037109375
-30.8056950922951,-31.995874404907227
-3.9552380984537248,17.400379180908203
-2.1789667599796294,1586.7645263671875
-0.5734820606807138,39.78314971923828
-1.1617148968623687,47.99371337890625
3.42848617073407,579.2691650390625
-17.4030551064212,-59.32301330566406
3.88109013796494,42.47062683105469
9.400493271217616,35.279624938964844
-11.302161927872188,-10.630119323730469
-13.3709137252944,79.4803695678711
-6.79658968512302,90.39500427246094
4.509456424718162,104.41668701171875
5.45103123545738,36.420963287353516
8.149714042401495,-16.058448791503906
-12.909180343140196,128.35687255859375
-6.61979034735207,29.913814544677734
11.9978624338519,81.5188217163086
-12.53254789251529,21.808353424072266
-8.36198121766124,-27.419418334960938
-4.361976736345532,58.371910095214844
-0.1898191226144924,-27.537822723388672
2.3166834950764685,60.18511962890625
-12.6203596574975,490.80126953125
-1.207429910073891,97.4739990234375
-29.7403775200217,125.86883544921875
5.31082796058257,-43.724365234375
2.97844031586002,49.52690124511719
-12.533050119535002,-79.0760498046875
-5.8684323426223,-4.644260406494141
2.391980620215489,-70.46683502197266
7.73570234615748,-68.76699829101562
1.166748445159433,-61.675296783447266
6.093529951556334,11.669975280761719
17.709922444879297,-79.63357543945312
11.779516260068313,53.67378234863281
2.4866177573815964,196.46316528320312
-30.89708550466269,20.00613784790039
-9.231606713935047,18.17532730102539
-13.4089268865456,-93.28572082519531
-9.06573754635488,-88.6960220336914
9.30630078585379,-41.295223236083984
-7.156550033865472,-23.925888061523438
-10.5414716495377,-29.140216827392578
-27.8178569354009,-445.9668884277344
5.3817717725564,32.23760986328125
-35.155236696245,11.586769104003906
-21.4141717786538,47.47010040283203
-2.6053130644292946,51.022705078125
-9.953220777101093,-0.8036727905273438
-8.798237091769485,-39.82272720336914
-27.6920167541674,-45.27861785888672
8.017093587799739,-132.9327392578125
-0.3550158381598589,-58.6524772644043
-1.19024715514191,-432.2838439941406
-3.2855896341823474,-295.93121337890625
1.844566842421384,1.2565841674804688
-30.7366736665872,105.97242736816406
-11.338238855350506,-72.58784484863281
-1.059512617215007,-8.862564086914062
-33.7712071062874,-98.72125244140625
3.812227003524945,10.662353515625
-2.8472026300298463,18.640087127685547
-21.5871320482388,56.0118408203125
1.845960760756301,204.42572021484375
9.06213659212517,97.73654174804688
-13.950148061363093,-43.894676208496094
-15.1006814359747,-1.8672466278076172
-8.65496498210776,90.84637451171875
-31.18852367408345,-1213.0438232421875
2.35160533891099,-61.42658615112305
-7.06329362397977,236.8009033203125
-11.299328727708405,64.88636779785156
-5.73967918172164,28.917940139770508
-4.062121175440552,-29.57373809814453
3.62056380925444,102.65507507324219
-6.512385872303066,1.3037376403808594
-17.2817979072755,-146.29049682617188
5.79128728304933,636.7244873046875
3.7921116228684086,7.0299530029296875
0.51700222845629,245.3033905029297
1.0966146270020711,-33.05685806274414
-6.613686761665703,48.10575866699219
-39.873530292237,-5.7050323486328125
-35.0272315856836,38.96263122558594
0.2475632146873464,-52.156883239746094
5.59963570142504,107.47665405273438
5.29419053806362,41.80604553222656
6.457932781589695,8.47695255279541
6.4251548431743295,-81.40354919433594
-19.7885249955934,-508.9338073730469
-2.4097304318056905,56.146202087402344
7.543407488617369,77.31250762939453
1.83593808226401,0.6802139282226562
-1.5082203021212124,-519.211669921875
5.99108205682079,-39.116973876953125
-18.1797235112709,-69.84358215332031
-12.840088322870097,6.572415351867676
-2.23616712442702,138.04510498046875
-4.662511414401839,10.625511169433594
3.41802282280863,6.274637222290039
-12.0320822507053,43.035858154296875
-25.9801803981754,596.3274536132812
-5.97419023328963,-708.972900390625
15.4186986077963,-147.72320556640625
4.480465220149085,-30.232208251953125
-13.2363849677504,31.802356719970703
-9.362863686069195,5.563758850097656
4.128157012788561,65.63449096679688
2.26767773086615,69.8311996459961
-24.1634597090208,49.08879852294922
10.013204486477417,342.64288330078125
-31.934070451053,-49.143035888671875
-22.9515728231767,-56.3302001953125
-11.219410776078313,216.35177612304688
6.00089213826483,57.728912353515625
-28.9638748432599,-4.0196380615234375
3.11049964318654,56.646522521972656
-1.073248118887358,-52.52031707763672
-10.249148139079496,168.8245849609375
-13.14009076535719,-24.438613891601562
0.7364260970712593,-4.125209808349609
-44.9949251983702,-15.543136596679688
-5.159519294761907,-50.00715637207031
1.869241020829697,1144.0281982421875
-55.54568697318505,-80.21379089355469
0.3065104335081801,-107.908447265625
-10.386374558578522,104.34992980957031
-3.0345245902191325,-21.27964973449707
-57.144820014625296,65.05227661132812
2.85060083445348,0.5937881469726562
2.446050707651698,-3.636474609375
5.50221601830175,27.322500228881836
3.455876052191651,47.16621398925781
-14.6157572128631,18.14278221130371
-0.874105623616695,61.45489501953125
-1.378759213278819,3.98455810546875
1.350733135180331,-463.5908203125
-1.94666134980912,-34.05078125
-3.36735139960915,45.428714752197266
0.8319171014720902,-39.89556121826172
-40.2101205720394,34.56679153442383
-24.577379709126298,-6.504795074462891
-18.6292132467089,-0.7055206298828125
-46.39510994896701,45.07025146484375
-2.487076105276776,189.750244140625
-4.752960817423343,165.70046997070312
-0.1160299782726794,286.31207275390625
-18.5277286275242,-12.502635955810547
-14.1325019191809,-12.828039169311523
10.909208084253878,-20.323516845703125
1.30779520720034,65.39830017089844
-5.77436797253085,0.033374786376953125
3.986867952152618,14.870597839355469
-21.7936206120663,32.299007415771484
-2.643556292002,-156.88699340820312
11.0853991753379,-2.5417327880859375
-12.9397422629832,-66.140869140625
-0.190891674386513,1261.9483642578125
-6.32558602127377,-96.07396697998047
5.391699208755202,131.422119140625
-8.998840630677615,115.32737731933594
-1.6005087696864486,-39.09022903442383
7.5482379424635875,-77.1475830078125
-7.642910278690365,-224.5768280029297
3.719171936095444,12.551422119140625
-0.8981307679622897,-147.46356201171875
7.06032809637297,83.45272064208984
-3.134999611446543,2.4257965087890625
-5.94174589421185,110.34417724609375
-17.7883076547542,1.0823392868041992
-25.2381267145584,-40.53016662597656
-27.5445722402187,-141.19143676757812
2.6678241356197647,20.963977813720703
5.02066543392875,37.46142578125
-1.67197513843126,-103.45639038085938
6.58117049992555,64.67713165283203
3.12612254618191,17.69976043701172
-2.1147225087047508,36.9774055480957
-76.9668504799361,-11.920082092285156
10.11870938841209,-101.07684326171875
4.755697845162629,-11.48503303527832
16.5479703149859,-80.6708984375
4.001938538520379,7.6708221435546875
-14.1813773041305,-6.92221736907959
0.7709161631446207,-45.05934143066406
-24.2508933717269,-64.23592376708984
-22.3071231538392,-25.69251251220703
7.2595381633228,5.9662322998046875
11.555346181601609,24.108598709106445
-26.258782255785,-38.15311050415039
10.3189652047012,-53.87102508544922
0.809697096857583,12.326309204101562
-18.5255095356289,11.907367706298828
-1.0680791130593923,-2.3758087158203125
-3.5390830989045075,-8.29501724243164
10.468583156479704,46.91259002685547
-10.613183176373598,-42.503265380859375
-6.40442742836347,81.38298034667969
7.196532980977684,5.192230224609375
-10.586292641023492,32.808074951171875
-26.79502671025515,-239.48300170898438
-7.187555808667961,12.672119140625
5.4465900456679694,15.970294952392578
3.1988276731025875,20.56791114807129
7.827394642815597,22.337783813476562
3.887422638441485,61.93559265136719
-3.41466344580097,442.3316345214844
2.667044757168528,22.615936279296875
1.0590749185315824,60.05982208251953
-3.9965921287470247,17.64122772216797
10.982614675109394,-18.30826187133789
0.4076170529080399,-142.09890747070312
2.71319811317338,98.96498107910156
8.652061852316729,-24.10797119140625
-0.6579761516790089,221.06118774414062
-51.6773231694491,41.22027587890625
-2.8325461302865187,30.729007720947266
2.12749125232924,22.916337966918945
3.562549470771905,-881.5
-16.517773128145326,46.7645149230957
6.874655354673765,20.17725372314453
0.2047767843086013,35.53996658325195
-2.698758931910008,107.2020263671875
1.8601156760560384,-7.724678039550781
-22.2455703021075,-31.135784149169922
2.4288820651169605,-702.615966796875
-16.8307740899425,135.82089233398438
20.7191486697607,-36.44309997558594
-30.7261055182573,13.589653015136719
-38.4849400567448,-5.5986328125
-14.3103126367969,30.764389038085938
0.7860328468455551,366.46343994140625
-48.3858044800915,-20.365089416503906
-3.21662088766757,15.686504364013672
1.675245639565673,68.16847229003906
-90.3299705619704,13.907657623291016
-9.28527551691871,85.05513000488281
-1.2293411329062325,-40.271575927734375
-4.534682244798708,56.80082321166992
-68.1959205924323,88.1153335571289
-24.5242345195019,-108.83740234375
-2.77042962989298,6.765445709228516
3.8009101564042025,52.19353485107422
8.933703319425492,28.913936614990234
-11.341527235964405,108.6773681640625
6.71098989067457,60.7203254699707
4.54734483862441,-15.606098175048828
-5.16341129781556,-14.648773193359375
-49.062306315025,15.85107421875
5.26551760771767,254.81021118164062
3.33951124606136,21.77151107788086
5.006519903780723,58.967498779296875
4.05485944970297,50.65397644042969
2.283405953189745,176.8804931640625
-2.66483863280114,-24.249114990234375
12.566471603210276,15.424034118652344
-27.9020155354992,-28.51543426513672
8.88265541550952,-38.94165802001953
0.1652887870268324,-11.539566040039062
15.4985727759109,22.951065063476562
9.014890317831036,-1.2309150695800781
1.4803529144374856,2.7496337890625
18.1939100849816,30.12592887878418
-2.6304973605131474,-68.5621566772461
-5.493763326806099,30.97028350830078
-0.6715208179901364,-156.75982666015625
-36.7383193130824,10.927719116210938
5.062784719364307,-112.32921600341797
-12.026803679110706,58.88096618652344
-3.01321716593974,-8.5474853515625
8.35813394800668,-29.871295928955078
-3.60075442831331,0.2622222900390625
-9.509135784465323,196.7686767578125
-19.6175855102284,113.3436279296875
-27.8629509568953,-65.06332397460938
1.74273211890989,54.166282653808594
-2.19578977406709,21.410301208496094
2.42002639701588,-161.52734375
-25.55316918036869,-65.3731689453125
5.635020609606415,32.926055908203125
-34.727836669101,-34.129791259765625
4.4516036428765,-1.2086868286132812
4.967381413305823,-588.6083374023438
-6.81516141534704,19.178865432739258
-24.3954295810688,-6.369089126586914
8.658679095048068,109.84455108642578
3.7347243087796,-561.527099609375
-12.909633143366396,-3.0410118103027344
-60.49569009623433,2.3847808837890625
-3.790702882666694,28.389842987060547
-12.41068356063,-107.57559204101562
2.76740193393285,-33.41114044189453
-18.9061714872788,-0.257232666015625
-3.681083449701528,-20.104129791259766
8.13893448615947,-82.86360931396484
-51.402683514636095,-14.001337051391602
-3.0703466753296,-15.016456604003906
0.4646043967887734,-41.18627166748047
5.989492839405608,-78.23158264160156
8.833837192566008,-25.580842971801758
-26.1965705632023,-195.21034240722656
0.0804428699766095,-39.74010467529297
10.229168329440906,-93.16520690917969
2.12042655289975,-132.25531005859375
3.88810032819938,4.139991760253906
-31.515616413872173,-94.04478454589844
2.28163515100639,0.8360691070556641
-9.633163292669298,56.93198013305664
2.63206586722876,7.574316024780273
0.3189015990893598,-111.92300415039062
-6.31868596379813,77.08965301513672
-6.4648984000359935,-36.09539794921875
8.91646092056966,31.223190307617188
-42.637521131086125,-75.71891021728516
-89.5439156156453,-28.257278442382812
9.179556151687803,-506.601318359375
8.754663680824095,-39.063594818115234
0.8838679103249854,61.765445709228516
4.338369925074482,-6.526557922363281
-18.23432595343749,-10.978313446044922
6.92534745147092,-24.03649139404297
-1.768261666543676,20.94415283203125
-7.87226820943855,27.937458038330078
-12.0847368637308,-61.44282913208008
-4.4222229386498375,-162.45339965820312
6.63109301847755,-85.69470977783203
1.675381804264854,-116.7326431274414
-6.897600670415837,-44.7711181640625
-12.2774867069717,-207.64990234375
-3.963646539183849,70.95436096191406
-2.552277046947741,-79.64654541015625
-10.78700495517378,-425.6726989746094
-6.426376983867103,-13.899744033813477
8.2142562177934,-99.32618713378906
-16.967828162594074,-7.91279411315918
6.07843040491799,-47.774513244628906
3.08443697315444,-262.0345458984375
-1.3811964732242277,-74.63247680664062
-4.51305804704249,-89.21954345703125
-9.93375477053989,-233.77920532226562
-0.6581754288220045,-11.500678062438965
-7.952166005584182,-46.97420883178711
-13.563015982384195,28.79917335510254
-47.9957157156951,57.9846076965332
4.96190002222477,3045.9375
-2.0240269290899,-6.535591125488281
3.47166270740147,-28.246185302734375
-5.2815921348029296,64.15888214111328
2.369358494612781,-14.709318161010742
-4.214346026907057,-56.84268569946289
-23.8934551543691,47.620697021484375
-1.0659561461183158,33.4561767578125
3.126169348435272,-119.04708862304688
2.35164464781062,160.57620239257812
-1.79502295092813,40.987789154052734
-15.957982665262508,46.94630432128906
-64.65676531723692,-15.7474365234375
-27.8195558011628,51.048370361328125
-10.480511156242285,55.38783264160156
-6.18357684414468,-14.638973236083984
-6.75960002722117,95.32384490966797
4.4105627388370605,172.740478515625
5.58846482112586,43.43065643310547
-16.8483709423333,-34.78228759765625
16.1850033157246,63.86033630371094
-3.34531377329845,279.00048828125
5.893700156574014,43.4053840637207
2.745769909533195,62.488590240478516
2.53362859007723,75.194091796875
1.0880788430276551,61.72703552246094
