Score,Pred Score
-13.812973987503693,15.23589038848877
-14.6311710829416,-12.864032745361328
-15.020937907067507,-19.348350524902344
5.61896917638109,3.924102783203125
0.1461877509898399,-3.237478256225586
3.59745169898486,6.346767425537109
-6.72144892291601,-4.219646453857422
4.304204520484877,-1.711172103881836
3.37898618824583,-2.759368896484375
3.939818822274421,1.3600921630859375
13.9953943577381,25.94037628173828
-5.39913759737588,-6.731941223144531
-2.204579993178592,7.9586181640625
8.829561804598438,-1.87969970703125
6.01696699102072,4.6131744384765625
-6.376202369524528,-9.978286743164062
-6.50906463316165,12.762317657470703
-60.92137282626391,-51.167991638183594
1.99934019108803,5.933246612548828
2.188685633501576,5.327281951904297
4.07090957771029,8.267337799072266
0.5211206139658471,-34.827308654785156
12.5580583918003,12.354827880859375
3.320229681965675,9.109123229980469
-0.4381862293696001,1.4467296600341797
0.1752112379752922,12.316431045532227
4.123908949931413,20.852882385253906
-14.2382866820043,2.291654586791992
12.966325580978296,-0.5469436645507812
7.692941411907634,-7.339817047119141
-62.9031214125763,-28.37552833557129
-5.800670766453999,-4.533406734466553
-11.705366535732304,-6.184089660644531
-4.786538605318405,2.314065933227539
-82.4887013651952,-27.170848846435547
-8.251107402184557,-4.905157089233398
1.61677665352485,14.943446159362793
-11.916211326129387,-10.373881340026855
-45.634880019414,-26.721948623657227
-0.568998602339841,5.801117420196533
-12.147399114840605,-5.948949813842773
-27.4476544011683,-33.05663299560547
-2.306526469902426,-9.29277515411377
-0.4835459876036119,0.7418327331542969
-8.39479061793487,-15.582578659057617
-46.862925671502296,-13.123067855834961
0.3837795244341289,0.52752685546875
7.184930267876617,-0.9733066558837891
2.8348518495029404,6.0460710525512695
-9.859535687586003,4.291807174682617
-6.00025755794808,-25.987621307373047
-4.764629840066975,-8.212677001953125
-2.377061578670744,1.4601569175720215
-2.0585753436264698,-5.724634170532227
1.1848602197973823,-3.7862319946289062
4.97603191479674,1.403517723083496
4.27399441028646,-13.67204475402832
-46.2372447228831,-21.254798889160156
-31.4759298257721,-9.351731300354004
-50.1674018945849,-26.202037811279297
0.9601515747159592,3.0016751289367676
-11.864177458483407,6.147670745849609
-0.538262620928304,-4.112283706665039
-0.6920482116816997,-6.367000579833984
-1.5184696160120892,5.377361297607422
-3.0836644409391925,-15.351676940917969
11.316750179392892,-3.9240808486938477
-11.183106529127476,2.486048698425293
3.59102041590596,-3.109649658203125
4.55602013063716,-1.821565866470337
11.579228393987275,7.3713226318359375
2.3067635611900137,-7.916163921356201
10.480393919522983,4.560623645782471
-2.698100773809443,1.14483642578125
3.776985072333982,1.7680463790893555
-11.773766374328297,-6.518863677978516
8.681027307740193,-1.433598518371582
-1.1091988250418725,-3.28759765625
4.484288991501213,-5.709552764892578
0.0548896546292299,-1.346787452697754
0.1118559290339978,-7.044013977050781
3.9797293996962297,-2.351682662963867
-22.42608065327665,-28.047740936279297
7.37064384347005,-3.520143508911133
-0.2642143205483515,-2.4961748123168945
5.344594984386832,0.9060707092285156
-1.2497809936708242,-9.605273246765137
13.71198107208239,0.8053169250488281
0.5045482395984724,-7.579789161682129
2.86709961553106,-0.038218021392822266
0.4423212163888063,11.351337432861328
-3.724573545179619,-2.601451873779297
0.2570808252882703,4.728855133056641
-70.65073406723695,-32.758995056152344
-33.9587360563784,-22.75895881652832
9.2088386022025,1.5294475555419922
1.3318185914773402,18.09206199645996
-9.176001953270983,-4.02943229675293
-10.497767159210698,-4.371206283569336
-0.4402086584014632,-19.243139266967773
2.1560784090827942,-7.2959794998168945
-27.1636490162131,2.7370612621307373
-0.670930828719279,-8.924789428710938
-22.794043146736,-25.45271110534668
0.8105828534072201,-12.913474082946777
1.2287673509824204,-4.291748046875
-0.6435038581465955,-1.1992568969726562
8.474782023793379,0.06850624084472656
-9.601847091024196,-3.2424840927124023
-1.6610011043127195,-7.738678455352783
-0.1091636509260827,-15.447613716125488
7.570838092245207,-0.3086395263671875
-7.211196994815285,-21.90137481689453
9.090654061652296,-4.662940979003906
-26.6651088566214,2.013218879699707
-17.309192174305,2.5857982635498047
4.14054171285972,2.304616928100586
4.097668935846943,5.3114705085754395
-0.29408409265346,-8.303770065307617
-35.8165916579592,-12.97155475616455
10.898098675545494,-4.032726287841797
-1.6552655274048038,3.0406837463378906
1.6729502580778592,-13.09130859375
-6.42491227706334,-18.41518211364746
-15.4752611754195,-20.695966720581055
-0.6907348474047925,-0.817173957824707
-21.3629045873375,-11.277947425842285
4.219145585451182,-12.5401611328125
-3.019531285218114,-12.394783020019531
4.25311060075082,5.846580505371094
-15.0412339008878,-9.186271667480469
-8.237627320974727,-18.339534759521484
-1.0683487237199796,-7.123941421508789
-1.7174251595272625,-7.77808952331543
4.069163600073605,0.8312931060791016
-10.162041561092582,-24.249713897705078
-5.97248436581227,-16.448802947998047
6.120538767403939,-7.027451515197754
-0.8028238008287005,-25.63422393798828
-23.6042929930625,-30.234458923339844
-0.1777753404752198,-2.617431640625
-5.785469568057495,-39.36688232421875
-0.0556983764780604,-2.7579212188720703
-25.4508968849616,0.474517822265625
-5.3185412482723295,-14.313053131103516
9.1356503291117,10.424629211425781
4.020569536845237,-1.5247135162353516
-58.5527340809363,-23.63108253479004
-6.291328737399075,-2.070384979248047
4.187869588752649,15.13703727722168
8.922207576391518,13.878602981567383
22.7414116448382,6.072115898132324
-44.6057608529879,-39.85237121582031
-26.5129077898497,-14.85234546661377
-2.13735826282737,-11.969017028808594
-1.14890133483728,4.911960601806641
-15.2234416939723,-9.230914115905762
0.369316059642221,2.7331619262695312
-0.6884117876070912,-18.358455657958984
-5.8772631055401,10.487781524658203
3.6053774296538297,3.2638144493103027
5.07108724357905,6.611071586608887
1.292753014965791,0.4171009063720703
8.440986836263871,8.076274871826172
-3.43040335892423,-3.8299732208251953
0.7651079053562314,-9.632227897644043
-37.13962469223695,-27.333646774291992
-5.822632503482525,-2.600877523422241
-6.879472048396067,-24.672340393066406
2.11024229353816,-11.358640670776367
-7.1526743450051855,-15.50983715057373
-1.122073026503361,-6.37822151184082
0.3302260274555297,-2.788787841796875
-1.178255647098801,16.153911590576172
-2.99361591491145,-7.526945114135742
-18.1070051290659,-34.690521240234375
-3.0332808194811403,-14.686609268188477
2.6303171850506604,-5.53828239440918
-9.72499716390718,-4.141941070556641
0.2729453578388601,-1.8879547119140625
-21.4503408223732,-10.151678085327148
-4.99755531471552,3.251150131225586
-18.0018409950579,-42.306217193603516
4.00031385473591,-1.4109668731689453
12.0378145652987,7.860984802246094
14.1235470599023,-8.549911499023438
6.55729051148795,0.3391256332397461
11.19992297656359,0.7873964309692383
-7.81388191369781,-9.750492095947266
-2.924593214648255,-19.20183563232422
3.7667366885646025,-9.665802001953125
-6.68253431604433,-0.5247631072998047
0.7345204104922589,0.8018875122070312
-10.626155896203898,8.148685455322266
8.106852576346123,7.759007453918457
-58.24412469223692,-31.090662002563477
1.4955767028094,1.4483704566955566
-17.6906096863185,-28.151777267456055
-4.813871520282443,1.8677330017089844
-11.8973420493851,-8.57453727722168
-2.67676896274171,-5.960018157958984
-3.9331393974605526,2.307980537414551
8.756217929094177,5.831018447875977
-29.2662792150344,-5.683063507080078
1.7249239205326918,6.518509387969971
-6.686975812883663,-22.24824333190918
11.10272802991041,-1.369185447692871
-10.956818171714705,-10.64190673828125
-6.3500959185649,-18.64031219482422
0.6681105368389735,12.47280502319336
-12.500029270357295,-24.875816345214844
-2.591242863373206,-3.428121566772461
5.954690473588823,-0.9895133972167969
-43.929359067237,-27.193626403808594
-17.4841411730512,-14.217768669128418
3.61441892535489,1.715829849243164
2.1112971208509976,3.2261972427368164
-41.8026500314277,-7.25501823425293
7.028135642932115,1.5521893501281738
8.463248256721428,20.2401180267334
-13.037072413777096,-15.000585556030273
-1.6307504375632549,3.927593231201172
-0.3284521577656807,3.1842422485351562
0.4685622181175212,-7.189452171325684
-5.316952415477393,-15.906211853027344
4.584421564331302,-3.8181285858154297
-20.3593816575191,-23.89474868774414
3.67041582610247,-1.4288749694824219
2.204062447972561,0.24741172790527344
-4.666937653128132,1.1501750946044922
-12.3781694316975,-10.452407836914062
7.06923762363823,16.117446899414062
-37.2883298194418,-24.599143981933594
6.442434166934048,7.560127258300781
-12.2162083245621,-1.5681109428405762
-20.3623076046531,-0.24947690963745117
-5.45440876641342,-4.774631500244141
3.1416241584890576,-8.67261791229248
-4.96580172718434,-7.382686614990234
-37.4061766871973,-28.697057723999023
6.46185690649625,-1.6037814617156982
0.5403453062071405,-3.017101287841797
8.656689402528613,4.297512054443359
12.331931266595111,-0.20545434951782227
2.75380173901167,1.3172760009765625
-2.8447496930443927,1.7474842071533203
0.0285872237409883,-8.024864196777344
-73.5286754265322,-13.675960540771484
7.285509446842615,0.47049713134765625
6.72046542688671,3.55865478515625
-6.19730890695259,2.5938339233398438
-16.4599719883519,-9.998147010803223
-10.288292260688207,-2.7222118377685547
-10.285920522724917,0.6957302093505859
-30.8171784242839,-7.077620506286621
-4.65691689928222,-12.032642364501953
-37.1716279374795,-21.987064361572266
-36.50577458359941,-1.7627410888671875
0.7942566624333496,-13.831587791442871
-34.8552692363716,-5.618976593017578
-2.491707941339629,-0.22739410400390625
1.7387039934851498,5.862409591674805
18.9715733525152,0.9099807739257812
-13.8996269060666,-3.974241256713867
4.17561229224804,4.057309150695801
4.7680640763497,-9.23782730102539
-6.745372906074374,-1.4623069763183594
7.262818938793504,-8.340099334716797
-55.7541546140486,-34.5767822265625
8.453421074249384,2.2003493309020996
-5.85807143580148,0.6318531036376953
-52.7336020518746,-24.34941864013672
-1.995826789875676,-15.198944091796875
-1.3326443092463092,-37.460418701171875
5.029017096161708,-15.21277904510498
-0.71117494174041,1.8230600357055664
8.243548509216069,5.0625762939453125
5.81602235619721,-13.45411491394043
5.978124919049687,-21.171342849731445
-2.8859593337581737,-20.851669311523438
-26.0047332498617,-30.779674530029297
-1.5220929784942658,13.785392761230469
-3.195242757261453,-1.8368396759033203
-15.0089303719363,-5.340740203857422
-1.757118944268968,-24.305559158325195
-13.5091075877696,-24.007545471191406
-4.0681667574955,-0.6749668121337891
4.43276114617859,1.015439510345459
-4.665207913971671,-3.2828235626220703
7.33919324558513,-7.0731201171875
-11.69780882660921,3.549406051635742
5.960801203295765,-10.019598007202148
-29.9162730471743,-31.37360191345215
-5.331847529263395,-5.356077194213867
4.2006804390709,9.251349449157715
4.76541245752904,12.84229850769043
5.87221574658101,18.19536590576172
-12.955988512618,-23.479827880859375
-14.4061745570978,-31.831571578979492
13.644333664082708,4.990036487579346
7.522446474796843,-25.022659301757812
2.858782897786812,4.29820442199707
-49.8653288018085,-37.09053039550781
-4.029904705212941,-6.103137016296387
-6.2026319104393295,-23.224403381347656
4.452168509343501,-5.241446018218994
-16.475900892606802,-23.919845581054688
-11.03094492075089,-25.00758171081543
-8.08045020128908,-1.5987739562988281
1.39259946716825,1.7661974430084229
-14.885807229381896,6.7765350341796875
-11.113180908425988,-17.408018112182617
5.506094216928792,-9.040265083312988
5.29091659278858,-5.143925666809082
3.42106467876526,-4.385950088500977
5.162821279449693,-3.249366283416748
6.020551076354931,-0.19749736785888672
0.8086942897832163,-11.446510314941406
-8.80546181278599,-26.905319213867188
-7.42349600405968,-16.883949279785156
-14.4731176558811,-2.292726516723633
-35.5448186771701,-12.902209281921387
-1.657597602265355,-13.876643180847168
-1.930224441335125,-10.291851043701172
-10.398648228661925,-9.225675582885742
-1.6521884315998507,-0.11686515808105469
1.3131129859732091,9.189424514770508
-0.1240821746904601,3.442384719848633
-35.1709788883515,-15.727079391479492
0.6771989561182002,-3.602397918701172
-5.8677981963370005,-0.7417545318603516
0.7982616963508231,0.4656181335449219
2.595279020812243,-4.344306945800781
6.9472187772133225,-12.943227767944336
-41.1395198834054,-10.375896453857422
-35.4604736838065,-19.445533752441406
7.87379173269718,8.815582275390625
-8.72128086410909,-20.398826599121094
-82.13826531723697,-15.055566787719727
-9.70693692529289,-28.869226455688477
-61.4386715672369,-28.188541412353516
7.10938257895085,-0.5058037042617798
0.4007388327427847,5.72088623046875
-0.7455370396145937,0.06837177276611328
1.674966057420845,-2.572948455810547
11.877856996640997,5.597099781036377
-0.9096556467231308,-2.3226232528686523
-1.4680391508473674,-8.65423583984375
15.6414782015599,-12.211342811584473
-10.35739215730591,-15.921924591064453
1.926107182225645,-2.8001532554626465
6.99756701325662,3.659719467163086
3.54836143321337,-0.18370628356933594
-7.726553411266567,-12.949771881103516
-48.51478094223695,-25.44995880126953
-3.0453156276270903,5.869598388671875
-3.454798154796729,3.287860870361328
9.503977484174175,2.194185256958008
6.001532732018722,-1.2465386390686035
1.775572054007981,-5.193023681640625
-2.6871577689602653,-1.6222496032714844
-7.920344649869953,-7.761857509613037
2.578081311550471,4.042579650878906
-14.434457477598505,-1.507211685180664
-1.338045882914232,-0.5950832366943359
-44.1817825469333,-22.00676727294922
2.4314234692194163,-6.920336723327637
-2.35314836228574,-6.837524890899658
-2.07036107592124,-3.0103588104248047
-6.560167066336443,-12.844704627990723
-2.54688332955635,-14.305854797363281
-7.940842049461227,2.4154090881347656
-7.789052707582185,6.604595184326172
-1.4295761119406232,-2.2478227615356445
7.206977941743588,-6.9266357421875
-4.081394009803599,9.583641052246094
-30.167243616457,-25.1666259765625
11.7225687296843,-8.22236442565918
-0.8984319813221007,-5.006734848022461
10.349523074958825,-4.490568161010742
5.42147270471237,2.9460086822509766
-0.3136273830120112,4.517908096313477
4.398848813602776,-15.79994010925293
2.099307195887115,-7.715700149536133
-61.6890402284636,-33.58665466308594
-7.08434802004719,-4.28710412979126
0.6962467393230812,-14.391178131103516
9.0758909366509,-24.337787628173828
-1.9263965715605047,-4.983860015869141
-6.262949496708321,-9.744569778442383
-4.739766082030863,1.2486648559570312
-36.8822022827233,-20.13347625732422
3.24770439300306,-4.405437469482422
-2.289513933263135,-9.567422866821289
1.41805545618482,-2.464374542236328
-24.4432878855492,-4.542043685913086
-24.96156751119129,-37.650047302246094
-7.734574598544068,-9.692886352539062
2.79124989437018,3.8623130321502686
-5.17831154550348,-24.032413482666016
1.5275640312561216,2.820777416229248
3.682989905065457,-4.655597686767578
-10.8237586662752,-18.379711151123047
-6.929951553081727,-15.458044052124023
-27.96215708599589,-11.310983657836914
-2.88087637063392,13.102381706237793
-5.960419628776203,-9.356742858886719
-37.189874708633695,-15.339715003967285
1.1496085756031087,-5.956520080566406
-12.7137936794919,-25.3746280670166
8.398744223780918,-2.371990203857422
-33.3004252633332,-24.828205108642578
9.144089281431205,2.491668701171875
4.065326821312747,-10.705535888671875
-41.9047429025821,-31.274938583374023
7.383552345763623,1.0919599533081055
6.364261125349779,6.930294990539551
4.841793570156368,-6.700490951538086
1.6198341998494314,1.643728256225586
4.179707781567577,1.3396148681640625
-14.7229944429405,-27.736806869506836
7.078924552126015,-4.438304901123047
-12.898019313824,-20.653554916381836
-70.8116033690518,-20.447628021240234
12.7359625054994,8.677652359008789
5.586124430090477,-8.418070793151855
3.028467183462371,-5.413898468017578
-5.830142578087577,-10.598780632019043
-22.6841489367301,-16.615434646606445
-1.51657819068512,2.156737804412842
-81.52648016021857,8.05303955078125
-3.36903782007548,3.8252787590026855
-18.707844022,-18.185840606689453
-34.48768519828235,-13.125509262084961
-39.7169735486916,-16.942352294921875
-1.593720937577549,-12.017122268676758
-23.2954444871652,-24.5307674407959
-45.30258920076982,-12.372454643249512
12.5056328567953,-1.7947540283203125
-11.9299972333177,0.3566551208496094
-37.9495035857927,-9.792261123657227
0.7001962140772594,1.9067020416259766
4.49418879319923,-3.3365116119384766
-39.0646563811545,-13.747340202331543
-9.09730633851708,-3.08205509185791
-17.5589533745204,-8.739481925964355
-4.92782811871599,-2.304828643798828
-8.2299173561342,-19.22683334350586
2.60625970962018,2.324495315551758
2.726862934921635,5.320835113525391
4.071661498679735,-13.322320938110352
-13.2494383747796,-0.7880902290344238
-11.9154244975033,6.059345245361328
0.9090871567987184,-6.595258712768555
7.92708077877978,0.4742393493652344
-3.119647295186995,-11.786134719848633
-2.248378586620203,-19.76659393310547
1.6646916021852596,-8.296880722045898
0.1590569364430157,1.5656843185424805
-77.3623903172369,-20.6768741607666
15.8859560938761,7.852611541748047
-3.11888044241469,-8.538719177246094
-2.7468186065138984,6.2720489501953125
2.77922195660905,1.909097671508789
4.052279150357491,-9.543651580810547
-4.03806373695381,-1.4277839660644531
-2.4461467814868523,10.814250946044922
-0.1639564470097907,-0.7933216094970703
0.8542168432631491,-10.666422843933105
5.84905996845087,-1.8207263946533203
-5.77665564868809,12.687126159667969
-3.7008288999313423,-0.7846250534057617
-7.18713065449027,4.232950210571289
-0.9529303605806088,8.815177917480469
-15.902118442879,-14.938117027282715
-28.0636361890057,-24.058929443359375
-26.912205886836706,-28.558364868164062
8.596988309863011,11.26406478881836
0.2877587512502297,-8.196588516235352
3.3899996482015826,2.9081573486328125
-20.5869014386951,-11.293124198913574
-9.341800010912078,0.01174163818359375
0.1692077246922899,-10.033995628356934
-1.857666460494741,6.032079696655273
-13.2752747780792,-26.567214965820312
0.7445982178878973,1.9077444076538086
4.49646859469848,1.5413398742675781
3.60913262992784,-7.595363616943359
-5.653435188749545,-3.691147804260254
1.51502173443586,-0.9421405792236328
8.143116180793372,4.584959030151367
-8.36164856265281,-16.52200698852539
-1.130678948105339,-7.561633110046387
-4.349210006555943,2.1524295806884766
0.2594141505344826,-7.955295562744141
-32.1283374054069,-4.919189453125
-1.9051378030600723,4.124660491943359
4.768047800449637,-2.7500388622283936
2.264898495983479,-12.342857360839844
-6.47138721063866,-16.26104736328125
4.93167956005568,-4.105064392089844
2.4851768276660025,-7.9448394775390625
-3.930469946192945,-8.876834869384766
11.923948375295712,2.070302963256836
11.616605850275496,3.259859085083008
10.41580460128629,0.9674110412597656
-8.700462669667385,-0.06833457946777344
13.1991243046288,4.83430290222168
-4.75101729862813,-0.38884544372558594
-1.4230966237807086,-0.578399658203125
-2.07861348348741,-1.5229148864746094
10.292368565007404,1.6763153076171875
1.9007667723773176,-12.469972610473633
17.1612744381531,1.8287887573242188
-0.1428452494230792,2.226551055908203
2.4933992323843923,2.5654125213623047
-13.861300672159,-8.13062858581543
-1.7943154401891548,-3.1987361907958984
-4.15624175439773,-6.981749534606934
-14.277645616907492,-5.05389404296875
2.713132201978397,-1.592996597290039
-13.315456279797685,-22.495805740356445
-5.36204355968609,-3.7198328971862793
-1.4872271509121793,0.8100214004516602
0.31232235517322,5.700813293457031
3.0307168501552093,-14.985002517700195
3.4484762474106,-2.140613317489624
-34.0729170807354,-17.29540252685547
-25.0659802428987,-20.827346801757812
0.86771933446589,2.4126243591308594
-11.996919710325,-4.198726654052734
17.2594267615487,6.784374237060547
-56.2560888739038,-26.291263580322266
-12.7386491421071,-16.994306564331055
-3.520787796436005,-2.679205894470215
-0.8014467498558491,-11.177383422851562
-34.7812340468876,-33.74625015258789
7.158235365631607,-1.4506607055664062
3.29681579894721,11.102081298828125
0.046018285265003,-16.453880310058594
2.046344769010002,-2.8720438480377197
4.25403099118957,8.309677124023438
3.7804230286959792,-5.6744384765625
-3.773219093074008,0.34618663787841797
-9.722403045722997,-10.064929962158203
2.81101468536903,-1.6713361740112305
-23.7494411406013,-25.171598434448242
-75.56229656723696,-27.860942840576172
4.366245372711767,14.567638397216797
9.94612085382829,6.091196060180664
-8.207132148775708,-23.5828857421875
-3.09775596823669,-0.24553775787353516
3.77256113899207,4.081325531005859
0.2016574678685985,1.444986343383789
4.38808277416547,-0.0639963150024414
3.7092867134231,-8.492835998535156
1.6740112862957208,2.7147388458251953
-5.472376660417956,-9.055595397949219
12.283123760680592,-0.45588111877441406
4.417989059347175,-3.996152400970459
1.907333647224608,1.3376693725585938
-3.73521146317182,-2.8608322143554688
7.837521570550837,5.431022644042969
4.82455755953161,-6.197955131530762
-0.6472060937938101,1.0351665019989014
-8.237956686764985,-15.380966186523438
7.36579899286375,-11.150209426879883
7.859716520666763,4.19410514831543
2.765011277030255,2.2528419494628906
4.62415639298937,6.514919281005859
6.430237727930085,3.512615203857422
2.44728958086436,6.064212799072266
-1.93656353174353,0.2099285125732422
-33.7845903951132,-15.643712997436523
10.960301672714698,17.316986083984375
6.147225205740463,-9.343987464904785
2.4659746492236927,7.929161071777344
18.2642273209106,-12.24009895324707
7.656482330373112,-1.0945415496826172
-63.2346715672369,-17.26203727722168
-22.9610154952969,-22.159164428710938
4.39789099231211,-4.760778427124023
-46.587141393021525,-23.33591651916504
-12.281506448986304,0.5054550170898438
5.220668557811489,2.4184579849243164
-1.4412632820262703,4.945581436157227
-35.163016426576704,-31.318572998046875
-31.380009974583203,-22.848175048828125
-2.6184282494780104,1.5550270080566406
-37.3999740396079,-14.44050407409668
-10.594900847222812,-18.509689331054688
-23.227454082363305,-17.528465270996094
-15.4814292943448,-12.947219848632812
-6.89310310865277,-6.396371841430664
-11.7962452523223,-6.239664077758789
-0.3887710448227697,-9.290977478027344
-4.0896099478500325,-2.525663375854492
-42.6579269422049,-23.240371704101562
-2.095241650043551,0.8589954376220703
8.45389840526827,0.13818740844726562
-15.5157954828953,-20.220443725585938
-1.9802660997523944,-2.37949275970459
1.8368511005450223,2.6022491455078125
2.11900133622217,4.545798301696777
-38.4962238749225,-39.567508697509766
0.8069046214032297,-12.055160522460938
-1.73607437190069,-7.105063438415527
-8.46093254820262,-1.8099241256713867
-0.0780407432645869,2.367473602294922
5.009535132419683,4.323225975036621
-74.9399761386801,-34.10350799560547
2.806732553915905,-6.971567153930664
-10.415057364934407,-2.342421054840088
-4.81834176383161,-1.1763839721679688
-1.4920816076829602,-6.630332946777344
-0.003939288658445,2.6301841735839844
5.86288473591452,1.0351712703704834
0.4443344011282492,-8.12355899810791
5.72263802046558,-4.442249298095703
5.46583466116103,1.3778352737426758
5.05355462238675,-0.7849605083465576
-17.190033530139498,2.410869598388672
-10.1192188918475,-4.282990455627441
-10.539071528779305,0.10924148559570312
0.2492257167476033,-5.941802978515625
5.35198813185094,-0.16051125526428223
14.9823899147147,6.767997741699219
1.7336328627834918,-9.704290390014648
3.2582764286422226,0.6036911010742188
1.1615369027166365,5.73813533782959
-42.4099588259267,-15.388646125793457
-38.7823663998969,-12.61557388305664
7.99575647038201,-9.360970497131348
11.644495901203598,0.8920783996582031
-39.0956747424042,-0.11853408813476562
-38.6438610292767,-26.953372955322266
-40.5029244010595,-24.06616973876953
-22.8644313188967,-4.408177375793457
-0.897066728281827,-1.3338956832885742
-17.6830733389949,-2.1285972595214844
-0.0084306638066775,-7.837282180786133
0.5394390329931549,-8.341926574707031
-21.61387508166409,-20.798542022705078
5.053393098685065,5.068626403808594
-15.7834934865799,-10.515762329101562
-58.40351531723695,-41.02314758300781
8.86280218600469,-5.443929672241211
1.888243484494037,-2.476701498031616
8.99923705482913,-1.9628667831420898
4.133325903305868,12.86661148071289
4.774357664359128,8.334054946899414
7.418770080750715,-0.6383941173553467
-2.25262466719878,-3.4360122680664062
-7.071587649042333,-7.639691352844238
4.398742241377427,-7.1326751708984375
-8.692928400841772,0.9369621276855469
2.334382802629,-6.555744171142578
2.8274240704709,-8.137903213500977
2.1747311895065486,1.3539810180664062
-11.9965988914421,-1.7308602333068848
2.776867734737273,8.925146102905273
-12.4595255596924,2.7400646209716797
18.5317724911246,1.2632293701171875
6.86106163750481,2.2157726287841797
-19.1693792779686,1.399139404296875
-4.20883890972707,-0.6382045745849609
-0.3530077955256401,-3.798421859741211
-1.6020246929696491,-40.07455062866211
-7.57557880794988,-4.07267951965332
13.9692836454661,0.4148292541503906
1.289294757415069,-4.9307756423950195
-20.3746494688195,-25.875173568725586
-8.044482691931467,-7.038097381591797
2.51340467963473,-18.681434631347656
11.0282847349576,-1.6193885803222656
-1.3944922949507652,-8.719756126403809
-26.2706781913698,-9.456310272216797
-71.7765711158932,-13.481271743774414
-44.2857422252861,-37.6160774230957
-3.057699221935841,-7.693386077880859
10.116767222520318,10.891263008117676
-46.9980356488569,-14.401876449584961
-8.677497573270493,-11.20217514038086
-25.781275563237,-4.443626403808594
-2.941164138388841,-5.39649772644043
-26.5692742661385,-5.742076873779297
1.2555345380058751,-2.5320072174072266
-0.810306898238276,-3.098102569580078
0.2404076931068699,-24.865236282348633
-2.5590885431480426,-6.508145809173584
-11.9846830308257,-20.852062225341797
-5.775806690181939,-6.181546688079834
1.9806048133258944,-16.56478500366211
16.618750626525,0.6235666275024414
8.204494762209066,3.9665088653564453
6.80321923705408,3.8499083518981934
11.710679650337616,-3.3326539993286133
3.181253849239128,0.2491283416748047
0.90894434552881,-4.964504241943359
3.547124544521316,-37.856300354003906
-2.202886656443709,-8.1766357421875
-11.133669865203094,9.648055076599121
9.328533024448705,-3.535247802734375
-0.7012610501602399,-6.220647811889648
-0.3170472839931941,3.6611690521240234
-2.3458288386735573,-4.13006591796875
-26.1191329979098,-26.266178131103516
-2.33292598982445,-17.962852478027344
2.461922216333884,-0.8864364624023438
3.73205068567752,10.04019546508789
-22.4462583852743,-26.45209503173828
16.899113604615202,8.357383728027344
-2.85382252753121,-4.588850498199463
1.2705701336207027,-9.395837783813477
7.960789166364423,8.777587890625
2.71808902854303,-18.135448455810547
5.5273920092716775,-18.347862243652344
-4.11149235653684,-14.522584915161133
-20.9676231329802,-16.848182678222656
-0.89184437235696,-6.31079626083374
-1.2816619609782416,-7.477085113525391
4.85634828411675,10.596429824829102
6.429854346358795,7.103694915771484
4.71112087372323,10.72503662109375
-30.7199022255615,-15.453598022460938
-3.8590388668775,-2.0373191833496094
-10.6557437737239,4.2772369384765625
-13.4460672849668,-21.55691909790039
-5.527709296795018,-5.0455641746521
-1.876637029070265,-4.661202430725098
10.2532613363299,2.489177703857422
3.00680128293027,3.914613723754883
19.33685959748449,7.21015739440918
-0.1058882282985149,-4.899111270904541
14.3436638764016,-1.0681571960449219
-16.1535771788668,-23.744699478149414
0.9480162028997956,-17.092327117919922
-18.5891767455387,-20.77875328063965
13.309934514349203,11.673019409179688
6.02246857213521,-3.862049102783203
5.16750826555368,-1.8428707122802734
-1.0190872666435924,-13.92526626586914
-19.100904418149,-4.4359130859375
4.743603615290096,-8.325830459594727
-13.8157551615103,-14.936723709106445
-3.802611775309477,8.357666015625
4.30511943579503,-3.1656503677368164
-22.482844278002705,-15.985259056091309
0.60779733849738,-10.868675231933594
17.8138573048897,16.587753295898438
-38.4626262988146,-16.5939884185791
-0.6089836493556324,-3.0545692443847656
0.8617451361473882,1.7112090587615967
-2.40000424902785,3.3886728286743164
3.7078671714499096,-5.34848690032959
-2.390619984667185,-1.77734375
-15.559462368784592,-20.09912872314453
-13.790764753514,0.5893821716308594
-9.325981865786185,-16.925025939941406
-58.4491138315396,-31.890493392944336
9.550892694239591,13.61465072631836
4.435147085081137,-1.4736149311065674
-2.3538192484503564,2.8474321365356445
-5.83438093189622,-7.481766700744629
-7.10827059552493,-17.12282943725586
-12.414939844598162,-4.605327606201172
6.6154810826822,-3.1561005115509033
1.3155747227446202,-5.781733512878418
-2.56542276271332,-6.056041717529297
-13.546032832554804,-3.550579071044922
-16.600339428286603,-31.67092514038086
2.9737175212081803,-11.142855644226074
6.167862854629888,-0.7373046875
-40.922076323723,-18.36685562133789
16.9349100756105,5.644975662231445
-12.24911226903676,-17.725173950195312
4.867927463076468,-12.83717155456543
-21.6327950573002,-15.737070083618164
7.11033993521173,-5.693567276000977
-9.59094984812801,-24.394790649414062
4.92186081619874,5.517124176025391
-7.815562497274902,-8.131134033203125
-2.20364176327536,-4.013936996459961
-19.6754058911438,-30.16120719909668
-91.8886792382854,-12.996990203857422
-20.9507978903398,-31.796852111816406
-17.8084408175675,-11.537383079528809
-62.9612541332419,-27.858699798583984
5.598134989920393,-4.91615104675293
-7.283890318199592,-11.48802375793457
6.1026124307435,4.282497406005859
7.42840635595139,-2.0025415420532227
-5.179391847578812,-15.527677536010742
-4.873152982370568,-16.50419044494629
7.276768036701751,2.2124011516571045
-10.739322929783883,4.255481243133545
-22.9219832537164,-18.72932243347168
1.5259403537211615,-3.7808761596679688
-44.7886924625105,-35.30931091308594
-3.72583443525641,-1.9978828430175781
-14.57002364123529,-14.530330657958984
-10.128266274366498,-19.650157928466797
-28.0249952668106,-33.853851318359375
-26.24662901330595,-31.400081634521484
-40.3645652505015,-33.17790222167969
-30.8056950922951,-12.155204772949219
-3.9552380984537248,-4.855125427246094
-2.1789667599796294,2.4934234619140625
-0.5734820606807138,-0.03876495361328125
-1.1617148968623687,-7.829738616943359
3.42848617073407,-7.515817642211914
-17.4030551064212,-8.882745742797852
3.88109013796494,-6.12996244430542
9.400493271217616,0.4406089782714844
-11.302161927872188,-5.639359474182129
-13.3709137252944,-8.089836120605469
-6.79658968512302,-4.103504180908203
4.509456424718162,-2.8173465728759766
5.45103123545738,-0.6546611785888672
8.149714042401495,2.4060325622558594
-12.909180343140196,1.4939346313476562
-6.61979034735207,-8.044700622558594
11.9978624338519,-25.31512451171875
-12.53254789251529,-5.469834327697754
-8.36198121766124,-5.577726364135742
-4.361976736345532,-7.054931640625
-0.1898191226144924,-1.2450923919677734
2.3166834950764685,-12.960731506347656
-12.6203596574975,-51.68327331542969
-1.207429910073891,-4.521692276000977
-29.7403775200217,-19.306011199951172
5.31082796058257,2.2775235176086426
2.97844031586002,2.6670360565185547
-12.533050119535002,-6.955310821533203
-5.8684323426223,-3.8312747478485107
2.391980620215489,7.745002746582031
7.73570234615748,-6.977962493896484
1.166748445159433,10.147323608398438
6.093529951556334,-0.6692428588867188
17.709922444879297,19.60523223876953
11.779516260068313,-6.793398857116699
2.4866177573815964,3.24147367477417
-30.89708550466269,-19.498920440673828
-9.231606713935047,-5.76930046081543
-13.4089268865456,-12.94317626953125
-9.06573754635488,0.9217014312744141
9.30630078585379,5.645611763000488
-7.156550033865472,-13.425389289855957
-10.5414716495377,0.7557926177978516
-27.8178569354009,-23.599557876586914
5.3817717725564,3.383854389190674
-35.155236696245,-34.04808044433594
-21.4141717786538,-26.091596603393555
-2.6053130644292946,1.10955810546875
-9.953220777101093,-5.547060966491699
-8.798237091769485,-9.725757598876953
-27.6920167541674,-2.200244903564453
8.017093587799739,8.724197387695312
-0.3550158381598589,7.022438049316406
-1.19024715514191,11.82474136352539
-3.2855896341823474,1.1909332275390625
1.844566842421384,5.554104804992676
-30.7366736665872,-24.13677406311035
-11.338238855350506,-5.6859588623046875
-1.059512617215007,5.215719223022461
-33.7712071062874,-10.862266540527344
3.812227003524945,10.47906494140625
-2.8472026300298463,-19.6174259185791
-21.5871320482388,2.814056396484375
1.845960760756301,17.905181884765625
9.06213659212517,6.327106475830078
-13.950148061363093,-5.605930328369141
-15.1006814359747,-3.789834976196289
-8.65496498210776,-11.406673431396484
-31.18852367408345,-27.707427978515625
2.35160533891099,-16.254043579101562
-7.06329362397977,-14.450019836425781
-11.299328727708405,5.199357986450195
-5.73967918172164,-2.5995140075683594
-4.062121175440552,0.7363510131835938
3.62056380925444,-12.88464641571045
-6.512385872303066,-8.442142486572266
-17.2817979072755,-14.998748779296875
5.79128728304933,-10.030082702636719
3.7921116228684086,-10.633933067321777
0.51700222845629,0.5062065124511719
1.0966146270020711,-3.008479118347168
-6.613686761665703,-21.66634178161621
-39.873530292237,-7.857365608215332
-35.0272315856836,-18.85100555419922
0.2475632146873464,4.449213027954102
5.59963570142504,-4.351877212524414
5.29419053806362,-4.415083408355713
6.457932781589695,3.2954654693603516
6.4251548431743295,-2.6064720153808594
-19.7885249955934,-12.148785591125488
-2.4097304318056905,1.2080860137939453
7.543407488617369,9.406482696533203
1.83593808226401,1.941934585571289
-1.5082203021212124,9.488300323486328
5.99108205682079,-11.487071990966797
-18.1797235112709,1.824371337890625
-12.840088322870097,-24.44300079345703
-2.23616712442702,4.213911056518555
-4.662511414401839,-6.790367126464844
3.41802282280863,-7.613494873046875
-12.0320822507053,-11.220380783081055
-25.9801803981754,-17.51092529296875
-5.97419023328963,5.709484100341797
15.4186986077963,6.661005020141602
4.480465220149085,-15.67747974395752
-13.2363849677504,-9.399557113647461
-9.362863686069195,-15.767505645751953
4.128157012788561,-7.445119857788086
2.26767773086615,14.568628311157227
-24.1634597090208,-20.276103973388672
10.013204486477417,9.635307312011719
-31.934070451053,-23.61726188659668
-22.9515728231767,-3.9308815002441406
-11.219410776078313,-13.935569763183594
6.00089213826483,7.211078643798828
-28.9638748432599,-26.51706314086914
3.11049964318654,0.3142662048339844
-1.073248118887358,-1.5065412521362305
-10.249148139079496,-29.14942169189453
-13.14009076535719,-11.852352142333984
0.7364260970712593,-2.846576690673828
-44.9949251983702,-7.6866655349731445
-5.159519294761907,-17.55703353881836
1.869241020829697,-12.865913391113281
-55.54568697318505,-31.515880584716797
0.3065104335081801,2.8804473876953125
-10.386374558578522,-6.118213653564453
-3.0345245902191325,-8.039424896240234
-57.144820014625296,-17.88316535949707
2.85060083445348,-5.6443634033203125
2.446050707651698,4.825967311859131
5.50221601830175,-14.877696990966797
3.455876052191651,2.9571456909179688
-14.6157572128631,-29.22287368774414
-0.874105623616695,-6.010795593261719
-1.378759213278819,-1.1610488891601562
1.350733135180331,5.726399898529053
-1.94666134980912,-8.095516204833984
-3.36735139960915,-0.7836418151855469
0.8319171014720902,-14.318719863891602
-40.2101205720394,-0.7331359386444092
-24.577379709126298,-32.20035934448242
-18.6292132467089,-8.412256240844727
-46.39510994896701,-22.996444702148438
-2.487076105276776,1.1083755493164062
-4.752960817423343,-15.943962097167969
-0.1160299782726794,-1.9231414794921875
-18.5277286275242,-22.525259017944336
-14.1325019191809,-11.469070434570312
10.909208084253878,2.0762577056884766
1.30779520720034,-3.435884475708008
-5.77436797253085,4.704490661621094
3.986867952152618,-5.424598693847656
-21.7936206120663,-28.72269058227539
-2.643556292002,-0.06732940673828125
11.0853991753379,0.9596047401428223
-12.9397422629832,-22.899742126464844
-0.190891674386513,-11.02774429321289
-6.32558602127377,-6.108161926269531
5.391699208755202,10.054862976074219
-8.998840630677615,-11.31103515625
-1.6005087696864486,-0.9381675720214844
7.5482379424635875,13.792837142944336
-7.642910278690365,-2.742206573486328
3.719171936095444,-13.250085830688477
-0.8981307679622897,15.58282470703125
7.06032809637297,3.4525222778320312
-3.134999611446543,0.6959409713745117
-5.94174589421185,2.6443700790405273
-17.7883076547542,-8.75337028503418
-25.2381267145584,-21.09596061706543
-27.5445722402187,-22.982730865478516
2.6678241356197647,-6.717569351196289
5.02066543392875,0.10530662536621094
-1.67197513843126,-31.424360275268555
6.58117049992555,-4.154379844665527
3.12612254618191,4.288479804992676
-2.1147225087047508,-1.2984256744384766
-76.9668504799361,-12.319390296936035
10.11870938841209,20.972412109375
4.755697845162629,5.404857635498047
16.5479703149859,10.068742752075195
4.001938538520379,-5.935216903686523
-14.1813773041305,-22.18599510192871
0.7709161631446207,4.731223106384277
-24.2508933717269,-22.872425079345703
-22.3071231538392,-25.519330978393555
7.2595381633228,7.135807037353516
11.555346181601609,-6.461424827575684
-26.258782255785,-18.388301849365234
10.3189652047012,-1.4736137390136719
0.809697096857583,0.14193153381347656
-18.5255095356289,-23.224084854125977
-1.0680791130593923,-10.987847328186035
-3.5390830989045075,-4.19965934753418
10.468583156479704,-0.5118312835693359
-10.613183176373598,-4.1652069091796875
-6.40442742836347,1.936105728149414
7.196532980977684,-0.8547019958496094
-10.586292641023492,-4.783891677856445
-26.79502671025515,-22.919754028320312
-7.187555808667961,3.8826684951782227
5.4465900456679694,2.4527359008789062
3.1988276731025875,-4.616044998168945
7.827394642815597,-5.755481719970703
3.887422638441485,2.8288230895996094
-3.41466344580097,2.3077635765075684
2.667044757168528,-3.881837844848633
1.0590749185315824,5.620126724243164
-3.9965921287470247,-2.8038008213043213
10.982614675109394,1.8047714233398438
0.4076170529080399,2.3272323608398438
2.71319811317338,-0.5836048126220703
8.652061852316729,-0.21481895446777344
-0.6579761516790089,-3.286526679992676
-51.6773231694491,-27.23531150817871
-2.8325461302865187,0.5186042785644531
2.12749125232924,-15.756353378295898
3.562549470771905,-11.470199584960938
-16.517773128145326,-5.217231750488281
6.874655354673765,2.4789466857910156
0.2047767843086013,-2.726447105407715
-2.698758931910008,-4.883090972900391
1.8601156760560384,-12.142471313476562
-22.2455703021075,-24.985469818115234
2.4288820651169605,-3.7163238525390625
-16.8307740899425,-6.257114410400391
20.7191486697607,2.809112548828125
-30.7261055182573,-25.091903686523438
-38.4849400567448,-36.209747314453125
-14.3103126367969,-15.256810188293457
0.7860328468455551,-7.236772537231445
-48.3858044800915,-24.855510711669922
-3.21662088766757,-9.336291313171387
1.675245639565673,-24.762489318847656
-90.3299705619704,-31.73514175415039
-9.28527551691871,-2.831819534301758
-1.2293411329062325,-2.2461795806884766
-4.534682244798708,-21.11639404296875
-68.1959205924323,-24.743650436401367
-24.5242345195019,-23.891937255859375
-2.77042962989298,-0.35280799865722656
3.8009101564042025,5.567056655883789
8.933703319425492,-1.94110107421875
-11.341527235964405,-5.248420715332031
6.71098989067457,12.515726089477539
4.54734483862441,5.5829620361328125
-5.16341129781556,-9.431800842285156
-49.062306315025,-27.675037384033203
5.26551760771767,15.937501907348633
3.33951124606136,1.4084205627441406
5.006519903780723,-19.10863494873047
4.05485944970297,-1.444540023803711
2.283405953189745,-1.5960712432861328
-2.66483863280114,-21.720651626586914
12.566471603210276,-6.244892120361328
-27.9020155354992,-16.59549903869629
8.88265541550952,3.098115921020508
0.1652887870268324,0.7963657379150391
15.4985727759109,1.4510464668273926
9.014890317831036,-0.32882118225097656
1.4803529144374856,-5.5837860107421875
18.1939100849816,4.148685455322266
-2.6304973605131474,-1.4295082092285156
-5.493763326806099,4.383087158203125
-0.6715208179901364,-3.927792549133301
-36.7383193130824,-10.923745155334473
5.062784719364307,0.9636545181274414
-12.026803679110706,-33.680747985839844
-3.01321716593974,-0.44922637939453125
8.35813394800668,10.0885009765625
-3.60075442831331,2.012096405029297
-9.509135784465323,4.094547271728516
-19.6175855102284,-19.64776611328125
-27.8629509568953,-22.668901443481445
1.74273211890989,-6.951509475708008
-2.19578977406709,-11.303532600402832
2.42002639701588,-2.2933969497680664
-25.55316918036869,-9.665168762207031
5.635020609606415,2.964336395263672
-34.727836669101,-12.371085166931152
4.4516036428765,-7.193338394165039
4.967381413305823,2.8464298248291016
-6.81516141534704,1.2110595703125
-24.3954295810688,-4.175407409667969
8.658679095048068,1.9125804901123047
3.7347243087796,7.405029296875
-12.909633143366396,-10.444339752197266
-60.49569009623433,-37.55721664428711
-3.790702882666694,-0.4564793109893799
-12.41068356063,-8.380319595336914
2.76740193393285,-1.5797576904296875
-18.9061714872788,3.5733256340026855
-3.681083449701528,-10.111042022705078
8.13893448615947,5.459268569946289
-51.402683514636095,-22.21908950805664
-3.0703466753296,1.1761093139648438
0.4646043967887734,-1.0507850646972656
5.989492839405608,-3.449028968811035
8.833837192566008,-3.5956687927246094
-26.1965705632023,-0.06457996368408203
0.0804428699766095,1.2453148365020752
10.229168329440906,-8.183080673217773
2.12042655289975,-15.802372932434082
3.88810032819938,-4.137643814086914
-31.515616413872173,-13.131128311157227
2.28163515100639,-8.491598129272461
-9.633163292669298,-23.649980545043945
2.63206586722876,15.034793853759766
0.3189015990893598,-9.223247528076172
-6.31868596379813,2.0092787742614746
-6.4648984000359935,-17.08155059814453
8.91646092056966,10.253534317016602
-42.637521131086125,-9.000426292419434
-89.5439156156453,-31.504467010498047
9.179556151687803,-3.3562774658203125
8.754663680824095,-8.685625076293945
0.8838679103249854,-0.8209421634674072
4.338369925074482,1.0395393371582031
-18.23432595343749,-9.312055587768555
6.92534745147092,-1.8244743347167969
-1.768261666543676,-3.229398727416992
-7.87226820943855,2.615428924560547
-12.0847368637308,3.1354541778564453
-4.4222229386498375,-1.3774404525756836
6.63109301847755,1.7847023010253906
1.675381804264854,6.631374359130859
-6.897600670415837,-36.21302795410156
-12.2774867069717,-5.8699493408203125
-3.963646539183849,4.063468933105469
-2.552277046947741,-1.0780048370361328
-10.78700495517378,2.908233642578125
-6.426376983867103,3.267589569091797
8.2142562177934,1.8021087646484375
-16.967828162594074,-3.078579902648926
6.07843040491799,1.5917636156082153
3.08443697315444,-2.834312915802002
-1.3811964732242277,-12.067631721496582
-4.51305804704249,-8.337181091308594
-9.93375477053989,-6.9361891746521
-0.6581754288220045,-2.4281692504882812
-7.952166005584182,-12.428817749023438
-13.563015982384195,-9.807060241699219
-47.9957157156951,-28.062835693359375
4.96190002222477,5.2040252685546875
-2.0240269290899,-1.8038215637207031
3.47166270740147,-3.1541757583618164
-5.2815921348029296,-7.341211318969727
2.369358494612781,-0.5048685073852539
-4.214346026907057,-11.072708129882812
-23.8934551543691,-19.009654998779297
-1.0659561461183158,-7.897487640380859
3.126169348435272,-11.299083709716797
2.35164464781062,-8.037811279296875
-1.79502295092813,-1.149587869644165
-15.957982665262508,-24.54039192199707
-64.65676531723692,-42.26551818847656
-27.8195558011628,-27.843616485595703
-10.480511156242285,-17.255903244018555
-6.18357684414468,-4.471875190734863
-6.75960002722117,-11.779108047485352
4.4105627388370605,-3.3975167274475098
5.58846482112586,-5.186565399169922
-16.8483709423333,-22.29547691345215
16.1850033157246,13.53874397277832
-3.34531377329845,-1.2464790344238281
5.893700156574014,4.6393890380859375
2.745769909533195,8.630146026611328
2.53362859007723,-2.6910595893859863
1.0880788430276551,4.591371536254883
