Score,Pred Score
-13.812973987503693,14.9927396774292
-14.6311710829416,-14.356512069702148
-15.020937907067507,-19.39878273010254
5.61896917638109,24.64892578125
0.1461877509898399,-3.3048877716064453
3.59745169898486,4.013767242431641
-6.72144892291601,-6.020214080810547
4.304204520484877,6.986152648925781
3.37898618824583,3.896514892578125
3.939818822274421,8.468698501586914
13.9953943577381,27.28357696533203
-5.39913759737588,8.513427734375
-2.204579993178592,6.316623687744141
8.829561804598438,-5.259162902832031
6.01696699102072,3.987126350402832
-6.376202369524528,-3.3199920654296875
-6.50906463316165,25.151626586914062
-60.92137282626391,-47.52574157714844
1.99934019108803,2.24306058883667
2.188685633501576,3.534679412841797
4.07090957771029,22.854984283447266
0.5211206139658471,-30.17865562438965
12.5580583918003,10.042085647583008
3.320229681965675,23.111770629882812
-0.4381862293696001,2.664823532104492
0.1752112379752922,12.320300102233887
4.123908949931413,10.6767578125
-14.2382866820043,1.5951690673828125
12.966325580978296,-1.9975852966308594
7.692941411907634,-8.062936782836914
-62.9031214125763,-28.33599090576172
-5.800670766453999,-3.399613857269287
-11.705366535732304,-6.030052185058594
-4.786538605318405,-1.4200077056884766
-82.4887013651952,-26.558456420898438
-8.251107402184557,-5.427333831787109
1.61677665352485,13.03836441040039
-11.916211326129387,-13.035879135131836
-45.634880019414,-27.207992553710938
-0.568998602339841,6.329089641571045
-12.147399114840605,-3.1529541015625
-27.4476544011683,-34.03900146484375
-2.306526469902426,-10.924808502197266
-0.4835459876036119,-0.24625205993652344
-8.39479061793487,-16.641162872314453
-46.862925671502296,-13.448457717895508
0.3837795244341289,0.23565292358398438
7.184930267876617,15.922988891601562
2.8348518495029404,6.5196533203125
-9.859535687586003,11.258662223815918
-6.00025755794808,-26.38582992553711
-4.764629840066975,-3.0459136962890625
-2.377061578670744,2.5831384658813477
-2.0585753436264698,-6.653392791748047
1.1848602197973823,-8.827686309814453
4.97603191479674,-0.21933746337890625
4.27399441028646,-11.825356483459473
-46.2372447228831,-19.919267654418945
-31.4759298257721,-2.9175519943237305
-50.1674018945849,-29.18352699279785
0.9601515747159592,3.3579139709472656
-11.864177458483407,0.6138763427734375
-0.538262620928304,-4.536794662475586
-0.6920482116816997,-8.365720748901367
-1.5184696160120892,3.990494728088379
-3.0836644409391925,-14.039459228515625
11.316750179392892,-4.143216133117676
-11.183106529127476,2.814258575439453
3.59102041590596,-21.366668701171875
4.55602013063716,-4.3318986892700195
11.579228393987275,8.483627319335938
2.3067635611900137,-8.285993576049805
10.480393919522983,4.7450666427612305
-2.698100773809443,1.4840431213378906
3.776985072333982,1.1703968048095703
-11.773766374328297,-4.7951507568359375
8.681027307740193,-3.234910011291504
-1.1091988250418725,-2.6916656494140625
4.484288991501213,-3.0075340270996094
0.0548896546292299,-0.46390438079833984
0.1118559290339978,-8.317359924316406
3.9797293996962297,-3.4568958282470703
-22.42608065327665,-26.467872619628906
7.37064384347005,-4.462173938751221
-0.2642143205483515,-4.552539825439453
5.344594984386832,0.24396228790283203
-1.2497809936708242,-9.31509017944336
13.71198107208239,1.6436004638671875
0.5045482395984724,-9.972818374633789
2.86709961553106,0.8936100006103516
0.4423212163888063,9.700798034667969
-3.724573545179619,-2.223207473754883
0.2570808252882703,6.625370025634766
-70.65073406723695,-33.1578369140625
-33.9587360563784,-21.767433166503906
9.2088386022025,0.42273426055908203
1.3318185914773402,10.405401229858398
-9.176001953270983,-2.7022571563720703
-10.497767159210698,-4.872035980224609
-0.4402086584014632,-17.64516830444336
2.1560784090827942,-8.003314971923828
-27.1636490162131,3.7726247310638428
-0.670930828719279,-6.868366241455078
-22.794043146736,-26.961153030395508
0.8105828534072201,-14.611082077026367
1.2287673509824204,-3.641925811767578
-0.6435038581465955,1.1074066162109375
8.474782023793379,-1.5662040710449219
-9.601847091024196,-6.52407169342041
-1.6610011043127195,-9.511398315429688
-0.1091636509260827,-12.156478881835938
7.570838092245207,1.7986316680908203
-7.211196994815285,-21.076099395751953
9.090654061652296,-6.21281623840332
-26.6651088566214,0.4849557876586914
-17.309192174305,0.49706363677978516
4.14054171285972,4.3413543701171875
4.097668935846943,11.688982963562012
-0.29408409265346,-8.978036880493164
-35.8165916579592,-13.791007995605469
10.898098675545494,-4.339235305786133
-1.6552655274048038,1.8719043731689453
1.6729502580778592,-13.338940620422363
-6.42491227706334,-19.44109344482422
-15.4752611754195,-20.140174865722656
-0.6907348474047925,-1.3211784362792969
-21.3629045873375,-11.837557792663574
4.219145585451182,-18.058380126953125
-3.019531285218114,-15.222015380859375
4.25311060075082,7.311468124389648
-15.0412339008878,-36.19178771972656
-8.237627320974727,-19.55898666381836
-1.0683487237199796,-11.011449813842773
-1.7174251595272625,0.7897834777832031
4.069163600073605,0.1368274688720703
-10.162041561092582,-23.889665603637695
-5.97248436581227,-16.494001388549805
6.120538767403939,-4.322709560394287
-0.8028238008287005,-25.925607681274414
-23.6042929930625,-27.135671615600586
-0.1777753404752198,0.8344154357910156
-5.785469568057495,-32.3010368347168
-0.0556983764780604,-2.1411309242248535
-25.4508968849616,-2.348133087158203
-5.3185412482723295,-15.419857025146484
9.1356503291117,11.902412414550781
4.020569536845237,-0.39962196350097656
-58.5527340809363,-20.384784698486328
-6.291328737399075,0.05084991455078125
4.187869588752649,23.753320693969727
8.922207576391518,14.835917472839355
22.7414116448382,4.569297790527344
-44.6057608529879,-38.66320037841797
-26.5129077898497,-13.144986152648926
-2.13735826282737,-12.458919525146484
-1.14890133483728,7.298633575439453
-15.2234416939723,-11.496652603149414
0.369316059642221,15.340377807617188
-0.6884117876070912,-18.796279907226562
-5.8772631055401,33.736907958984375
3.6053774296538297,2.541059970855713
5.07108724357905,3.958033561706543
1.292753014965791,1.1044673919677734
8.440986836263871,13.540220260620117
-3.43040335892423,-7.72148323059082
0.7651079053562314,-8.769363403320312
-37.13962469223695,-18.406272888183594
-5.822632503482525,-0.280468225479126
-6.879472048396067,-23.830516815185547
2.11024229353816,-11.059910774230957
-7.1526743450051855,-15.079044342041016
-1.122073026503361,-9.285184860229492
0.3302260274555297,-1.6904487609863281
-1.178255647098801,-4.228986740112305
-2.99361591491145,-23.76953125
-18.1070051290659,-35.3052978515625
-3.0332808194811403,-16.804996490478516
2.6303171850506604,-1.0156974792480469
-9.72499716390718,-1.1416606903076172
0.2729453578388601,5.604217529296875
-21.4503408223732,-9.333938598632812
-4.99755531471552,2.363515853881836
-18.0018409950579,-43.96550750732422
4.00031385473591,4.242332458496094
12.0378145652987,41.15216064453125
14.1235470599023,-6.603565216064453
6.55729051148795,-3.785236358642578
11.19992297656359,-0.5282983779907227
-7.81388191369781,-7.773048400878906
-2.924593214648255,-15.970993041992188
3.7667366885646025,-7.910684108734131
-6.68253431604433,0.13214588165283203
0.7345204104922589,1.8234710693359375
-10.626155896203898,7.377901077270508
8.106852576346123,9.008746147155762
-58.24412469223692,-30.054567337036133
1.4955767028094,6.017354488372803
-17.6906096863185,-27.35344696044922
-4.813871520282443,2.481647491455078
-11.8973420493851,-14.499897003173828
-2.67676896274171,-6.901628494262695
-3.9331393974605526,11.343338966369629
8.756217929094177,6.569780349731445
-29.2662792150344,-5.666294097900391
1.7249239205326918,5.531386375427246
-6.686975812883663,-21.528244018554688
11.10272802991041,-0.6388111114501953
-10.956818171714705,-12.293546676635742
-6.3500959185649,-18.014516830444336
0.6681105368389735,-6.839897155761719
-12.500029270357295,-7.548515319824219
-2.591242863373206,-3.6497955322265625
5.954690473588823,-1.2181663513183594
-43.929359067237,-26.677845001220703
-17.4841411730512,-14.376721382141113
3.61441892535489,1.385045051574707
2.1112971208509976,2.4222583770751953
-41.8026500314277,-9.757539749145508
7.028135642932115,0.8704357147216797
8.463248256721428,18.05157470703125
-13.037072413777096,-13.894153594970703
-1.6307504375632549,18.82858657836914
-0.3284521577656807,2.1195249557495117
0.4685622181175212,-4.495306015014648
-5.316952415477393,-6.177757263183594
4.584421564331302,-3.5085620880126953
-20.3593816575191,-17.76248550415039
3.67041582610247,-2.524839401245117
2.204062447972561,0.018507003784179688
-4.666937653128132,6.933649063110352
-12.3781694316975,-8.915349960327148
7.06923762363823,7.9024200439453125
-37.2883298194418,-26.522228240966797
6.442434166934048,6.8059515953063965
-12.2162083245621,-0.4794597625732422
-20.3623076046531,-0.06620216369628906
-5.45440876641342,-6.841547012329102
3.1416241584890576,-9.80001449584961
-4.96580172718434,-6.78179931640625
-37.4061766871973,-30.857685089111328
6.46185690649625,-3.635272979736328
0.5403453062071405,1.7778348922729492
8.656689402528613,3.3324012756347656
12.331931266595111,-0.8792204856872559
2.75380173901167,-0.8225612640380859
-2.8447496930443927,2.7881460189819336
0.0285872237409883,3.0211257934570312
-73.5286754265322,-2.696258544921875
7.285509446842615,-0.7049922943115234
6.72046542688671,4.480990409851074
-6.19730890695259,2.3686580657958984
-16.4599719883519,-10.845653533935547
-10.288292260688207,-0.8964080810546875
-10.285920522724917,0.9249629974365234
-30.8171784242839,-8.433221817016602
-4.65691689928222,4.6509857177734375
-37.1716279374795,-22.01148223876953
-36.50577458359941,-0.8280200958251953
0.7942566624333496,-16.183507919311523
-34.8552692363716,-6.224555969238281
-2.491707941339629,-2.3427886962890625
1.7387039934851498,5.997110366821289
18.9715733525152,1.602691650390625
-13.8996269060666,-3.235200881958008
4.17561229224804,5.0805158615112305
4.7680640763497,-3.602889060974121
-6.745372906074374,14.906509399414062
7.262818938793504,-17.243366241455078
-55.7541546140486,-32.077056884765625
8.453421074249384,-0.1855783462524414
-5.85807143580148,0.9153003692626953
-52.7336020518746,-23.854969024658203
-1.995826789875676,-13.121460914611816
-1.3326443092463092,-36.57185363769531
5.029017096161708,-16.3583984375
-0.71117494174041,3.089320182800293
8.243548509216069,6.893341064453125
5.81602235619721,-20.528438568115234
5.978124919049687,-21.54663848876953
-2.8859593337581737,-24.90245819091797
-26.0047332498617,-29.748382568359375
-1.5220929784942658,10.965957641601562
-3.195242757261453,-8.845211029052734
-15.0089303719363,-4.99615478515625
-1.757118944268968,-21.803955078125
-13.5091075877696,-38.44713592529297
-4.0681667574955,-1.963327407836914
4.43276114617859,2.866112232208252
-4.665207913971671,-2.3413572311401367
7.33919324558513,-6.929784774780273
-11.69780882660921,0.4128103256225586
5.960801203295765,-11.000173568725586
-29.9162730471743,-27.327749252319336
-5.331847529263395,-12.164676666259766
4.2006804390709,9.392582893371582
4.76541245752904,13.594696044921875
5.87221574658101,-17.476512908935547
-12.955988512618,-23.823091506958008
-14.4061745570978,-31.289011001586914
13.644333664082708,7.609184265136719
7.522446474796843,-28.632904052734375
2.858782897786812,-5.497995376586914
-49.8653288018085,-34.32162857055664
-4.029904705212941,-5.874368667602539
-6.2026319104393295,-22.806743621826172
4.452168509343501,-4.599065780639648
-16.475900892606802,-10.212038040161133
-11.03094492075089,-24.434906005859375
-8.08045020128908,-6.934562683105469
1.39259946716825,1.2046875953674316
-14.885807229381896,7.804665565490723
-11.113180908425988,-17.29203987121582
5.506094216928792,-8.24930191040039
5.29091659278858,-3.7332043647766113
3.42106467876526,-6.709531784057617
5.162821279449693,-5.117815017700195
6.020551076354931,-0.0440521240234375
0.8086942897832163,-43.99884033203125
-8.80546181278599,-26.9090576171875
-7.42349600405968,-17.234256744384766
-14.4731176558811,-1.87646484375
-35.5448186771701,-11.124588012695312
-1.657597602265355,-12.703719139099121
-1.930224441335125,-9.576614379882812
-10.398648228661925,-10.898338317871094
-1.6521884315998507,-1.108612060546875
1.3131129859732091,12.794440269470215
-0.1240821746904601,3.15964412689209
-35.1709788883515,-14.396602630615234
0.6771989561182002,-1.387603759765625
-5.8677981963370005,0.11728382110595703
0.7982616963508231,-0.7022209167480469
2.595279020812243,-3.0699405670166016
6.9472187772133225,-12.31631851196289
-41.1395198834054,-8.871274948120117
-35.4604736838065,-18.25204849243164
7.87379173269718,8.480372428894043
-8.72128086410909,-18.55965805053711
-82.13826531723697,-12.331521987915039
-9.70693692529289,-27.571170806884766
-61.4386715672369,-27.061092376708984
7.10938257895085,-0.9451552629470825
0.4007388327427847,4.5032958984375
-0.7455370396145937,-1.939229965209961
1.674966057420845,-2.492563247680664
11.877856996640997,4.049622058868408
-0.9096556467231308,-2.2931442260742188
-1.4680391508473674,-7.351373672485352
15.6414782015599,-13.751778602600098
-10.35739215730591,-3.577047348022461
1.926107182225645,-3.348623752593994
6.99756701325662,3.087625503540039
3.54836143321337,-2.156177520751953
-7.726553411266567,-13.509710311889648
-48.51478094223695,-24.360065460205078
-3.0453156276270903,5.412149429321289
-3.454798154796729,4.734827041625977
9.503977484174175,1.0114479064941406
6.001532732018722,-0.24406003952026367
1.775572054007981,-26.08612060546875
-2.6871577689602653,-2.211153984069824
-7.920344649869953,-5.616426467895508
2.578081311550471,1.7813682556152344
-14.434457477598505,-0.5679130554199219
-1.338045882914232,0.4859485626220703
-44.1817825469333,-20.598846435546875
2.4314234692194163,-6.893840789794922
-2.35314836228574,-6.594992637634277
-2.07036107592124,-2.3300914764404297
-6.560167066336443,-13.785772323608398
-2.54688332955635,-12.742237091064453
-7.940842049461227,3.5227317810058594
-7.789052707582185,5.435995101928711
-1.4295761119406232,-2.2827863693237305
7.206977941743588,-6.539890289306641
-4.081394009803599,12.664717674255371
-30.167243616457,-36.7933349609375
11.7225687296843,-7.410458087921143
-0.8984319813221007,-2.8014559745788574
10.349523074958825,-4.145560264587402
5.42147270471237,4.411954879760742
-0.3136273830120112,5.608097076416016
4.398848813602776,-15.847148895263672
2.099307195887115,-7.9516448974609375
-61.6890402284636,-33.1806526184082
-7.08434802004719,-3.477788209915161
0.6962467393230812,-13.094062805175781
9.0758909366509,-24.878433227539062
-1.9263965715605047,-5.4180755615234375
-6.262949496708321,-7.092494964599609
-4.739766082030863,22.497482299804688
-36.8822022827233,-17.568214416503906
3.24770439300306,-4.645825386047363
-2.289513933263135,-7.087779998779297
1.41805545618482,-3.0436267852783203
-24.4432878855492,-4.501178741455078
-24.96156751119129,-39.0516242980957
-7.734574598544068,-15.315513610839844
2.79124989437018,5.134130477905273
-5.17831154550348,-25.100526809692383
1.5275640312561216,0.9329042434692383
3.682989905065457,-15.961639404296875
-10.8237586662752,-18.20318603515625
-6.929951553081727,-14.291309356689453
-27.96215708599589,-11.081104278564453
-2.88087637063392,10.831865310668945
-5.960419628776203,-9.698705673217773
-37.189874708633695,-13.307149887084961
1.1496085756031087,-7.765180587768555
-12.7137936794919,-24.07383918762207
8.398744223780918,-0.823272705078125
-33.3004252633332,-23.703800201416016
9.144089281431205,-0.12963294982910156
4.065326821312747,-12.597129821777344
-41.9047429025821,-29.94834327697754
7.383552345763623,1.8141660690307617
6.364261125349779,9.83704662322998
4.841793570156368,-10.969955444335938
1.6198341998494314,0.7394351959228516
4.179707781567577,3.7014808654785156
-14.7229944429405,-29.103862762451172
7.078924552126015,-4.155229568481445
-12.898019313824,-16.980436325073242
-70.8116033690518,-18.97818374633789
12.7359625054994,12.222593307495117
5.586124430090477,-6.689234733581543
3.028467183462371,-5.714507579803467
-5.830142578087577,-8.639205932617188
-22.6841489367301,-12.859079360961914
-1.51657819068512,2.3945069313049316
-81.52648016021857,11.073699951171875
-3.36903782007548,9.081327438354492
-18.707844022,-23.56707000732422
-34.48768519828235,-12.790433883666992
-39.7169735486916,-13.502385139465332
-1.593720937577549,-10.099969863891602
-23.2954444871652,-25.659109115600586
-45.30258920076982,-10.264477729797363
12.5056328567953,-7.864452362060547
-11.9299972333177,1.0660653114318848
-37.9495035857927,-8.000408172607422
0.7001962140772594,3.596691131591797
4.49418879319923,-16.405292510986328
-39.0646563811545,-13.716591835021973
-9.09730633851708,-4.173763275146484
-17.5589533745204,-6.187199592590332
-4.92782811871599,-3.1766357421875
-8.2299173561342,-18.428726196289062
2.60625970962018,7.9542388916015625
2.726862934921635,3.923797607421875
4.071661498679735,-15.552282333374023
-13.2494383747796,-1.4007742404937744
-11.9154244975033,5.874412536621094
0.9090871567987184,-10.176685333251953
7.92708077877978,-1.7676277160644531
-3.119647295186995,-10.831733703613281
-2.248378586620203,-20.787521362304688
1.6646916021852596,-8.582286834716797
0.1590569364430157,1.1961002349853516
-77.3623903172369,-18.67706298828125
15.8859560938761,8.969490051269531
-3.11888044241469,-5.743539810180664
-2.7468186065138984,3.307130813598633
2.77922195660905,5.852298736572266
4.052279150357491,-11.73538589477539
-4.03806373695381,-0.15266036987304688
-2.4461467814868523,14.435909271240234
-0.1639564470097907,-0.6790676116943359
0.8542168432631491,-10.583698272705078
5.84905996845087,-2.9620590209960938
-5.77665564868809,12.484363555908203
-3.7008288999313423,1.3061904907226562
-7.18713065449027,5.879353046417236
-0.9529303605806088,7.482250213623047
-15.902118442879,-15.154923439025879
-28.0636361890057,-24.496566772460938
-26.912205886836706,-29.461788177490234
8.596988309863011,10.181114196777344
0.2877587512502297,-11.797673225402832
3.3899996482015826,3.284198760986328
-20.5869014386951,-11.177370071411133
-9.341800010912078,5.020622253417969
0.1692077246922899,-11.896671295166016
-1.857666460494741,3.106475830078125
-13.2752747780792,-25.894882202148438
0.7445982178878973,0.3973407745361328
4.49646859469848,4.781583786010742
3.60913262992784,-8.235483169555664
-5.653435188749545,-4.464199066162109
1.51502173443586,-2.158262252807617
8.143116180793372,3.9115333557128906
-8.36164856265281,-15.082914352416992
-1.130678948105339,-4.911479949951172
-4.349210006555943,-0.5820579528808594
0.2594141505344826,-8.770931243896484
-32.1283374054069,-8.783130645751953
-1.9051378030600723,3.489288330078125
4.768047800449637,-3.200089931488037
2.264898495983479,-12.047118186950684
-6.47138721063866,-27.877288818359375
4.93167956005568,-7.1251983642578125
2.4851768276660025,-8.647439956665039
-3.930469946192945,-10.050798416137695
11.923948375295712,2.609506607055664
11.616605850275496,0.244110107421875
10.41580460128629,-2.7034912109375
-8.700462669667385,-0.8092174530029297
13.1991243046288,4.606870651245117
-4.75101729862813,-0.6657724380493164
-1.4230966237807086,-0.4876251220703125
-2.07861348348741,-3.079845428466797
10.292368565007404,0.7422904968261719
1.9007667723773176,-12.236433029174805
17.1612744381531,1.4109344482421875
-0.1428452494230792,1.3522357940673828
2.4933992323843923,1.4785785675048828
-13.861300672159,-8.44114875793457
-1.7943154401891548,-5.36815071105957
-4.15624175439773,-5.441656112670898
-14.277645616907492,-2.8347787857055664
2.713132201978397,-5.872570037841797
-13.315456279797685,-20.973739624023438
-5.36204355968609,-5.378320693969727
-1.4872271509121793,2.0527749061584473
0.31232235517322,0.5857257843017578
3.0307168501552093,-15.958415985107422
3.4484762474106,-2.8588571548461914
-34.0729170807354,-16.873126983642578
-25.0659802428987,-26.53734588623047
0.86771933446589,-4.1383819580078125
-11.996919710325,-5.275996208190918
17.2594267615487,5.294334411621094
-56.2560888739038,-27.911317825317383
-12.7386491421071,-18.36849594116211
-3.520787796436005,0.46300506591796875
-0.8014467498558491,-8.124859809875488
-34.7812340468876,-40.484039306640625
7.158235365631607,0.22043991088867188
3.29681579894721,10.734687805175781
0.046018285265003,-16.760337829589844
2.046344769010002,-3.261476516723633
4.25403099118957,7.99616813659668
3.7804230286959792,-6.054901123046875
-3.773219093074008,-0.31182861328125
-9.722403045722997,-14.920661926269531
2.81101468536903,-2.81436824798584
-23.7494411406013,-26.96485137939453
-75.56229656723696,-26.951858520507812
4.366245372711767,14.363258361816406
9.94612085382829,5.671567916870117
-8.207132148775708,-24.747196197509766
-3.09775596823669,0.5754623413085938
3.77256113899207,2.9162979125976562
0.2016574678685985,0.9349679946899414
4.38808277416547,-1.033355712890625
3.7092867134231,-7.281370162963867
1.6740112862957208,0.2052326202392578
-5.472376660417956,-17.356765747070312
12.283123760680592,-2.6547679901123047
4.417989059347175,-5.863996982574463
1.907333647224608,0.9527053833007812
-3.73521146317182,-3.999441146850586
7.837521570550837,4.243122100830078
4.82455755953161,-5.326371192932129
-0.6472060937938101,0.6956655979156494
-8.237956686764985,-15.666474342346191
7.36579899286375,-11.64860725402832
7.859716520666763,5.121180534362793
2.765011277030255,-1.5563163757324219
4.62415639298937,7.458768844604492
6.430237727930085,3.6737537384033203
2.44728958086436,4.6105804443359375
-1.93656353174353,-1.1996040344238281
-33.7845903951132,-14.781519889831543
10.960301672714698,-4.951271057128906
6.147225205740463,-7.749943733215332
2.4659746492236927,6.4026031494140625
18.2642273209106,-14.265838623046875
7.656482330373112,-1.1640033721923828
-63.2346715672369,-14.979671478271484
-22.9610154952969,-21.76976203918457
4.39789099231211,-5.644922256469727
-46.587141393021525,-25.690006256103516
-12.281506448986304,-0.14509010314941406
5.220668557811489,3.325826644897461
-1.4412632820262703,3.4369192123413086
-35.163016426576704,-23.404571533203125
-31.380009974583203,-24.53738021850586
-2.6184282494780104,-2.3516340255737305
-37.3999740396079,-14.381197929382324
-10.594900847222812,5.739337921142578
-23.227454082363305,-17.076271057128906
-15.4814292943448,-12.412715911865234
-6.89310310865277,-5.827810287475586
-11.7962452523223,-8.699010848999023
-0.3887710448227697,-4.3660125732421875
-4.0896099478500325,-3.0986175537109375
-42.6579269422049,-24.728656768798828
-2.095241650043551,-2.0254015922546387
8.45389840526827,-6.870048522949219
-15.5157954828953,-29.71298599243164
-1.9802660997523944,-2.806455612182617
1.8368511005450223,-4.293811798095703
2.11900133622217,6.343379020690918
-38.4962238749225,-37.54582214355469
0.8069046214032297,-12.282140731811523
-1.73607437190069,-4.701110363006592
-8.46093254820262,-4.437496185302734
-0.0780407432645869,-5.975673675537109
5.009535132419683,3.781527519226074
-74.9399761386801,-34.440208435058594
2.806732553915905,-10.990764617919922
-10.415057364934407,-1.0334255695343018
-4.81834176383161,15.043739318847656
-1.4920816076829602,-8.028623580932617
-0.003939288658445,2.9660892486572266
5.86288473591452,-0.3125138282775879
0.4443344011282492,-9.022703170776367
5.72263802046558,-0.12466812133789062
5.46583466116103,2.4387924671173096
5.05355462238675,-1.8061869144439697
-17.190033530139498,1.9890575408935547
-10.1192188918475,-2.8840694427490234
-10.539071528779305,1.3467693328857422
0.2492257167476033,-2.2510147094726562
5.35198813185094,-3.0572235584259033
14.9823899147147,4.404205322265625
1.7336328627834918,-5.392707824707031
3.2582764286422226,29.619796752929688
1.1615369027166365,1.0355806350708008
-42.4099588259267,-16.189096450805664
-38.7823663998969,-14.389968872070312
7.99575647038201,-10.981889724731445
11.644495901203598,7.394237518310547
-39.0956747424042,-2.80594539642334
-38.6438610292767,-27.96839714050293
-40.5029244010595,-20.493576049804688
-22.8644313188967,-6.432094573974609
-0.897066728281827,-7.029560089111328
-17.6830733389949,1.5950698852539062
-0.0084306638066775,-6.743373870849609
0.5394390329931549,-8.747705459594727
-21.61387508166409,-19.532060623168945
5.053393098685065,-3.833587646484375
-15.7834934865799,-10.433952331542969
-58.40351531723695,-39.88140869140625
8.86280218600469,-4.78485107421875
1.888243484494037,-3.373328685760498
8.99923705482913,-0.8007192611694336
4.133325903305868,8.194402694702148
4.774357664359128,8.899168014526367
7.418770080750715,-4.072663307189941
-2.25262466719878,0.30290985107421875
-7.071587649042333,-6.503165245056152
4.398742241377427,-11.290950775146484
-8.692928400841772,-5.496862411499023
2.334382802629,-4.656307220458984
2.8274240704709,-10.178139686584473
2.1747311895065486,2.2663536071777344
-11.9965988914421,-0.1480560302734375
2.776867734737273,11.282442092895508
-12.4595255596924,3.410304069519043
18.5317724911246,2.1616477966308594
6.86106163750481,7.730939865112305
-19.1693792779686,0.9487113952636719
-4.20883890972707,-0.03498554229736328
-0.3530077955256401,-1.9946269989013672
-1.6020246929696491,-38.59019088745117
-7.57557880794988,-1.15380859375
13.9692836454661,0.8288784027099609
1.289294757415069,-3.6681413650512695
-20.3746494688195,-26.27402114868164
-8.044482691931467,-6.680185317993164
2.51340467963473,-16.665626525878906
11.0282847349576,-0.4811058044433594
-1.3944922949507652,-9.369888305664062
-26.2706781913698,-7.892082214355469
-71.7765711158932,-10.969282150268555
-44.2857422252861,-39.79034423828125
-3.057699221935841,-7.661957263946533
10.116767222520318,16.999265670776367
-46.9980356488569,-15.330793380737305
-8.677497573270493,-7.8890581130981445
-25.781275563237,-4.798858642578125
-2.941164138388841,-4.2008771896362305
-26.5692742661385,-6.811663627624512
1.2555345380058751,-0.9324026107788086
-0.810306898238276,-1.1193466186523438
0.2404076931068699,-21.62152862548828
-2.5590885431480426,-4.936370372772217
-11.9846830308257,-21.045305252075195
-5.775806690181939,-5.740154266357422
1.9806048133258944,-15.874740600585938
16.618750626525,-1.282547950744629
8.204494762209066,5.645961761474609
6.80321923705408,3.539123058319092
11.710679650337616,-1.2841472625732422
3.181253849239128,1.3774871826171875
0.90894434552881,-3.391937255859375
3.547124544521316,-44.31681442260742
-2.202886656443709,-20.701904296875
-11.133669865203094,8.873485565185547
9.328533024448705,-4.856048583984375
-0.7012610501602399,-6.028224945068359
-0.3170472839931941,2.806884765625
-2.3458288386735573,-7.115760803222656
-26.1191329979098,-26.3740234375
-2.33292598982445,-25.027816772460938
2.461922216333884,-1.230194091796875
3.73205068567752,11.447952270507812
-22.4462583852743,-45.37876892089844
16.899113604615202,10.731362342834473
-2.85382252753121,-7.00309419631958
1.2705701336207027,-3.4939982891082764
7.960789166364423,10.959918975830078
2.71808902854303,-19.616119384765625
5.5273920092716775,-18.65337371826172
-4.11149235653684,-13.873509407043457
-20.9676231329802,-17.766021728515625
-0.89184437235696,-4.653896808624268
-1.2816619609782416,-7.563882827758789
4.85634828411675,11.026737213134766
6.429854346358795,7.895280838012695
4.71112087372323,9.527095794677734
-30.7199022255615,-13.808818817138672
-3.8590388668775,0.8435020446777344
-10.6557437737239,4.479503631591797
-13.4460672849668,-20.88501739501953
-5.527709296795018,-5.5623955726623535
-1.876637029070265,-2.0046825408935547
10.2532613363299,2.966672897338867
3.00680128293027,3.689178466796875
19.33685959748449,9.386299133300781
-0.1058882282985149,-3.8818976879119873
14.3436638764016,-5.744556427001953
-16.1535771788668,-23.20209503173828
0.9480162028997956,-24.5960693359375
-18.5891767455387,-17.072463989257812
13.309934514349203,14.622783660888672
6.02246857213521,-4.699607849121094
5.16750826555368,-3.192232131958008
-1.0190872666435924,-9.84035873413086
-19.100904418149,-5.048728942871094
4.743603615290096,-6.643711090087891
-13.8157551615103,-11.46506118774414
-3.802611775309477,8.804052352905273
4.30511943579503,-7.899197578430176
-22.482844278002705,-16.092927932739258
0.60779733849738,-8.371240615844727
17.8138573048897,15.819709777832031
-38.4626262988146,-12.598841667175293
-0.6089836493556324,-2.0725326538085938
0.8617451361473882,2.9084062576293945
-2.40000424902785,3.3361263275146484
3.7078671714499096,-5.2266435623168945
-2.390619984667185,-16.63128662109375
-15.559462368784592,-19.720046997070312
-13.790764753514,-0.5953636169433594
-9.325981865786185,-16.091262817382812
-58.4491138315396,-30.390926361083984
9.550892694239591,14.418785095214844
4.435147085081137,-0.8586351871490479
-2.3538192484503564,3.290194272994995
-5.83438093189622,-7.1532135009765625
-7.10827059552493,-15.38134765625
-12.414939844598162,-4.706987380981445
6.6154810826822,-2.4347832202911377
1.3155747227446202,-5.269101142883301
-2.56542276271332,-6.972564697265625
-13.546032832554804,-3.8101978302001953
-16.600339428286603,-31.381271362304688
2.9737175212081803,-10.836053848266602
6.167862854629888,-1.0542287826538086
-40.922076323723,-15.997986793518066
16.9349100756105,6.601743698120117
-12.24911226903676,-18.505123138427734
4.867927463076468,-13.742573738098145
-21.6327950573002,-12.499455451965332
7.11033993521173,-7.597068786621094
-9.59094984812801,-22.39517593383789
4.92186081619874,6.025456428527832
-7.815562497274902,-9.898002624511719
-2.20364176327536,-14.18252944946289
-19.6754058911438,-27.611743927001953
-91.8886792382854,-10.922248840332031
-20.9507978903398,-29.926979064941406
-17.8084408175675,-11.769439697265625
-62.9612541332419,-26.60124969482422
5.598134989920393,-3.9227352142333984
-7.283890318199592,-12.570186614990234
6.1026124307435,2.2901077270507812
7.42840635595139,-3.2892942428588867
-5.179391847578812,-13.670207977294922
-4.873152982370568,-14.620367050170898
7.276768036701751,1.8426330089569092
-10.739322929783883,3.9114015102386475
-22.9219832537164,-15.83812141418457
1.5259403537211615,-3.98665189743042
-44.7886924625105,-34.03121566772461
-3.72583443525641,-2.0270462036132812
-14.57002364123529,-14.08942985534668
-10.128266274366498,-18.746601104736328
-28.0249952668106,-29.693065643310547
-26.24662901330595,-31.005474090576172
-40.3645652505015,19.715118408203125
-30.8056950922951,-11.630603790283203
-3.9552380984537248,-3.6437835693359375
-2.1789667599796294,4.6350555419921875
-0.5734820606807138,0.9348983764648438
-1.1617148968623687,-7.870199203491211
3.42848617073407,-6.001502990722656
-17.4030551064212,-6.778331756591797
3.88109013796494,-7.772387504577637
9.400493271217616,-0.5133190155029297
-11.302161927872188,-3.855994701385498
-13.3709137252944,-8.267658233642578
-6.79658968512302,-4.971110820770264
4.509456424718162,-2.3001747131347656
5.45103123545738,-1.3442926406860352
8.149714042401495,3.3585448265075684
-12.909180343140196,2.3061866760253906
-6.61979034735207,-6.107024192810059
11.9978624338519,-23.215221405029297
-12.53254789251529,-5.462836265563965
-8.36198121766124,-4.451974868774414
-4.361976736345532,-6.399848937988281
-0.1898191226144924,-0.2916145324707031
2.3166834950764685,-14.084442138671875
-12.6203596574975,-45.74247741699219
-1.207429910073891,-7.213340759277344
-29.7403775200217,-16.644187927246094
5.31082796058257,3.3929929733276367
2.97844031586002,7.299921035766602
-12.533050119535002,-6.038249969482422
-5.8684323426223,-3.751836061477661
2.391980620215489,8.228801727294922
7.73570234615748,-4.255353927612305
1.166748445159433,10.81419563293457
6.093529951556334,-0.4061775207519531
17.709922444879297,21.05415916442871
11.779516260068313,-8.418991088867188
2.4866177573815964,5.070141792297363
-30.89708550466269,-19.773550033569336
-9.231606713935047,-5.671568870544434
-13.4089268865456,-11.108508110046387
-9.06573754635488,1.665487289428711
9.30630078585379,6.298725128173828
-7.156550033865472,-11.556103706359863
-10.5414716495377,3.3597044944763184
-27.8178569354009,-23.368284225463867
5.3817717725564,4.113778114318848
-35.155236696245,-32.44336700439453
-21.4141717786538,-24.305660247802734
-2.6053130644292946,1.8794479370117188
-9.953220777101093,-4.31460428237915
-8.798237091769485,-10.337104797363281
-27.6920167541674,0.41414642333984375
8.017093587799739,-10.210357666015625
-0.3550158381598589,8.465425491333008
-1.19024715514191,12.966041564941406
-3.2855896341823474,3.9615478515625
1.844566842421384,6.903944969177246
-30.7366736665872,-24.314044952392578
-11.338238855350506,-4.873821258544922
-1.059512617215007,5.744476318359375
-33.7712071062874,-11.470767974853516
3.812227003524945,8.447921752929688
-2.8472026300298463,-19.36379623413086
-21.5871320482388,2.9833335876464844
1.845960760756301,19.69664764404297
9.06213659212517,6.4748992919921875
-13.950148061363093,-6.083263397216797
-15.1006814359747,-2.1025352478027344
-8.65496498210776,-13.553905487060547
-31.18852367408345,-41.22865676879883
2.35160533891099,-16.406200408935547
-7.06329362397977,-47.34181213378906
-11.299328727708405,6.794422149658203
-5.73967918172164,-2.246786117553711
-4.062121175440552,3.0746097564697266
3.62056380925444,-22.226764678955078
-6.512385872303066,-9.286212921142578
-17.2817979072755,-19.894195556640625
5.79128728304933,-10.911531448364258
3.7921116228684086,-11.3755521774292
0.51700222845629,5.661870956420898
1.0966146270020711,-3.368454933166504
-6.613686761665703,-20.793495178222656
-39.873530292237,-12.470358848571777
-35.0272315856836,-18.4681339263916
0.2475632146873464,5.211719512939453
5.59963570142504,-5.037748336791992
5.29419053806362,-4.066901206970215
6.457932781589695,2.22751522064209
6.4251548431743295,-2.1464366912841797
-19.7885249955934,-14.419222831726074
-2.4097304318056905,2.971040725708008
7.543407488617369,7.844963073730469
1.83593808226401,1.96258544921875
-1.5082203021212124,34.03793716430664
5.99108205682079,-9.886116027832031
-18.1797235112709,1.1687545776367188
-12.840088322870097,-24.52879524230957
-2.23616712442702,5.135646820068359
-4.662511414401839,-4.616342544555664
3.41802282280863,-6.621402740478516
-12.0320822507053,-9.692665100097656
-25.9801803981754,-14.287628173828125
-5.97419023328963,32.06040573120117
15.4186986077963,5.866153717041016
4.480465220149085,-11.564085006713867
-13.2363849677504,-7.97900390625
-9.362863686069195,-17.638967514038086
4.128157012788561,-7.449556350708008
2.26767773086615,19.23307228088379
-24.1634597090208,-16.954187393188477
10.013204486477417,14.734198570251465
-31.934070451053,-24.29753303527832
-22.9515728231767,0.2731895446777344
-11.219410776078313,-20.375900268554688
6.00089213826483,11.055255889892578
-28.9638748432599,-27.064556121826172
3.11049964318654,-1.2943706512451172
-1.073248118887358,1.3473587036132812
-10.249148139079496,-29.31621742248535
-13.14009076535719,-12.01803207397461
0.7364260970712593,-3.7140159606933594
-44.9949251983702,-8.581852912902832
-5.159519294761907,-15.333391189575195
1.869241020829697,-23.090316772460938
-55.54568697318505,-30.118671417236328
0.3065104335081801,3.5700912475585938
-10.386374558578522,-6.854008674621582
-3.0345245902191325,-9.090868949890137
-57.144820014625296,-16.994964599609375
2.85060083445348,-5.633998870849609
2.446050707651698,9.004595756530762
5.50221601830175,-16.95345115661621
3.455876052191651,4.896308898925781
-14.6157572128631,-32.03486633300781
-0.874105623616695,-11.128602981567383
-1.378759213278819,-9.804244995117188
1.350733135180331,4.672581672668457
-1.94666134980912,-8.34398078918457
-3.36735139960915,-1.6987452507019043
0.8319171014720902,-13.363798141479492
-40.2101205720394,-3.4701788425445557
-24.577379709126298,-32.26130676269531
-18.6292132467089,-7.505702972412109
-46.39510994896701,-28.18316650390625
-2.487076105276776,3.9551315307617188
-4.752960817423343,-22.150924682617188
-0.1160299782726794,11.196640014648438
-18.5277286275242,-20.66283416748047
-14.1325019191809,-13.060176849365234
10.909208084253878,1.7612180709838867
1.30779520720034,-4.3361053466796875
-5.77436797253085,4.06001615524292
3.986867952152618,-4.7242889404296875
-21.7936206120663,-30.182052612304688
-2.643556292002,-2.03173828125
11.0853991753379,-0.003190755844116211
-12.9397422629832,-22.117530822753906
-0.190891674386513,-13.189655303955078
-6.32558602127377,-8.96917724609375
5.391699208755202,-0.4103355407714844
-8.998840630677615,-13.27930736541748
-1.6005087696864486,0.4850196838378906
7.5482379424635875,14.703744888305664
-7.642910278690365,-14.182960510253906
3.719171936095444,-10.719087600708008
-0.8981307679622897,21.31848907470703
7.06032809637297,2.992023468017578
-3.134999611446543,0.5881252288818359
-5.94174589421185,1.6622085571289062
-17.7883076547542,-8.812581062316895
-25.2381267145584,-18.244972229003906
-27.5445722402187,-36.45957946777344
2.6678241356197647,-7.087879180908203
5.02066543392875,-0.43944549560546875
-1.67197513843126,-30.77808380126953
6.58117049992555,-4.081161022186279
3.12612254618191,2.4774436950683594
-2.1147225087047508,-0.505828857421875
-76.9668504799361,-10.022696495056152
10.11870938841209,23.509552001953125
4.755697845162629,5.668006896972656
16.5479703149859,10.88388442993164
4.001938538520379,-4.3132171630859375
-14.1813773041305,-22.639293670654297
0.7709161631446207,4.83363151550293
-24.2508933717269,-21.421506881713867
-22.3071231538392,-21.427837371826172
7.2595381633228,6.818935394287109
11.555346181601609,-10.225791931152344
-26.258782255785,-17.198711395263672
10.3189652047012,-4.602027893066406
0.809697096857583,0.6790866851806641
-18.5255095356289,-22.566293716430664
-1.0680791130593923,-11.334453582763672
-3.5390830989045075,-1.03741455078125
10.468583156479704,-1.0012798309326172
-10.613183176373598,-6.985420227050781
-6.40442742836347,0.7721843719482422
7.196532980977684,3.6336822509765625
-10.586292641023492,-4.397891998291016
-26.79502671025515,-34.95960998535156
-7.187555808667961,4.321852684020996
5.4465900456679694,2.5325584411621094
3.1988276731025875,-7.382556915283203
7.827394642815597,-5.067220687866211
3.887422638441485,2.6827001571655273
-3.41466344580097,4.658987045288086
2.667044757168528,-5.010004043579102
1.0590749185315824,7.588028430938721
-3.9965921287470247,-4.833610534667969
10.982614675109394,0.5158195495605469
0.4076170529080399,-0.99627685546875
2.71319811317338,0.3801918029785156
8.652061852316729,-1.9782333374023438
-0.6579761516790089,-8.004461288452148
-51.6773231694491,-28.549209594726562
-2.8325461302865187,-0.19924163818359375
2.12749125232924,-17.146255493164062
3.562549470771905,-14.567207336425781
-16.517773128145326,-4.6709442138671875
6.874655354673765,3.3894519805908203
0.2047767843086013,-0.39141178131103516
-2.698758931910008,12.426513671875
1.8601156760560384,-12.328095436096191
-22.2455703021075,-21.733867645263672
2.4288820651169605,-26.168838500976562
-16.8307740899425,-5.292776107788086
20.7191486697607,3.514789581298828
-30.7261055182573,-28.819908142089844
-38.4849400567448,-33.69963455200195
-14.3103126367969,-11.238231658935547
0.7860328468455551,-8.165042877197266
-48.3858044800915,-20.626188278198242
-3.21662088766757,-9.407602310180664
1.675245639565673,-23.711097717285156
-90.3299705619704,-27.942874908447266
-9.28527551691871,-2.0937423706054688
-1.2293411329062325,-2.3425350189208984
-4.534682244798708,-19.249313354492188
-68.1959205924323,-23.563844680786133
-24.5242345195019,-23.60175132751465
-2.77042962989298,-0.7741470336914062
3.8009101564042025,5.838529586791992
8.933703319425492,-1.1879425048828125
-11.341527235964405,-0.9507484436035156
6.71098989067457,13.224151611328125
4.54734483862441,4.651102066040039
-5.16341129781556,-11.12527084350586
-49.062306315025,-27.05581283569336
5.26551760771767,12.851615905761719
3.33951124606136,0.17507171630859375
5.006519903780723,-18.154163360595703
4.05485944970297,1.084268569946289
2.283405953189745,3.2728185653686523
-2.66483863280114,-18.7791805267334
12.566471603210276,-4.317214012145996
-27.9020155354992,-16.41693878173828
8.88265541550952,3.098592758178711
0.1652887870268324,-0.23485565185546875
15.4985727759109,2.4608802795410156
9.014890317831036,0.6234264373779297
1.4803529144374856,-8.74435806274414
18.1939100849816,4.399271011352539
-2.6304973605131474,-0.5755119323730469
-5.493763326806099,6.605569839477539
-0.6715208179901364,3.9068260192871094
-36.7383193130824,-7.114082336425781
5.062784719364307,0.80426025390625
-12.026803679110706,-31.030864715576172
-3.01321716593974,0.3886842727661133
8.35813394800668,8.895103454589844
-3.60075442831331,2.488353729248047
-9.509135784465323,6.336658477783203
-19.6175855102284,-19.053478240966797
-27.8629509568953,-22.46330451965332
1.74273211890989,-8.08212661743164
-2.19578977406709,-10.947778701782227
2.42002639701588,-4.640838623046875
-25.55316918036869,-13.905220031738281
5.635020609606415,6.182975769042969
-34.727836669101,-8.455728530883789
4.4516036428765,-7.5050458908081055
4.967381413305823,-0.0668182373046875
-6.81516141534704,0.5719003677368164
-24.3954295810688,-4.323356628417969
8.658679095048068,2.2958030700683594
3.7347243087796,2.2704544067382812
-12.909633143366396,-8.871705055236816
-60.49569009623433,-34.84503936767578
-3.790702882666694,-1.053605556488037
-12.41068356063,-4.49574089050293
2.76740193393285,-3.0064029693603516
-18.9061714872788,3.3934054374694824
-3.681083449701528,-9.985889434814453
8.13893448615947,3.984710693359375
-51.402683514636095,-23.05853271484375
-3.0703466753296,1.8478889465332031
0.4646043967887734,-1.1668205261230469
5.989492839405608,-3.6414592266082764
8.833837192566008,-3.125598907470703
-26.1965705632023,1.3155169486999512
0.0804428699766095,0.9611005783081055
10.229168329440906,-7.791040420532227
2.12042655289975,-12.165985107421875
3.88810032819938,-4.957355499267578
-31.515616413872173,-14.653881072998047
2.28163515100639,-9.004962921142578
-9.633163292669298,-24.97315216064453
2.63206586722876,16.080711364746094
0.3189015990893598,-7.816596031188965
-6.31868596379813,1.7270736694335938
-6.4648984000359935,-17.517086029052734
8.91646092056966,9.765935897827148
-42.637521131086125,-9.276128768920898
-89.5439156156453,-29.79999351501465
9.179556151687803,-3.9388351440429688
8.754663680824095,-8.760930061340332
0.8838679103249854,-0.6719133853912354
4.338369925074482,1.1042003631591797
-18.23432595343749,-10.245086669921875
6.92534745147092,-1.1716270446777344
-1.768261666543676,-4.677314758300781
-7.87226820943855,1.6733455657958984
-12.0847368637308,5.285411834716797
-4.4222229386498375,-0.5019092559814453
6.63109301847755,0.8916754722595215
1.675381804264854,5.505218505859375
-6.897600670415837,-36.61936950683594
-12.2774867069717,-14.711662292480469
-3.963646539183849,4.358495712280273
-2.552277046947741,-0.09704208374023438
-10.78700495517378,13.225425720214844
-6.426376983867103,3.9821815490722656
8.2142562177934,1.8161392211914062
-16.967828162594074,-3.8296070098876953
6.07843040491799,1.1313462257385254
3.08443697315444,-6.545902252197266
-1.3811964732242277,-9.496192932128906
-4.51305804704249,-8.121910095214844
-9.93375477053989,-6.496901512145996
-0.6581754288220045,-0.8748779296875
-7.952166005584182,-9.481731414794922
-13.563015982384195,-9.684743881225586
-47.9957157156951,-25.819997787475586
4.96190002222477,4.955768585205078
-2.0240269290899,-0.7596797943115234
3.47166270740147,-3.208003044128418
-5.2815921348029296,-6.664105415344238
2.369358494612781,0.5071392059326172
-4.214346026907057,-12.583633422851562
-23.8934551543691,-17.381103515625
-1.0659561461183158,-8.007101058959961
3.126169348435272,-8.581886291503906
2.35164464781062,-10.562768936157227
-1.79502295092813,-2.394247055053711
-15.957982665262508,-23.860393524169922
-64.65676531723692,-40.622047424316406
-27.8195558011628,-27.528915405273438
-10.480511156242285,-16.62600326538086
-6.18357684414468,-3.8290200233459473
-6.75960002722117,-8.411479949951172
4.4105627388370605,-3.6367368698120117
5.58846482112586,-3.1905860900878906
-16.8483709423333,-23.401975631713867
16.1850033157246,14.294487953186035
-3.34531377329845,-9.642585754394531
5.893700156574014,4.568750381469727
2.745769909533195,8.931446075439453
2.53362859007723,-1.290438175201416
1.0880788430276551,5.55592155456543
