Score,Pred Score
-13.812973987503693,15.168221473693848
-14.6311710829416,-13.592798233032227
-15.020937907067507,-18.780553817749023
5.61896917638109,1.1301040649414062
0.1461877509898399,-0.7352256774902344
3.59745169898486,6.203388214111328
-6.72144892291601,-2.6465084552764893
4.304204520484877,-2.698789596557617
3.37898618824583,0.398712158203125
3.939818822274421,-2.6842041015625
13.9953943577381,22.32284927368164
-5.39913759737588,-11.925445556640625
-2.204579993178592,8.145082473754883
8.829561804598438,1.3960914611816406
6.01696699102072,5.106562614440918
-6.376202369524528,-12.20547103881836
-6.50906463316165,10.664535522460938
-60.92137282626391,-47.389076232910156
1.99934019108803,6.860142707824707
2.188685633501576,4.39091682434082
4.07090957771029,5.803123474121094
0.5211206139658471,-35.043853759765625
12.5580583918003,12.480712890625
3.320229681965675,4.919136047363281
-0.4381862293696001,1.7093029022216797
0.1752112379752922,10.83267879486084
4.123908949931413,19.172103881835938
-14.2382866820043,2.6640491485595703
12.966325580978296,-0.7546100616455078
7.692941411907634,-8.317734718322754
-62.9031214125763,-29.082603454589844
-5.800670766453999,-6.080728530883789
-11.705366535732304,-5.237785339355469
-4.786538605318405,4.244087219238281
-82.4887013651952,-27.057775497436523
-8.251107402184557,-4.975261688232422
1.61677665352485,13.710420608520508
-11.916211326129387,-8.90963077545166
-45.634880019414,-27.26171875
-0.568998602339841,4.525454044342041
-12.147399114840605,-6.298198699951172
-27.4476544011683,-33.86949920654297
-2.306526469902426,-7.973968505859375
-0.4835459876036119,1.232940673828125
-8.39479061793487,-16.350889205932617
-46.862925671502296,-13.196311950683594
0.3837795244341289,0.5816726684570312
7.184930267876617,-4.686918258666992
2.8348518495029404,7.194608688354492
-9.859535687586003,2.3189544677734375
-6.00025755794808,-23.25412368774414
-4.764629840066975,-8.996246337890625
-2.377061578670744,1.9875123500823975
-2.0585753436264698,-4.548480987548828
1.1848602197973823,4.23663330078125
4.97603191479674,2.7381763458251953
4.27399441028646,-13.024320602416992
-46.2372447228831,-22.57708740234375
-31.4759298257721,-10.949827194213867
-50.1674018945849,-25.346290588378906
0.9601515747159592,3.3787925243377686
-11.864177458483407,5.459253311157227
-0.538262620928304,-3.912261962890625
-0.6920482116816997,-5.739900588989258
-1.5184696160120892,5.770873069763184
-3.0836644409391925,-13.126977920532227
11.316750179392892,-3.0155296325683594
-11.183106529127476,1.8006668090820312
3.59102041590596,-6.3907470703125
4.55602013063716,0.6687476634979248
11.579228393987275,8.74726676940918
2.3067635611900137,-6.663328647613525
10.480393919522983,4.383984565734863
-2.698100773809443,-0.7012214660644531
3.776985072333982,3.446000099182129
-11.773766374328297,-5.203609466552734
8.681027307740193,-0.4000225067138672
-1.1091988250418725,-2.861227035522461
4.484288991501213,-10.4288330078125
0.0548896546292299,-3.3865461349487305
0.1118559290339978,-8.610063552856445
3.9797293996962297,-1.163248062133789
-22.42608065327665,-29.585529327392578
7.37064384347005,-2.5225048065185547
-0.2642143205483515,-2.958001136779785
5.344594984386832,2.0083160400390625
-1.2497809936708242,-8.05154800415039
13.71198107208239,1.3035125732421875
0.5045482395984724,-7.5114240646362305
2.86709961553106,1.6136910915374756
0.4423212163888063,4.734455108642578
-3.724573545179619,-2.2712974548339844
0.2570808252882703,3.7007598876953125
-70.65073406723695,-32.48496627807617
-33.9587360563784,-20.20077896118164
9.2088386022025,1.5653657913208008
1.3318185914773402,21.798635482788086
-9.176001953270983,-3.280113697052002
-10.497767159210698,-4.172513961791992
-0.4402086584014632,-17.81186866760254
2.1560784090827942,-7.964379787445068
-27.1636490162131,3.3783349990844727
-0.670930828719279,-8.851016998291016
-22.794043146736,-25.726346969604492
0.8105828534072201,-10.618789672851562
1.2287673509824204,-2.645435333251953
-0.6435038581465955,-5.241844177246094
8.474782023793379,1.0534114837646484
-9.601847091024196,-3.534242630004883
-1.6610011043127195,-6.318453788757324
-0.1091636509260827,-14.412267684936523
7.570838092245207,0.047420501708984375
-7.211196994815285,-21.546173095703125
9.090654061652296,-4.775432586669922
-26.6651088566214,2.264514923095703
-17.309192174305,3.3965444564819336
4.14054171285972,4.3205718994140625
4.097668935846943,1.0975875854492188
-0.29408409265346,-6.22212028503418
-35.8165916579592,-11.801877975463867
10.898098675545494,-3.941181182861328
-1.6552655274048038,3.4729957580566406
1.6729502580778592,-9.868616104125977
-6.42491227706334,-15.962528228759766
-15.4752611754195,-19.177978515625
-0.6907348474047925,0.28498363494873047
-21.3629045873375,-9.262972831726074
4.219145585451182,-8.967735290527344
-3.019531285218114,-11.962852478027344
4.25311060075082,5.923000335693359
-15.0412339008878,-19.832111358642578
-8.237627320974727,-17.244617462158203
-1.0683487237199796,-4.37274169921875
-1.7174251595272625,-10.36385440826416
4.069163600073605,0.8726177215576172
-10.162041561092582,-25.00624656677246
-5.97248436581227,-14.594236373901367
6.120538767403939,-6.848474025726318
-0.8028238008287005,-25.54547119140625
-23.6042929930625,-32.96342086791992
-0.1777753404752198,-2.487323760986328
-5.785469568057495,-38.28094482421875
-0.0556983764780604,-2.4004368782043457
-25.4508968849616,-0.06328964233398438
-5.3185412482723295,-11.82558536529541
9.1356503291117,10.59637451171875
4.020569536845237,-2.123018264770508
-58.5527340809363,-23.398229598999023
-6.291328737399075,-2.904376983642578
4.187869588752649,13.864157676696777
8.922207576391518,9.808847427368164
22.7414116448382,7.692742347717285
-44.6057608529879,-38.33727264404297
-26.5129077898497,-15.061861991882324
-2.13735826282737,-10.888063430786133
-1.14890133483728,4.204132080078125
-15.2234416939723,-6.829719543457031
0.369316059642221,7.1169891357421875
-0.6884117876070912,-15.766522407531738
-5.8772631055401,6.951122283935547
3.6053774296538297,3.384145736694336
5.07108724357905,6.647136688232422
1.292753014965791,-0.2886791229248047
8.440986836263871,5.676902770996094
-3.43040335892423,-3.3966846466064453
0.7651079053562314,-9.432615280151367
-37.13962469223695,-26.32912254333496
-5.822632503482525,-5.004663467407227
-6.879472048396067,-23.65259552001953
2.11024229353816,-9.138326644897461
-7.1526743450051855,-12.78512191772461
-1.122073026503361,-5.12003231048584
0.3302260274555297,-2.903308868408203
-1.178255647098801,6.85460090637207
-2.99361591491145,-4.0316009521484375
-18.1070051290659,-32.036964416503906
-3.0332808194811403,-13.786131858825684
2.6303171850506604,-6.738622665405273
-9.72499716390718,-4.055635452270508
0.2729453578388601,-4.435264587402344
-21.4503408223732,-9.504008293151855
-4.99755531471552,4.051786422729492
-18.0018409950579,-41.66199493408203
4.00031385473591,-1.614969253540039
12.0378145652987,3.6046142578125
14.1235470599023,-8.561180114746094
6.55729051148795,0.7923784255981445
11.19992297656359,1.0584211349487305
-7.81388191369781,-9.35396957397461
-2.924593214648255,-17.67388916015625
3.7667366885646025,-8.150659561157227
-6.68253431604433,0.7558002471923828
0.7345204104922589,0.006608009338378906
-10.626155896203898,7.826899528503418
8.106852576346123,6.7270708084106445
-58.24412469223692,-32.95793151855469
1.4955767028094,1.6607699394226074
-17.6906096863185,-28.353408813476562
-4.813871520282443,0.22582435607910156
-11.8973420493851,-3.279308319091797
-2.67676896274171,-6.07076358795166
-3.9331393974605526,3.579641342163086
8.756217929094177,4.721128463745117
-29.2662792150344,-5.688850402832031
1.7249239205326918,6.401491165161133
-6.686975812883663,-21.063190460205078
11.10272802991041,-0.5266928672790527
-10.956818171714705,-10.717517852783203
-6.3500959185649,-18.524499893188477
0.6681105368389735,6.6322021484375
-12.500029270357295,-19.817848205566406
-2.591242863373206,-6.314441680908203
5.954690473588823,-0.47564125061035156
-43.929359067237,-28.742794036865234
-17.4841411730512,-12.616594314575195
3.61441892535489,1.790867805480957
2.1112971208509976,3.6745567321777344
-41.8026500314277,-6.953639984130859
7.028135642932115,0.7390213012695312
8.463248256721428,16.409818649291992
-13.037072413777096,-13.891834259033203
-1.6307504375632549,9.119873046875
-0.3284521577656807,4.343659400939941
0.4685622181175212,-7.547001838684082
-5.316952415477393,-13.869858741760254
4.584421564331302,-3.6845741271972656
-20.3593816575191,-19.190147399902344
3.67041582610247,-3.4502334594726562
2.204062447972561,0.9461326599121094
-4.666937653128132,0.7959079742431641
-12.3781694316975,-10.536617279052734
7.06923762363823,6.101558685302734
-37.2883298194418,-23.876483917236328
6.442434166934048,7.146854877471924
-12.2162083245621,-1.7995719909667969
-20.3623076046531,-0.04447734355926514
-5.45440876641342,-4.2104597091674805
3.1416241584890576,-7.4717607498168945
-4.96580172718434,-7.297147750854492
-37.4061766871973,-28.557968139648438
6.46185690649625,0.006209373474121094
0.5403453062071405,-1.1621437072753906
8.656689402528613,4.652889251708984
12.331931266595111,-0.9594316482543945
2.75380173901167,1.9241676330566406
-2.8447496930443927,4.258167266845703
0.0285872237409883,-2.460865020751953
-73.5286754265322,-20.263038635253906
7.285509446842615,0.9246406555175781
6.72046542688671,4.142882347106934
-6.19730890695259,1.716695785522461
-16.4599719883519,-10.442049026489258
-10.288292260688207,0.08408260345458984
-10.285920522724917,2.1243057250976562
-30.8171784242839,-5.902871608734131
-4.65691689928222,-6.447193145751953
-37.1716279374795,-21.45008659362793
-36.50577458359941,-2.347757339477539
0.7942566624333496,-11.313325881958008
-34.8552692363716,-3.692607879638672
-2.491707941339629,1.8912181854248047
1.7387039934851498,5.285419464111328
18.9715733525152,2.0977611541748047
-13.8996269060666,-4.558773040771484
4.17561229224804,5.733863353729248
4.7680640763497,-12.029618263244629
-6.745372906074374,-9.244979858398438
7.262818938793504,-1.8288230895996094
-55.7541546140486,-33.83953857421875
8.453421074249384,2.934828758239746
-5.85807143580148,-0.6588516235351562
-52.7336020518746,-24.541297912597656
-1.995826789875676,-11.493917465209961
-1.3326443092463092,-36.59410858154297
5.029017096161708,-13.66946792602539
-0.71117494174041,2.2478718757629395
8.243548509216069,5.312539100646973
5.81602235619721,-14.531126022338867
5.978124919049687,-19.772724151611328
-2.8859593337581737,-17.54719352722168
-26.0047332498617,-30.81822967529297
-1.5220929784942658,13.409069061279297
-3.195242757261453,-3.98905086517334
-15.0089303719363,-5.577312469482422
-1.757118944268968,-25.604887008666992
-13.5091075877696,-25.1473445892334
-4.0681667574955,0.8731937408447266
4.43276114617859,3.0768418312072754
-4.665207913971671,-1.6935477256774902
7.33919324558513,-4.526584625244141
-11.69780882660921,1.8668289184570312
5.960801203295765,-11.156326293945312
-29.9162730471743,-32.9131965637207
-5.331847529263395,-9.682268142700195
4.2006804390709,10.71741008758545
4.76541245752904,13.130952835083008
5.87221574658101,15.520526885986328
-12.955988512618,-20.085445404052734
-14.4061745570978,-30.42481803894043
13.644333664082708,5.505831241607666
7.522446474796843,-16.64868927001953
2.858782897786812,2.137958526611328
-49.8653288018085,-37.43648910522461
-4.029904705212941,-5.521817207336426
-6.2026319104393295,-22.830564498901367
4.452168509343501,-4.061976909637451
-16.475900892606802,-19.505126953125
-11.03094492075089,-25.855344772338867
-8.08045020128908,1.0493698120117188
1.39259946716825,2.3014121055603027
-14.885807229381896,8.30545425415039
-11.113180908425988,-14.709741592407227
5.506094216928792,-7.661675930023193
5.29091659278858,-3.8628830909729004
3.42106467876526,-4.571741104125977
5.162821279449693,-0.780543327331543
6.020551076354931,1.031217098236084
0.8086942897832163,12.53076171875
-8.80546181278599,-26.821041107177734
-7.42349600405968,-13.619897842407227
-14.4731176558811,-3.473630905151367
-35.5448186771701,-13.343503952026367
-1.657597602265355,-14.089621543884277
-1.930224441335125,-11.603872299194336
-10.398648228661925,-8.165708541870117
-1.6521884315998507,-0.5744838714599609
1.3131129859732091,8.998287200927734
-0.1240821746904601,1.8793296813964844
-35.1709788883515,-17.5220947265625
0.6771989561182002,-3.0420150756835938
-5.8677981963370005,-0.7542209625244141
0.7982616963508231,0.1611499786376953
2.595279020812243,-3.9700584411621094
6.9472187772133225,-13.278690338134766
-41.1395198834054,-9.56029224395752
-35.4604736838065,-21.425079345703125
7.87379173269718,7.110995292663574
-8.72128086410909,-21.567514419555664
-82.13826531723697,-15.566091537475586
-9.70693692529289,-29.308765411376953
-61.4386715672369,-28.928062438964844
7.10938257895085,-0.8934822082519531
0.4007388327427847,5.772270202636719
-0.7455370396145937,0.14048099517822266
1.674966057420845,-2.2638463973999023
11.877856996640997,5.562644958496094
-0.9096556467231308,-3.143634796142578
-1.4680391508473674,-8.662172317504883
15.6414782015599,-10.71773624420166
-10.35739215730591,-11.358363151550293
1.926107182225645,-1.899139404296875
6.99756701325662,3.343355178833008
3.54836143321337,1.5038833618164062
-7.726553411266567,-11.355026245117188
-48.51478094223695,-25.143722534179688
-3.0453156276270903,5.155158996582031
-3.454798154796729,1.9907913208007812
9.503977484174175,3.895761489868164
6.001532732018722,-0.525425910949707
1.775572054007981,4.228118896484375
-2.6871577689602653,-2.291959762573242
-7.920344649869953,-9.027399063110352
2.578081311550471,9.005958557128906
-14.434457477598505,-1.5660839080810547
-1.338045882914232,-0.3234233856201172
-44.1817825469333,-23.559030532836914
2.4314234692194163,-7.85461950302124
-2.35314836228574,-5.775973796844482
-2.07036107592124,-2.9593963623046875
-6.560167066336443,-10.847053527832031
-2.54688332955635,-5.39532470703125
-7.940842049461227,-2.2613906860351562
-7.789052707582185,5.580427169799805
-1.4295761119406232,-1.5978126525878906
7.206977941743588,-4.074314117431641
-4.081394009803599,7.7075042724609375
-30.167243616457,-25.64801025390625
11.7225687296843,-7.5925750732421875
-0.8984319813221007,-4.350186347961426
10.349523074958825,-4.83930778503418
5.42147270471237,3.0766143798828125
-0.3136273830120112,3.915278434753418
4.398848813602776,-14.899408340454102
2.099307195887115,-7.667673110961914
-61.6890402284636,-40.122379302978516
-7.08434802004719,-3.3711681365966797
0.6962467393230812,-13.208627700805664
9.0758909366509,-23.821590423583984
-1.9263965715605047,-3.8783206939697266
-6.262949496708321,-9.24548625946045
-4.739766082030863,-27.968185424804688
-36.8822022827233,-21.4793701171875
3.24770439300306,-5.245666027069092
-2.289513933263135,-11.228612899780273
1.41805545618482,-2.3897457122802734
-24.4432878855492,-5.09571647644043
-24.96156751119129,-40.50979232788086
-7.734574598544068,-2.8589324951171875
2.79124989437018,4.257047653198242
-5.17831154550348,-21.883216857910156
1.5275640312561216,5.374603271484375
3.682989905065457,12.994010925292969
-10.8237586662752,-17.059926986694336
-6.929951553081727,-16.64346694946289
-27.96215708599589,-9.311502456665039
-2.88087637063392,-4.829875946044922
-5.960419628776203,-5.182594299316406
-37.189874708633695,-13.818115234375
1.1496085756031087,-2.4174556732177734
-12.7137936794919,-25.271087646484375
8.398744223780918,-3.502549171447754
-33.3004252633332,-24.55033302307129
9.144089281431205,5.080455780029297
4.065326821312747,-11.070453643798828
-41.9047429025821,-30.44845962524414
7.383552345763623,0.9723129272460938
6.364261125349779,4.166808605194092
4.841793570156368,-8.146595001220703
1.6198341998494314,1.5241332054138184
4.179707781567577,2.7457027435302734
-14.7229944429405,-22.859241485595703
7.078924552126015,-4.248007774353027
-12.898019313824,-22.446060180664062
-70.8116033690518,-21.8278751373291
12.7359625054994,9.6798095703125
5.586124430090477,-9.641862869262695
3.028467183462371,-6.438201904296875
-5.830142578087577,-12.971498489379883
-22.6841489367301,-17.999629974365234
-1.51657819068512,0.9668459892272949
-81.52648016021857,-4.590427398681641
-3.36903782007548,-4.841578960418701
-18.707844022,-24.090267181396484
-34.48768519828235,-12.857393264770508
-39.7169735486916,-17.915422439575195
-1.593720937577549,-12.790525436401367
-23.2954444871652,-22.934064865112305
-45.30258920076982,-15.271690368652344
12.5056328567953,-3.5719146728515625
-11.9299972333177,-0.013448715209960938
-37.9495035857927,-20.080120086669922
0.7001962140772594,1.3951873779296875
4.49418879319923,-15.503263473510742
-39.0646563811545,-14.446198463439941
-9.09730633851708,-2.82418155670166
-17.5589533745204,-12.286808967590332
-4.92782811871599,-1.7637157440185547
-8.2299173561342,-18.838367462158203
2.60625970962018,-3.797886848449707
2.726862934921635,4.9899749755859375
4.071661498679735,-12.558486938476562
-13.2494383747796,-0.37453293800354004
-11.9154244975033,5.419500350952148
0.9090871567987184,-5.514267444610596
7.92708077877978,-0.09614372253417969
-3.119647295186995,-13.172643661499023
-2.248378586620203,-19.939697265625
1.6646916021852596,-8.386075973510742
0.1590569364430157,2.579822540283203
-77.3623903172369,-24.753337860107422
15.8859560938761,6.95491886138916
-3.11888044241469,-9.58622932434082
-2.7468186065138984,5.89296817779541
2.77922195660905,4.329946517944336
4.052279150357491,-9.075284004211426
-4.03806373695381,-2.4458084106445312
-2.4461467814868523,12.987997055053711
-0.1639564470097907,-0.4306955337524414
0.8542168432631491,-11.549912452697754
5.84905996845087,-2.3360824584960938
-5.77665564868809,13.554767608642578
-3.7008288999313423,1.5817575454711914
-7.18713065449027,3.6925973892211914
-0.9529303605806088,9.109371185302734
-15.902118442879,-14.95763111114502
-28.0636361890057,-25.004501342773438
-26.912205886836706,-28.12493896484375
8.596988309863011,11.865837097167969
0.2877587512502297,-9.300335884094238
3.3899996482015826,1.3949146270751953
-20.5869014386951,-11.697065353393555
-9.341800010912078,-1.9107322692871094
0.1692077246922899,-10.266704559326172
-1.857666460494741,8.578237533569336
-13.2752747780792,-27.076757431030273
0.7445982178878973,1.709733486175537
4.49646859469848,0.8836326599121094
3.60913262992784,-5.923552989959717
-5.653435188749545,-3.0270752906799316
1.51502173443586,-0.6736221313476562
8.143116180793372,4.4503326416015625
-8.36164856265281,-16.600351333618164
-1.130678948105339,-8.446456909179688
-4.349210006555943,3.4227676391601562
0.2594141505344826,-7.62962532043457
-32.1283374054069,-3.9083709716796875
-1.9051378030600723,3.6191463470458984
4.768047800449637,-2.345249652862549
2.264898495983479,-13.422085762023926
-6.47138721063866,-14.493942260742188
4.93167956005568,-2.979907989501953
2.4851768276660025,-8.134265899658203
-3.930469946192945,-9.102790832519531
11.923948375295712,2.0192623138427734
11.616605850275496,3.6828269958496094
10.41580460128629,2.388874053955078
-8.700462669667385,2.2234458923339844
13.1991243046288,5.052700042724609
-4.75101729862813,1.0299277305603027
-1.4230966237807086,4.2979583740234375
-2.07861348348741,-1.028235912322998
10.292368565007404,1.3305244445800781
1.9007667723773176,-10.718742370605469
17.1612744381531,1.7164115905761719
-0.1428452494230792,1.2321419715881348
2.4933992323843923,1.8605365753173828
-13.861300672159,-7.336780548095703
-1.7943154401891548,-1.6572036743164062
-4.15624175439773,-6.570199012756348
-14.277645616907492,-7.012363433837891
2.713132201978397,-2.367155075073242
-13.315456279797685,-22.853601455688477
-5.36204355968609,-1.4866185188293457
-1.4872271509121793,-0.3951702117919922
0.31232235517322,0.979640007019043
3.0307168501552093,-14.658214569091797
3.4484762474106,0.6353399753570557
-34.0729170807354,-17.881301879882812
-25.0659802428987,-22.197845458984375
0.86771933446589,0.9470367431640625
-11.996919710325,-2.990536689758301
17.2594267615487,6.818145751953125
-56.2560888739038,-25.546648025512695
-12.7386491421071,-16.151363372802734
-3.520787796436005,-4.2041215896606445
-0.8014467498558491,-11.228878021240234
-34.7812340468876,-31.546390533447266
7.158235365631607,-1.63214111328125
3.29681579894721,10.519664764404297
0.046018285265003,-16.61932373046875
2.046344769010002,-2.804851531982422
4.25403099118957,9.846979141235352
3.7804230286959792,-6.012638092041016
-3.773219093074008,0.6201791763305664
-9.722403045722997,-13.482410430908203
2.81101468536903,-1.1620683670043945
-23.7494411406013,-24.65669822692871
-75.56229656723696,-28.80838394165039
4.366245372711767,14.158445358276367
9.94612085382829,4.934398651123047
-8.207132148775708,-22.543861389160156
-3.09775596823669,-0.26159095764160156
3.77256113899207,3.8722381591796875
0.2016574678685985,1.851424217224121
4.38808277416547,-0.28583335876464844
3.7092867134231,-8.103097915649414
1.6740112862957208,1.8107519149780273
-5.472376660417956,-9.148006439208984
12.283123760680592,0.6190872192382812
4.417989059347175,-3.7652556896209717
1.907333647224608,1.6011199951171875
-3.73521146317182,-2.664120674133301
7.837521570550837,5.0291900634765625
4.82455755953161,-6.529868125915527
-0.6472060937938101,1.1130621433258057
-8.237956686764985,-11.302687644958496
7.36579899286375,-9.810147285461426
7.859716520666763,4.088598251342773
2.765011277030255,3.218189239501953
4.62415639298937,5.983768463134766
6.430237727930085,0.6999664306640625
2.44728958086436,6.320148468017578
-1.93656353174353,0.6162929534912109
-33.7845903951132,-16.77686309814453
10.960301672714698,15.993850708007812
6.147225205740463,-10.972256660461426
2.4659746492236927,7.305891036987305
18.2642273209106,-14.349306106567383
7.656482330373112,-1.6738567352294922
-63.2346715672369,-21.484996795654297
-22.9610154952969,-21.309770584106445
4.39789099231211,-5.112893104553223
-46.587141393021525,-26.408178329467773
-12.281506448986304,0.41800975799560547
5.220668557811489,1.377144694328308
-1.4412632820262703,4.273348331451416
-35.163016426576704,-22.242618560791016
-31.380009974583203,-22.750944137573242
-2.6184282494780104,0.7455863952636719
-37.3999740396079,-14.206401824951172
-10.594900847222812,-13.04837417602539
-23.227454082363305,-18.550201416015625
-15.4814292943448,-13.840251922607422
-6.89310310865277,-7.088354110717773
-11.7962452523223,-7.40049409866333
-0.3887710448227697,-5.075004577636719
-4.0896099478500325,-2.8546600341796875
-42.6579269422049,-25.487897872924805
-2.095241650043551,0.727480411529541
8.45389840526827,0.2574806213378906
-15.5157954828953,-16.003925323486328
-1.9802660997523944,-3.172578811645508
1.8368511005450223,5.558145523071289
2.11900133622217,5.462255477905273
-38.4962238749225,-34.59443283081055
0.8069046214032297,-14.38728141784668
-1.73607437190069,-8.04560661315918
-8.46093254820262,-3.2545814514160156
-0.0780407432645869,5.546525955200195
5.009535132419683,7.203400611877441
-74.9399761386801,-35.1961669921875
2.806732553915905,-7.314525127410889
-10.415057364934407,-2.105452060699463
-4.81834176383161,9.971683502197266
-1.4920816076829602,-7.118889808654785
-0.003939288658445,2.402698516845703
5.86288473591452,4.085953712463379
0.4443344011282492,-6.471644878387451
5.72263802046558,-2.0844154357910156
5.46583466116103,0.3710193634033203
5.05355462238675,-0.986994743347168
-17.190033530139498,2.064453125
-10.1192188918475,-4.307287693023682
-10.539071528779305,0.46833133697509766
0.2492257167476033,-5.465038299560547
5.35198813185094,-2.120509147644043
14.9823899147147,6.407773971557617
1.7336328627834918,-10.546321868896484
3.2582764286422226,-7.664703369140625
1.1615369027166365,5.782047748565674
-42.4099588259267,-12.197202682495117
-38.7823663998969,-13.043876647949219
7.99575647038201,-10.798585891723633
11.644495901203598,7.006389617919922
-39.0956747424042,1.2478127479553223
-38.6438610292767,-28.319530487060547
-40.5029244010595,-25.681447982788086
-22.8644313188967,-5.098355770111084
-0.897066728281827,-2.4029958248138428
-17.6830733389949,1.6603221893310547
-0.0084306638066775,-8.925239562988281
0.5394390329931549,-6.657191753387451
-21.61387508166409,-23.409164428710938
5.053393098685065,9.558320999145508
-15.7834934865799,-10.39195442199707
-58.40351531723695,-42.26298904418945
8.86280218600469,-4.323461532592773
1.888243484494037,1.4800190925598145
8.99923705482913,-2.2544493675231934
4.133325903305868,13.376607894897461
4.774357664359128,8.116188049316406
7.418770080750715,2.7279434204101562
-2.25262466719878,-6.068958282470703
-7.071587649042333,-8.239121437072754
4.398742241377427,-2.3059921264648438
-8.692928400841772,3.2566909790039062
2.334382802629,-5.6316375732421875
2.8274240704709,-7.558978080749512
2.1747311895065486,0.48171234130859375
-11.9965988914421,-1.4790010452270508
2.776867734737273,7.991282939910889
-12.4595255596924,1.8161492347717285
18.5317724911246,1.0562515258789062
6.86106163750481,1.3752708435058594
-19.1693792779686,0.43715858459472656
-4.20883890972707,-1.0720109939575195
-0.3530077955256401,-3.7277708053588867
-1.6020246929696491,-41.41413116455078
-7.57557880794988,-3.7345542907714844
13.9692836454661,-0.19118881225585938
1.289294757415069,-5.510143280029297
-20.3746494688195,-24.384721755981445
-8.044482691931467,-7.471790313720703
2.51340467963473,-19.110469818115234
11.0282847349576,-1.8314533233642578
-1.3944922949507652,1.480555534362793
-26.2706781913698,-7.7217864990234375
-71.7765711158932,-15.02157211303711
-44.2857422252861,-34.10449981689453
-3.057699221935841,-3.3790411949157715
10.116767222520318,7.827551364898682
-46.9980356488569,-13.973138809204102
-8.677497573270493,-11.723649978637695
-25.781275563237,-3.354137420654297
-2.941164138388841,-6.364302635192871
-26.5692742661385,-4.244655609130859
1.2555345380058751,-2.7187089920043945
-0.810306898238276,-3.3057079315185547
0.2404076931068699,-25.153345108032227
-2.5590885431480426,-6.682735443115234
-11.9846830308257,-19.597719192504883
-5.775806690181939,-5.543754577636719
1.9806048133258944,-16.555618286132812
16.618750626525,2.297776222229004
8.204494762209066,5.100419998168945
6.80321923705408,6.649170875549316
11.710679650337616,-3.340634346008301
3.181253849239128,-1.2834501266479492
0.90894434552881,-5.7572479248046875
3.547124544521316,-29.585147857666016
-2.202886656443709,3.728790283203125
-11.133669865203094,7.81914758682251
9.328533024448705,3.1738967895507812
-0.7012610501602399,-6.626472473144531
-0.3170472839931941,5.032405853271484
-2.3458288386735573,-5.041179656982422
-26.1191329979098,-23.224876403808594
-2.33292598982445,-17.118560791015625
2.461922216333884,-1.0385513305664062
3.73205068567752,8.907398223876953
-22.4462583852743,-34.593597412109375
16.899113604615202,6.913022994995117
-2.85382252753121,-2.532545566558838
1.2705701336207027,-11.830080032348633
7.960789166364423,7.156944274902344
2.71808902854303,-15.74828815460205
5.5273920092716775,-17.69622802734375
-4.11149235653684,-13.553897857666016
-20.9676231329802,-15.805511474609375
-0.89184437235696,-5.572696208953857
-1.2816619609782416,-6.551008224487305
4.85634828411675,9.630928039550781
6.429854346358795,9.022584915161133
4.71112087372323,11.295530319213867
-30.7199022255615,-17.842819213867188
-3.8590388668775,-1.4471664428710938
-10.6557437737239,4.970558166503906
-13.4460672849668,-20.508441925048828
-5.527709296795018,-2.9549927711486816
-1.876637029070265,-6.2098894119262695
10.2532613363299,4.486584663391113
3.00680128293027,-1.2731609344482422
19.33685959748449,6.376787185668945
-0.1058882282985149,-8.088781356811523
14.3436638764016,0.15433502197265625
-16.1535771788668,-22.685474395751953
0.9480162028997956,-15.714309692382812
-18.5891767455387,-21.72112274169922
13.309934514349203,10.073738098144531
6.02246857213521,-6.198070526123047
5.16750826555368,0.15910720825195312
-1.0190872666435924,-16.82049560546875
-19.100904418149,-5.262176513671875
4.743603615290096,-12.74445915222168
-13.8157551615103,-16.793968200683594
-3.802611775309477,7.456562042236328
4.30511943579503,3.9113569259643555
-22.482844278002705,-15.687238693237305
0.60779733849738,-12.784271240234375
17.8138573048897,16.294967651367188
-38.4626262988146,-18.308013916015625
-0.6089836493556324,-3.0472335815429688
0.8617451361473882,2.7857236862182617
-2.40000424902785,2.47390079498291
3.7078671714499096,-3.42545485496521
-2.390619984667185,-4.984588623046875
-15.559462368784592,-20.08623695373535
-13.790764753514,0.30852508544921875
-9.325981865786185,-17.286041259765625
-58.4491138315396,-32.87189483642578
9.550892694239591,13.715042114257812
4.435147085081137,0.321108341217041
-2.3538192484503564,4.266824722290039
-5.83438093189622,-6.676321029663086
-7.10827059552493,-19.578449249267578
-12.414939844598162,-5.414501190185547
6.6154810826822,-1.4452004432678223
1.3155747227446202,-5.544776916503906
-2.56542276271332,-4.853847503662109
-13.546032832554804,-3.2072620391845703
-16.600339428286603,-31.18486785888672
2.9737175212081803,-11.266057968139648
6.167862854629888,-0.7138948440551758
-40.922076323723,-17.561683654785156
16.9349100756105,5.242860794067383
-12.24911226903676,-16.003673553466797
4.867927463076468,-11.386591911315918
-21.6327950573002,-17.020095825195312
7.11033993521173,-1.7459485530853271
-9.59094984812801,-25.24237632751465
4.92186081619874,5.991644859313965
-7.815562497274902,-7.682123184204102
-2.20364176327536,3.363710403442383
-19.6754058911438,-29.902984619140625
-91.8886792382854,-14.795001029968262
-20.9507978903398,-32.401123046875
-17.8084408175675,-11.183396339416504
-62.9612541332419,-29.103403091430664
5.598134989920393,-4.391826629638672
-7.283890318199592,-10.450997352600098
6.1026124307435,5.327796936035156
7.42840635595139,-1.1471948623657227
-5.179391847578812,-17.278615951538086
-4.873152982370568,-18.227832794189453
7.276768036701751,2.6779465675354004
-10.739322929783883,5.95416259765625
-22.9219832537164,-18.68315315246582
1.5259403537211615,-2.757539749145508
-44.7886924625105,-35.6509895324707
-3.72583443525641,0.14128494262695312
-14.57002364123529,-17.04175567626953
-10.128266274366498,-21.323476791381836
-28.0249952668106,-34.99561309814453
-26.24662901330595,-31.54485511779785
-40.3645652505015,-26.671798706054688
-30.8056950922951,-13.13530158996582
-3.9552380984537248,-5.375577926635742
-2.1789667599796294,9.908721923828125
-0.5734820606807138,-0.21844005584716797
-1.1617148968623687,-6.980870246887207
3.42848617073407,-6.087852478027344
-17.4030551064212,-10.015342712402344
3.88109013796494,-5.028887748718262
9.400493271217616,0.009004592895507812
-11.302161927872188,-5.691896438598633
-13.3709137252944,-8.510441780090332
-6.79658968512302,-3.48508882522583
4.509456424718162,-3.0753231048583984
5.45103123545738,0.006752967834472656
8.149714042401495,3.0115208625793457
-12.909180343140196,1.9141178131103516
-6.61979034735207,-6.774675369262695
11.9978624338519,-24.37389373779297
-12.53254789251529,-6.278664588928223
-8.36198121766124,-7.687889099121094
-4.361976736345532,-6.514194488525391
-0.1898191226144924,-1.6012725830078125
2.3166834950764685,-16.164058685302734
-12.6203596574975,-43.06986999511719
-1.207429910073891,-2.7342357635498047
-29.7403775200217,-21.17879867553711
5.31082796058257,2.5859928131103516
2.97844031586002,-0.004162788391113281
-12.533050119535002,-7.2045440673828125
-5.8684323426223,-3.93329119682312
2.391980620215489,7.107902526855469
7.73570234615748,-7.406341552734375
1.166748445159433,9.844633102416992
6.093529951556334,0.15302658081054688
17.709922444879297,18.24994659423828
11.779516260068313,-3.671469211578369
2.4866177573815964,3.776531219482422
-30.89708550466269,-21.18681526184082
-9.231606713935047,-3.122830867767334
-13.4089268865456,-12.181142807006836
-9.06573754635488,-0.10204601287841797
9.30630078585379,5.971853256225586
-7.156550033865472,-14.998276710510254
-10.5414716495377,0.25410938262939453
-27.8178569354009,-18.69626235961914
5.3817717725564,1.249629020690918
-35.155236696245,-35.559566497802734
-21.4141717786538,-26.22369384765625
-2.6053130644292946,1.151754379272461
-9.953220777101093,-3.613865852355957
-8.798237091769485,-6.156325817108154
-27.6920167541674,-2.903108596801758
8.017093587799739,-10.580947875976562
-0.3550158381598589,6.835012435913086
-1.19024715514191,13.627166748046875
-3.2855896341823474,2.0252914428710938
1.844566842421384,7.402246475219727
-30.7366736665872,-24.459228515625
-11.338238855350506,-5.75372314453125
-1.059512617215007,5.357730865478516
-33.7712071062874,-20.171070098876953
3.812227003524945,25.01525115966797
-2.8472026300298463,-19.4381103515625
-21.5871320482388,2.6313629150390625
1.845960760756301,16.14844512939453
9.06213659212517,6.851600646972656
-13.950148061363093,-5.106449127197266
-15.1006814359747,-3.5762557983398438
-8.65496498210776,-8.467205047607422
-31.18852367408345,-31.613540649414062
2.35160533891099,-14.50195598602295
-7.06329362397977,-8.28765869140625
-11.299328727708405,4.2218017578125
-5.73967918172164,-1.9303627014160156
-4.062121175440552,-0.3103160858154297
3.62056380925444,-13.35184097290039
-6.512385872303066,-9.577400207519531
-17.2817979072755,-15.956523895263672
5.79128728304933,-14.498577117919922
3.7921116228684086,-8.853079795837402
0.51700222845629,-3.040071487426758
1.0966146270020711,-2.7083749771118164
-6.613686761665703,-23.748218536376953
-39.873530292237,-11.479093551635742
-35.0272315856836,-20.78461265563965
0.2475632146873464,3.528278350830078
5.59963570142504,-4.523128509521484
5.29419053806362,-5.0482707023620605
6.457932781589695,4.1351447105407715
6.4251548431743295,-2.361452102661133
-19.7885249955934,-12.601643562316895
-2.4097304318056905,-0.5064430236816406
7.543407488617369,10.132959365844727
1.83593808226401,2.7094879150390625
-1.5082203021212124,7.25874137878418
5.99108205682079,-10.352806091308594
-18.1797235112709,2.1321678161621094
-12.840088322870097,-24.45989227294922
-2.23616712442702,4.694370269775391
-4.662511414401839,-7.076784133911133
3.41802282280863,-6.885002136230469
-12.0320822507053,-9.961912155151367
-25.9801803981754,-16.991302490234375
-5.97419023328963,-2.320404052734375
15.4186986077963,5.506860733032227
4.480465220149085,-19.422822952270508
-13.2363849677504,-11.839548110961914
-9.362863686069195,-14.995678901672363
4.128157012788561,-9.804679870605469
2.26767773086615,12.012325286865234
-24.1634597090208,-19.284236907958984
10.013204486477417,7.573256492614746
-31.934070451053,-23.19905662536621
-22.9515728231767,-8.345237731933594
-11.219410776078313,-14.326530456542969
6.00089213826483,4.958705902099609
-28.9638748432599,-26.56924057006836
3.11049964318654,1.3395023345947266
-1.073248118887358,-2.1776514053344727
-10.249148139079496,-24.807342529296875
-13.14009076535719,-12.430463790893555
0.7364260970712593,-0.7887802124023438
-44.9949251983702,-5.909778594970703
-5.159519294761907,-16.540603637695312
1.869241020829697,-13.895198822021484
-55.54568697318505,-31.614730834960938
0.3065104335081801,2.636058807373047
-10.386374558578522,-6.0489020347595215
-3.0345245902191325,-9.25678825378418
-57.144820014625296,-19.268714904785156
2.85060083445348,-4.727663040161133
2.446050707651698,6.018440246582031
5.50221601830175,-12.693952560424805
3.455876052191651,0.7184772491455078
-14.6157572128631,-29.189346313476562
-0.874105623616695,-4.9177350997924805
-1.378759213278819,7.4131317138671875
1.350733135180331,9.719040870666504
-1.94666134980912,-8.174524307250977
-3.36735139960915,-0.6269369125366211
0.8319171014720902,-12.53481388092041
-40.2101205720394,1.6440446376800537
-24.577379709126298,-32.82854461669922
-18.6292132467089,-7.6436004638671875
-46.39510994896701,-23.01401138305664
-2.487076105276776,-1.1815948486328125
-4.752960817423343,-12.956220626831055
-0.1160299782726794,15.107070922851562
-18.5277286275242,-23.514575958251953
-14.1325019191809,-11.137697219848633
10.909208084253878,1.7683048248291016
1.30779520720034,-3.0167160034179688
-5.77436797253085,4.709009170532227
3.986867952152618,-5.913337707519531
-21.7936206120663,-29.205299377441406
-2.643556292002,-2.2699203491210938
11.0853991753379,2.0273289680480957
-12.9397422629832,-21.174036026000977
-0.190891674386513,-8.610578536987305
-6.32558602127377,-5.979537010192871
5.391699208755202,13.10811996459961
-8.998840630677615,-9.90353775024414
-1.6005087696864486,-0.20426559448242188
7.5482379424635875,12.812400817871094
-7.642910278690365,-7.884227752685547
3.719171936095444,-14.633671760559082
-0.8981307679622897,11.495464324951172
7.06032809637297,4.062217712402344
-3.134999611446543,0.9636650085449219
-5.94174589421185,-0.3627004623413086
-17.7883076547542,-6.638193607330322
-25.2381267145584,-21.934749603271484
-27.5445722402187,-29.220909118652344
2.6678241356197647,-6.580243110656738
5.02066543392875,-1.938873291015625
-1.67197513843126,-30.332454681396484
6.58117049992555,-3.451709270477295
3.12612254618191,5.1598615646362305
-2.1147225087047508,-2.3562707901000977
-76.9668504799361,-13.386724472045898
10.11870938841209,19.71990966796875
4.755697845162629,6.495830535888672
16.5479703149859,11.322699546813965
4.001938538520379,-3.7834930419921875
-14.1813773041305,-22.0504207611084
0.7709161631446207,5.979365348815918
-24.2508933717269,-21.097261428833008
-22.3071231538392,-26.612571716308594
7.2595381633228,6.8368988037109375
11.555346181601609,-6.493716239929199
-26.258782255785,-16.970008850097656
10.3189652047012,-0.2830772399902344
0.809697096857583,0.07338905334472656
-18.5255095356289,-27.011932373046875
-1.0680791130593923,-10.219403266906738
-3.5390830989045075,-3.0216064453125
10.468583156479704,0.3871345520019531
-10.613183176373598,-4.81450080871582
-6.40442742836347,2.686248779296875
7.196532980977684,-2.8885154724121094
-10.586292641023492,-7.374950408935547
-26.79502671025515,-42.7786865234375
-7.187555808667961,4.455114364624023
5.4465900456679694,2.0071144104003906
3.1988276731025875,-4.568090438842773
7.827394642815597,-5.749460220336914
3.887422638441485,2.801717758178711
-3.41466344580097,3.2285566329956055
2.667044757168528,-3.6150665283203125
1.0590749185315824,2.666527271270752
-3.9965921287470247,-3.410092830657959
10.982614675109394,2.321300506591797
0.4076170529080399,-1.6037750244140625
2.71319811317338,-2.5197067260742188
8.652061852316729,-1.372640609741211
-0.6579761516790089,-1.8524789810180664
-51.6773231694491,-27.017765045166016
-2.8325461302865187,1.9607925415039062
2.12749125232924,-16.18121910095215
3.562549470771905,-2.6282424926757812
-16.517773128145326,-4.355173110961914
6.874655354673765,2.595034599304199
0.2047767843086013,-3.1228113174438477
-2.698758931910008,-0.16876602172851562
1.8601156760560384,-9.18017864227295
-22.2455703021075,-25.460840225219727
2.4288820651169605,11.39013671875
-16.8307740899425,-5.809467315673828
20.7191486697607,3.577709197998047
-30.7261055182573,-26.58038330078125
-38.4849400567448,-34.01011276245117
-14.3103126367969,-15.943256378173828
0.7860328468455551,-4.363121032714844
-48.3858044800915,-25.878366470336914
-3.21662088766757,-8.114901542663574
1.675245639565673,-26.14968490600586
-90.3299705619704,-34.487815856933594
-9.28527551691871,-2.247955322265625
-1.2293411329062325,-0.3381156921386719
-4.534682244798708,-21.09780502319336
-68.1959205924323,-25.86827850341797
-24.5242345195019,-23.20047950744629
-2.77042962989298,0.16762161254882812
3.8009101564042025,5.756650924682617
8.933703319425492,-1.5246772766113281
-11.341527235964405,-4.4320068359375
6.71098989067457,12.907806396484375
4.54734483862441,6.594327926635742
-5.16341129781556,-8.50540542602539
-49.062306315025,-27.500030517578125
5.26551760771767,25.376564025878906
3.33951124606136,2.161041259765625
5.006519903780723,-20.367355346679688
4.05485944970297,-0.9943675994873047
2.283405953189745,-3.7849626541137695
-2.66483863280114,-22.431507110595703
12.566471603210276,-5.586320877075195
-27.9020155354992,-15.063010215759277
8.88265541550952,3.6070079803466797
0.1652887870268324,1.8703861236572266
15.4985727759109,2.918649196624756
9.014890317831036,-0.14834976196289062
1.4803529144374856,-5.694969177246094
18.1939100849816,5.063892364501953
-2.6304973605131474,-2.268169403076172
-5.493763326806099,4.060386657714844
-0.6715208179901364,7.685152053833008
-36.7383193130824,-11.611268997192383
5.062784719364307,3.7859697341918945
-12.026803679110706,-35.214473724365234
-3.01321716593974,-0.8628873825073242
8.35813394800668,11.659582138061523
-3.60075442831331,2.4117679595947266
-9.509135784465323,5.296512603759766
-19.6175855102284,-15.579872131347656
-27.8629509568953,-21.587966918945312
1.74273211890989,-3.377756118774414
-2.19578977406709,-11.45764446258545
2.42002639701588,-0.6214132308959961
-25.55316918036869,-8.633878707885742
5.635020609606415,0.8791484832763672
-34.727836669101,-13.731538772583008
4.4516036428765,-5.703237533569336
4.967381413305823,0.4473562240600586
-6.81516141534704,1.0029869079589844
-24.3954295810688,-5.111085891723633
8.658679095048068,2.9940719604492188
3.7347243087796,7.921989440917969
-12.909633143366396,-11.390605926513672
-60.49569009623433,-38.045326232910156
-3.790702882666694,-1.0880966186523438
-12.41068356063,-16.711042404174805
2.76740193393285,-1.4846954345703125
-18.9061714872788,1.9891676902770996
-3.681083449701528,-12.142559051513672
8.13893448615947,5.9789581298828125
-51.402683514636095,-23.5119686126709
-3.0703466753296,0.9518508911132812
0.4646043967887734,-0.3492469787597656
5.989492839405608,-3.492302417755127
8.833837192566008,-2.9554500579833984
-26.1965705632023,-1.0798749923706055
0.0804428699766095,2.5259478092193604
10.229168329440906,-8.412358283996582
2.12042655289975,-14.965160369873047
3.88810032819938,-4.11102294921875
-31.515616413872173,-9.503376007080078
2.28163515100639,-8.057387351989746
-9.633163292669298,-21.1218204498291
2.63206586722876,16.515853881835938
0.3189015990893598,-8.893534660339355
-6.31868596379813,1.0376338958740234
-6.4648984000359935,-14.634172439575195
8.91646092056966,9.940321922302246
-42.637521131086125,-8.704097747802734
-89.5439156156453,-31.733613967895508
9.179556151687803,0.9922637939453125
8.754663680824095,-7.3910112380981445
0.8838679103249854,-1.2186272144317627
4.338369925074482,1.5018997192382812
-18.23432595343749,-10.138143539428711
6.92534745147092,-2.606433868408203
-1.768261666543676,-0.9884033203125
-7.87226820943855,3.7301321029663086
-12.0847368637308,3.282268524169922
-4.4222229386498375,-1.1982817649841309
6.63109301847755,3.2322568893432617
1.675381804264854,6.558178901672363
-6.897600670415837,-24.219318389892578
-12.2774867069717,-7.746551513671875
-3.963646539183849,4.441869735717773
-2.552277046947741,-0.7798805236816406
-10.78700495517378,9.6192626953125
-6.426376983867103,3.6692581176757812
8.2142562177934,0.8746337890625
-16.967828162594074,-3.734996795654297
6.07843040491799,3.133110284805298
3.08443697315444,0.8794498443603516
-1.3811964732242277,-8.87827205657959
-4.51305804704249,1.7714996337890625
-9.93375477053989,-5.638682842254639
-0.6581754288220045,-1.813272476196289
-7.952166005584182,-11.990495681762695
-13.563015982384195,-9.578103065490723
-47.9957157156951,-29.48335075378418
4.96190002222477,-0.581634521484375
-2.0240269290899,-2.161184310913086
3.47166270740147,-4.139610290527344
-5.2815921348029296,-6.261786460876465
2.369358494612781,-1.1904582977294922
-4.214346026907057,-10.777267456054688
-23.8934551543691,-20.546398162841797
-1.0659561461183158,-6.276157379150391
3.126169348435272,-16.03186798095703
2.35164464781062,-7.058254241943359
-1.79502295092813,-0.1331620216369629
-15.957982665262508,-26.793148040771484
-64.65676531723692,-42.85368347167969
-27.8195558011628,-28.70819091796875
-10.480511156242285,-17.578859329223633
-6.18357684414468,-2.7609081268310547
-6.75960002722117,-12.23753547668457
4.4105627388370605,-3.798773765563965
5.58846482112586,-5.434513092041016
-16.8483709423333,-22.7581844329834
16.1850033157246,15.037491798400879
-3.34531377329845,-7.625528335571289
5.893700156574014,4.279392242431641
2.745769909533195,7.578254699707031
2.53362859007723,-4.085739612579346
1.0880788430276551,4.578120231628418
