Score,Pred Score
-13.812973987503693,-2.0098795890808105
-14.6311710829416,-17.71465301513672
-15.020937907067507,-12.483213424682617
5.61896917638109,-2.4433441162109375
0.1461877509898399,-12.270397186279297
3.59745169898486,1.5396804809570312
-6.72144892291601,-0.5254364013671875
4.304204520484877,-1.9115734100341797
3.37898618824583,-1.0743560791015625
3.939818822274421,7.279388427734375
13.9953943577381,-4.087467193603516
-5.39913759737588,-7.273225784301758
-2.204579993178592,-0.7784919738769531
8.829561804598438,-0.6873855590820312
6.01696699102072,-1.5800189971923828
-6.376202369524528,-2.08709716796875
-6.50906463316165,-8.561954498291016
-60.92137282626391,-22.512514114379883
1.99934019108803,-4.912721633911133
2.188685633501576,3.4363021850585938
4.07090957771029,-1.5074386596679688
0.5211206139658471,-3.564072608947754
12.5580583918003,0.27464962005615234
3.320229681965675,0.00975799560546875
-0.4381862293696001,-5.977134704589844
0.1752112379752922,-1.6305205821990967
4.123908949931413,-5.77642822265625
-14.2382866820043,9.490726470947266
12.966325580978296,-7.11279296875
7.692941411907634,-4.219488143920898
-62.9031214125763,-22.340070724487305
-5.800670766453999,-5.201944351196289
-11.705366535732304,-11.95220947265625
-4.786538605318405,0.4529685974121094
-82.4887013651952,-15.071683883666992
-8.251107402184557,-3.7487030029296875
1.61677665352485,-9.37326431274414
-11.916211326129387,-19.21916961669922
-45.634880019414,-22.49868392944336
-0.568998602339841,-0.2804603576660156
-12.147399114840605,-18.237340927124023
-27.4476544011683,-14.294267654418945
-2.306526469902426,-4.121908187866211
-0.4835459876036119,3.6673951148986816
-8.39479061793487,-14.368354797363281
-46.862925671502296,-18.2109375
0.3837795244341289,-0.47975921630859375
7.184930267876617,6.758148193359375
2.8348518495029404,-8.664382934570312
-9.859535687586003,8.09912109375
-6.00025755794808,-9.775714874267578
-4.764629840066975,-6.277439117431641
-2.377061578670744,1.9211387634277344
-2.0585753436264698,-9.998449325561523
1.1848602197973823,-0.0377655029296875
4.97603191479674,-9.349456787109375
4.27399441028646,-7.594900131225586
-46.2372447228831,-20.81696891784668
-31.4759298257721,-20.793678283691406
-50.1674018945849,-16.883262634277344
0.9601515747159592,2.617527961730957
-11.864177458483407,7.428009033203125
-0.538262620928304,-8.9261474609375
-0.6920482116816997,-6.224621772766113
-1.5184696160120892,-3.0742154121398926
-3.0836644409391925,-19.381080627441406
11.316750179392892,-6.205390930175781
-11.183106529127476,-6.70933723449707
3.59102041590596,-0.16720199584960938
4.55602013063716,-5.621425628662109
11.579228393987275,0.9252104759216309
2.3067635611900137,-8.199517250061035
10.480393919522983,4.878345489501953
-2.698100773809443,-18.00766944885254
3.776985072333982,0.5710201263427734
-11.773766374328297,-12.561775207519531
8.681027307740193,-1.7489910125732422
-1.1091988250418725,-9.822999954223633
4.484288991501213,4.250675201416016
0.0548896546292299,6.373027801513672
0.1118559290339978,-14.315908432006836
3.9797293996962297,-3.7437973022460938
-22.42608065327665,-16.648456573486328
7.37064384347005,-6.691993713378906
-0.2642143205483515,-5.342294692993164
5.344594984386832,-7.992188453674316
-1.2497809936708242,-9.049310684204102
13.71198107208239,-4.253582000732422
0.5045482395984724,-12.294280052185059
2.86709961553106,-6.933753967285156
0.4423212163888063,-0.18477821350097656
-3.724573545179619,1.2823987007141113
0.2570808252882703,7.762035369873047
-70.65073406723695,-21.100215911865234
-33.9587360563784,-14.753787994384766
9.2088386022025,1.3302016258239746
1.3318185914773402,-2.341278076171875
-9.176001953270983,-8.702485084533691
-10.497767159210698,-14.105316162109375
-0.4402086584014632,-9.286272048950195
2.1560784090827942,-11.419940948486328
-27.1636490162131,-10.006263732910156
-0.670930828719279,-10.84092903137207
-22.794043146736,-25.68541717529297
0.8105828534072201,-2.9364986419677734
1.2287673509824204,-8.41491413116455
-0.6435038581465955,-3.3682308197021484
8.474782023793379,0.8677806854248047
-9.601847091024196,-4.7738494873046875
-1.6610011043127195,-6.993951797485352
-0.1091636509260827,-7.254099369049072
7.570838092245207,-5.741537094116211
-7.211196994815285,-7.853226661682129
9.090654061652296,-9.601314544677734
-26.6651088566214,-2.4515323638916016
-17.309192174305,-4.07174015045166
4.14054171285972,-9.585594177246094
4.097668935846943,-3.2766003608703613
-0.29408409265346,-7.402682304382324
-35.8165916579592,-17.523319244384766
10.898098675545494,1.1317272186279297
-1.6552655274048038,2.138336181640625
1.6729502580778592,-8.59403133392334
-6.42491227706334,-21.568819046020508
-15.4752611754195,-22.901527404785156
-0.6907348474047925,-12.287099838256836
-21.3629045873375,-8.46618366241455
4.219145585451182,-11.83620548248291
-3.019531285218114,-4.667228698730469
4.25311060075082,-8.743358612060547
-15.0412339008878,-15.590396881103516
-8.237627320974727,-20.69467544555664
-1.0683487237199796,-2.2375831604003906
-1.7174251595272625,-7.196868419647217
4.069163600073605,-6.437427043914795
-10.162041561092582,-13.605910301208496
-5.97248436581227,-3.687406539916992
6.120538767403939,14.519062042236328
-0.8028238008287005,-16.6929988861084
-23.6042929930625,-19.686019897460938
-0.1777753404752198,4.078775405883789
-5.785469568057495,-21.32059669494629
-0.0556983764780604,-4.322380065917969
-25.4508968849616,-3.767653465270996
-5.3185412482723295,10.26300048828125
9.1356503291117,7.954010009765625
4.020569536845237,1.8830337524414062
-58.5527340809363,-5.28322696685791
-6.291328737399075,-5.856414794921875
4.187869588752649,-7.250611782073975
8.922207576391518,-6.094681739807129
22.7414116448382,-0.6295404434204102
-44.6057608529879,-10.360618591308594
-26.5129077898497,-17.08526039123535
-2.13735826282737,-2.4025535583496094
-1.14890133483728,6.436771392822266
-15.2234416939723,-0.29540252685546875
0.369316059642221,-7.732477188110352
-0.6884117876070912,-8.726348876953125
-5.8772631055401,-11.270133972167969
3.6053774296538297,-1.9169291257858276
5.07108724357905,-5.58506965637207
1.292753014965791,1.1087923049926758
8.440986836263871,-5.765592575073242
-3.43040335892423,-18.737323760986328
0.7651079053562314,-2.930143356323242
-37.13962469223695,-23.17808723449707
-5.822632503482525,-5.8279619216918945
-6.879472048396067,-14.255678176879883
2.11024229353816,-5.787590026855469
-7.1526743450051855,-10.564895629882812
-1.122073026503361,-1.221353530883789
0.3302260274555297,-8.916769027709961
-1.178255647098801,-2.029296875
-2.99361591491145,6.107475280761719
-18.1070051290659,-12.57014274597168
-3.0332808194811403,-4.4157562255859375
2.6303171850506604,-12.185035705566406
-9.72499716390718,-9.53546142578125
0.2729453578388601,-9.00204086303711
-21.4503408223732,-20.391647338867188
-4.99755531471552,-0.3157768249511719
-18.0018409950579,-24.904497146606445
4.00031385473591,-8.045068740844727
12.0378145652987,14.822441101074219
14.1235470599023,-11.975339889526367
6.55729051148795,-2.6367673873901367
11.19992297656359,1.4275736808776855
-7.81388191369781,-10.181367874145508
-2.924593214648255,-12.416189193725586
3.7667366885646025,-10.357784271240234
-6.68253431604433,-7.227810859680176
0.7345204104922589,-4.451896667480469
-10.626155896203898,5.20478630065918
8.106852576346123,3.792992115020752
-58.24412469223692,-23.233081817626953
1.4955767028094,6.890003204345703
-17.6906096863185,-22.500083923339844
-4.813871520282443,5.167942047119141
-11.8973420493851,-15.924702644348145
-2.67676896274171,1.9365005493164062
-3.9331393974605526,-0.9653472900390625
8.756217929094177,6.270841598510742
-29.2662792150344,-8.151037216186523
1.7249239205326918,-5.20005989074707
-6.686975812883663,-5.948874473571777
11.10272802991041,-0.5472941398620605
-10.956818171714705,-11.801447868347168
-6.3500959185649,-7.4878435134887695
0.6681105368389735,0.14703369140625
-12.500029270357295,-22.82788848876953
-2.591242863373206,-6.95156192779541
5.954690473588823,-7.9928131103515625
-43.929359067237,-22.31267547607422
-17.4841411730512,-10.46218490600586
3.61441892535489,-6.914024353027344
2.1112971208509976,-3.150085926055908
-41.8026500314277,-18.4034423828125
7.028135642932115,11.462638854980469
8.463248256721428,-2.1082305908203125
-13.037072413777096,-13.393836975097656
-1.6307504375632549,-4.297176361083984
-0.3284521577656807,-4.2069244384765625
0.4685622181175212,-6.137153625488281
-5.316952415477393,-0.19652652740478516
4.584421564331302,-9.495512008666992
-20.3593816575191,-25.66869354248047
3.67041582610247,-17.938602447509766
2.204062447972561,-6.094257354736328
-4.666937653128132,0.103515625
-12.3781694316975,-12.549904823303223
7.06923762363823,-2.4035282135009766
-37.2883298194418,-17.958940505981445
6.442434166934048,1.5301587581634521
-12.2162083245621,-12.225448608398438
-20.3623076046531,-0.47173213958740234
-5.45440876641342,-6.614406585693359
3.1416241584890576,-10.741168022155762
-4.96580172718434,-14.714457511901855
-37.4061766871973,-21.330322265625
6.46185690649625,-2.978801727294922
0.5403453062071405,-5.198932647705078
8.656689402528613,8.768985748291016
12.331931266595111,3.007434844970703
2.75380173901167,-4.489292144775391
-2.8447496930443927,-3.438108444213867
0.0285872237409883,-13.730171203613281
-73.5286754265322,-7.963399887084961
7.285509446842615,-6.571228981018066
6.72046542688671,-5.477138996124268
-6.19730890695259,-2.620006561279297
-16.4599719883519,-9.21104907989502
-10.288292260688207,5.7545928955078125
-10.285920522724917,-16.359960556030273
-30.8171784242839,-1.0409889221191406
-4.65691689928222,-14.768865585327148
-37.1716279374795,-18.9825382232666
-36.50577458359941,0.4986000061035156
0.7942566624333496,-0.7057361602783203
-34.8552692363716,-9.082022666931152
-2.491707941339629,-8.1869535446167
1.7387039934851498,1.4334256649017334
18.9715733525152,16.41783905029297
-13.8996269060666,-3.3908729553222656
4.17561229224804,-6.581805229187012
4.7680640763497,-11.899069786071777
-6.745372906074374,-7.2460174560546875
7.262818938793504,6.5256805419921875
-55.7541546140486,-20.741544723510742
8.453421074249384,10.71102523803711
-5.85807143580148,1.4604263305664062
-52.7336020518746,-19.080020904541016
-1.995826789875676,13.369117736816406
-1.3326443092463092,-19.368661880493164
5.029017096161708,-3.924467086791992
-0.71117494174041,-9.494270324707031
8.243548509216069,-5.173381805419922
5.81602235619721,-11.083731651306152
5.978124919049687,-2.160114288330078
-2.8859593337581737,8.260993957519531
-26.0047332498617,-21.229894638061523
-1.5220929784942658,-11.390243530273438
-3.195242757261453,11.895072937011719
-15.0089303719363,-11.526358604431152
-1.757118944268968,-16.322093963623047
-13.5091075877696,-14.646138191223145
-4.0681667574955,-7.764850616455078
4.43276114617859,-5.42840576171875
-4.665207913971671,-0.7130966186523438
7.33919324558513,-6.032804489135742
-11.69780882660921,-11.907940864562988
5.960801203295765,-8.46307373046875
-29.9162730471743,-15.617329597473145
-5.331847529263395,-16.955440521240234
4.2006804390709,0.22358322143554688
4.76541245752904,2.1411495208740234
5.87221574658101,-3.1661605834960938
-12.955988512618,-19.09442138671875
-14.4061745570978,-13.91128921508789
13.644333664082708,-2.2877960205078125
7.522446474796843,-16.99863052368164
2.858782897786812,-8.616277694702148
-49.8653288018085,-19.030780792236328
-4.029904705212941,-1.3288378715515137
-6.2026319104393295,-10.547576904296875
4.452168509343501,-2.7808432579040527
-16.475900892606802,4.0856170654296875
-11.03094492075089,-18.114036560058594
-8.08045020128908,7.693267822265625
1.39259946716825,-4.639166831970215
-14.885807229381896,0.2840089797973633
-11.113180908425988,-9.716872215270996
5.506094216928792,-2.463052749633789
5.29091659278858,-5.250882148742676
3.42106467876526,0.33938026428222656
5.162821279449693,1.1345844268798828
6.020551076354931,-3.485477924346924
0.8086942897832163,-6.474925994873047
-8.80546181278599,-16.844654083251953
-7.42349600405968,-9.263643264770508
-14.4731176558811,-3.320037841796875
-35.5448186771701,-11.342361450195312
-1.657597602265355,-7.082796096801758
-1.930224441335125,-11.03030014038086
-10.398648228661925,-14.084833145141602
-1.6521884315998507,-7.369866371154785
1.3131129859732091,-1.7774162292480469
-0.1240821746904601,-3.337026596069336
-35.1709788883515,-18.365829467773438
0.6771989561182002,-5.146200656890869
-5.8677981963370005,0.6239242553710938
0.7982616963508231,-6.7082109451293945
2.595279020812243,-6.713271141052246
6.9472187772133225,4.6915130615234375
-41.1395198834054,-11.291508674621582
-35.4604736838065,-23.18891716003418
7.87379173269718,4.122745513916016
-8.72128086410909,-22.23284912109375
-82.13826531723697,-8.37160587310791
-9.70693692529289,-19.690895080566406
-61.4386715672369,-16.006664276123047
7.10938257895085,-3.1609444618225098
0.4007388327427847,9.484855651855469
-0.7455370396145937,-5.7760114669799805
1.674966057420845,-7.410843849182129
11.877856996640997,-2.9209108352661133
-0.9096556467231308,-0.8096885681152344
-1.4680391508473674,-5.653704643249512
15.6414782015599,-11.423023223876953
-10.35739215730591,0.4606170654296875
1.926107182225645,-8.104623794555664
6.99756701325662,1.7667875289916992
3.54836143321337,-7.178611755371094
-7.726553411266567,-12.832467079162598
-48.51478094223695,-17.328838348388672
-3.0453156276270903,-0.6866416931152344
-3.454798154796729,-2.10379695892334
9.503977484174175,1.3763442039489746
6.001532732018722,5.342475891113281
1.775572054007981,-10.892020225524902
-2.6871577689602653,-5.993520736694336
-7.920344649869953,-8.330629348754883
2.578081311550471,-1.1046867370605469
-14.434457477598505,-6.349784851074219
-1.338045882914232,-9.416467666625977
-44.1817825469333,-19.24747085571289
2.4314234692194163,-4.167721748352051
-2.35314836228574,-6.373575210571289
-2.07036107592124,-4.64306640625
-6.560167066336443,-8.265867233276367
-2.54688332955635,0.7976818084716797
-7.940842049461227,-14.213245391845703
-7.789052707582185,-0.6029052734375
-1.4295761119406232,-0.18025875091552734
7.206977941743588,-0.1289215087890625
-4.081394009803599,-1.4516105651855469
-30.167243616457,-19.42604637145996
11.7225687296843,-1.1865234375
-0.8984319813221007,5.274024963378906
10.349523074958825,-1.8720941543579102
5.42147270471237,-4.2661285400390625
-0.3136273830120112,0.8213863372802734
4.398848813602776,-3.5365161895751953
2.099307195887115,2.3174686431884766
-61.6890402284636,-23.078678131103516
-7.08434802004719,-11.341911315917969
0.6962467393230812,-5.879642486572266
9.0758909366509,4.6817779541015625
-1.9263965715605047,-4.968082427978516
-6.262949496708321,-8.380073547363281
-4.739766082030863,-8.158096313476562
-36.8822022827233,-17.740131378173828
3.24770439300306,-2.611032485961914
-2.289513933263135,-4.622638702392578
1.41805545618482,-4.291574478149414
-24.4432878855492,-6.720302581787109
-24.96156751119129,-20.34683609008789
-7.734574598544068,-23.466890335083008
2.79124989437018,-9.731193542480469
-5.17831154550348,-11.433279037475586
1.5275640312561216,-2.662839889526367
3.682989905065457,-0.7710895538330078
-10.8237586662752,-14.645750045776367
-6.929951553081727,-5.385562896728516
-27.96215708599589,-11.70962905883789
-2.88087637063392,1.0699615478515625
-5.960419628776203,1.1723136901855469
-37.189874708633695,-22.506656646728516
1.1496085756031087,-13.607416152954102
-12.7137936794919,-13.51161003112793
8.398744223780918,-4.743908882141113
-33.3004252633332,-23.314468383789062
9.144089281431205,-4.841423034667969
4.065326821312747,0.978515625
-41.9047429025821,-21.787822723388672
7.383552345763623,1.6044392585754395
6.364261125349779,-0.8022651672363281
4.841793570156368,-9.443426132202148
1.6198341998494314,-5.728790283203125
4.179707781567577,-5.506141662597656
-14.7229944429405,6.708255767822266
7.078924552126015,-1.9052352905273438
-12.898019313824,-5.667278289794922
-70.8116033690518,-5.322339057922363
12.7359625054994,-1.72894287109375
5.586124430090477,9.142724990844727
3.028467183462371,0.7892475128173828
-5.830142578087577,-12.521556854248047
-22.6841489367301,-11.637954711914062
-1.51657819068512,-0.9781026840209961
-81.52648016021857,-6.297625541687012
-3.36903782007548,6.7482452392578125
-18.707844022,-22.998441696166992
-34.48768519828235,-7.535959720611572
-39.7169735486916,-5.075077056884766
-1.593720937577549,-4.453988075256348
-23.2954444871652,-12.25967025756836
-45.30258920076982,-16.38186264038086
12.5056328567953,6.974334716796875
-11.9299972333177,6.728427886962891
-37.9495035857927,-10.51602554321289
0.7001962140772594,-5.292034149169922
4.49418879319923,3.1229095458984375
-39.0646563811545,-21.160247802734375
-9.09730633851708,-5.638674736022949
-17.5589533745204,-18.546833038330078
-4.92782811871599,-6.283050537109375
-8.2299173561342,-7.807613849639893
2.60625970962018,7.945930480957031
2.726862934921635,0.0953984260559082
4.071661498679735,-11.729988098144531
-13.2494383747796,-8.804841995239258
-11.9154244975033,-5.574375152587891
0.9090871567987184,-16.904678344726562
7.92708077877978,-2.4038867950439453
-3.119647295186995,-5.857437610626221
-2.248378586620203,-18.485422134399414
1.6646916021852596,-7.192558288574219
0.1590569364430157,-6.446750164031982
-77.3623903172369,-25.265933990478516
15.8859560938761,5.1443071365356445
-3.11888044241469,-9.50009536743164
-2.7468186065138984,-5.391357421875
2.77922195660905,0.5931205749511719
4.052279150357491,-15.965818405151367
-4.03806373695381,-5.5028157234191895
-2.4461467814868523,-11.494029998779297
-0.1639564470097907,-6.9881591796875
0.8542168432631491,-7.9980034828186035
5.84905996845087,-8.553707122802734
-5.77665564868809,-1.6895127296447754
-3.7008288999313423,3.817230224609375
-7.18713065449027,-8.46798038482666
-0.9529303605806088,2.5310096740722656
-15.902118442879,-18.584779739379883
-28.0636361890057,-14.910621643066406
-26.912205886836706,-25.54723358154297
8.596988309863011,0.576371431350708
0.2877587512502297,-13.244657516479492
3.3899996482015826,-11.549636840820312
-20.5869014386951,-5.094178676605225
-9.341800010912078,-22.75560760498047
0.1692077246922899,0.8288307189941406
-1.857666460494741,-2.5446319580078125
-13.2752747780792,-20.993789672851562
0.7445982178878973,-4.7106475830078125
4.49646859469848,-6.393072128295898
3.60913262992784,9.604133605957031
-5.653435188749545,-4.420519828796387
1.51502173443586,-0.25386810302734375
8.143116180793372,-4.7392730712890625
-8.36164856265281,-22.943334579467773
-1.130678948105339,-9.75412368774414
-4.349210006555943,2.1450061798095703
0.2594141505344826,-15.541683197021484
-32.1283374054069,-26.023113250732422
-1.9051378030600723,-1.1691179275512695
4.768047800449637,-14.345664978027344
2.264898495983479,-7.520028114318848
-6.47138721063866,-3.652092933654785
4.93167956005568,-8.361383438110352
2.4851768276660025,-3.633699893951416
-3.930469946192945,-8.621206283569336
11.923948375295712,-4.770591735839844
11.616605850275496,4.976926803588867
10.41580460128629,-8.824591636657715
-8.700462669667385,-7.155326843261719
13.1991243046288,-6.1687164306640625
-4.75101729862813,2.0549545288085938
-1.4230966237807086,-13.89177131652832
-2.07861348348741,1.809356689453125
10.292368565007404,6.99614143371582
1.9007667723773176,-11.406583786010742
17.1612744381531,4.957736968994141
-0.1428452494230792,0.47727203369140625
2.4933992323843923,-4.887046813964844
-13.861300672159,-8.617267608642578
-1.7943154401891548,-8.671481132507324
-4.15624175439773,-11.026714324951172
-14.277645616907492,-10.645666122436523
2.713132201978397,-12.429203033447266
-13.315456279797685,-17.238922119140625
-5.36204355968609,0.14498329162597656
-1.4872271509121793,-9.153553009033203
0.31232235517322,8.05874252319336
3.0307168501552093,-9.609752655029297
3.4484762474106,-4.058666229248047
-34.0729170807354,-24.193222045898438
-25.0659802428987,6.956661224365234
0.86771933446589,-5.053474426269531
-11.996919710325,-17.323701858520508
17.2594267615487,6.560810089111328
-56.2560888739038,-24.009517669677734
-12.7386491421071,-15.405055046081543
-3.520787796436005,-13.884706497192383
-0.8014467498558491,-16.317462921142578
-34.7812340468876,-21.617624282836914
7.158235365631607,-16.544973373413086
3.29681579894721,-3.2428596019744873
0.046018285265003,-9.409552574157715
2.046344769010002,-10.735610961914062
4.25403099118957,-8.710245132446289
3.7804230286959792,-15.779809951782227
-3.773219093074008,-18.24773406982422
-9.722403045722997,-13.297456741333008
2.81101468536903,-6.88440465927124
-23.7494411406013,-17.830184936523438
-75.56229656723696,-20.474454879760742
4.366245372711767,7.299036026000977
9.94612085382829,4.83711051940918
-8.207132148775708,-23.938724517822266
-3.09775596823669,-4.80622673034668
3.77256113899207,-5.102321624755859
0.2016574678685985,-10.421358108520508
4.38808277416547,9.208219528198242
3.7092867134231,-7.741667747497559
1.6740112862957208,-2.2975292205810547
-5.472376660417956,-8.632915496826172
12.283123760680592,-0.26309823989868164
4.417989059347175,-11.765917778015137
1.907333647224608,-5.427321434020996
-3.73521146317182,-10.975688934326172
7.837521570550837,4.212909698486328
4.82455755953161,-12.9678955078125
-0.6472060937938101,-9.41156005859375
-8.237956686764985,-21.067588806152344
7.36579899286375,0.2807426452636719
7.859716520666763,-5.7317962646484375
2.765011277030255,7.0553131103515625
4.62415639298937,-6.528495788574219
6.430237727930085,-13.057779312133789
2.44728958086436,-10.587373733520508
-1.93656353174353,3.1804122924804688
-33.7845903951132,-27.83264923095703
10.960301672714698,5.967092514038086
6.147225205740463,-9.064737319946289
2.4659746492236927,-0.6012916564941406
18.2642273209106,-4.3625593185424805
7.656482330373112,-7.307334899902344
-63.2346715672369,-24.794588088989258
-22.9610154952969,-24.850040435791016
4.39789099231211,11.663070678710938
-46.587141393021525,-18.97848129272461
-12.281506448986304,0.5455880165100098
5.220668557811489,-0.1781325340270996
-1.4412632820262703,-2.3370909690856934
-35.163016426576704,-21.878807067871094
-31.380009974583203,-17.36488151550293
-40.7258600860177,-4.253458499908447
-35.3994683825842,-18.902538299560547
-10.968565079401992,-8.131987571716309
15.384553292915324,-20.948810577392578
-0.4271227388875901,1.0899734497070312
-7.69948364751984,-1.436661958694458
-26.6822467124322,-18.305335998535156
-0.2823200449385875,-17.16297721862793
-3.8453528225106623,-10.379962921142578
-2.4599041427842496,3.8829269409179688
-12.7315114055493,-8.278602600097656
1.418014053180695,-16.050870895385742
-3.4922781726655696,-16.94675636291504
9.58062385928767,1.1426467895507812
-17.5801214502402,-7.125275611877441
-49.5120706514507,-18.99431610107422
-0.4503474699443348,1.0401248931884766
2.332279780348585,-0.09844589233398438
-42.2483635713802,-14.200139999389648
-5.00028834575103,-5.886833190917969
-5.14141487663266,-14.080867767333984
-19.923371510770203,-3.2824831008911133
4.28301459624688,-2.6807823181152344
0.3224388648416145,-7.376884460449219
6.795393661635613,2.109588623046875
6.720388221210122,-7.409358978271484
-20.7558388881914,-16.28616714477539
-12.5922662394529,-10.642263412475586
-5.19085420781142,-8.303443908691406
-27.3858072066324,-17.690086364746094
6.488490212037078,1.1142735481262207
-12.5233171201947,-13.894498825073242
0.996650643215182,-12.106317520141602
3.27144637329635,1.1087455749511719
1.203208947199059,-18.12041473388672
4.5031585012656095,-0.46856689453125
-46.6686841099013,-18.704814910888672
3.600655729290548,-5.616141319274902
-2.7077151362496297,-18.518943786621094
-42.936846127142296,-18.923995971679688
2.679404112105611,3.6694889068603516
-23.975827854410426,-19.003305435180664
-24.4869919201538,-18.58365821838379
-6.22433036882608,-8.834274291992188
-24.992167376126925,-13.06313419342041
-9.742168339465294,-17.720664978027344
0.1235817830644999,-3.5159530639648438
-11.607028837624,-5.395313262939453
5.321680837772678,-0.7979412078857422
3.3452637215970498,-0.701812744140625
13.015759276594096,7.879171371459961
-6.13466459150186,-15.032061576843262
3.0897024917955025,-5.954412460327148
3.557691046156,4.50499153137207
2.0008593011464906,-7.275308609008789
-1.2671721747064446,-18.126115798950195
-2.989164004622407,-17.119810104370117
-2.43808381047612,-18.300561904907227
-11.30813578108209,-15.370929718017578
-9.619042312244815,-13.701101303100586
-4.01456885639382,-2.2378463745117188
-4.853312003098937,-21.280338287353516
2.78743688363977,4.5739898681640625
3.6035536346157695,-2.2011032104492188
6.09033976794457,3.5959415435791016
-5.89266438028177,-5.294124603271484
4.780848076735348,-9.69385814666748
-20.7592210135025,-21.176774978637695
-3.637071869773312,-14.131963729858398
-4.396710286499547,-3.6664466857910156
9.04709717330502,-7.475061416625977
1.69213972357191,3.5822553634643555
-27.068723822751306,-23.14145278930664
0.2886204877907422,-0.7519302368164062
-0.592182005541919,-5.182793617248535
-4.736229867816737,5.209140300750732
7.877641553655238,1.48822021484375
-2.588665914009158,-7.372394561767578
4.72846919446815,-14.383424758911133
3.42669038506664,-5.494709491729736
-10.274169876330886,-4.906929016113281
-1.289264920121349,-14.180644989013672
-6.9648772325347394,-5.169940948486328
-1.2236747050651609,1.0322389602661133
-12.208208404490907,-15.053594589233398
4.40921359309415,2.37384033203125
16.4171583068458,1.867828369140625
-15.991582533821994,1.5155372619628906
7.809600001042748,1.452657699584961
-3.0331069492891496,3.1481781005859375
2.603164662477901,-16.32967185974121
-24.2572199033326,-12.033937454223633
13.667582002208905,5.4152679443359375
8.19307228691883,-14.048637390136719
0.4664503305112299,-5.627847194671631
-6.46133524603972,-18.923004150390625
-19.7520332208299,-14.6957426071167
-7.75971004909346,9.445549011230469
7.66334596528203,-7.527553558349609
-27.64770126959135,-11.23781967163086
2.125547882163602,-1.4478626251220703
-1.8239337240231768,-3.9138565063476562
3.3696784995100426,-12.927056312561035
5.265272900492549,-6.033461570739746
6.753311816554961,-12.240805625915527
0.9434331950199416,-4.279285430908203
2.13745295521649,-2.994265556335449
2.76912169862866,5.82611083984375
2.409764321136161,-5.466506004333496
3.7606671418030695,-6.40799617767334
0.555665600488549,-6.044538497924805
-89.04756219223692,-18.42983627319336
6.987950206462267,-9.598609924316406
-10.09410467002709,-24.379718780517578
8.16191414696451,0.7928371429443359
-10.731303688850904,-13.096906661987305
7.588764503474316,1.9034061431884766
-5.25293160621848,-9.739198684692383
2.3065604778561424,-5.463382720947266
-3.8022266666193874,-23.31438636779785
3.22816419080692,-5.607938766479492
1.1941842843275,3.067047119140625
9.772192422094813,-7.873290538787842
-2.489313079893845,5.390779495239258
-13.547300817594484,-17.283456802368164
-1.5403494549472296,-7.841336250305176
-5.139364658294922,0.8680191040039062
-1.32131943338233,-6.907248497009277
-0.5284321769112605,-1.3544023036956787
0.1119561526876595,-2.921860694885254
14.8508222506114,7.256843566894531
-0.0918051514147744,-4.475858688354492
-1.7237618714553775,0.36907386779785156
-1.5699354762224491,3.780487060546875
1.5718362711845366,2.8080291748046875
3.58036180553514,-7.219951629638672
7.45084701577923,-12.149181365966797
-7.378812419643663,2.6773300170898438
-33.1832620874725,-14.429984092712402
-6.066411004621831,4.064947128295898
-16.4910721624856,-25.0161075592041
0.8267526169764301,-9.893893241882324
-9.762453719841735,-24.62245750427246
8.07102955700163,6.070827484130859
1.741670982094262,0.7389411926269531
-0.0053525606393112,-7.266502380371094
-51.4043293278057,-20.37537384033203
14.9415296965116,0.2895212173461914
8.70853787657841,-11.256957054138184
-2.149900469098629,-17.774917602539062
14.8229623836697,8.532270431518555
-0.0379657812584102,-27.53314208984375
-15.3173389528898,-5.562034606933594
-1.7663441991754285,-6.077991485595703
-6.708306328674888,-7.733191967010498
-78.7451798053926,-19.60053253173828
-0.5413656534735456,-12.022567749023438
9.625121597198186,-6.311553955078125
-3.15562863494722,-4.475208282470703
9.60447820177431,8.679889678955078
-3.31847606547329,4.400844573974609
-4.12581810820042,1.3379364013671875
1.7706121017107803,-8.006330490112305
0.5117341060036625,-9.515449523925781
2.63157412115867,-4.801007270812988
-4.763634360062484,-11.755748748779297
-11.18181257464061,-5.990596771240234
-39.4932668903457,-17.61421775817871
9.206200380526292,-5.447765350341797
-2.93911844531118,-10.349327087402344
-28.13472322157985,-18.637372970581055
9.62907409316032,-4.094437122344971
-7.042636248773623,-4.426490783691406
-4.03025121975644,-6.210258483886719
3.42951329804928,0.5769596099853516
2.5565427438131976,-3.5313644409179688
2.8513084033656,-0.2958984375
-5.5623675139736175,-8.735780715942383
16.9968892380515,7.939571380615234
-4.144685584269085,4.598175048828125
-11.221818720505304,-0.009471416473388672
-2.111656589218961,-6.819845199584961
-1.626797120535592,0.13826942443847656
0.7652624054000594,-0.9468650817871094
-21.5531296050118,-24.258142471313477
-13.053772031257305,-11.704631805419922
5.42509465390903,-2.3561325073242188
-5.5186956836840375,-20.629207611083984
-2.260381023139061,-4.754478454589844
-30.3377383335249,-9.294536590576172
7.380729755239978,-7.390672206878662
-4.172986764275874,-7.069606781005859
-1.2036514942358316,0.18902015686035156
-35.2906329121599,-24.911218643188477
-2.54595208771381,-9.078415870666504
-10.901275449743116,-6.516125202178955
-17.0078420331655,-18.817569732666016
-17.0314498829154,-7.722816467285156
-11.9784507557909,-9.333295822143555
-19.469018973061075,-9.13135051727295
-3.2142130797467816,-1.4385566711425781
-0.5663484394051013,-0.4833030700683594
-21.2195468929047,-19.06556510925293
8.077984978184695,-5.107368469238281
-17.0119321722455,-16.526630401611328
4.67424026120176,3.6525421142578125
-47.9875704511971,-25.77423858642578
4.316615136301563,-1.0032539367675781
11.2728180991378,1.0623587369918823
-3.5546157663424616,-14.781829833984375
-3.15887949932979,-20.475637435913086
-1.6422791314174887,-1.61676025390625
-3.448025235667948,-19.461071014404297
-13.5632540546311,-13.308358192443848
0.8825935384285006,-7.054873466491699
3.27100049685324,-11.78506851196289
-0.7762273913233743,1.0716819763183594
1.026942322157092,2.266294479370117
9.859104788483815,-7.388331413269043
-1.9977872313530125,2.2218332290649414
-13.1809903671301,-3.711444854736328
-35.1782981083837,-17.451475143432617
-35.8337806803641,-22.713603973388672
-7.639409008216227,2.4597091674804688
-15.746453943284,-25.050888061523438
1.055995951979529,1.895395278930664
3.987299411465438,-7.106087684631348
-37.0930621901092,-2.468667984008789
16.694612728237402,-7.709255218505859
-4.527979888097892,-12.499484062194824
14.6352674345898,-14.198837280273438
5.034618319433818,-7.158431529998779
-3.77133000272187,-4.456993103027344
-1.61504571199055,3.1643333435058594
-56.3663437951974,-23.048423767089844
10.088450856398616,-6.713460445404053
-14.285610883283098,-21.743528366088867
2.6210618799141923,6.367164611816406
-2.308732762121495,-13.926945686340332
-83.9761260280997,-14.685751914978027
-1.03656181464744,0.5193672180175781
10.16232173056559,1.6507189273834229
-3.12013961477547,-0.34993743896484375
3.010752586641185,-14.824302673339844
-1.5178355576616795,-0.18626785278320312
-2.60072537807549,-1.05718994140625
-2.367312137177082,-6.406277179718018
6.075310726130807,1.5376272201538086
2.24572304437811,-4.984174728393555
0.2044267191685782,-7.07077169418335
3.85944773684647,8.340770721435547
-14.409506408843407,-12.035351753234863
-2.683955047842884,9.764877319335938
-0.0075038478591599,-15.830421447753906
7.190050317883171,2.3653411865234375
-2.1691769605730515,-7.794830322265625
-7.910003358009165,4.454326629638672
-69.1366966634013,-18.090545654296875
1.437241653553571,-13.410534858703613
-20.7409218490905,-16.819839477539062
3.78247800369874,-1.2406861782073975
7.909526276907584,-5.6337761878967285
6.097122298913325,-13.896097183227539
24.5800902168924,6.200935363769531
-9.979741434164584,-7.866408348083496
3.1327986373042376,0.2051677703857422
-8.393586343504198,-0.2677879333496094
8.678125432705007,-3.6601791381835938
20.7428439693387,-7.177600860595703
-1.511416195100045,-18.610898971557617
-23.3725501337939,-6.118429660797119
4.69437535963172,-5.490684509277344
8.24149319055937,-3.424243688583374
-0.2898522089969393,-2.1471099853515625
-7.19378137939456,-17.2469482421875
1.0271109700113177,-3.3810157775878906
-14.564555056626377,-15.162147521972656
-9.657849716236,-17.9921875
-0.7280966227290082,-2.1140594482421875
-21.8962191024866,-12.633161544799805
-40.2614734397264,-20.183448791503906
-1.77750068778882,-11.663482666015625
-28.3488859938485,-15.321737289428711
-8.184373188662292,-15.533774375915527
-6.135426654744688,-0.06858062744140625
-3.270422191581055,-12.558795928955078
-6.055427015859325,-1.4184074401855469
-34.3143130117107,-24.477548599243164
-50.4820483838523,-14.812223434448242
-4.639593570653838,-6.648386001586914
-21.0606958753072,-16.305274963378906
8.747205755218493,8.182537078857422
0.6884341878779402,8.228118896484375
0.300408103033295,1.9046344757080078
-2.6184282494780104,-1.8430538177490234
-37.3999740396079,-6.898355484008789
-10.594900847222812,-19.503334045410156
-23.227454082363305,-14.434374809265137
-15.4814292943448,-12.401140213012695
-6.89310310865277,-1.3844070434570312
-11.7962452523223,-7.273097038269043
-0.3887710448227697,-4.579607963562012
-4.0896099478500325,2.0791549682617188
-42.6579269422049,-21.59256935119629
-2.095241650043551,-5.279243469238281
8.45389840526827,0.44480133056640625
-15.5157954828953,-25.4715576171875
-1.9802660997523944,-4.328558444976807
1.8368511005450223,-17.402427673339844
2.11900133622217,0.9526348114013672
-38.4962238749225,-21.951139450073242
0.8069046214032297,-4.395265579223633
-1.73607437190069,-6.233809471130371
-8.46093254820262,-4.4410400390625
-0.0780407432645869,2.3148345947265625
5.009535132419683,-7.3140411376953125
-74.9399761386801,-12.003371238708496
2.806732553915905,-6.203855514526367
-10.415057364934407,-9.16481876373291
-4.81834176383161,-2.7932052612304688
-1.4920816076829602,0.6972999572753906
-0.003939288658445,0.7703170776367188
5.86288473591452,4.046054840087891
0.4443344011282492,3.9313507080078125
5.72263802046558,-1.7775955200195312
5.46583466116103,-7.238330364227295
5.05355462238675,-4.367347717285156
-17.190033530139498,0.9411168098449707
-10.1192188918475,6.685741424560547
-10.539071528779305,-3.82904052734375
0.2492257167476033,12.369575500488281
5.35198813185094,-5.477989196777344
14.9823899147147,1.2194795608520508
1.7336328627834918,-13.874292373657227
3.2582764286422226,3.21075439453125
1.1615369027166365,-5.691948890686035
-42.4099588259267,-16.91824722290039
-38.7823663998969,-19.341594696044922
7.99575647038201,-1.1927738189697266
11.644495901203598,5.482688903808594
-39.0956747424042,-1.9283554553985596
-38.6438610292767,-21.991226196289062
-40.5029244010595,-21.35493278503418
-22.8644313188967,-7.034700393676758
-0.897066728281827,-11.394600868225098
-17.6830733389949,-9.122564315795898
-0.0084306638066775,-16.48059844970703
0.5394390329931549,1.0381698608398438
-21.61387508166409,-18.193859100341797
5.053393098685065,-7.41020393371582
-15.7834934865799,-10.035419464111328
-58.40351531723695,-21.990734100341797
8.86280218600469,4.105485439300537
1.888243484494037,-1.9912834167480469
8.99923705482913,-1.1192197799682617
4.133325903305868,13.102371215820312
4.774357664359128,-2.999901294708252
7.418770080750715,-10.650751113891602
-2.25262466719878,1.4479923248291016
-7.071587649042333,-3.788693428039551
4.398742241377427,-1.4097900390625
-8.692928400841772,-18.72933578491211
2.334382802629,-6.268215179443359
2.8274240704709,-5.880945205688477
2.1747311895065486,-6.1334381103515625
-11.9965988914421,-1.3150558471679688
2.776867734737273,-18.52535629272461
-12.4595255596924,-2.190988540649414
18.5317724911246,11.069869995117188
6.86106163750481,-2.239778518676758
-19.1693792779686,-3.8541641235351562
-4.20883890972707,-2.4032888412475586
-0.3530077955256401,-4.895760536193848
-1.6020246929696491,-26.71973991394043
-7.57557880794988,-15.672669410705566
13.9692836454661,1.4081530570983887
1.289294757415069,-3.8259429931640625
-20.3746494688195,-19.06592559814453
-8.044482691931467,-3.6632919311523438
2.51340467963473,-7.9322919845581055
11.0282847349576,7.610113143920898
-1.3944922949507652,-5.14042854309082
-26.2706781913698,-25.585281372070312
-71.7765711158932,-23.383499145507812
-44.2857422252861,-25.94167709350586
-3.057699221935841,11.972061157226562
10.116767222520318,-2.00649356842041
-46.9980356488569,-14.526327133178711
-8.677497573270493,-6.54592227935791
-25.781275563237,-10.359762191772461
-2.941164138388841,-0.3713092803955078
-26.5692742661385,-10.715951919555664
1.2555345380058751,-3.2118372917175293
-0.810306898238276,-6.845447540283203
0.2404076931068699,-15.11224365234375
-2.5590885431480426,0.6001510620117188
-11.9846830308257,-10.095645904541016
-5.775806690181939,8.251426696777344
1.9806048133258944,-8.80943489074707
16.618750626525,1.460906982421875
8.204494762209066,-3.8540945053100586
6.80321923705408,8.162338256835938
11.710679650337616,-2.7453603744506836
3.181253849239128,-5.086618423461914
0.90894434552881,1.3118972778320312
3.547124544521316,-22.739091873168945
-2.202886656443709,-0.33104705810546875
-11.133669865203094,-13.169703483581543
9.328533024448705,1.1847686767578125
-0.7012610501602399,-9.76333999633789
-0.3170472839931941,-6.453594207763672
-2.3458288386735573,-0.7266693115234375
-26.1191329979098,-10.88652229309082
-2.33292598982445,-7.680498123168945
2.461922216333884,1.550649642944336
3.73205068567752,14.559417724609375
-22.4462583852743,-15.598941802978516
16.899113604615202,-0.9964184761047363
-2.85382252753121,-10.424788475036621
1.2705701336207027,6.839267730712891
7.960789166364423,11.234310150146484
2.71808902854303,5.504199981689453
5.5273920092716775,-18.272747039794922
-4.11149235653684,-8.206905364990234
-20.9676231329802,0.6806259155273438
-0.89184437235696,-0.5842609405517578
-1.2816619609782416,-3.6823883056640625
4.85634828411675,-5.294120788574219
6.429854346358795,18.57699203491211
4.71112087372323,-3.230539321899414
-30.7199022255615,-13.568355560302734
-3.8590388668775,0.5945281982421875
-10.6557437737239,-1.3098678588867188
-13.4460672849668,-7.871450424194336
-5.527709296795018,-0.67572021484375
-1.876637029070265,-5.978754043579102
10.2532613363299,11.171409606933594
3.00680128293027,0.5446548461914062
19.33685959748449,6.407550811767578
-0.1058882282985149,-4.078770637512207
14.3436638764016,4.058198928833008
-16.1535771788668,-5.9944915771484375
0.9480162028997956,11.061180114746094
-18.5891767455387,-14.101974487304688
13.309934514349203,12.30160140991211
6.02246857213521,0.5537319183349609
5.16750826555368,-6.766403675079346
-1.0190872666435924,-8.992208480834961
-19.100904418149,-12.555049896240234
4.743603615290096,-8.766403198242188
-13.8157551615103,-13.244190216064453
-3.802611775309477,4.770956039428711
4.30511943579503,0.07925796508789062
-22.482844278002705,-7.71250057220459
0.60779733849738,-4.226719856262207
17.8138573048897,8.531627655029297
-38.4626262988146,-21.737903594970703
-0.6089836493556324,1.4905986785888672
0.8617451361473882,4.8260955810546875
-2.40000424902785,6.984691619873047
3.7078671714499096,-2.6251754760742188
-2.390619984667185,-4.121648788452148
-15.559462368784592,-12.71004581451416
-13.790764753514,-2.8900909423828125
-9.325981865786185,-10.012624740600586
-58.4491138315396,-21.343486785888672
9.550892694239591,3.3816356658935547
4.435147085081137,11.373950958251953
-2.3538192484503564,-5.893768310546875
-5.83438093189622,-6.839424133300781
-7.10827059552493,-19.21973419189453
-12.414939844598162,-5.22640323638916
6.6154810826822,7.119525909423828
1.3155747227446202,-6.506001949310303
-2.56542276271332,-0.09043693542480469
-13.546032832554804,-8.865601539611816
-16.600339428286603,-16.134849548339844
2.9737175212081803,0.24468231201171875
6.167862854629888,-1.4708480834960938
-40.922076323723,-20.804344177246094
16.9349100756105,7.911172866821289
-12.24911226903676,-12.256855964660645
4.867927463076468,-0.11201667785644531
-21.6327950573002,-26.252239227294922
7.11033993521173,4.752897262573242
-9.59094984812801,-17.409578323364258
4.92186081619874,-1.5912084579467773
-7.815562497274902,3.007936477661133
-2.20364176327536,-7.861080169677734
-19.6754058911438,-14.950530052185059
-91.8886792382854,-4.807681083679199
-20.9507978903398,-16.450328826904297
-17.8084408175675,-11.744699478149414
-62.9612541332419,-24.30438995361328
5.598134989920393,2.5591259002685547
-7.283890318199592,-4.77470588684082
6.1026124307435,0.9225311279296875
7.42840635595139,0.01402139663696289
-5.179391847578812,-7.2942657470703125
-4.873152982370568,-8.629766464233398
7.276768036701751,-2.3218798637390137
-10.739322929783883,-5.300884246826172
-22.9219832537164,-20.697002410888672
1.5259403537211615,2.1371278762817383
-44.7886924625105,-21.126535415649414
-3.72583443525641,1.3429756164550781
-14.57002364123529,-20.789775848388672
-10.128266274366498,-20.87525749206543
-28.0249952668106,-15.16104507446289
-26.24662901330595,-19.178802490234375
-40.3645652505015,-22.756668090820312
-30.8056950922951,-9.927532196044922
-3.9552380984537248,-7.4460296630859375
-2.1789667599796294,-2.3776016235351562
-0.5734820606807138,-1.1486091613769531
-1.1617148968623687,-2.7584733963012695
3.42848617073407,-5.603107452392578
-17.4030551064212,-1.5990056991577148
3.88109013796494,-0.43393516540527344
9.400493271217616,-6.799964904785156
-11.302161927872188,-11.98525619506836
-13.3709137252944,-13.82014274597168
-6.79658968512302,-3.7374515533447266
4.509456424718162,2.5242042541503906
5.45103123545738,-1.080845832824707
8.149714042401495,1.684103012084961
-12.909180343140196,7.817872047424316
-6.61979034735207,-8.045400619506836
11.9978624338519,-5.975022792816162
-12.53254789251529,-3.737377166748047
-8.36198121766124,-10.506738662719727
-4.361976736345532,-6.820179462432861
-0.1898191226144924,-14.51466178894043
2.3166834950764685,-2.1229209899902344
-12.6203596574975,-16.495418548583984
-1.207429910073891,-4.4560546875
-29.7403775200217,-18.935256958007812
5.31082796058257,-0.16358089447021484
2.97844031586002,-4.282164573669434
-12.533050119535002,-12.331350326538086
-5.8684323426223,4.099948883056641
2.391980620215489,1.0686092376708984
7.73570234615748,-2.4919700622558594
1.166748445159433,5.125143051147461
6.093529951556334,-5.563999176025391
17.709922444879297,-0.34082961082458496
11.779516260068313,-2.5312538146972656
2.4866177573815964,-1.5862236022949219
-30.89708550466269,-23.397050857543945
-9.231606713935047,0.7987060546875
-13.4089268865456,-13.103031158447266
-9.06573754635488,-10.815081596374512
9.30630078585379,0.025902748107910156
-7.156550033865472,-11.006690979003906
-10.5414716495377,-6.147750377655029
-27.8178569354009,-14.621255874633789
5.3817717725564,11.391937255859375
-35.155236696245,-23.5773868560791
-21.4141717786538,-20.609514236450195
-2.6053130644292946,2.3836326599121094
-9.953220777101093,-9.741728782653809
-8.798237091769485,-11.342985153198242
-27.6920167541674,-14.37408447265625
8.017093587799739,11.72943115234375
-0.3550158381598589,6.457183837890625
-1.19024715514191,-8.839893341064453
-3.2855896341823474,-24.825000762939453
1.844566842421384,-10.824748992919922
-30.7366736665872,-25.68201446533203
-11.338238855350506,-12.127613067626953
-1.059512617215007,3.583545684814453
-33.7712071062874,-23.24852752685547
3.812227003524945,-12.973648071289062
-2.8472026300298463,-20.733150482177734
-21.5871320482388,0.6429953575134277
1.845960760756301,-1.7282524108886719
9.06213659212517,6.829072952270508
-13.950148061363093,-11.278301239013672
-15.1006814359747,-7.073173522949219
-8.65496498210776,-16.687156677246094
-31.18852367408345,-18.46751594543457
2.35160533891099,-18.13815689086914
-7.06329362397977,-6.597614288330078
-11.299328727708405,-12.666257858276367
-5.73967918172164,-0.22046375274658203
-4.062121175440552,-4.589313507080078
3.62056380925444,2.0411300659179688
-6.512385872303066,-25.603206634521484
