Score,Pred Score
-13.812973987503693,-1.65582275390625
-14.6311710829416,-38.31346130371094
-15.020937907067507,-7.474153518676758
5.61896917638109,3.388120651245117
0.1461877509898399,3.7079572677612305
3.59745169898486,2.4293298721313477
-6.72144892291601,-3.637552261352539
4.304204520484877,1.4368219375610352
3.37898618824583,14.607035636901855
3.939818822274421,0.7007241249084473
13.9953943577381,-2.816621780395508
-5.39913759737588,-5.1744279861450195
-2.204579993178592,-4.578568458557129
8.829561804598438,8.177092552185059
6.01696699102072,8.874065399169922
-6.376202369524528,-3.188282012939453
-6.50906463316165,0.5325851440429688
-60.92137282626391,-21.3193359375
1.99934019108803,2.486025810241699
2.188685633501576,11.12791633605957
4.07090957771029,-1.3850059509277344
0.5211206139658471,-0.8714513778686523
12.5580583918003,6.770111083984375
3.320229681965675,7.872509002685547
-0.4381862293696001,4.6574296951293945
0.1752112379752922,-2.3808846473693848
4.123908949931413,-2.080681800842285
-14.2382866820043,5.178256034851074
12.966325580978296,3.055736541748047
7.692941411907634,5.229589462280273
-62.9031214125763,-41.165287017822266
-5.800670766453999,-5.005404472351074
-11.705366535732304,-4.363519668579102
-4.786538605318405,-2.2221012115478516
-82.4887013651952,-47.522281646728516
-8.251107402184557,-3.230052947998047
1.61677665352485,-5.958041191101074
-11.916211326129387,-24.42892074584961
-45.634880019414,-37.418888092041016
-0.568998602339841,-4.99051570892334
-12.147399114840605,-9.500129699707031
-27.4476544011683,-45.299861907958984
-2.306526469902426,1.1352043151855469
-0.4835459876036119,4.159092903137207
-8.39479061793487,-4.509334564208984
-46.862925671502296,-28.26112174987793
0.3837795244341289,-1.9445228576660156
7.184930267876617,9.93527603149414
2.8348518495029404,-5.278438568115234
-9.859535687586003,-0.9883918762207031
-6.00025755794808,-2.6748857498168945
-4.764629840066975,-0.7239246368408203
-2.377061578670744,-2.7682619094848633
-2.0585753436264698,-1.7156257629394531
1.1848602197973823,3.009978771209717
4.97603191479674,4.987947463989258
4.27399441028646,1.5086488723754883
-46.2372447228831,-37.63557052612305
-31.4759298257721,-42.25614547729492
-50.1674018945849,-38.2129020690918
0.9601515747159592,-2.588815927505493
-11.864177458483407,-2.8653793334960938
-0.538262620928304,-5.68662166595459
-0.6920482116816997,-1.2939648628234863
-1.5184696160120892,0.04120922088623047
-3.0836644409391925,-9.055679321289062
11.316750179392892,0.8570003509521484
-11.183106529127476,-1.64013671875
3.59102041590596,3.8375868797302246
4.55602013063716,1.4322280883789062
11.579228393987275,0.5007104873657227
2.3067635611900137,3.534944534301758
10.480393919522983,9.266260147094727
-2.698100773809443,-2.625399589538574
3.776985072333982,0.22724485397338867
-11.773766374328297,-8.366901397705078
8.681027307740193,0.44281482696533203
-1.1091988250418725,-4.10435676574707
4.484288991501213,-1.1176395416259766
0.0548896546292299,0.35419535636901855
0.1118559290339978,-7.942442893981934
3.9797293996962297,4.417257308959961
-22.42608065327665,-16.323486328125
7.37064384347005,2.6272664070129395
-0.2642143205483515,-3.5973024368286133
5.344594984386832,-12.689762115478516
-1.2497809936708242,-15.137162208557129
13.71198107208239,-6.018529891967773
0.5045482395984724,-0.5376338958740234
2.86709961553106,-3.0124921798706055
0.4423212163888063,1.187852144241333
-3.724573545179619,-9.476622581481934
0.2570808252882703,-4.045627593994141
-70.65073406723695,-49.454124450683594
-33.9587360563784,-22.47271156311035
9.2088386022025,1.7408418655395508
1.3318185914773402,1.9928922653198242
-9.176001953270983,-9.373769760131836
-10.497767159210698,-5.363445281982422
-0.4402086584014632,4.51883602142334
2.1560784090827942,4.197464942932129
-27.1636490162131,-3.6171722412109375
-0.670930828719279,-1.5292949676513672
-22.794043146736,-32.75705337524414
0.8105828534072201,6.781761169433594
1.2287673509824204,-8.739375114440918
-0.6435038581465955,-8.748085021972656
8.474782023793379,1.066645622253418
-9.601847091024196,-3.3822927474975586
-1.6610011043127195,-5.124401092529297
-0.1091636509260827,-10.848971366882324
7.570838092245207,0.7314566373825073
-7.211196994815285,-27.395647048950195
9.090654061652296,0.6131801605224609
-26.6651088566214,-9.563292503356934
-17.309192174305,-4.884832382202148
4.14054171285972,2.7693729400634766
4.097668935846943,10.744991302490234
-0.29408409265346,0.9336967468261719
-35.8165916579592,-31.915115356445312
10.898098675545494,0.4327583312988281
-1.6552655274048038,2.3801488876342773
1.6729502580778592,-12.069056510925293
-6.42491227706334,-29.364288330078125
-15.4752611754195,-22.144495010375977
-0.6907348474047925,-4.975141525268555
-21.3629045873375,-21.795513153076172
4.219145585451182,0.4724001884460449
-3.019531285218114,-1.7986879348754883
4.25311060075082,1.369913101196289
-15.0412339008878,-4.981683731079102
-8.237627320974727,-8.185417175292969
-1.0683487237199796,-3.6105051040649414
-1.7174251595272625,1.4839200973510742
4.069163600073605,7.7138872146606445
-10.162041561092582,-15.591096878051758
-5.97248436581227,-7.96847677230835
6.120538767403939,1.0594482421875
-0.8028238008287005,-0.6678214073181152
-23.6042929930625,-33.68977737426758
-0.1777753404752198,-5.128670692443848
-5.785469568057495,-48.155540466308594
-0.0556983764780604,-0.5472450256347656
-25.4508968849616,-7.235798358917236
-5.3185412482723295,-1.4577836990356445
9.1356503291117,5.731352806091309
4.020569536845237,6.612064361572266
-58.5527340809363,-13.013900756835938
-6.291328737399075,-7.120332717895508
4.187869588752649,-1.652261734008789
8.922207576391518,-3.016146183013916
22.7414116448382,13.859792709350586
-44.6057608529879,-46.895408630371094
-26.5129077898497,-14.755373001098633
-2.13735826282737,-5.271862983703613
-1.14890133483728,5.515594482421875
-15.2234416939723,-0.45493316650390625
0.369316059642221,-8.522285461425781
-0.6884117876070912,-8.549819946289062
-5.8772631055401,0.7640857696533203
3.6053774296538297,-5.208046913146973
5.07108724357905,-1.8004875183105469
1.292753014965791,2.345170021057129
8.440986836263871,0.31645965576171875
-3.43040335892423,-7.809103965759277
0.7651079053562314,-0.32486534118652344
-37.13962469223695,-38.525169372558594
-5.822632503482525,-7.569398880004883
-6.879472048396067,-9.816411972045898
2.11024229353816,2.1673240661621094
-7.1526743450051855,-9.34603500366211
-1.122073026503361,-2.4923954010009766
0.3302260274555297,-7.441825866699219
-1.178255647098801,1.2093505859375
-2.99361591491145,0.7780256271362305
-18.1070051290659,-17.867767333984375
-3.0332808194811403,2.208095073699951
2.6303171850506604,-6.000787734985352
-9.72499716390718,0.5097932815551758
0.2729453578388601,3.680849075317383
-21.4503408223732,-11.517308235168457
-4.99755531471552,-5.694260597229004
-18.0018409950579,-30.378448486328125
4.00031385473591,-0.8985624313354492
12.0378145652987,5.210593223571777
14.1235470599023,-3.1971492767333984
6.55729051148795,-1.1529314517974854
11.19992297656359,-0.2898750305175781
-7.81388191369781,-0.3941192626953125
-2.924593214648255,-1.0364112854003906
3.7667366885646025,5.3997321128845215
-6.68253431604433,-4.917385101318359
0.7345204104922589,1.053457260131836
-10.626155896203898,3.7567949295043945
8.106852576346123,9.853835105895996
-58.24412469223692,-46.838592529296875
1.4955767028094,-11.666683197021484
-17.6906096863185,-28.492517471313477
-4.813871520282443,6.212047576904297
-11.8973420493851,-11.820287704467773
-2.67676896274171,-2.4502687454223633
-3.9331393974605526,-0.48872947692871094
8.756217929094177,9.894360542297363
-29.2662792150344,-5.173675537109375
1.7249239205326918,0.1444234848022461
-6.686975812883663,-18.669944763183594
11.10272802991041,2.6870670318603516
-10.956818171714705,-0.5311965942382812
-6.3500959185649,-9.86490249633789
0.6681105368389735,4.144327640533447
-12.500029270357295,-26.748699188232422
-2.591242863373206,-3.9139232635498047
5.954690473588823,5.394678115844727
-43.929359067237,-39.35259246826172
-17.4841411730512,-3.919978141784668
3.61441892535489,-0.8962240219116211
2.1112971208509976,-6.605544090270996
-41.8026500314277,-32.579261779785156
7.028135642932115,10.28724479675293
8.463248256721428,9.36068344116211
-13.037072413777096,-11.20785140991211
-1.6307504375632549,-4.861712455749512
-0.3284521577656807,6.720649719238281
0.4685622181175212,1.2705278396606445
-5.316952415477393,-6.397817611694336
4.584421564331302,-10.847904205322266
-20.3593816575191,-18.057388305664062
3.67041582610247,-3.358541488647461
2.204062447972561,2.0742664337158203
-4.666937653128132,-1.502655029296875
-12.3781694316975,-7.787127494812012
7.06923762363823,-6.481725215911865
-37.2883298194418,-20.722518920898438
6.442434166934048,4.973169326782227
-12.2162083245621,-15.423727989196777
-20.3623076046531,-0.2924633026123047
-5.45440876641342,-1.4436583518981934
3.1416241584890576,-1.260798454284668
-4.96580172718434,-9.459331512451172
-37.4061766871973,-26.331111907958984
6.46185690649625,0.5558986663818359
0.5403453062071405,-8.158016204833984
8.656689402528613,9.721550941467285
12.331931266595111,6.102849960327148
2.75380173901167,-0.6290264129638672
-2.8447496930443927,1.9192876815795898
0.0285872237409883,5.18229866027832
-73.5286754265322,-13.901183128356934
7.285509446842615,11.485673904418945
6.72046542688671,1.104987621307373
-6.19730890695259,-4.798765182495117
-16.4599719883519,4.249353408813477
-10.288292260688207,2.351778984069824
-10.285920522724917,1.962228775024414
-30.8171784242839,-0.3921017646789551
-4.65691689928222,-10.089835166931152
-37.1716279374795,-34.07674789428711
-36.50577458359941,-11.066375732421875
0.7942566624333496,-1.5978245735168457
-34.8552692363716,-4.065422058105469
-2.491707941339629,-2.334157943725586
1.7387039934851498,6.379621505737305
18.9715733525152,7.522491455078125
-13.8996269060666,-5.651002883911133
4.17561229224804,3.8151283264160156
4.7680640763497,-13.444429397583008
-6.745372906074374,-1.768320083618164
7.262818938793504,-1.8355026245117188
-55.7541546140486,-32.58245849609375
8.453421074249384,11.358848571777344
-5.85807143580148,-2.667059898376465
-52.7336020518746,-49.301273345947266
-1.995826789875676,5.225274562835693
-1.3326443092463092,-15.44993782043457
5.029017096161708,-3.528163433074951
-0.71117494174041,0.4339914321899414
8.243548509216069,9.038045883178711
5.81602235619721,-4.788124084472656
5.978124919049687,-1.1265888214111328
-2.8859593337581737,-4.874988079071045
-26.0047332498617,-18.46785545349121
-1.5220929784942658,-4.7425384521484375
-3.195242757261453,2.1973676681518555
-15.0089303719363,-4.278787612915039
-1.757118944268968,-17.41515350341797
-13.5091075877696,-6.976990699768066
-4.0681667574955,-0.9800348281860352
4.43276114617859,3.711944580078125
-4.665207913971671,-2.8186721801757812
7.33919324558513,7.192412376403809
-11.69780882660921,-29.010845184326172
5.960801203295765,-6.916696548461914
-29.9162730471743,-29.97652816772461
-5.331847529263395,-5.0965495109558105
4.2006804390709,4.977665901184082
4.76541245752904,9.201766967773438
5.87221574658101,6.439888954162598
-12.955988512618,-43.03999328613281
-14.4061745570978,-15.339822769165039
13.644333664082708,10.631187438964844
7.522446474796843,-5.7140655517578125
2.858782897786812,-5.741414546966553
-49.8653288018085,-51.34076690673828
-4.029904705212941,-2.716825485229492
-6.2026319104393295,-13.40679931640625
4.452168509343501,-4.2220659255981445
-16.475900892606802,0.2993588447570801
-11.03094492075089,-28.108463287353516
-8.08045020128908,-2.3859548568725586
1.39259946716825,1.8105154037475586
-14.885807229381896,-8.14390754699707
-11.113180908425988,-11.005484580993652
5.506094216928792,-7.135056495666504
5.29091659278858,2.245698928833008
3.42106467876526,2.11148738861084
5.162821279449693,0.7365007400512695
6.020551076354931,-1.4557914733886719
0.8086942897832163,5.443232536315918
-8.80546181278599,-8.073208808898926
-7.42349600405968,-6.225389003753662
-14.4731176558811,-5.908876419067383
-35.5448186771701,-20.581100463867188
-1.657597602265355,3.222738265991211
-1.930224441335125,-5.302890777587891
-10.398648228661925,-5.880965232849121
-1.6521884315998507,-3.8766422271728516
1.3131129859732091,-5.175075531005859
-0.1240821746904601,-3.4826297760009766
-35.1709788883515,-37.46857452392578
0.6771989561182002,-7.654419898986816
-5.8677981963370005,-4.912715911865234
0.7982616963508231,-1.0538692474365234
2.595279020812243,-4.580554485321045
6.9472187772133225,5.177488327026367
-41.1395198834054,-29.61678695678711
-35.4604736838065,-25.777254104614258
7.87379173269718,3.1162023544311523
-8.72128086410909,-28.076072692871094
-82.13826531723697,-10.945453643798828
-9.70693692529289,-14.641093254089355
-61.4386715672369,-48.840179443359375
7.10938257895085,8.320314407348633
0.4007388327427847,-3.009998321533203
-0.7455370396145937,1.9608407020568848
1.674966057420845,1.7780523300170898
11.877856996640997,-3.139108657836914
-0.9096556467231308,-5.075160026550293
-1.4680391508473674,-8.710687637329102
15.6414782015599,-2.4580554962158203
-10.35739215730591,-2.1761903762817383
1.926107182225645,0.1665792465209961
6.99756701325662,1.6559467315673828
3.54836143321337,3.0712928771972656
-7.726553411266567,0.4078826904296875
-48.51478094223695,-41.18973159790039
-3.0453156276270903,-8.050165176391602
-3.454798154796729,-3.702876567840576
9.503977484174175,8.406814575195312
6.001532732018722,4.022848129272461
1.775572054007981,-2.8621091842651367
-2.6871577689602653,-2.739595413208008
-7.920344649869953,-4.638887405395508
2.578081311550471,7.383721351623535
-14.434457477598505,-8.676464080810547
-1.338045882914232,-0.4718208312988281
-44.1817825469333,-36.290653228759766
2.4314234692194163,-2.233652114868164
-2.35314836228574,-3.5753822326660156
-2.07036107592124,-3.37880802154541
-6.560167066336443,-11.220907211303711
-2.54688332955635,-0.31125831604003906
-7.940842049461227,-15.433135032653809
-7.789052707582185,-6.7031660079956055
-1.4295761119406232,-6.017669677734375
7.206977941743588,1.651960849761963
-4.081394009803599,-3.499598503112793
-30.167243616457,-33.02448272705078
11.7225687296843,10.635293960571289
-0.8984319813221007,-1.8134422302246094
10.349523074958825,-0.47925710678100586
5.42147270471237,3.059816360473633
-0.3136273830120112,4.995056629180908
4.398848813602776,7.3377838134765625
2.099307195887115,-3.5084078311920166
-61.6890402284636,-37.279457092285156
-7.08434802004719,-3.9142990112304688
0.6962467393230812,-5.153262615203857
9.0758909366509,1.3814468383789062
-1.9263965715605047,-5.195779800415039
-6.262949496708321,-11.656726837158203
-4.739766082030863,0.23683595657348633
-36.8822022827233,-23.646041870117188
3.24770439300306,1.0770721435546875
-2.289513933263135,-6.191921234130859
1.41805545618482,-2.2186756134033203
-24.4432878855492,-4.447975158691406
-24.96156751119129,-24.393766403198242
-7.734574598544068,-21.287517547607422
2.79124989437018,-2.0881290435791016
-5.17831154550348,-7.728192329406738
1.5275640312561216,1.3755273818969727
3.682989905065457,5.537936687469482
-10.8237586662752,-6.749662399291992
-6.929951553081727,-15.409765243530273
-27.96215708599589,-13.339279174804688
-2.88087637063392,-2.005401611328125
-5.960419628776203,-3.6230649948120117
-37.189874708633695,-37.847808837890625
1.1496085756031087,1.3023662567138672
-12.7137936794919,-15.184721946716309
8.398744223780918,4.891092300415039
-33.3004252633332,-31.605022430419922
9.144089281431205,0.1913290023803711
4.065326821312747,0.8076667785644531
-41.9047429025821,-35.96529006958008
7.383552345763623,-1.074021816253662
6.364261125349779,-1.0781974792480469
4.841793570156368,-3.503054141998291
1.6198341998494314,3.36529541015625
4.179707781567577,9.046615600585938
-14.7229944429405,4.248332977294922
7.078924552126015,0.8760771751403809
-12.898019313824,-8.046558380126953
-70.8116033690518,-22.248756408691406
12.7359625054994,13.772274017333984
5.586124430090477,11.130657196044922
3.028467183462371,1.615626335144043
-5.830142578087577,-0.17732477188110352
-22.6841489367301,-14.135221481323242
-1.51657819068512,-4.2862443923950195
-81.52648016021857,-3.392266273498535
-3.36903782007548,1.1172189712524414
-18.707844022,-21.21912956237793
-34.48768519828235,-20.583343505859375
-39.7169735486916,-7.624420166015625
-1.593720937577549,-4.485611915588379
-23.2954444871652,-22.902536392211914
-45.30258920076982,-31.805421829223633
12.5056328567953,-4.702713966369629
-11.9299972333177,-2.963897705078125
-37.9495035857927,-2.9887075424194336
0.7001962140772594,-2.266763687133789
4.49418879319923,-0.18577957153320312
-39.0646563811545,-35.939849853515625
-9.09730633851708,-5.970798492431641
-17.5589533745204,-18.80730628967285
-4.92782811871599,11.779468536376953
-8.2299173561342,-5.273680686950684
2.60625970962018,1.3772547245025635
2.726862934921635,2.284268379211426
4.071661498679735,5.7112531661987305
-13.2494383747796,-7.7660369873046875
-11.9154244975033,4.61292839050293
0.9090871567987184,3.0173892974853516
7.92708077877978,0.8185853958129883
-3.119647295186995,-8.08336353302002
-2.248378586620203,-3.2308502197265625
1.6646916021852596,-16.814128875732422
0.1590569364430157,9.328222274780273
-77.3623903172369,-44.59813690185547
15.8859560938761,9.927896499633789
-3.11888044241469,-3.866044044494629
-2.7468186065138984,-3.9486618041992188
2.77922195660905,-0.021571636199951172
4.052279150357491,-1.8055267333984375
-4.03806373695381,-17.197927474975586
-2.4461467814868523,2.5324764251708984
-0.1639564470097907,0.2419285774230957
0.8542168432631491,-12.660737037658691
5.84905996845087,4.091672897338867
-5.77665564868809,-1.5039262771606445
-3.7008288999313423,-4.284895896911621
-7.18713065449027,-7.612494468688965
-0.9529303605806088,5.732919692993164
-15.902118442879,-18.88135528564453
-28.0636361890057,-20.64166259765625
-26.912205886836706,-31.718017578125
8.596988309863011,7.467510223388672
0.2877587512502297,8.307968139648438
3.3899996482015826,3.9200096130371094
-20.5869014386951,-16.67807960510254
-9.341800010912078,-7.891059398651123
0.1692077246922899,4.011159896850586
-1.857666460494741,1.1901273727416992
-13.2752747780792,-38.09986114501953
0.7445982178878973,-4.177651405334473
4.49646859469848,0.1356058120727539
3.60913262992784,-3.536224365234375
-5.653435188749545,-0.18202555179595947
1.51502173443586,-7.439039707183838
8.143116180793372,5.543142318725586
-8.36164856265281,-14.435100555419922
-1.130678948105339,-3.9991111755371094
-4.349210006555943,2.726604461669922
0.2594141505344826,-1.1179618835449219
-32.1283374054069,-17.238773345947266
-1.9051378030600723,0.5499582290649414
4.768047800449637,2.922287940979004
2.264898495983479,-10.222413063049316
-6.47138721063866,-3.670255661010742
4.93167956005568,-3.56549072265625
2.4851768276660025,-4.454586029052734
-3.930469946192945,-4.1163225173950195
11.923948375295712,8.142223358154297
11.616605850275496,2.8272876739501953
10.41580460128629,5.749913215637207
-8.700462669667385,-4.359048366546631
13.1991243046288,2.626047134399414
-4.75101729862813,5.62943172454834
-1.4230966237807086,-3.3634138107299805
-2.07861348348741,-6.949483871459961
10.292368565007404,6.606544494628906
1.9007667723773176,-1.878427505493164
17.1612744381531,10.798873901367188
-0.1428452494230792,-1.6772089004516602
2.4933992323843923,-8.165815353393555
-13.861300672159,-5.6803998947143555
-1.7943154401891548,-6.104317665100098
-4.15624175439773,-5.850008964538574
-14.277645616907492,-5.950721740722656
2.713132201978397,-4.035957336425781
-13.315456279797685,-15.516757011413574
-5.36204355968609,-7.586197853088379
-1.4872271509121793,-5.034028053283691
0.31232235517322,3.6024017333984375
3.0307168501552093,-3.695920944213867
3.4484762474106,-2.066263198852539
-34.0729170807354,-34.855323791503906
-25.0659802428987,-1.5537490844726562
0.86771933446589,-1.0996294021606445
-11.996919710325,-8.465737342834473
17.2594267615487,5.513166427612305
-56.2560888739038,-39.57382583618164
-12.7386491421071,-19.684551239013672
-3.520787796436005,-4.17070198059082
-0.8014467498558491,-4.535552024841309
-34.7812340468876,-35.33857727050781
7.158235365631607,-3.923910140991211
3.29681579894721,-11.844412803649902
0.046018285265003,-12.363544464111328
2.046344769010002,1.6299514770507812
4.25403099118957,-2.2801856994628906
3.7804230286959792,-4.245334625244141
-3.773219093074008,-5.261000633239746
-9.722403045722997,-1.685647964477539
2.81101468536903,-11.033994674682617
-23.7494411406013,-10.345558166503906
-75.56229656723696,-44.86900329589844
4.366245372711767,9.525823593139648
9.94612085382829,1.4981307983398438
-8.207132148775708,-11.050115585327148
-3.09775596823669,-8.882339477539062
3.77256113899207,-6.502248764038086
0.2016574678685985,-5.026056289672852
4.38808277416547,3.70943546295166
3.7092867134231,-7.632943153381348
1.6740112862957208,-0.8035697937011719
-5.472376660417956,-7.450462341308594
12.283123760680592,11.749019622802734
4.417989059347175,4.1846537590026855
1.907333647224608,6.096714973449707
-3.73521146317182,-1.6399993896484375
7.837521570550837,10.258289337158203
4.82455755953161,-11.494779586791992
-0.6472060937938101,-1.8028717041015625
-8.237956686764985,-31.49188804626465
7.36579899286375,-2.1940622329711914
7.859716520666763,2.0371780395507812
2.765011277030255,-0.9620208740234375
4.62415639298937,3.094583511352539
6.430237727930085,-0.300844669342041
2.44728958086436,-2.3094658851623535
-1.93656353174353,-8.564119338989258
-33.7845903951132,-29.49399185180664
10.960301672714698,4.593191146850586
6.147225205740463,4.288515090942383
2.4659746492236927,5.448078155517578
18.2642273209106,5.999356269836426
7.656482330373112,8.799083709716797
-63.2346715672369,-35.470611572265625
-22.9610154952969,-32.33715057373047
4.39789099231211,1.9367218017578125
-46.587141393021525,-37.413333892822266
-12.281506448986304,-0.8067822456359863
5.220668557811489,-1.104874610900879
-1.4412632820262703,-2.559494972229004
-35.163016426576704,-29.51211166381836
-31.380009974583203,-25.330047607421875
-40.7258600860177,-14.276955604553223
-35.3994683825842,-33.07660675048828
-10.968565079401992,-5.1935319900512695
15.384553292915324,-20.493284225463867
-0.4271227388875901,-0.2159423828125
-7.69948364751984,-3.8014116287231445
-26.6822467124322,-15.705062866210938
-0.2823200449385875,-1.997751235961914
-3.8453528225106623,-8.504565238952637
-2.4599041427842496,8.64013385772705
-12.7315114055493,-9.333303451538086
1.418014053180695,-1.9945456981658936
-3.4922781726655696,-10.922607421875
9.58062385928767,-1.7932510375976562
-17.5801214502402,-10.214555740356445
-49.5120706514507,-44.20225524902344
-0.4503474699443348,-2.979691505432129
2.332279780348585,-5.009604454040527
-42.2483635713802,-35.66411590576172
-5.00028834575103,4.660353660583496
-5.14141487663266,-6.7179765701293945
-19.923371510770203,0.9880790710449219
4.28301459624688,14.71280288696289
0.3224388648416145,4.407644271850586
6.795393661635613,1.1995353698730469
6.720388221210122,5.709493637084961
-20.7558388881914,-4.218003749847412
-12.5922662394529,-16.595561981201172
-5.19085420781142,-1.0467548370361328
-27.3858072066324,-27.918601989746094
6.488490212037078,9.98862075805664
-12.5233171201947,-18.767654418945312
0.996650643215182,-3.828187942504883
3.27144637329635,-0.5737075805664062
1.203208947199059,-1.3698642253875732
4.5031585012656095,1.545694351196289
-46.6686841099013,-42.221282958984375
3.600655729290548,2.071748733520508
-2.7077151362496297,-10.660037994384766
-42.936846127142296,-38.064937591552734
2.679404112105611,-1.2995271682739258
-23.975827854410426,-31.66728401184082
-24.4869919201538,-37.9476318359375
-6.22433036882608,-5.1497344970703125
-24.992167376126925,-9.74809455871582
-9.742168339465294,-14.545726776123047
0.1235817830644999,2.5154457092285156
-11.607028837624,-4.900153636932373
5.321680837772678,-0.6041138172149658
3.3452637215970498,-4.028229236602783
13.015759276594096,9.371591567993164
-6.13466459150186,-7.052449703216553
3.0897024917955025,-3.5338878631591797
3.557691046156,9.474788665771484
2.0008593011464906,4.587585926055908
-1.2671721747064446,-6.416228771209717
-2.989164004622407,4.826160907745361
-2.43808381047612,-12.579408645629883
-11.30813578108209,-13.495742797851562
-9.619042312244815,-26.04562759399414
-4.01456885639382,-4.02870512008667
-4.853312003098937,-6.613210678100586
2.78743688363977,0.642514705657959
3.6035536346157695,-0.42873096466064453
6.09033976794457,6.130266189575195
-5.89266438028177,-3.2205982208251953
4.780848076735348,-5.412030220031738
-20.7592210135025,-33.12329864501953
-3.637071869773312,-10.123601913452148
-4.396710286499547,-7.616649627685547
9.04709717330502,-18.789005279541016
1.69213972357191,-1.6064538955688477
-27.068723822751306,-12.996137619018555
0.2886204877907422,2.0126285552978516
-0.592182005541919,-7.0153656005859375
-4.736229867816737,3.393238067626953
7.877641553655238,5.921159744262695
-2.588665914009158,-4.176597595214844
4.72846919446815,0.9272384643554688
3.42669038506664,-0.1045074462890625
-10.274169876330886,-10.960572242736816
-1.289264920121349,-10.682754516601562
-6.9648772325347394,-11.500885009765625
-1.2236747050651609,-9.85263442993164
-12.208208404490907,-22.624679565429688
4.40921359309415,4.236799240112305
16.4171583068458,15.82546329498291
-15.991582533821994,-9.420373916625977
7.809600001042748,1.5529460906982422
-3.0331069492891496,-4.925251007080078
2.603164662477901,0.7788476943969727
-24.2572199033326,-30.3455810546875
13.667582002208905,10.881731986999512
8.19307228691883,-13.308006286621094
0.4664503305112299,-9.7628755569458
-6.46133524603972,-4.971323490142822
-19.7520332208299,-22.032716751098633
-7.75971004909346,-1.4319629669189453
7.66334596528203,7.934894561767578
-27.64770126959135,-15.085479736328125
2.125547882163602,2.3148670196533203
-1.8239337240231768,-3.8284950256347656
3.3696784995100426,-4.192364692687988
5.265272900492549,4.59918737411499
6.753311816554961,-0.3251166343688965
0.9434331950199416,-2.4624032974243164
2.13745295521649,-6.05620002746582
2.76912169862866,-4.289791107177734
2.409764321136161,-5.36345100402832
3.7606671418030695,-0.5522441864013672
0.555665600488549,-0.9815011024475098
-89.04756219223692,-36.01183319091797
6.987950206462267,10.711465835571289
-10.09410467002709,-12.878305435180664
8.16191414696451,13.119625091552734
-10.731303688850904,-25.20888900756836
7.588764503474316,-0.04195404052734375
-5.25293160621848,1.5191650390625
2.3065604778561424,4.527566909790039
-3.8022266666193874,-13.925176620483398
3.22816419080692,1.9125070571899414
1.1941842843275,2.9639902114868164
9.772192422094813,-10.922021865844727
-2.489313079893845,-2.1617612838745117
-13.547300817594484,-30.122447967529297
-1.5403494549472296,-0.9876456260681152
-5.139364658294922,4.512958526611328
-1.32131943338233,0.5905323028564453
-0.5284321769112605,-2.8411848545074463
0.1119561526876595,3.4966976642608643
14.8508222506114,14.194854736328125
-0.0918051514147744,1.4178109169006348
-1.7237618714553775,5.347151756286621
-1.5699354762224491,1.2614517211914062
1.5718362711845366,4.35496711730957
3.58036180553514,3.763324737548828
7.45084701577923,-10.148050308227539
-7.378812419643663,-2.717373847961426
-33.1832620874725,-42.97617721557617
-6.066411004621831,5.592288017272949
-16.4910721624856,-23.901121139526367
0.8267526169764301,-0.8420066833496094
-9.762453719841735,-15.545431137084961
8.07102955700163,11.167874336242676
1.741670982094262,5.31697940826416
-0.0053525606393112,-8.994697570800781
-51.4043293278057,-39.826637268066406
14.9415296965116,11.301538467407227
8.70853787657841,9.200689315795898
-2.149900469098629,-3.0547666549682617
14.8229623836697,16.00727653503418
-0.0379657812584102,-0.43765783309936523
-15.3173389528898,-4.700809478759766
-1.7663441991754285,-0.8906445503234863
-6.708306328674888,-0.8824319839477539
-78.7451798053926,-39.906471252441406
-0.5413656534735456,-4.903059482574463
9.625121597198186,5.437131881713867
-3.15562863494722,-0.3568906784057617
9.60447820177431,0.367673397064209
-3.31847606547329,1.0366878509521484
-4.12581810820042,-6.318428039550781
1.7706121017107803,2.6253604888916016
0.5117341060036625,6.342619895935059
2.63157412115867,3.11057186126709
-4.763634360062484,-5.793929100036621
-11.18181257464061,-2.4378700256347656
-39.4932668903457,-18.79134750366211
9.206200380526292,6.466396331787109
-2.93911844531118,3.275364875793457
-28.13472322157985,-32.0512580871582
9.62907409316032,0.7090206146240234
-7.042636248773623,-7.323245048522949
-4.03025121975644,-7.916069030761719
3.42951329804928,1.008230209350586
2.5565427438131976,4.476621627807617
2.8513084033656,1.2285442352294922
-5.5623675139736175,-0.31018924713134766
16.9968892380515,7.804347038269043
-4.144685584269085,2.978513717651367
-11.221818720505304,-5.95850944519043
-2.111656589218961,-1.8915138244628906
-1.626797120535592,-6.854249000549316
0.7652624054000594,1.498551845550537
-21.5531296050118,-21.879091262817383
-13.053772031257305,-7.296760559082031
5.42509465390903,4.976117134094238
-5.5186956836840375,-20.391550064086914
-2.260381023139061,2.532228469848633
-30.3377383335249,-19.918399810791016
7.380729755239978,1.4677386283874512
-4.172986764275874,-10.946006774902344
-1.2036514942358316,2.2440547943115234
-35.2906329121599,-16.348846435546875
-2.54595208771381,7.987028121948242
-10.901275449743116,-3.4175195693969727
-17.0078420331655,-18.193004608154297
-17.0314498829154,-4.4798583984375
-11.9784507557909,-0.8614335060119629
-19.469018973061075,-14.206304550170898
-3.2142130797467816,9.245057106018066
-0.5663484394051013,0.9763164520263672
-21.2195468929047,-21.652523040771484
8.077984978184695,11.289111137390137
-17.0119321722455,-12.869941711425781
4.67424026120176,1.1665863990783691
-47.9875704511971,-30.522647857666016
4.316615136301563,-6.427793502807617
11.2728180991378,14.961671829223633
-3.5546157663424616,-5.865936756134033
-3.15887949932979,-0.6410942077636719
-1.6422791314174887,-3.5502939224243164
-3.448025235667948,-26.91916275024414
-13.5632540546311,-12.322872161865234
0.8825935384285006,-3.8885040283203125
3.27100049685324,6.44050407409668
-0.7762273913233743,-3.895052433013916
1.026942322157092,0.18268585205078125
9.859104788483815,9.37647819519043
-1.9977872313530125,0.576542854309082
-13.1809903671301,-4.87885856628418
-35.1782981083837,-39.93321228027344
-35.8337806803641,-27.431995391845703
-7.639409008216227,-2.6764259338378906
-15.746453943284,-33.3267707824707
1.055995951979529,5.723514556884766
3.987299411465438,2.509066581726074
-37.0930621901092,-5.422323226928711
16.694612728237402,5.056388854980469
-4.527979888097892,-10.98374080657959
14.6352674345898,3.807647705078125
5.034618319433818,1.920577049255371
-3.77133000272187,-2.2012786865234375
-1.61504571199055,-2.0953474044799805
-56.3663437951974,-39.216209411621094
10.088450856398616,5.502867698669434
-14.285610883283098,-27.498268127441406
2.6210618799141923,0.837895393371582
-2.308732762121495,-7.455219268798828
-83.9761260280997,-47.23469543457031
-1.03656181464744,-2.720730781555176
10.16232173056559,5.899051666259766
-3.12013961477547,3.7486572265625
3.010752586641185,-6.795860767364502
-1.5178355576616795,-5.205473899841309
-2.60072537807549,2.835906982421875
-2.367312137177082,0.46585893630981445
6.075310726130807,5.330469131469727
2.24572304437811,2.2364492416381836
0.2044267191685782,1.896627426147461
3.85944773684647,12.25979232788086
-14.409506408843407,-3.954146385192871
-2.683955047842884,-3.713758707046509
-0.0075038478591599,4.095006942749023
7.190050317883171,4.820039749145508
-2.1691769605730515,-7.558999061584473
-7.910003358009165,-0.6308841705322266
-69.1366966634013,-42.180606842041016
1.437241653553571,-7.681856155395508
-20.7409218490905,-24.804603576660156
3.78247800369874,2.7090702056884766
7.909526276907584,-3.891484260559082
6.097122298913325,-10.483393669128418
24.5800902168924,8.001323699951172
-9.979741434164584,-23.007251739501953
3.1327986373042376,3.111102342605591
-8.393586343504198,-7.112573623657227
8.678125432705007,6.543542861938477
20.7428439693387,3.3389992713928223
-1.511416195100045,-29.026058197021484
-23.3725501337939,-5.701035499572754
4.69437535963172,0.55889892578125
8.24149319055937,0.06612801551818848
-0.2898522089969393,-3.515277862548828
-7.19378137939456,-8.001908302307129
1.0271109700113177,3.9921188354492188
-14.564555056626377,-5.185343265533447
-9.657849716236,-22.692338943481445
-0.7280966227290082,-10.287103652954102
-21.8962191024866,-16.140642166137695
-40.2614734397264,-31.739492416381836
-1.77750068778882,0.8322949409484863
-28.3488859938485,-13.208407402038574
-8.184373188662292,-55.40465545654297
-6.135426654744688,-3.022855520248413
-3.270422191581055,-6.709491729736328
-6.055427015859325,-3.4131288528442383
-34.3143130117107,-30.207006454467773
-50.4820483838523,-40.37836456298828
-4.639593570653838,-3.5358543395996094
-21.0606958753072,-26.093360900878906
8.747205755218493,4.559991836547852
0.6884341878779402,1.3283114433288574
0.300408103033295,-0.6687040328979492
-17.2817979072755,-15.457296371459961
5.79128728304933,4.964480400085449
3.7921116228684086,5.859318733215332
0.51700222845629,-6.168400764465332
1.0966146270020711,-4.957829475402832
-6.613686761665703,-22.187572479248047
-39.873530292237,-44.15718460083008
-35.0272315856836,-31.539535522460938
0.2475632146873464,1.9742851257324219
5.59963570142504,6.5063629150390625
5.29419053806362,-1.2548179626464844
6.457932781589695,1.6861436367034912
6.4251548431743295,4.516654014587402
-19.7885249955934,-32.266258239746094
-2.4097304318056905,1.606125831604004
7.543407488617369,10.236161231994629
1.83593808226401,6.749045372009277
-1.5082203021212124,-4.202484130859375
5.99108205682079,2.5958147048950195
-18.1797235112709,-2.7810792922973633
-12.840088322870097,-9.483351707458496
-2.23616712442702,5.749998092651367
-4.662511414401839,-5.695773124694824
3.41802282280863,1.9237804412841797
-12.0320822507053,-27.390729904174805
-25.9801803981754,-12.269571304321289
-5.97419023328963,0.05107879638671875
15.4186986077963,3.532928705215454
4.480465220149085,1.491349220275879
-13.2363849677504,-8.962835311889648
-9.362863686069195,-9.53286075592041
4.128157012788561,1.2749719619750977
2.26767773086615,-4.96668815612793
-24.1634597090208,-17.956573486328125
10.013204486477417,8.50827407836914
-31.934070451053,-18.888023376464844
-22.9515728231767,-7.88767147064209
-11.219410776078313,-15.523299217224121
6.00089213826483,4.649685859680176
-28.9638748432599,-31.61728858947754
3.11049964318654,-3.4105663299560547
-1.073248118887358,-3.1699066162109375
-10.249148139079496,-15.740148544311523
-13.14009076535719,-26.824661254882812
0.7364260970712593,1.4287033081054688
-44.9949251983702,-6.441693305969238
-5.159519294761907,-2.0987658500671387
1.869241020829697,-9.489968299865723
-55.54568697318505,-48.8165168762207
0.3065104335081801,-0.15305614471435547
-10.386374558578522,-1.4263648986816406
-3.0345245902191325,0.3810157775878906
-57.144820014625296,-34.984230041503906
2.85060083445348,-0.32289934158325195
2.446050707651698,2.8494338989257812
5.50221601830175,1.8483543395996094
3.455876052191651,-5.428844451904297
-14.6157572128631,-31.723617553710938
-0.874105623616695,7.266546726226807
-1.378759213278819,1.611220359802246
1.350733135180331,5.267645359039307
-1.94666134980912,0.07511138916015625
-3.36735139960915,-2.5598583221435547
0.8319171014720902,-2.55458402633667
-40.2101205720394,-6.087504863739014
-24.577379709126298,-38.631263732910156
-18.6292132467089,-8.219919204711914
-46.39510994896701,-19.735977172851562
-2.487076105276776,-10.040630340576172
-4.752960817423343,-17.966157913208008
-0.1160299782726794,-6.520517349243164
-18.5277286275242,4.530923843383789
-14.1325019191809,-16.938671112060547
10.909208084253878,5.722387313842773
1.30779520720034,1.2579383850097656
-5.77436797253085,0.2296280860900879
3.986867952152618,2.4200878143310547
-21.7936206120663,-39.56608581542969
-2.643556292002,-0.08221912384033203
11.0853991753379,2.6558837890625
-12.9397422629832,-15.77139663696289
-0.190891674386513,-0.40233922004699707
-6.32558602127377,0.8901233673095703
5.391699208755202,6.867528915405273
-8.998840630677615,-3.311642646789551
-1.6005087696864486,-10.453790664672852
7.5482379424635875,10.459487915039062
-7.642910278690365,-3.211273193359375
3.719171936095444,3.2782211303710938
-0.8981307679622897,-7.683349132537842
7.06032809637297,0.5163602828979492
-3.134999611446543,-1.839371681213379
-5.94174589421185,2.3381009101867676
-17.7883076547542,-28.785541534423828
-25.2381267145584,-26.511362075805664
-27.5445722402187,-33.61117172241211
2.6678241356197647,0.4769115447998047
5.02066543392875,-1.9406375885009766
-1.67197513843126,-44.06996154785156
6.58117049992555,0.8092756271362305
3.12612254618191,6.740734100341797
-2.1147225087047508,-6.406826496124268
-76.9668504799361,-17.475793838500977
10.11870938841209,4.419107437133789
4.755697845162629,3.9929561614990234
16.5479703149859,9.672981262207031
4.001938538520379,-7.022313117980957
-14.1813773041305,-18.28207778930664
0.7709161631446207,6.43225622177124
-24.2508933717269,-16.03740882873535
-22.3071231538392,-26.943994522094727
7.2595381633228,-0.7702007293701172
11.555346181601609,7.611442565917969
-26.258782255785,-15.677291870117188
10.3189652047012,-7.16898250579834
0.809697096857583,-1.9439525604248047
-18.5255095356289,-23.245996475219727
-1.0680791130593923,-3.2683229446411133
-3.5390830989045075,-16.453033447265625
10.468583156479704,-0.15219974517822266
-10.613183176373598,-6.586453914642334
-6.40442742836347,0.21232223510742188
7.196532980977684,11.64334487915039
-10.586292641023492,-0.004070281982421875
-26.79502671025515,-25.992626190185547
-7.187555808667961,-4.612023830413818
5.4465900456679694,1.3135137557983398
3.1988276731025875,3.3341102600097656
7.827394642815597,14.041378021240234
3.887422638441485,-2.191075325012207
-3.41466344580097,-5.718562126159668
2.667044757168528,-0.7948617935180664
1.0590749185315824,-6.059133052825928
-3.9965921287470247,-2.701725959777832
10.982614675109394,4.16688346862793
0.4076170529080399,-1.9748337268829346
2.71319811317338,1.1946449279785156
8.652061852316729,1.166210651397705
-0.6579761516790089,-0.46494483947753906
-51.6773231694491,-38.933780670166016
-2.8325461302865187,3.8992042541503906
2.12749125232924,-6.465310096740723
3.562549470771905,-4.968510627746582
-16.517773128145326,-1.742689609527588
6.874655354673765,11.094337463378906
0.2047767843086013,-5.997271537780762
-2.698758931910008,-9.533500671386719
1.8601156760560384,1.819669246673584
-22.2455703021075,-24.49951171875
2.4288820651169605,-1.2283183336257935
-16.8307740899425,2.054781913757324
20.7191486697607,10.958385467529297
-30.7261055182573,-38.23404312133789
-38.4849400567448,-24.62518882751465
-14.3103126367969,-5.634937286376953
0.7860328468455551,0.40842723846435547
-48.3858044800915,-44.95209503173828
-3.21662088766757,-5.343977928161621
1.675245639565673,-13.680365562438965
-90.3299705619704,-39.04191207885742
-9.28527551691871,-2.2130775451660156
-1.2293411329062325,-7.680564880371094
-4.534682244798708,-6.715053558349609
-68.1959205924323,-38.16731643676758
-24.5242345195019,-8.231356620788574
-2.77042962989298,0.7157211303710938
3.8009101564042025,4.476408958435059
8.933703319425492,9.515144348144531
-11.341527235964405,-3.3593292236328125
6.71098989067457,10.733779907226562
4.54734483862441,-3.341205596923828
-5.16341129781556,-6.773235321044922
-49.062306315025,-35.55609130859375
5.26551760771767,1.7931561470031738
3.33951124606136,-7.553492546081543
5.006519903780723,-5.830506801605225
4.05485944970297,-7.556787014007568
2.283405953189745,-0.7307243347167969
-2.66483863280114,-3.113152503967285
12.566471603210276,9.696643829345703
-27.9020155354992,-14.64763069152832
8.88265541550952,5.841650009155273
0.1652887870268324,-3.0153398513793945
15.4985727759109,8.238504409790039
9.014890317831036,2.8309011459350586
1.4803529144374856,-4.735719680786133
18.1939100849816,11.231253623962402
-2.6304973605131474,-0.7274761199951172
-5.493763326806099,-3.9758472442626953
-0.6715208179901364,-0.05224800109863281
-36.7383193130824,-27.761505126953125
5.062784719364307,3.479684829711914
-12.026803679110706,-25.700708389282227
-3.01321716593974,-3.435089111328125
8.35813394800668,10.377206802368164
-3.60075442831331,-6.351105690002441
-9.509135784465323,6.488066673278809
-19.6175855102284,-10.48356819152832
-27.8629509568953,-25.174022674560547
1.74273211890989,7.260810852050781
-2.19578977406709,0.34403038024902344
2.42002639701588,-3.045138359069824
-25.55316918036869,-23.216333389282227
5.635020609606415,-1.0378341674804688
-34.727836669101,-20.598899841308594
4.4516036428765,2.5694618225097656
4.967381413305823,3.7394018173217773
-6.81516141534704,-2.700489044189453
-24.3954295810688,-3.742124557495117
8.658679095048068,7.257165908813477
3.7347243087796,-4.592729091644287
-12.909633143366396,-5.4753828048706055
-60.49569009623433,-49.96508026123047
-3.790702882666694,-1.8180522918701172
-12.41068356063,-6.93278694152832
2.76740193393285,-1.815025806427002
-18.9061714872788,-7.814802169799805
-3.681083449701528,-14.099798202514648
8.13893448615947,6.520267486572266
-51.402683514636095,-36.042659759521484
-3.0703466753296,-6.269280433654785
0.4646043967887734,9.404943466186523
5.989492839405608,-4.455230712890625
8.833837192566008,7.28702449798584
-26.1965705632023,-7.140216827392578
0.0804428699766095,-0.7018814086914062
10.229168329440906,8.669000625610352
2.12042655289975,-5.784996032714844
3.88810032819938,-2.94541072845459
-31.515616413872173,-26.779733657836914
2.28163515100639,4.459616661071777
-9.633163292669298,-15.835311889648438
2.63206586722876,0.9547529220581055
0.3189015990893598,-3.5576963424682617
-6.31868596379813,0.538853645324707
-6.4648984000359935,0.46280670166015625
8.91646092056966,1.7988648414611816
-42.637521131086125,-19.941055297851562
-89.5439156156453,-50.71489334106445
9.179556151687803,-2.179217576980591
8.754663680824095,1.4756431579589844
0.8838679103249854,-3.080580711364746
4.338369925074482,3.065876007080078
-18.23432595343749,-25.974502563476562
6.92534745147092,4.603075981140137
-1.768261666543676,-2.570223808288574
-7.87226820943855,-6.634670257568359
-12.0847368637308,-8.405769348144531
-4.4222229386498375,-1.7642240524291992
6.63109301847755,2.2299842834472656
1.675381804264854,-11.89209270477295
-6.897600670415837,-1.2993197441101074
-12.2774867069717,-16.00198745727539
-3.963646539183849,5.629947662353516
-2.552277046947741,-3.898310661315918
-10.78700495517378,-5.216435432434082
-6.426376983867103,0.5338706970214844
8.2142562177934,3.3342056274414062
-16.967828162594074,-0.1708240509033203
6.07843040491799,6.642459392547607
3.08443697315444,-0.5285673141479492
-1.3811964732242277,-1.9190912246704102
-4.51305804704249,-10.57400894165039
-9.93375477053989,-4.448528289794922
-0.6581754288220045,-7.524418354034424
-7.952166005584182,-21.315093994140625
-13.563015982384195,-11.553291320800781
-47.9957157156951,-26.061124801635742
4.96190002222477,12.627655982971191
-2.0240269290899,2.570094108581543
3.47166270740147,-1.9264745712280273
-5.2815921348029296,-6.2158660888671875
2.369358494612781,2.4445228576660156
-4.214346026907057,-2.192323684692383
-23.8934551543691,-26.126779556274414
-1.0659561461183158,-3.0804548263549805
3.126169348435272,-15.436327934265137
2.35164464781062,-9.392159461975098
-1.79502295092813,-4.127161026000977
-15.957982665262508,-19.406450271606445
-64.65676531723692,-50.422672271728516
-27.8195558011628,-24.167699813842773
-10.480511156242285,-19.235177993774414
-6.18357684414468,-5.941226959228516
-6.75960002722117,-6.167757034301758
4.4105627388370605,-3.342363119125366
5.58846482112586,1.8497140407562256
-16.8483709423333,-5.32908821105957
16.1850033157246,12.628913879394531
-3.34531377329845,4.260006904602051
5.893700156574014,7.186899185180664
2.745769909533195,2.22833251953125
2.53362859007723,0.8099460601806641
1.0880788430276551,3.9396705627441406
