Score,Pred Score
-13.812973987503693,-1.4750423431396484
-14.6311710829416,-38.23759841918945
-15.020937907067507,-7.442707061767578
5.61896917638109,3.389310836791992
0.1461877509898399,3.6239709854125977
3.59745169898486,2.4073734283447266
-6.72144892291601,-3.7766237258911133
4.304204520484877,1.5076642036437988
3.37898618824583,14.464312553405762
3.939818822274421,0.690420389175415
13.9953943577381,-2.9517016410827637
-5.39913759737588,-5.0481672286987305
-2.204579993178592,-4.79465389251709
8.829561804598438,7.8913984298706055
6.01696699102072,8.923486709594727
-6.376202369524528,-3.2062807083129883
-6.50906463316165,0.425750732421875
-60.92137282626391,-21.454395294189453
1.99934019108803,2.460895538330078
2.188685633501576,11.244688034057617
4.07090957771029,-1.3434600830078125
0.5211206139658471,-0.8006439208984375
12.5580583918003,6.702883720397949
3.320229681965675,7.9200849533081055
-0.4381862293696001,4.6844072341918945
0.1752112379752922,-2.2388768196105957
4.123908949931413,-2.156458854675293
-14.2382866820043,5.310905456542969
12.966325580978296,3.1870250701904297
7.692941411907634,5.262494087219238
-62.9031214125763,-40.87681579589844
-5.800670766453999,-5.166281700134277
-11.705366535732304,-4.423914909362793
-4.786538605318405,-2.05416202545166
-82.4887013651952,-47.221405029296875
-8.251107402184557,-3.216944694519043
1.61677665352485,-6.255632400512695
-11.916211326129387,-24.45864486694336
-45.634880019414,-37.321163177490234
-0.568998602339841,-4.902719020843506
-12.147399114840605,-9.48658275604248
-27.4476544011683,-45.136940002441406
-2.306526469902426,0.9715862274169922
-0.4835459876036119,3.995560646057129
-8.39479061793487,-4.5633087158203125
-46.862925671502296,-28.362789154052734
0.3837795244341289,-2.033815383911133
7.184930267876617,10.064377784729004
2.8348518495029404,-5.304592132568359
-9.859535687586003,-0.8875317573547363
-6.00025755794808,-2.7794532775878906
-4.764629840066975,-0.6720285415649414
-2.377061578670744,-2.6789045333862305
-2.0585753436264698,-1.7090339660644531
1.1848602197973823,2.7799153327941895
4.97603191479674,4.988795280456543
4.27399441028646,1.4442434310913086
-46.2372447228831,-37.69236755371094
-31.4759298257721,-42.20823287963867
-50.1674018945849,-37.92620086669922
0.9601515747159592,-2.5792288780212402
-11.864177458483407,-2.76876163482666
-0.538262620928304,-5.694990158081055
-0.6920482116816997,-1.0336918830871582
-1.5184696160120892,-0.037009358406066895
-3.0836644409391925,-8.97378921508789
11.316750179392892,1.1401939392089844
-11.183106529127476,-1.6324663162231445
3.59102041590596,3.8272252082824707
4.55602013063716,1.4917011260986328
11.579228393987275,0.5608139038085938
2.3067635611900137,3.6101627349853516
10.480393919522983,9.26802921295166
-2.698100773809443,-2.6603569984436035
3.776985072333982,0.12995147705078125
-11.773766374328297,-8.298006057739258
8.681027307740193,0.3827486038208008
-1.1091988250418725,-3.9988250732421875
4.484288991501213,-1.064305305480957
0.0548896546292299,0.2627830505371094
0.1118559290339978,-7.853389739990234
3.9797293996962297,4.178913116455078
-22.42608065327665,-16.590137481689453
7.37064384347005,2.64871883392334
-0.2642143205483515,-3.5762939453125
5.344594984386832,-12.642829895019531
-1.2497809936708242,-15.00433349609375
13.71198107208239,-6.024941444396973
0.5045482395984724,-0.45832347869873047
2.86709961553106,-3.141845703125
0.4423212163888063,1.1936678886413574
-3.724573545179619,-9.568455696105957
0.2570808252882703,-4.059684753417969
-70.65073406723695,-49.250274658203125
-33.9587360563784,-22.488351821899414
9.2088386022025,1.7316608428955078
1.3318185914773402,2.089837074279785
-9.176001953270983,-9.381221771240234
-10.497767159210698,-5.353912353515625
-0.4402086584014632,4.737155914306641
2.1560784090827942,4.1294660568237305
-27.1636490162131,-3.492438316345215
-0.670930828719279,-1.8209505081176758
-22.794043146736,-32.6429443359375
0.8105828534072201,6.872600555419922
1.2287673509824204,-8.762451171875
-0.6435038581465955,-8.568771362304688
8.474782023793379,1.138493537902832
-9.601847091024196,-3.436192512512207
-1.6610011043127195,-5.103463172912598
-0.1091636509260827,-10.875978469848633
7.570838092245207,0.6860830783843994
-7.211196994815285,-27.59654998779297
9.090654061652296,0.5474953651428223
-26.6651088566214,-9.38319206237793
-17.309192174305,-4.8976640701293945
4.14054171285972,3.0130062103271484
4.097668935846943,10.61642074584961
-0.29408409265346,0.9120116233825684
-35.8165916579592,-31.877460479736328
10.898098675545494,0.5320072174072266
-1.6552655274048038,2.371953010559082
1.6729502580778592,-12.105391502380371
-6.42491227706334,-29.398433685302734
-15.4752611754195,-22.226638793945312
-0.6907348474047925,-4.761892318725586
-21.3629045873375,-21.837261199951172
4.219145585451182,0.5088908672332764
-3.019531285218114,-1.6190376281738281
4.25311060075082,1.640533447265625
-15.0412339008878,-4.944796562194824
-8.237627320974727,-8.36482048034668
-1.0683487237199796,-3.4411087036132812
-1.7174251595272625,1.441340446472168
4.069163600073605,7.636758804321289
-10.162041561092582,-15.93120002746582
-5.97248436581227,-7.98374605178833
6.120538767403939,1.0706863403320312
-0.8028238008287005,-0.7425422668457031
-23.6042929930625,-33.69730758666992
-0.1777753404752198,-5.112972259521484
-5.785469568057495,-47.81415939331055
-0.0556983764780604,-0.5071372985839844
-25.4508968849616,-7.204209804534912
-5.3185412482723295,-1.4587678909301758
9.1356503291117,5.638853073120117
4.020569536845237,6.5822906494140625
-58.5527340809363,-12.841109275817871
-6.291328737399075,-6.927757263183594
4.187869588752649,-1.8587474822998047
8.922207576391518,-2.827310562133789
22.7414116448382,13.748737335205078
-44.6057608529879,-46.511714935302734
-26.5129077898497,-14.6348295211792
-2.13735826282737,-5.281562805175781
-1.14890133483728,5.386358261108398
-15.2234416939723,-0.48226356506347656
0.369316059642221,-8.531867980957031
-0.6884117876070912,-8.610050201416016
-5.8772631055401,0.6348457336425781
3.6053774296538297,-5.132883071899414
5.07108724357905,-1.6876935958862305
1.292753014965791,2.297140121459961
8.440986836263871,0.1647663116455078
-3.43040335892423,-7.588916778564453
0.7651079053562314,-0.2924337387084961
-37.13962469223695,-38.578269958496094
-5.822632503482525,-7.606698989868164
-6.879472048396067,-10.033602714538574
2.11024229353816,2.1122541427612305
-7.1526743450051855,-9.543011665344238
-1.122073026503361,-2.5093154907226562
0.3302260274555297,-7.372711181640625
-1.178255647098801,1.3652887344360352
-2.99361591491145,0.8023061752319336
-18.1070051290659,-17.868953704833984
-3.0332808194811403,2.0401954650878906
2.6303171850506604,-6.0636067390441895
-9.72499716390718,0.4366416931152344
0.2729453578388601,3.484194755554199
-21.4503408223732,-11.633286476135254
-4.99755531471552,-5.692547798156738
-18.0018409950579,-30.430910110473633
4.00031385473591,-0.8889608383178711
12.0378145652987,5.392629623413086
14.1235470599023,-3.374980926513672
6.55729051148795,-1.3550537824630737
11.19992297656359,-0.2669076919555664
-7.81388191369781,-0.5419168472290039
-2.924593214648255,-1.079230785369873
3.7667366885646025,5.3426995277404785
-6.68253431604433,-4.986467361450195
0.7345204104922589,1.1274967193603516
-10.626155896203898,3.6499574184417725
8.106852576346123,9.706841468811035
-58.24412469223692,-46.4759521484375
1.4955767028094,-11.693633079528809
-17.6906096863185,-28.53468894958496
-4.813871520282443,6.152130126953125
-11.8973420493851,-11.901336669921875
-2.67676896274171,-2.4515724182128906
-3.9331393974605526,-0.6973161697387695
8.756217929094177,9.869714736938477
-29.2662792150344,-5.203342437744141
1.7249239205326918,0.150146484375
-6.686975812883663,-18.971303939819336
11.10272802991041,2.6086044311523438
-10.956818171714705,-0.6523590087890625
-6.3500959185649,-10.448001861572266
0.6681105368389735,4.250820159912109
-12.500029270357295,-26.829208374023438
-2.591242863373206,-3.972799301147461
5.954690473588823,5.288917541503906
-43.929359067237,-39.11432647705078
-17.4841411730512,-3.9425268173217773
3.61441892535489,-1.029036521911621
2.1112971208509976,-6.568857192993164
-41.8026500314277,-32.402706146240234
7.028135642932115,10.347192764282227
8.463248256721428,9.408661842346191
-13.037072413777096,-11.27534294128418
-1.6307504375632549,-4.938142776489258
-0.3284521577656807,6.6297454833984375
0.4685622181175212,1.0796995162963867
-5.316952415477393,-6.411650657653809
4.584421564331302,-10.710383415222168
-20.3593816575191,-18.392515182495117
3.67041582610247,-3.1099987030029297
2.204062447972561,2.0364131927490234
-4.666937653128132,-1.413604736328125
-12.3781694316975,-7.809344291687012
7.06923762363823,-6.524458408355713
-37.2883298194418,-20.804893493652344
6.442434166934048,4.982377052307129
-12.2162083245621,-15.458181381225586
-20.3623076046531,-0.21853065490722656
-5.45440876641342,-1.3329229354858398
3.1416241584890576,-1.3437166213989258
-4.96580172718434,-9.467691421508789
-37.4061766871973,-26.44882583618164
6.46185690649625,0.6203632354736328
0.5403453062071405,-7.998084545135498
8.656689402528613,9.549572944641113
12.331931266595111,6.040891647338867
2.75380173901167,-0.38401031494140625
-2.8447496930443927,1.7453737258911133
0.0285872237409883,5.111335277557373
-73.5286754265322,-13.743904113769531
7.285509446842615,11.449796676635742
6.72046542688671,0.9917912483215332
-6.19730890695259,-4.765522003173828
-16.4599719883519,4.103916168212891
-10.288292260688207,2.4836606979370117
-10.285920522724917,1.9269323348999023
-30.8171784242839,-0.3488469123840332
-4.65691689928222,-10.014963150024414
-37.1716279374795,-33.95335388183594
-36.50577458359941,-10.887874603271484
0.7942566624333496,-1.5421090126037598
-34.8552692363716,-3.9956016540527344
-2.491707941339629,-2.2867956161499023
1.7387039934851498,6.294591903686523
18.9715733525152,7.102396011352539
-13.8996269060666,-5.592578887939453
4.17561229224804,3.771038055419922
4.7680640763497,-13.428184509277344
-6.745372906074374,-1.6554031372070312
7.262818938793504,-1.9096832275390625
-55.7541546140486,-32.58995819091797
8.453421074249384,11.494988441467285
-5.85807143580148,-2.4903488159179688
-52.7336020518746,-49.22298812866211
-1.995826789875676,5.159359931945801
-1.3326443092463092,-15.671161651611328
5.029017096161708,-3.7839770317077637
-0.71117494174041,0.5024328231811523
8.243548509216069,9.20539665222168
5.81602235619721,-4.897029399871826
5.978124919049687,-0.9148035049438477
-2.8859593337581737,-5.456085205078125
-26.0047332498617,-18.594390869140625
-1.5220929784942658,-4.86128044128418
-3.195242757261453,2.2066783905029297
-15.0089303719363,-4.337995529174805
-1.757118944268968,-17.632118225097656
-13.5091075877696,-6.885594844818115
-4.0681667574955,-0.9425449371337891
4.43276114617859,3.767881393432617
-4.665207913971671,-2.843123435974121
7.33919324558513,7.173153877258301
-11.69780882660921,-28.96432876586914
5.960801203295765,-6.910264492034912
-29.9162730471743,-29.93498992919922
-5.331847529263395,-5.192665100097656
4.2006804390709,5.014796257019043
4.76541245752904,9.23634147644043
5.87221574658101,6.385749816894531
-12.955988512618,-42.8426628112793
-14.4061745570978,-15.339578628540039
13.644333664082708,10.498014450073242
7.522446474796843,-5.920310974121094
2.858782897786812,-5.879598617553711
-49.8653288018085,-51.06178665161133
-4.029904705212941,-2.6708736419677734
-6.2026319104393295,-13.671995162963867
4.452168509343501,-4.157796859741211
-16.475900892606802,0.16273212432861328
-11.03094492075089,-28.183837890625
-8.08045020128908,-2.434713840484619
1.39259946716825,1.8753557205200195
-14.885807229381896,-8.087910652160645
-11.113180908425988,-11.012177467346191
5.506094216928792,-7.116698265075684
5.29091659278858,2.1563796997070312
3.42106467876526,2.2655296325683594
5.162821279449693,0.7995262145996094
6.020551076354931,-1.4478044509887695
0.8086942897832163,5.392041206359863
-8.80546181278599,-7.887030601501465
-7.42349600405968,-6.283756732940674
-14.4731176558811,-5.873897552490234
-35.5448186771701,-20.457080841064453
-1.657597602265355,3.1977386474609375
-1.930224441335125,-5.336118698120117
-10.398648228661925,-5.622611045837402
-1.6521884315998507,-3.752164840698242
1.3131129859732091,-5.219937324523926
-0.1240821746904601,-3.471996307373047
-35.1709788883515,-37.33639907836914
0.6771989561182002,-7.516847610473633
-5.8677981963370005,-4.963033676147461
0.7982616963508231,-0.8941211700439453
2.595279020812243,-4.488905429840088
6.9472187772133225,5.319437503814697
-41.1395198834054,-29.44810676574707
-35.4604736838065,-25.693771362304688
7.87379173269718,3.1475934982299805
-8.72128086410909,-28.064891815185547
-82.13826531723697,-10.702127456665039
-9.70693692529289,-14.60667610168457
-61.4386715672369,-48.636558532714844
7.10938257895085,8.286799430847168
0.4007388327427847,-2.967665672302246
-0.7455370396145937,1.924828052520752
1.674966057420845,1.799673080444336
11.877856996640997,-3.2345333099365234
-0.9096556467231308,-5.076709747314453
-1.4680391508473674,-8.654791831970215
15.6414782015599,-2.6526222229003906
-10.35739215730591,-1.8956518173217773
1.926107182225645,-0.11769294738769531
6.99756701325662,1.6625051498413086
3.54836143321337,3.249591827392578
-7.726553411266567,0.41953277587890625
-48.51478094223695,-41.128936767578125
-3.0453156276270903,-7.9952850341796875
-3.454798154796729,-3.662086248397827
9.503977484174175,8.351592063903809
6.001532732018722,4.013075828552246
1.775572054007981,-2.8630435466766357
-2.6871577689602653,-2.676034927368164
-7.920344649869953,-4.776671409606934
2.578081311550471,7.675664901733398
-14.434457477598505,-8.423921585083008
-1.338045882914232,-0.5354046821594238
-44.1817825469333,-36.070655822753906
2.4314234692194163,-2.410159111022949
-2.35314836228574,-3.4883909225463867
-2.07036107592124,-3.3344764709472656
-6.560167066336443,-11.10720157623291
-2.54688332955635,-0.3305168151855469
-7.940842049461227,-15.5540771484375
-7.789052707582185,-6.6463775634765625
-1.4295761119406232,-6.331070899963379
7.206977941743588,1.628267765045166
-4.081394009803599,-3.2791895866394043
-30.167243616457,-32.90345764160156
11.7225687296843,10.709770202636719
-0.8984319813221007,-1.6737499237060547
10.349523074958825,-0.45588064193725586
5.42147270471237,3.116748809814453
-0.3136273830120112,4.852181434631348
4.398848813602776,7.41844367980957
2.099307195887115,-3.4405386447906494
-61.6890402284636,-37.141258239746094
-7.08434802004719,-3.8093204498291016
0.6962467393230812,-4.896742343902588
9.0758909366509,1.3936834335327148
-1.9263965715605047,-5.040544509887695
-6.262949496708321,-11.570686340332031
-4.739766082030863,0.3799014091491699
-36.8822022827233,-23.6878719329834
3.24770439300306,1.0719537734985352
-2.289513933263135,-6.303018569946289
1.41805545618482,-2.3181376457214355
-24.4432878855492,-4.317228317260742
-24.96156751119129,-24.271747589111328
-7.734574598544068,-21.151382446289062
2.79124989437018,-1.8371429443359375
-5.17831154550348,-7.767187118530273
1.5275640312561216,1.1982316970825195
3.682989905065457,5.491868019104004
-10.8237586662752,-7.028039932250977
-6.929951553081727,-15.397581100463867
-27.96215708599589,-13.166011810302734
-2.88087637063392,-2.065889358520508
-5.960419628776203,-3.6199235916137695
-37.189874708633695,-37.86406326293945
1.1496085756031087,1.4709644317626953
-12.7137936794919,-15.006143569946289
8.398744223780918,4.754243850708008
-33.3004252633332,-31.6964054107666
9.144089281431205,0.053650617599487305
4.065326821312747,0.8071231842041016
-41.9047429025821,-35.983314514160156
7.383552345763623,-1.0923244953155518
6.364261125349779,-1.0189242362976074
4.841793570156368,-3.6335010528564453
1.6198341998494314,3.3160667419433594
4.179707781567577,9.023384094238281
-14.7229944429405,4.236623764038086
7.078924552126015,0.7546027898788452
-12.898019313824,-8.185441017150879
-70.8116033690518,-22.101730346679688
12.7359625054994,13.662323951721191
5.586124430090477,11.174631118774414
3.028467183462371,1.680750846862793
-5.830142578087577,-0.12806439399719238
-22.6841489367301,-14.110042572021484
-1.51657819068512,-4.184300422668457
-81.52648016021857,-3.3632307052612305
-3.36903782007548,0.8066987991333008
-18.707844022,-21.179874420166016
-34.48768519828235,-20.68062400817871
-39.7169735486916,-7.605379104614258
-1.593720937577549,-4.424365043640137
-23.2954444871652,-22.95511817932129
-45.30258920076982,-31.809280395507812
12.5056328567953,-4.683072090148926
-11.9299972333177,-2.974928855895996
-37.9495035857927,-2.689700126647949
0.7001962140772594,-2.029918670654297
4.49418879319923,-0.1559896469116211
-39.0646563811545,-36.14671325683594
-9.09730633851708,-5.8508195877075195
-17.5589533745204,-18.657751083374023
-4.92782811871599,11.863728523254395
-8.2299173561342,-5.319358825683594
2.60625970962018,1.3971319198608398
2.726862934921635,2.225571632385254
4.071661498679735,5.776684761047363
-13.2494383747796,-7.763942718505859
-11.9154244975033,4.79755973815918
0.9090871567987184,3.1593246459960938
7.92708077877978,0.5976381301879883
-3.119647295186995,-7.935225009918213
-2.248378586620203,-3.2893624305725098
1.6646916021852596,-16.733142852783203
0.1590569364430157,9.3414888381958
-77.3623903172369,-44.32582092285156
15.8859560938761,9.847867965698242
-3.11888044241469,-3.8686981201171875
-2.7468186065138984,-3.952789306640625
2.77922195660905,0.1879444122314453
4.052279150357491,-1.93023681640625
-4.03806373695381,-17.068078994750977
-2.4461467814868523,2.3394060134887695
-0.1639564470097907,0.08167839050292969
0.8542168432631491,-13.038822174072266
5.84905996845087,4.10162353515625
-5.77665564868809,-1.3916358947753906
-3.7008288999313423,-4.199103832244873
-7.18713065449027,-7.573107719421387
-0.9529303605806088,5.667819976806641
-15.902118442879,-18.824386596679688
-28.0636361890057,-20.6324462890625
-26.912205886836706,-31.74807357788086
8.596988309863011,7.535547256469727
0.2877587512502297,8.241303443908691
3.3899996482015826,4.024143218994141
-20.5869014386951,-16.692188262939453
-9.341800010912078,-7.9251532554626465
0.1692077246922899,3.9772629737854004
-1.857666460494741,1.339156150817871
-13.2752747780792,-38.17134475708008
0.7445982178878973,-4.184505462646484
4.49646859469848,0.13851547241210938
3.60913262992784,-3.3628273010253906
-5.653435188749545,-0.2235656976699829
1.51502173443586,-7.390530586242676
8.143116180793372,5.580204010009766
-8.36164856265281,-14.445765495300293
-1.130678948105339,-3.891571044921875
-4.349210006555943,2.771228790283203
0.2594141505344826,-1.2344694137573242
-32.1283374054069,-17.108964920043945
-1.9051378030600723,0.5887091159820557
4.768047800449637,2.992526054382324
2.264898495983479,-10.24044418334961
-6.47138721063866,-3.4769601821899414
4.93167956005568,-3.558786392211914
2.4851768276660025,-4.414567947387695
-3.930469946192945,-4.239120006561279
11.923948375295712,8.224292755126953
11.616605850275496,2.8380279541015625
10.41580460128629,5.590200424194336
-8.700462669667385,-4.557567119598389
13.1991243046288,2.5243473052978516
-4.75101729862813,5.553054332733154
-1.4230966237807086,-3.2831387519836426
-2.07861348348741,-6.803356170654297
10.292368565007404,6.492057800292969
1.9007667723773176,-1.9351129531860352
17.1612744381531,10.904254913330078
-0.1428452494230792,-1.7257204055786133
2.4933992323843923,-8.198066711425781
-13.861300672159,-5.57742977142334
-1.7943154401891548,-6.111092567443848
-4.15624175439773,-5.909389495849609
-14.277645616907492,-6.038025379180908
2.713132201978397,-3.986880302429199
-13.315456279797685,-15.50579833984375
-5.36204355968609,-7.643103122711182
-1.4872271509121793,-5.163994789123535
0.31232235517322,3.481739044189453
3.0307168501552093,-3.8208560943603516
3.4484762474106,-2.242243766784668
-34.0729170807354,-34.82730484008789
-25.0659802428987,-1.4490327835083008
0.86771933446589,-1.081770420074463
-11.996919710325,-8.37586498260498
17.2594267615487,5.542444229125977
-56.2560888739038,-39.51108169555664
-12.7386491421071,-19.738807678222656
-3.520787796436005,-4.314528465270996
-0.8014467498558491,-4.743197441101074
-34.7812340468876,-35.27812957763672
7.158235365631607,-3.985624313354492
3.29681579894721,-11.894709587097168
0.046018285265003,-12.6505765914917
2.046344769010002,1.681746482849121
4.25403099118957,-2.4538097381591797
3.7804230286959792,-4.313234329223633
-3.773219093074008,-5.362362861633301
-9.722403045722997,-1.654623031616211
2.81101468536903,-10.968050956726074
-23.7494411406013,-10.449416160583496
-75.56229656723696,-44.64623260498047
4.366245372711767,9.569467544555664
9.94612085382829,1.6833553314208984
-8.207132148775708,-10.874990463256836
-3.09775596823669,-8.961587905883789
3.77256113899207,-6.335205078125
0.2016574678685985,-4.893501281738281
4.38808277416547,3.441115379333496
3.7092867134231,-7.751026153564453
1.6740112862957208,-0.8158173561096191
-5.472376660417956,-7.4439897537231445
12.283123760680592,11.791400909423828
4.417989059347175,3.8918051719665527
1.907333647224608,6.216442584991455
-3.73521146317182,-1.5681266784667969
7.837521570550837,10.108892440795898
4.82455755953161,-11.519620895385742
-0.6472060937938101,-1.8148307800292969
-8.237956686764985,-31.50007438659668
7.36579899286375,-2.0738601684570312
7.859716520666763,1.9925403594970703
2.765011277030255,-0.9810171127319336
4.62415639298937,3.2718849182128906
6.430237727930085,-0.3294353485107422
2.44728958086436,-2.3390278816223145
-1.93656353174353,-8.543865203857422
-33.7845903951132,-29.446319580078125
10.960301672714698,4.513195037841797
6.147225205740463,4.430181503295898
2.4659746492236927,5.127869129180908
18.2642273209106,6.019253730773926
7.656482330373112,8.690608978271484
-63.2346715672369,-35.31065368652344
-22.9610154952969,-32.13706970214844
4.39789099231211,1.875143051147461
-46.587141393021525,-37.35924530029297
-12.281506448986304,-0.7888660430908203
5.220668557811489,-1.0462265014648438
-1.4412632820262703,-2.6741654872894287
-35.163016426576704,-29.58041763305664
-31.380009974583203,-25.177417755126953
-40.7258600860177,-14.152024269104004
-35.3994683825842,-33.00074768066406
-10.968565079401992,-5.245748043060303
15.384553292915324,-20.591419219970703
-0.4271227388875901,-0.34447669982910156
-7.69948364751984,-3.6638107299804688
-26.6822467124322,-15.521478652954102
-0.2823200449385875,-1.9138946533203125
-3.8453528225106623,-8.63467025756836
-2.4599041427842496,8.615050315856934
-12.7315114055493,-9.208345413208008
1.418014053180695,-2.034158945083618
-3.4922781726655696,-10.637470245361328
9.58062385928767,-2.048018455505371
-17.5801214502402,-10.450777053833008
-49.5120706514507,-43.92383575439453
-0.4503474699443348,-3.0443687438964844
2.332279780348585,-4.887701034545898
-42.2483635713802,-35.717445373535156
-5.00028834575103,4.642204284667969
-5.14141487663266,-6.7740797996521
-19.923371510770203,0.9556341171264648
4.28301459624688,14.72059154510498
0.3224388648416145,4.334178924560547
6.795393661635613,1.3152379989624023
6.720388221210122,5.703435897827148
-20.7558388881914,-4.110996246337891
-12.5922662394529,-16.475753784179688
-5.19085420781142,-1.0724239349365234
-27.3858072066324,-28.00381851196289
6.488490212037078,9.993602752685547
-12.5233171201947,-18.8973445892334
0.996650643215182,-3.946038246154785
3.27144637329635,-0.6361846923828125
1.203208947199059,-1.295762062072754
4.5031585012656095,1.4942607879638672
-46.6686841099013,-41.96232986450195
3.600655729290548,2.1246795654296875
-2.7077151362496297,-10.710295677185059
-42.936846127142296,-37.90850067138672
2.679404112105611,-1.2734222412109375
-23.975827854410426,-32.01811599731445
-24.4869919201538,-37.88560485839844
-6.22433036882608,-5.013544082641602
-24.992167376126925,-9.799777030944824
-9.742168339465294,-14.551775932312012
0.1235817830644999,2.4612350463867188
-11.607028837624,-4.834766387939453
5.321680837772678,-0.6189539432525635
3.3452637215970498,-4.178891658782959
13.015759276594096,9.298519134521484
-6.13466459150186,-7.04342794418335
3.0897024917955025,-3.5115251541137695
3.557691046156,9.35688591003418
2.0008593011464906,4.420725345611572
-1.2671721747064446,-6.513002872467041
-2.989164004622407,4.692480087280273
-2.43808381047612,-12.7044038772583
-11.30813578108209,-13.38762092590332
-9.619042312244815,-25.993587493896484
-4.01456885639382,-3.9851818084716797
-4.853312003098937,-6.827190399169922
2.78743688363977,0.7420997619628906
3.6035536346157695,-0.2815206050872803
6.09033976794457,6.200874328613281
-5.89266438028177,-3.0972671508789062
4.780848076735348,-5.574398994445801
-20.7592210135025,-33.237892150878906
-3.637071869773312,-10.099983215332031
-4.396710286499547,-7.472428321838379
9.04709717330502,-18.884605407714844
1.69213972357191,-1.7090892791748047
-27.068723822751306,-13.03062629699707
0.2886204877907422,2.135580062866211
-0.592182005541919,-7.2560272216796875
-4.736229867816737,3.3259449005126953
7.877641553655238,5.796855926513672
-2.588665914009158,-4.200647354125977
4.72846919446815,0.7157077789306641
3.42669038506664,-0.11733818054199219
-10.274169876330886,-10.99188232421875
-1.289264920121349,-10.790668487548828
-6.9648772325347394,-11.531511306762695
-1.2236747050651609,-9.8342924118042
-12.208208404490907,-22.667808532714844
4.40921359309415,4.341718673706055
16.4171583068458,15.802196502685547
-15.991582533821994,-9.372598648071289
7.809600001042748,1.6545257568359375
-3.0331069492891496,-4.938254356384277
2.603164662477901,0.7431588172912598
-24.2572199033326,-30.374942779541016
13.667582002208905,10.711193084716797
8.19307228691883,-13.242321968078613
0.4664503305112299,-9.802465438842773
-6.46133524603972,-4.906712055206299
-19.7520332208299,-21.837169647216797
-7.75971004909346,-1.5674066543579102
7.66334596528203,7.861039161682129
-27.64770126959135,-15.154043197631836
2.125547882163602,2.1879653930664062
-1.8239337240231768,-3.6867847442626953
3.3696784995100426,-4.195286750793457
5.265272900492549,4.460541248321533
6.753311816554961,-0.38607215881347656
0.9434331950199416,-2.34938383102417
2.13745295521649,-5.939399242401123
2.76912169862866,-4.262033462524414
2.409764321136161,-5.437739849090576
3.7606671418030695,-0.4825263023376465
0.555665600488549,-1.0995502471923828
-89.04756219223692,-35.8793830871582
6.987950206462267,10.706680297851562
-10.09410467002709,-12.854070663452148
8.16191414696451,13.23385238647461
-10.731303688850904,-25.184450149536133
7.588764503474316,0.09406471252441406
-5.25293160621848,1.6140689849853516
2.3065604778561424,4.661077499389648
-3.8022266666193874,-13.977619171142578
3.22816419080692,1.8762288093566895
1.1941842843275,2.9008636474609375
9.772192422094813,-11.307034492492676
-2.489313079893845,-2.1507530212402344
-13.547300817594484,-30.24212646484375
-1.5403494549472296,-1.0040359497070312
-5.139364658294922,4.6647138595581055
-1.32131943338233,0.6345992088317871
-0.5284321769112605,-2.8790276050567627
0.1119561526876595,3.3909621238708496
14.8508222506114,14.13160514831543
-0.0918051514147744,1.413123607635498
-1.7237618714553775,5.460740089416504
-1.5699354762224491,1.237950325012207
1.5718362711845366,4.247560501098633
3.58036180553514,3.72216796875
7.45084701577923,-10.256248474121094
-7.378812419643663,-2.7672548294067383
-33.1832620874725,-42.863426208496094
-6.066411004621831,5.53086519241333
-16.4910721624856,-23.896203994750977
0.8267526169764301,-0.9197235107421875
-9.762453719841735,-15.518522262573242
8.07102955700163,11.018365859985352
1.741670982094262,5.487187385559082
-0.0053525606393112,-8.926782608032227
-51.4043293278057,-39.62245559692383
14.9415296965116,11.109540939331055
8.70853787657841,9.172030448913574
-2.149900469098629,-2.9866409301757812
14.8229623836697,15.999051094055176
-0.0379657812584102,-0.1335902214050293
-15.3173389528898,-4.716663360595703
-1.7663441991754285,-1.102297067642212
-6.708306328674888,-0.9131231307983398
-78.7451798053926,-39.86052703857422
-0.5413656534735456,-4.895495414733887
9.625121597198186,5.418527603149414
-3.15562863494722,-0.25278472900390625
9.60447820177431,0.25290346145629883
-3.31847606547329,1.2456846237182617
-4.12581810820042,-6.150110244750977
1.7706121017107803,2.697408676147461
0.5117341060036625,6.335544586181641
2.63157412115867,3.09122896194458
-4.763634360062484,-5.8343610763549805
-11.18181257464061,-2.1802806854248047
-39.4932668903457,-18.55034828186035
9.206200380526292,6.437196731567383
-2.93911844531118,3.266974449157715
-28.13472322157985,-32.0330810546875
9.62907409316032,0.5716590881347656
-7.042636248773623,-7.318132400512695
-4.03025121975644,-7.860832214355469
3.42951329804928,1.1184301376342773
2.5565427438131976,4.465539932250977
2.8513084033656,1.3498601913452148
-5.5623675139736175,-0.31172943115234375
16.9968892380515,7.764462471008301
-4.144685584269085,3.078606128692627
-11.221818720505304,-5.9084858894348145
-2.111656589218961,-1.7554454803466797
-1.626797120535592,-6.805864334106445
0.7652624054000594,1.435600757598877
-21.5531296050118,-21.72563362121582
-13.053772031257305,-7.634387969970703
5.42509465390903,4.957077980041504
-5.5186956836840375,-20.41557502746582
-2.260381023139061,2.6406383514404297
-30.3377383335249,-19.935895919799805
7.380729755239978,1.6410250663757324
-4.172986764275874,-10.989709854125977
-1.2036514942358316,2.363994598388672
-35.2906329121599,-16.257699966430664
-2.54595208771381,8.004074096679688
-10.901275449743116,-3.2093467712402344
-17.0078420331655,-18.352191925048828
-17.0314498829154,-4.460727691650391
-11.9784507557909,-0.8121423721313477
-19.469018973061075,-14.24377155303955
-3.2142130797467816,9.317054748535156
-0.5663484394051013,1.123800277709961
-21.2195468929047,-21.62973403930664
8.077984978184695,11.200462341308594
-17.0119321722455,-12.764730453491211
4.67424026120176,1.301856517791748
-47.9875704511971,-30.403553009033203
4.316615136301563,-6.4430389404296875
11.2728180991378,15.129398345947266
-3.5546157663424616,-5.742898941040039
-3.15887949932979,-0.5248804092407227
-1.6422791314174887,-3.579300880432129
-3.448025235667948,-26.94329071044922
-13.5632540546311,-12.595032691955566
0.8825935384285006,-3.9601802825927734
3.27100049685324,6.385167121887207
-0.7762273913233743,-3.8587992191314697
1.026942322157092,0.34563350677490234
9.859104788483815,9.371599197387695
-1.9977872313530125,0.5920047760009766
-13.1809903671301,-4.926090240478516
-35.1782981083837,-39.74433517456055
-35.8337806803641,-27.35939598083496
-7.639409008216227,-2.723276138305664
-15.746453943284,-32.94676971435547
1.055995951979529,5.853944301605225
3.987299411465438,2.6128177642822266
-37.0930621901092,-5.377685070037842
16.694612728237402,5.222862243652344
-4.527979888097892,-11.080909729003906
14.6352674345898,3.700624465942383
5.034618319433818,2.007023334503174
-3.77133000272187,-2.2251758575439453
-1.61504571199055,-2.0469703674316406
-56.3663437951974,-38.8361701965332
10.088450856398616,5.513172149658203
-14.285610883283098,-27.460676193237305
2.6210618799141923,0.996490478515625
-2.308732762121495,-7.64811897277832
-83.9761260280997,-46.98304748535156
-1.03656181464744,-2.6381077766418457
10.16232173056559,5.872819900512695
-3.12013961477547,3.7708349227905273
3.010752586641185,-6.872122764587402
-1.5178355576616795,-5.272330284118652
-2.60072537807549,2.9263458251953125
-2.367312137177082,0.5215482711791992
6.075310726130807,5.223825454711914
2.24572304437811,2.2813196182250977
0.2044267191685782,1.821446418762207
3.85944773684647,12.1934814453125
-14.409506408843407,-3.999053955078125
-2.683955047842884,-3.535576820373535
-0.0075038478591599,3.95965576171875
7.190050317883171,4.923959732055664
-2.1691769605730515,-7.597990989685059
-7.910003358009165,-0.7476644515991211
-69.1366966634013,-42.162986755371094
1.437241653553571,-7.946967124938965
-20.7409218490905,-24.899696350097656
3.78247800369874,2.674769401550293
7.909526276907584,-3.853994369506836
6.097122298913325,-10.471318244934082
24.5800902168924,7.914887428283691
-9.979741434164584,-23.041419982910156
3.1327986373042376,2.931318759918213
-8.393586343504198,-7.0968017578125
8.678125432705007,6.645421981811523
20.7428439693387,3.2520151138305664
-1.511416195100045,-29.04499053955078
-23.3725501337939,-5.685563087463379
4.69437535963172,0.4675559997558594
8.24149319055937,0.01785588264465332
-0.2898522089969393,-3.5541858673095703
-7.19378137939456,-8.064955711364746
1.0271109700113177,3.98223876953125
-14.564555056626377,-5.155588150024414
-9.657849716236,-22.80107307434082
-0.7280966227290082,-10.021878242492676
-21.8962191024866,-16.178268432617188
-40.2614734397264,-31.61910057067871
-1.77750068778882,0.7175688743591309
-28.3488859938485,-13.081650733947754
-8.184373188662292,-55.17485046386719
-6.135426654744688,-2.9555835723876953
-3.270422191581055,-6.700627326965332
-6.055427015859325,-3.550844192504883
-34.3143130117107,-30.21949005126953
-50.4820483838523,-40.0419921875
-4.639593570653838,-3.7900314331054688
-21.0606958753072,-26.021137237548828
8.747205755218493,4.527870178222656
0.6884341878779402,1.3616502285003662
0.300408103033295,-0.7758369445800781
-17.2817979072755,-15.312039375305176
5.79128728304933,4.91630744934082
3.7921116228684086,5.866406440734863
0.51700222845629,-6.263970851898193
1.0966146270020711,-5.028133392333984
-6.613686761665703,-22.147884368896484
-39.873530292237,-43.90882110595703
-35.0272315856836,-31.45059585571289
0.2475632146873464,1.925750732421875
5.59963570142504,6.5014119148254395
5.29419053806362,-1.2712230682373047
6.457932781589695,1.577805757522583
6.4251548431743295,4.604251861572266
-19.7885249955934,-32.46895217895508
-2.4097304318056905,1.5294697284698486
7.543407488617369,10.094326972961426
1.83593808226401,6.732282638549805
-1.5082203021212124,-4.222586631774902
5.99108205682079,2.611598491668701
-18.1797235112709,-2.8512563705444336
-12.840088322870097,-9.40929889678955
-2.23616712442702,5.630507469177246
-4.662511414401839,-5.570187568664551
3.41802282280863,1.9628410339355469
-12.0320822507053,-27.301101684570312
-25.9801803981754,-12.056891441345215
-5.97419023328963,0.13591432571411133
15.4186986077963,3.6883721351623535
4.480465220149085,1.265787124633789
-13.2363849677504,-9.063406944274902
-9.362863686069195,-9.690757751464844
4.128157012788561,1.2474479675292969
2.26767773086615,-5.213771820068359
-24.1634597090208,-17.931652069091797
10.013204486477417,8.513360023498535
-31.934070451053,-18.714313507080078
-22.9515728231767,-7.770206451416016
-11.219410776078313,-15.532047271728516
6.00089213826483,4.714641571044922
-28.9638748432599,-31.707698822021484
3.11049964318654,-3.467411994934082
-1.073248118887358,-3.0468568801879883
-10.249148139079496,-15.746881484985352
-13.14009076535719,-26.64299774169922
0.7364260970712593,1.525336742401123
-44.9949251983702,-6.383533000946045
-5.159519294761907,-2.076146125793457
1.869241020829697,-9.523566246032715
-55.54568697318505,-48.508384704589844
0.3065104335081801,-0.31947898864746094
-10.386374558578522,-1.4226226806640625
-3.0345245902191325,0.43042850494384766
-57.144820014625296,-34.91412353515625
2.85060083445348,-0.31073522567749023
2.446050707651698,2.9108848571777344
5.50221601830175,1.8278064727783203
3.455876052191651,-5.490068435668945
-14.6157572128631,-31.66635513305664
-0.874105623616695,7.1671905517578125
-1.378759213278819,1.6265344619750977
1.350733135180331,5.117917537689209
-1.94666134980912,-0.031646728515625
-3.36735139960915,-2.5529251098632812
0.8319171014720902,-2.5346760749816895
-40.2101205720394,-6.1044535636901855
-24.577379709126298,-38.63792037963867
-18.6292132467089,-8.195125579833984
-46.39510994896701,-19.767301559448242
-2.487076105276776,-10.089747428894043
-4.752960817423343,-18.111608505249023
-0.1160299782726794,-6.4371442794799805
-18.5277286275242,4.514229774475098
-14.1325019191809,-16.895828247070312
10.909208084253878,5.550429344177246
1.30779520720034,1.3704872131347656
-5.77436797253085,0.3107600212097168
3.986867952152618,2.562070846557617
-21.7936206120663,-39.59352111816406
-2.643556292002,-0.22929048538208008
11.0853991753379,2.548992156982422
-12.9397422629832,-15.788419723510742
-0.190891674386513,-0.3893313407897949
-6.32558602127377,0.8204288482666016
5.391699208755202,7.059287071228027
-8.998840630677615,-3.4806976318359375
-1.6005087696864486,-10.393095970153809
7.5482379424635875,10.45604133605957
-7.642910278690365,-3.280447006225586
3.719171936095444,3.2128429412841797
-0.8981307679622897,-7.633405685424805
7.06032809637297,0.4592247009277344
-3.134999611446543,-1.9159841537475586
-5.94174589421185,2.36360502243042
-17.7883076547542,-28.81684112548828
-25.2381267145584,-26.58182144165039
-27.5445722402187,-33.38962936401367
2.6678241356197647,0.3952503204345703
5.02066543392875,-1.876145362854004
-1.67197513843126,-43.93840026855469
6.58117049992555,0.7535920143127441
3.12612254618191,6.74812126159668
-2.1147225087047508,-6.329195022583008
-76.9668504799361,-17.22531509399414
10.11870938841209,4.41584587097168
4.755697845162629,4.078359603881836
16.5479703149859,9.684370040893555
4.001938538520379,-7.123437881469727
-14.1813773041305,-18.225244522094727
0.7709161631446207,6.594018459320068
-24.2508933717269,-16.057415008544922
-22.3071231538392,-26.96324920654297
7.2595381633228,-0.7204952239990234
11.555346181601609,7.649168014526367
-26.258782255785,-15.683028221130371
10.3189652047012,-7.026767730712891
0.809697096857583,-1.9901628494262695
-18.5255095356289,-23.41631317138672
-1.0680791130593923,-3.133258819580078
-3.5390830989045075,-16.426353454589844
10.468583156479704,-0.21248435974121094
-10.613183176373598,-6.532320976257324
-6.40442742836347,0.2629852294921875
7.196532980977684,11.469954490661621
-10.586292641023492,-0.05420112609863281
-26.79502671025515,-25.78277587890625
-7.187555808667961,-4.587083339691162
5.4465900456679694,1.440251350402832
3.1988276731025875,3.2660999298095703
7.827394642815597,14.04513168334961
3.887422638441485,-2.259073257446289
-3.41466344580097,-5.56331729888916
2.667044757168528,-0.7795171737670898
1.0590749185315824,-6.079226493835449
-3.9965921287470247,-2.7454776763916016
10.982614675109394,4.147996425628662
0.4076170529080399,-2.1450414657592773
2.71319811317338,1.1938610076904297
8.652061852316729,1.224679946899414
-0.6579761516790089,-0.4181480407714844
-51.6773231694491,-38.87453842163086
-2.8325461302865187,4.162134170532227
2.12749125232924,-6.702803611755371
3.562549470771905,-5.033787727355957
-16.517773128145326,-1.7703418731689453
6.874655354673765,10.946855545043945
0.2047767843086013,-6.001142501831055
-2.698758931910008,-9.591907501220703
1.8601156760560384,1.7653141021728516
-22.2455703021075,-24.532672882080078
2.4288820651169605,-1.1280635595321655
-16.8307740899425,2.022653579711914
20.7191486697607,11.105916976928711
-30.7261055182573,-38.34502410888672
-38.4849400567448,-24.65729522705078
-14.3103126367969,-5.722414970397949
0.7860328468455551,0.5104069709777832
-48.3858044800915,-44.706939697265625
-3.21662088766757,-5.3037872314453125
1.675245639565673,-13.61917495727539
-90.3299705619704,-38.79168701171875
-9.28527551691871,-2.184886932373047
-1.2293411329062325,-7.693782806396484
-4.534682244798708,-7.036735534667969
-68.1959205924323,-38.099754333496094
-24.5242345195019,-8.251625061035156
-2.77042962989298,0.8282146453857422
3.8009101564042025,4.488725662231445
8.933703319425492,9.684974670410156
-11.341527235964405,-3.341435432434082
6.71098989067457,10.68928050994873
4.54734483862441,-3.1362857818603516
-5.16341129781556,-6.611392021179199
-49.062306315025,-35.264007568359375
5.26551760771767,1.6869421005249023
3.33951124606136,-7.627533912658691
5.006519903780723,-5.7828369140625
4.05485944970297,-7.744053363800049
2.283405953189745,-0.668004035949707
-2.66483863280114,-3.086505889892578
12.566471603210276,9.755643844604492
-27.9020155354992,-14.604742050170898
8.88265541550952,5.832985877990723
0.1652887870268324,-2.9851999282836914
15.4985727759109,8.198004722595215
9.014890317831036,2.745326042175293
1.4803529144374856,-4.806554317474365
18.1939100849816,10.999738693237305
-2.6304973605131474,-0.5033302307128906
-5.493763326806099,-3.911020278930664
-0.6715208179901364,-0.0619659423828125
-36.7383193130824,-27.78644371032715
5.062784719364307,3.3253040313720703
-12.026803679110706,-25.97490119934082
-3.01321716593974,-3.366456985473633
8.35813394800668,10.254461288452148
-3.60075442831331,-6.339533805847168
-9.509135784465323,6.40966272354126
-19.6175855102284,-10.447589874267578
-27.8629509568953,-25.184303283691406
1.74273211890989,7.170436859130859
-2.19578977406709,0.2863292694091797
2.42002639701588,-3.2683372497558594
-25.55316918036869,-23.365127563476562
5.635020609606415,-1.0369796752929688
-34.727836669101,-20.75143814086914
4.4516036428765,2.4964332580566406
4.967381413305823,3.781905174255371
-6.81516141534704,-2.678609848022461
-24.3954295810688,-3.8196001052856445
8.658679095048068,7.246162414550781
3.7347243087796,-4.575139999389648
-12.909633143366396,-5.430246353149414
-60.49569009623433,-49.757877349853516
-3.790702882666694,-1.8598289489746094
-12.41068356063,-6.965915203094482
2.76740193393285,-1.904012680053711
-18.9061714872788,-7.8241119384765625
-3.681083449701528,-14.094635009765625
8.13893448615947,6.3837151527404785
-51.402683514636095,-35.9434814453125
-3.0703466753296,-6.428621292114258
0.4646043967887734,9.574623107910156
5.989492839405608,-4.342805862426758
8.833837192566008,7.239668846130371
-26.1965705632023,-7.157067775726318
0.0804428699766095,-0.6539955139160156
10.229168329440906,8.567695617675781
2.12042655289975,-5.674968719482422
3.88810032819938,-3.0175561904907227
-31.515616413872173,-26.829547882080078
2.28163515100639,4.437839031219482
-9.633163292669298,-15.981943130493164
2.63206586722876,0.9200344085693359
0.3189015990893598,-3.5513572692871094
-6.31868596379813,0.47116947174072266
-6.4648984000359935,0.340667724609375
8.91646092056966,1.9253997802734375
-42.637521131086125,-19.924640655517578
-89.5439156156453,-50.30015563964844
9.179556151687803,-2.0625476837158203
8.754663680824095,1.5250186920166016
0.8838679103249854,-3.1048049926757812
4.338369925074482,3.071471691131592
-18.23432595343749,-26.00365447998047
6.92534745147092,4.555179595947266
-1.768261666543676,-2.593173027038574
-7.87226820943855,-6.507596015930176
-12.0847368637308,-8.313255310058594
-4.4222229386498375,-1.730687141418457
6.63109301847755,2.2302513122558594
1.675381804264854,-11.831327438354492
-6.897600670415837,-1.3301477432250977
-12.2774867069717,-15.961071968078613
-3.963646539183849,5.5451812744140625
-2.552277046947741,-3.974613666534424
-10.78700495517378,-5.1430158615112305
-6.426376983867103,0.5901889801025391
8.2142562177934,3.255289077758789
-16.967828162594074,-0.17071247100830078
6.07843040491799,6.582589626312256
3.08443697315444,-0.5344715118408203
-1.3811964732242277,-2.1562652587890625
-4.51305804704249,-10.420543670654297
-9.93375477053989,-4.306863784790039
-0.6581754288220045,-7.525544166564941
-7.952166005584182,-21.43058204650879
-13.563015982384195,-11.496360778808594
-47.9957157156951,-25.972427368164062
4.96190002222477,12.575264930725098
-2.0240269290899,2.5530972480773926
3.47166270740147,-2.089348316192627
-5.2815921348029296,-6.255430221557617
2.369358494612781,2.397738456726074
-4.214346026907057,-2.285581588745117
-23.8934551543691,-26.079444885253906
-1.0659561461183158,-3.1770057678222656
3.126169348435272,-15.5223388671875
2.35164464781062,-9.32619857788086
-1.79502295092813,-4.200014114379883
-15.957982665262508,-19.44748878479004
-64.65676531723692,-50.19049835205078
-27.8195558011628,-24.045185089111328
-10.480511156242285,-19.328187942504883
-6.18357684414468,-6.005435943603516
-6.75960002722117,-6.203871726989746
4.4105627388370605,-3.3450980186462402
5.58846482112586,1.731816291809082
-16.8483709423333,-5.563931941986084
16.1850033157246,12.304113388061523
-3.34531377329845,4.295145034790039
5.893700156574014,7.200767517089844
2.745769909533195,2.3047447204589844
2.53362859007723,0.7773208618164062
1.0880788430276551,3.921548843383789
