Score,Pred Score
-13.812973987503693,4.948905944824219
-14.6311710829416,-29.13625717163086
-15.020937907067507,-9.101783752441406
5.61896917638109,5.832836627960205
0.1461877509898399,-0.7389864921569824
3.59745169898486,8.901233673095703
-6.72144892291601,-2.5566835403442383
4.304204520484877,6.361066818237305
3.37898618824583,-3.347376823425293
3.939818822274421,7.728859901428223
13.9953943577381,4.648808479309082
-5.39913759737588,0.18507862091064453
-2.204579993178592,1.3215970993041992
8.829561804598438,7.867953300476074
6.01696699102072,10.019930839538574
-6.376202369524528,-6.2479448318481445
-6.50906463316165,2.1218996047973633
-60.92137282626391,-16.861610412597656
1.99934019108803,-5.540292739868164
2.188685633501576,13.357049942016602
4.07090957771029,7.425110816955566
0.5211206139658471,5.329449653625488
12.5580583918003,1.9592981338500977
3.320229681965675,4.8189697265625
-0.4381862293696001,-2.570131301879883
0.1752112379752922,-4.868768692016602
4.123908949931413,-2.9727859497070312
-14.2382866820043,6.86539363861084
12.966325580978296,7.130570888519287
7.692941411907634,-3.512451171875
-62.9031214125763,-56.370174407958984
-5.800670766453999,2.8128719329833984
-11.705366535732304,-9.216129302978516
-4.786538605318405,-11.006757736206055
-82.4887013651952,-63.02043151855469
-8.251107402184557,-3.0630264282226562
1.61677665352485,-7.5036420822143555
-11.916211326129387,-20.47385025024414
-45.634880019414,-28.371706008911133
-0.568998602339841,-0.20414400100708008
-12.147399114840605,-8.855268478393555
-27.4476544011683,-21.20136260986328
-2.306526469902426,-3.2018070220947266
-0.4835459876036119,3.6024465560913086
-8.39479061793487,-10.033211708068848
-46.862925671502296,-25.78994369506836
0.3837795244341289,4.71428108215332
7.184930267876617,8.96037483215332
2.8348518495029404,-0.5877470970153809
-9.859535687586003,2.519768714904785
-6.00025755794808,-1.7509708404541016
-4.764629840066975,5.973755836486816
-2.377061578670744,1.8952932357788086
-2.0585753436264698,2.41585636138916
1.1848602197973823,-5.824099540710449
4.97603191479674,7.050743103027344
4.27399441028646,-13.309097290039062
-46.2372447228831,-26.58480453491211
-31.4759298257721,-14.302626609802246
-50.1674018945849,-32.9212646484375
0.9601515747159592,0.6754770278930664
-11.864177458483407,1.3197517395019531
-0.538262620928304,-10.832537651062012
-0.6920482116816997,-2.743955612182617
-1.5184696160120892,-5.06929874420166
-3.0836644409391925,-4.3211517333984375
11.316750179392892,3.227039098739624
-11.183106529127476,-16.25088882446289
3.59102041590596,-0.6686816215515137
4.55602013063716,-2.323267936706543
11.579228393987275,2.3429794311523438
2.3067635611900137,0.669682502746582
10.480393919522983,3.908538818359375
-2.698100773809443,-13.167354583740234
3.776985072333982,3.1604881286621094
-11.773766374328297,-13.729506492614746
8.681027307740193,-3.3563575744628906
-1.1091988250418725,-3.5297093391418457
4.484288991501213,-1.2138538360595703
0.0548896546292299,4.669806480407715
0.1118559290339978,3.070603370666504
3.9797293996962297,4.242086410522461
-22.42608065327665,-37.592926025390625
7.37064384347005,-0.8967170715332031
-0.2642143205483515,-2.1412267684936523
5.344594984386832,-20.721416473388672
-1.2497809936708242,-5.595729827880859
13.71198107208239,-10.757036209106445
0.5045482395984724,-0.5487837791442871
2.86709961553106,-5.661289215087891
0.4423212163888063,3.4444580078125
-3.724573545179619,8.33464527130127
0.2570808252882703,-3.2889528274536133
-70.65073406723695,-36.29652404785156
-33.9587360563784,-14.117729187011719
9.2088386022025,-1.0700511932373047
1.3318185914773402,-10.555753707885742
-9.176001953270983,-11.272964477539062
-10.497767159210698,-11.699108123779297
-0.4402086584014632,3.017524480819702
2.1560784090827942,-4.771869659423828
-27.1636490162131,-7.622400283813477
-0.670930828719279,-20.304706573486328
-22.794043146736,-45.53485107421875
0.8105828534072201,-3.6467390060424805
1.2287673509824204,-6.315067291259766
-0.6435038581465955,1.516514778137207
8.474782023793379,-3.5279197692871094
-9.601847091024196,-5.804100036621094
-1.6610011043127195,-4.670490264892578
-0.1091636509260827,-11.154736518859863
7.570838092245207,-11.261375427246094
-7.211196994815285,-23.23956298828125
9.090654061652296,7.887827396392822
-26.6651088566214,-5.434452533721924
-17.309192174305,-11.597267150878906
4.14054171285972,7.633520126342773
4.097668935846943,2.410470962524414
-0.29408409265346,-8.67135238647461
-35.8165916579592,-39.239219665527344
10.898098675545494,0.6869421005249023
-1.6552655274048038,1.657806396484375
1.6729502580778592,-10.40722942352295
-6.42491227706334,-21.658891677856445
-15.4752611754195,-22.51837158203125
-0.6907348474047925,2.6864490509033203
-21.3629045873375,-9.889715194702148
4.219145585451182,-0.03271770477294922
-3.019531285218114,-9.85042953491211
4.25311060075082,15.894378662109375
-15.0412339008878,1.2871747016906738
-8.237627320974727,-20.58141326904297
-1.0683487237199796,-5.356601715087891
-1.7174251595272625,6.03745698928833
4.069163600073605,-2.1232118606567383
-10.162041561092582,-19.13897705078125
-5.97248436581227,-0.7312822341918945
6.120538767403939,-3.847148895263672
-0.8028238008287005,-18.984333038330078
-23.6042929930625,-26.922061920166016
-0.1777753404752198,0.3036210536956787
-5.785469568057495,-41.95759582519531
-0.0556983764780604,-2.0368194580078125
-25.4508968849616,-0.7494940757751465
-5.3185412482723295,-1.904592514038086
9.1356503291117,6.747773170471191
4.020569536845237,2.346074104309082
-58.5527340809363,-14.949602127075195
-6.291328737399075,-4.633603096008301
4.187869588752649,3.139211654663086
8.922207576391518,1.7674798965454102
22.7414116448382,13.370718002319336
-44.6057608529879,-46.64910888671875
-26.5129077898497,-9.448468208312988
-2.13735826282737,-3.087002992630005
-1.14890133483728,-0.6044740676879883
-15.2234416939723,-5.637579917907715
0.369316059642221,-0.8564300537109375
-0.6884117876070912,-10.53116512298584
-5.8772631055401,-4.553554534912109
3.6053774296538297,2.954130172729492
5.07108724357905,13.516905784606934
1.292753014965791,2.8370494842529297
8.440986836263871,-4.4142961502075195
-3.43040335892423,1.198552131652832
0.7651079053562314,6.990105628967285
-37.13962469223695,-23.18764305114746
-5.822632503482525,-7.855685234069824
-6.879472048396067,-9.850041389465332
2.11024229353816,0.30766868591308594
-7.1526743450051855,-13.062154769897461
-1.122073026503361,1.0865058898925781
0.3302260274555297,1.785482406616211
-1.178255647098801,7.4470624923706055
-2.99361591491145,3.5932531356811523
-18.1070051290659,-4.678986549377441
-3.0332808194811403,2.2100610733032227
2.6303171850506604,2.1186342239379883
-9.72499716390718,-3.804030418395996
0.2729453578388601,-0.11702537536621094
-21.4503408223732,-18.04299545288086
-4.99755531471552,-1.6510508060455322
-18.0018409950579,-28.208404541015625
4.00031385473591,20.82877540588379
12.0378145652987,7.116708755493164
14.1235470599023,-4.224700927734375
6.55729051148795,4.0518035888671875
11.19992297656359,6.0219221115112305
-7.81388191369781,-5.893348693847656
-2.924593214648255,-1.2369375228881836
3.7667366885646025,-4.029237747192383
-6.68253431604433,-7.476367950439453
0.7345204104922589,3.125563859939575
-10.626155896203898,-1.0984697341918945
8.106852576346123,4.733739852905273
-58.24412469223692,-36.44599914550781
1.4955767028094,0.31115150451660156
-17.6906096863185,-28.287334442138672
-4.813871520282443,5.891767501831055
-11.8973420493851,-3.7771925926208496
-2.67676896274171,-6.563271522521973
-3.9331393974605526,10.382591247558594
8.756217929094177,0.1234731674194336
-29.2662792150344,-15.42630386352539
1.7249239205326918,8.841840744018555
-6.686975812883663,-16.733898162841797
11.10272802991041,9.474830627441406
-10.956818171714705,-10.40392017364502
-6.3500959185649,-5.733827590942383
0.6681105368389735,-3.0084009170532227
-12.500029270357295,-13.514862060546875
-2.591242863373206,-2.6659088134765625
5.954690473588823,3.166555404663086
-43.929359067237,-31.939836502075195
-17.4841411730512,-7.306509017944336
3.61441892535489,5.8041253089904785
2.1112971208509976,-6.205968856811523
-41.8026500314277,-15.040177345275879
7.028135642932115,15.828728675842285
8.463248256721428,1.1038227081298828
-13.037072413777096,-9.30904483795166
-1.6307504375632549,-2.2740478515625
-0.3284521577656807,-5.335724353790283
0.4685622181175212,-2.7159576416015625
-5.316952415477393,-9.08481216430664
4.584421564331302,-6.091644287109375
-20.3593816575191,-14.314533233642578
3.67041582610247,-4.166449546813965
2.204062447972561,-6.428485870361328
-4.666937653128132,-5.125842094421387
-12.3781694316975,-10.810644149780273
7.06923762363823,1.8782463073730469
-37.2883298194418,-19.051942825317383
6.442434166934048,3.0067639350891113
-12.2162083245621,-10.759536743164062
-20.3623076046531,-3.1506500244140625
-5.45440876641342,-3.075397491455078
3.1416241584890576,-4.117618560791016
-4.96580172718434,7.296947479248047
-37.4061766871973,-16.269432067871094
6.46185690649625,6.696775436401367
0.5403453062071405,-4.397446632385254
8.656689402528613,5.402008056640625
12.331931266595111,14.863420486450195
2.75380173901167,3.1821212768554688
-2.8447496930443927,-1.463836669921875
0.0285872237409883,-0.2627711296081543
-73.5286754265322,-3.189769744873047
7.285509446842615,11.788223266601562
6.72046542688671,-3.579728126525879
-6.19730890695259,-4.751441955566406
-16.4599719883519,-6.023859024047852
-10.288292260688207,-3.7726964950561523
-10.285920522724917,-3.096937656402588
-30.8171784242839,-2.16107177734375
-4.65691689928222,-0.45264601707458496
-37.1716279374795,-32.251861572265625
-36.50577458359941,-7.633210182189941
0.7942566624333496,4.638028144836426
-34.8552692363716,-8.634952545166016
-2.491707941339629,-3.5969128608703613
1.7387039934851498,5.453944206237793
18.9715733525152,7.1875505447387695
-13.8996269060666,-6.035526275634766
4.17561229224804,5.029322624206543
4.7680640763497,-5.68702507019043
-6.745372906074374,-8.257597923278809
7.262818938793504,-3.442732810974121
-55.7541546140486,-22.87725830078125
8.453421074249384,11.894968032836914
-5.85807143580148,-0.10262298583984375
-52.7336020518746,-33.652122497558594
-1.995826789875676,-7.924171447753906
-1.3326443092463092,-30.289371490478516
5.029017096161708,3.2554092407226562
-0.71117494174041,-5.608199596405029
8.243548509216069,-0.3404172658920288
5.81602235619721,-8.273276329040527
5.978124919049687,5.167252540588379
-2.8859593337581737,-0.7080240249633789
-26.0047332498617,-25.17473793029785
-1.5220929784942658,-15.554723739624023
-3.195242757261453,4.20029354095459
-15.0089303719363,-18.125110626220703
-1.757118944268968,-31.34613609313965
-13.5091075877696,-7.457663059234619
-4.0681667574955,8.853397369384766
4.43276114617859,-1.715315818786621
-4.665207913971671,-2.316648483276367
7.33919324558513,-12.370380401611328
-11.69780882660921,-19.531301498413086
5.960801203295765,-5.323355674743652
-29.9162730471743,-43.40135192871094
-5.331847529263395,-8.306452751159668
-40.7258600860177,-19.07668113708496
-35.3994683825842,-28.179733276367188
-10.968565079401992,-11.711247444152832
15.384553292915324,-34.76252365112305
-0.4271227388875901,-1.8095855712890625
-7.69948364751984,-7.852435111999512
-26.6822467124322,-27.2733154296875
-0.2823200449385875,-10.854764938354492
-3.8453528225106623,-14.303089141845703
-2.4599041427842496,3.3267812728881836
-12.7315114055493,-13.128539085388184
1.418014053180695,-16.14746856689453
-3.4922781726655696,-15.271869659423828
9.58062385928767,-4.317922592163086
-17.5801214502402,-20.214548110961914
-49.5120706514507,-39.67287063598633
-0.4503474699443348,7.562582015991211
2.332279780348585,-11.006275177001953
-42.2483635713802,-56.93050765991211
-5.00028834575103,0.2726755142211914
-5.14141487663266,-11.135040283203125
-19.923371510770203,-8.333330154418945
4.28301459624688,7.648170471191406
0.3224388648416145,-0.880457878112793
6.795393661635613,4.138753890991211
6.720388221210122,0.9617836475372314
-20.7558388881914,-12.62922191619873
-12.5922662394529,-15.13510513305664
-5.19085420781142,0.9657840728759766
-27.3858072066324,-22.37914276123047
6.488490212037078,7.024768829345703
-12.5233171201947,-6.692919731140137
0.996650643215182,-3.118746280670166
3.27144637329635,-6.411713600158691
1.203208947199059,-0.5912151336669922
4.5031585012656095,2.6173481941223145
-46.6686841099013,-33.903560638427734
3.600655729290548,-2.5294103622436523
-2.7077151362496297,-14.272366523742676
-42.936846127142296,-35.33517074584961
2.679404112105611,-4.785951614379883
-23.975827854410426,-15.495523452758789
-24.4869919201538,-24.15884780883789
-6.22433036882608,2.0809783935546875
-24.992167376126925,-10.380318641662598
-9.742168339465294,-7.613577842712402
0.1235817830644999,-1.125234603881836
-11.607028837624,4.936548233032227
5.321680837772678,9.564737319946289
3.3452637215970498,7.6060791015625
13.015759276594096,6.612017631530762
-6.13466459150186,-4.08466911315918
3.0897024917955025,-2.107240676879883
3.557691046156,4.076061248779297
2.0008593011464906,-3.4881296157836914
-1.2671721747064446,-16.53768539428711
-2.989164004622407,-16.323780059814453
-2.43808381047612,4.555720329284668
-11.30813578108209,0.3438425064086914
-9.619042312244815,-21.217693328857422
-4.01456885639382,-9.719714164733887
-4.853312003098937,-29.05810546875
2.78743688363977,10.119544982910156
3.6035536346157695,-3.1194610595703125
6.09033976794457,2.267453193664551
-5.89266438028177,-2.8704910278320312
4.780848076735348,-1.8739166259765625
-20.7592210135025,-14.336905479431152
-3.637071869773312,-11.13316822052002
-4.396710286499547,-2.1825170516967773
9.04709717330502,-14.286344528198242
1.69213972357191,1.8824453353881836
-27.068723822751306,-14.561656951904297
0.2886204877907422,3.925334930419922
-0.592182005541919,-15.1204833984375
-4.736229867816737,6.769750595092773
7.877641553655238,5.401950836181641
-2.588665914009158,0.36431121826171875
4.72846919446815,-5.367125511169434
3.42669038506664,-10.357681274414062
-10.274169876330886,-12.766485214233398
-1.289264920121349,3.1975173950195312
-6.9648772325347394,-10.518733978271484
-1.2236747050651609,2.9562273025512695
-12.208208404490907,-27.22199249267578
4.40921359309415,1.1855857372283936
16.4171583068458,11.226425170898438
-15.991582533821994,0.05382347106933594
7.809600001042748,6.146480560302734
-3.0331069492891496,-7.092957019805908
2.603164662477901,-0.2689075469970703
-24.2572199033326,-12.423371315002441
13.667582002208905,10.657832145690918
8.19307228691883,-1.9841442108154297
0.4664503305112299,-12.807968139648438
-6.46133524603972,5.601024627685547
-19.7520332208299,-5.698553085327148
-7.75971004909346,0.7068748474121094
7.66334596528203,5.717275142669678
-27.64770126959135,-13.073854446411133
2.125547882163602,-9.140796661376953
-1.8239337240231768,-0.4935145378112793
3.3696784995100426,1.1661548614501953
5.265272900492549,-3.266383171081543
6.753311816554961,0.18365097045898438
0.9434331950199416,-3.3261404037475586
2.13745295521649,-6.482192039489746
2.76912169862866,1.9484758377075195
2.409764321136161,-1.056288719177246
3.7606671418030695,9.111621856689453
0.555665600488549,-0.27863121032714844
-89.04756219223692,-16.994028091430664
6.987950206462267,20.253578186035156
-10.09410467002709,-19.414634704589844
8.16191414696451,12.103494644165039
-10.731303688850904,-5.293996810913086
7.588764503474316,15.498648643493652
-5.25293160621848,4.617595672607422
2.3065604778561424,6.721230506896973
-3.8022266666193874,-14.489377975463867
3.22816419080692,0.058684349060058594
1.1941842843275,3.9054183959960938
9.772192422094813,-6.365501403808594
-2.489313079893845,5.08941650390625
-13.547300817594484,-9.974830627441406
-1.5403494549472296,-3.603944778442383
-5.139364658294922,7.41679573059082
-1.32131943338233,-1.2307252883911133
-0.5284321769112605,4.22271728515625
0.1119561526876595,-2.710576057434082
14.8508222506114,11.781454086303711
-0.0918051514147744,-7.172116279602051
-1.7237618714553775,6.367509841918945
-1.5699354762224491,4.239900588989258
1.5718362711845366,-0.9245667457580566
3.58036180553514,-5.2952880859375
7.45084701577923,-14.6521577835083
-7.378812419643663,-1.3224811553955078
-33.1832620874725,-22.010618209838867
-6.066411004621831,2.849048614501953
-16.4910721624856,-13.466815948486328
0.8267526169764301,0.4387369155883789
-9.762453719841735,-29.959503173828125
8.07102955700163,12.68281364440918
1.741670982094262,16.670948028564453
-0.0053525606393112,10.29027271270752
-51.4043293278057,-14.745023727416992
14.9415296965116,14.451410293579102
8.70853787657841,8.714374542236328
-2.149900469098629,4.8444108963012695
14.8229623836697,10.578346252441406
-0.0379657812584102,4.936057090759277
-15.3173389528898,-1.1007061004638672
-1.7663441991754285,-2.074152946472168
-6.708306328674888,-6.47243595123291
-78.7451798053926,-33.27037048339844
-0.5413656534735456,-5.716979503631592
9.625121597198186,-3.4481468200683594
-3.15562863494722,-1.6802716255187988
9.60447820177431,3.1611719131469727
-3.31847606547329,-1.0010051727294922
-4.12581810820042,-8.012954711914062
1.7706121017107803,-3.873689651489258
0.5117341060036625,3.0046167373657227
2.63157412115867,0.9403848648071289
-4.763634360062484,-2.904372215270996
-11.18181257464061,-4.229250907897949
-39.4932668903457,-10.030832290649414
9.206200380526292,5.157648086547852
-2.93911844531118,-13.639280319213867
-28.13472322157985,-28.73773193359375
9.62907409316032,4.662836074829102
-7.042636248773623,-8.220070838928223
-4.03025121975644,-5.365758895874023
3.42951329804928,6.710849761962891
2.5565427438131976,-9.31942367553711
2.8513084033656,-1.0918540954589844
-5.5623675139736175,-3.349414825439453
16.9968892380515,13.278301239013672
-4.144685584269085,-3.309053421020508
-11.221818720505304,-3.1732592582702637
-2.111656589218961,1.5867176055908203
-1.626797120535592,-6.607348442077637
0.7652624054000594,-8.644108772277832
-21.5531296050118,-17.401687622070312
-13.053772031257305,-14.560429573059082
5.42509465390903,-3.265204429626465
-5.5186956836840375,-5.702465534210205
-2.260381023139061,5.528925895690918
-30.3377383335249,-12.680753707885742
7.380729755239978,8.883365631103516
-4.172986764275874,-7.135125637054443
-1.2036514942358316,-0.6753606796264648
-35.2906329121599,-20.576366424560547
-2.54595208771381,-10.457921981811523
-10.901275449743116,-7.705142974853516
-17.0078420331655,-18.949007034301758
-17.0314498829154,-3.563344955444336
-11.9784507557909,-6.637887954711914
-19.469018973061075,-1.590418815612793
-3.2142130797467816,3.325554847717285
-0.5663484394051013,0.813570499420166
-21.2195468929047,-3.9512534141540527
8.077984978184695,12.050682067871094
-17.0119321722455,-9.949697494506836
4.67424026120176,1.678255558013916
-47.9875704511971,-37.922698974609375
4.316615136301563,-7.238609790802002
11.2728180991378,2.951237678527832
-3.5546157663424616,-27.485979080200195
-3.15887949932979,-5.9727678298950195
-1.6422791314174887,1.2826929092407227
-3.448025235667948,-19.911144256591797
-13.5632540546311,-30.841392517089844
0.8825935384285006,-7.470775604248047
3.27100049685324,-3.194530487060547
-0.7762273913233743,-5.616480827331543
1.026942322157092,1.1299982070922852
9.859104788483815,-6.952604293823242
-1.9977872313530125,-5.4625701904296875
-13.1809903671301,-6.873291969299316
-35.1782981083837,-34.44196701049805
-35.8337806803641,-23.247865676879883
-7.639409008216227,-4.442805290222168
-15.746453943284,-37.313865661621094
1.055995951979529,-0.6898250579833984
3.987299411465438,2.2711658477783203
-37.0930621901092,-6.995940208435059
16.694612728237402,10.473413467407227
-4.527979888097892,-14.87040901184082
14.6352674345898,-5.315593719482422
5.034618319433818,-7.441037178039551
-3.77133000272187,-11.096096992492676
-1.61504571199055,-2.334174156188965
-56.3663437951974,-30.510234832763672
10.088450856398616,-11.635610580444336
-14.285610883283098,-12.159093856811523
2.6210618799141923,-0.055624961853027344
-2.308732762121495,-20.470855712890625
-83.9761260280997,-49.73322296142578
-1.03656181464744,-2.848334312438965
10.16232173056559,2.1889405250549316
-3.12013961477547,1.8417854309082031
3.010752586641185,-2.5158467292785645
-1.5178355576616795,-1.4316082000732422
-2.60072537807549,-2.550009250640869
-2.367312137177082,-9.77786922454834
6.075310726130807,6.403048515319824
2.24572304437811,-0.5256071090698242
0.2044267191685782,-8.335718154907227
3.85944773684647,9.623513221740723
-14.409506408843407,-8.816608428955078
-2.683955047842884,-3.818108558654785
-0.0075038478591599,-6.705245018005371
7.190050317883171,-6.312796592712402
-2.1691769605730515,3.508969306945801
-7.910003358009165,-1.582672119140625
-69.1366966634013,-29.6509952545166
1.437241653553571,-14.356457710266113
-20.7409218490905,-9.502309799194336
3.78247800369874,4.662387847900391
7.909526276907584,-2.6144962310791016
6.097122298913325,7.1760406494140625
24.5800902168924,8.595992088317871
-9.979741434164584,-21.087383270263672
3.1327986373042376,-2.9286928176879883
-8.393586343504198,1.9407587051391602
8.678125432705007,-1.5420342683792114
20.7428439693387,-4.522159576416016
-1.511416195100045,-16.426616668701172
-23.3725501337939,-11.240251541137695
4.69437535963172,-1.1743459701538086
8.24149319055937,-1.966949462890625
-0.2898522089969393,-9.257674217224121
-7.19378137939456,-8.49120044708252
1.0271109700113177,0.6245956420898438
-14.564555056626377,-14.116644859313965
-9.657849716236,-13.851245880126953
-0.7280966227290082,-5.936901569366455
-21.8962191024866,-14.074197769165039
-40.2614734397264,-27.22795867919922
-1.77750068778882,-2.5710926055908203
-28.3488859938485,-25.886201858520508
-8.184373188662292,-33.92262268066406
-6.135426654744688,-13.025623321533203
-3.270422191581055,-3.4475555419921875
-6.055427015859325,-4.978236198425293
-34.3143130117107,-15.836169242858887
-50.4820483838523,-36.480003356933594
-4.639593570653838,3.9343948364257812
-21.0606958753072,-11.048591613769531
8.747205755218493,12.206550598144531
0.6884341878779402,1.3633027076721191
0.300408103033295,3.273129463195801
-2.6184282494780104,-0.0610504150390625
-37.3999740396079,-11.661623001098633
-10.594900847222812,-16.245094299316406
-23.227454082363305,-26.793426513671875
-15.4814292943448,-6.104107856750488
-6.89310310865277,-5.526373863220215
-11.7962452523223,3.802628517150879
-0.3887710448227697,3.0043106079101562
-4.0896099478500325,-0.12396574020385742
-42.6579269422049,-28.400829315185547
-2.095241650043551,2.393718719482422
8.45389840526827,6.393066883087158
-15.5157954828953,-17.570674896240234
-1.9802660997523944,7.152956008911133
1.8368511005450223,-13.683110237121582
2.11900133622217,10.565277099609375
-38.4962238749225,-25.729686737060547
0.8069046214032297,-3.901343822479248
-1.73607437190069,7.357325553894043
-8.46093254820262,0.1723003387451172
-0.0780407432645869,-0.7218132019042969
5.009535132419683,6.532783508300781
-74.9399761386801,-23.670501708984375
2.806732553915905,0.5612640380859375
-10.415057364934407,1.0760316848754883
-4.81834176383161,0.20055818557739258
-1.4920816076829602,-1.5660667419433594
-0.003939288658445,5.853487968444824
5.86288473591452,-4.251617431640625
0.4443344011282492,-0.5395870208740234
5.72263802046558,0.14267873764038086
5.46583466116103,-0.7264842987060547
5.05355462238675,5.283740043640137
-17.190033530139498,1.4670886993408203
-10.1192188918475,-1.8087787628173828
-10.539071528779305,-0.5745773315429688
0.2492257167476033,4.259055137634277
5.35198813185094,-4.198829650878906
14.9823899147147,7.940221786499023
1.7336328627834918,5.897032260894775
3.2582764286422226,0.0026035308837890625
1.1615369027166365,-2.6464099884033203
-42.4099588259267,-14.245293617248535
-38.7823663998969,-12.443201065063477
7.99575647038201,4.8528032302856445
11.644495901203598,0.25780773162841797
-39.0956747424042,-3.7044029235839844
-38.6438610292767,-20.91081428527832
-40.5029244010595,-25.079923629760742
-22.8644313188967,-1.2157249450683594
-0.897066728281827,1.5561904907226562
-17.6830733389949,-1.1522150039672852
-0.0084306638066775,-4.656106472015381
0.5394390329931549,-2.1976194381713867
-21.61387508166409,-19.36859893798828
5.053393098685065,5.224923133850098
-15.7834934865799,-15.825912475585938
-58.40351531723695,-39.5700798034668
8.86280218600469,5.503476619720459
1.888243484494037,-4.342711448669434
8.99923705482913,-4.171272277832031
4.133325903305868,-10.81733226776123
4.774357664359128,-6.919661521911621
7.418770080750715,-9.051639556884766
-2.25262466719878,-0.1438894271850586
-7.071587649042333,-2.6242332458496094
4.398742241377427,5.136887550354004
-8.692928400841772,-2.0407750606536865
2.334382802629,-4.221665382385254
2.8274240704709,-1.3113079071044922
2.1747311895065486,4.771596908569336
-11.9965988914421,-5.510049819946289
2.776867734737273,4.980680465698242
-12.4595255596924,-7.801694869995117
18.5317724911246,8.663432121276855
6.86106163750481,-5.185542106628418
-19.1693792779686,-9.681660652160645
-4.20883890972707,-5.051609039306641
-0.3530077955256401,-19.281757354736328
-1.6020246929696491,-27.262510299682617
-7.57557880794988,-9.529081344604492
13.9692836454661,2.1450843811035156
1.289294757415069,-0.19132137298583984
-20.3746494688195,-14.212196350097656
-8.044482691931467,-1.4231781959533691
2.51340467963473,-7.62595272064209
11.0282847349576,8.582768440246582
-1.3944922949507652,-3.878817558288574
-26.2706781913698,-19.56216049194336
-71.7765711158932,-34.923831939697266
-44.2857422252861,-27.105121612548828
-3.057699221935841,6.78177547454834
10.116767222520318,4.559822082519531
-46.9980356488569,-28.325143814086914
-8.677497573270493,-12.894611358642578
-25.781275563237,-4.397913932800293
-2.941164138388841,-4.332130432128906
-26.5692742661385,-23.068988800048828
1.2555345380058751,-3.7493724822998047
-0.810306898238276,-1.713766098022461
0.2404076931068699,-10.908731460571289
-2.5590885431480426,1.3691883087158203
-11.9846830308257,-9.650508880615234
-5.775806690181939,-4.914793968200684
1.9806048133258944,-18.51982307434082
16.618750626525,7.273470878601074
8.204494762209066,9.11584758758545
6.80321923705408,-2.1060056686401367
11.710679650337616,3.3091964721679688
3.181253849239128,-0.6643428802490234
0.90894434552881,-1.8876075744628906
3.547124544521316,-22.91396141052246
-2.202886656443709,-10.705937385559082
-11.133669865203094,-5.220043659210205
9.328533024448705,6.750176429748535
-0.7012610501602399,-1.4387407302856445
-0.3170472839931941,-2.6772117614746094
-2.3458288386735573,2.8200063705444336
-26.1191329979098,-5.676236152648926
-2.33292598982445,-1.3968505859375
2.461922216333884,6.628131866455078
3.73205068567752,12.688232421875
-22.4462583852743,-23.470535278320312
16.899113604615202,8.479690551757812
-2.85382252753121,-7.007484436035156
1.2705701336207027,-2.5280232429504395
7.960789166364423,7.594334602355957
2.71808902854303,4.807837963104248
5.5273920092716775,-28.814098358154297
-4.11149235653684,-14.695566177368164
-20.9676231329802,3.936300277709961
-0.89184437235696,-1.716888427734375
-1.2816619609782416,14.669536590576172
4.85634828411675,6.0127129554748535
6.429854346358795,9.770235061645508
4.71112087372323,2.0073728561401367
-30.7199022255615,-20.748140335083008
-3.8590388668775,2.009012222290039
-10.6557437737239,-4.0530171394348145
-13.4460672849668,-16.74375343322754
-5.527709296795018,-1.7181077003479004
-1.876637029070265,-13.365592956542969
10.2532613363299,11.998820304870605
3.00680128293027,10.355894088745117
19.33685959748449,10.004159927368164
-0.1058882282985149,8.793939590454102
14.3436638764016,0.6728897094726562
-16.1535771788668,-9.260665893554688
0.9480162028997956,3.4332504272460938
-18.5891767455387,-20.75310516357422
13.309934514349203,8.656137466430664
6.02246857213521,2.3286590576171875
5.16750826555368,15.938238143920898
-1.0190872666435924,2.7737293243408203
-19.100904418149,-7.08592414855957
4.743603615290096,-0.05893087387084961
-13.8157551615103,3.89676570892334
-3.802611775309477,9.83239459991455
4.30511943579503,12.20830249786377
-22.482844278002705,-11.813774108886719
0.60779733849738,-9.193660736083984
17.8138573048897,17.69315528869629
-38.4626262988146,-26.340572357177734
-0.6089836493556324,3.91972017288208
0.8617451361473882,-2.490457057952881
-2.40000424902785,-0.3462657928466797
3.7078671714499096,-4.091591835021973
-2.390619984667185,-6.1364898681640625
-15.559462368784592,-9.181492805480957
-13.790764753514,1.9085626602172852
-9.325981865786185,-7.971212387084961
-58.4491138315396,-27.97470474243164
9.550892694239591,12.642145156860352
4.435147085081137,10.39803695678711
-2.3538192484503564,-0.1932210922241211
-5.83438093189622,-8.986215591430664
-7.10827059552493,-9.327468872070312
-12.414939844598162,6.616312503814697
6.6154810826822,5.371686935424805
1.3155747227446202,6.913365364074707
-2.56542276271332,-1.2436237335205078
-13.546032832554804,-8.683844566345215
-16.600339428286603,-11.008148193359375
2.9737175212081803,-2.115200996398926
6.167862854629888,0.1717691421508789
-40.922076323723,-22.81268882751465
16.9349100756105,5.196840763092041
-12.24911226903676,-11.348367691040039
4.867927463076468,-0.1296396255493164
-21.6327950573002,-15.599014282226562
7.11033993521173,0.3175029754638672
-9.59094984812801,-21.55462074279785
4.92186081619874,3.0144481658935547
-7.815562497274902,-0.5325336456298828
-2.20364176327536,-0.9531936645507812
-19.6754058911438,-26.092945098876953
-91.8886792382854,-23.879379272460938
-20.9507978903398,-27.465988159179688
-17.8084408175675,-9.403905868530273
-62.9612541332419,-42.30562973022461
5.598134989920393,1.293802261352539
-7.283890318199592,-7.028799057006836
6.1026124307435,3.049968719482422
7.42840635595139,4.585297584533691
-5.179391847578812,-7.97389030456543
-4.873152982370568,-6.519050598144531
7.276768036701751,-6.030029296875
-10.739322929783883,-6.501737594604492
-22.9219832537164,-26.43744659423828
1.5259403537211615,4.795413494110107
-44.7886924625105,-25.315061569213867
-3.72583443525641,-7.838149070739746
-14.57002364123529,-29.968114852905273
-10.128266274366498,-21.380151748657227
-28.0249952668106,-30.852506637573242
-26.24662901330595,-29.418155670166016
-40.3645652505015,-26.544445037841797
-30.8056950922951,-25.750335693359375
-3.9552380984537248,0.2599782943725586
-2.1789667599796294,-4.958707809448242
-0.5734820606807138,-6.736248970031738
-1.1617148968623687,0.5173988342285156
3.42848617073407,-5.356164932250977
-17.4030551064212,-4.3421220779418945
3.88109013796494,-1.5141105651855469
9.400493271217616,4.481755256652832
-11.302161927872188,-7.7253923416137695
-13.3709137252944,-30.55485725402832
-6.79658968512302,-2.5272159576416016
4.509456424718162,-1.1630773544311523
5.45103123545738,9.489229202270508
8.149714042401495,-5.702112197875977
-12.909180343140196,6.332914352416992
-6.61979034735207,-10.816630363464355
11.9978624338519,8.551815032958984
-12.53254789251529,-6.402128219604492
-8.36198121766124,-4.6281585693359375
-4.361976736345532,-3.401146411895752
-0.1898191226144924,-2.6527962684631348
2.3166834950764685,-0.8766078948974609
-12.6203596574975,-19.428146362304688
-1.207429910073891,-3.273101806640625
-29.7403775200217,-18.35283088684082
5.31082796058257,1.1265602111816406
2.97844031586002,-15.945863723754883
-12.533050119535002,-20.393442153930664
-5.8684323426223,-0.37062573432922363
2.391980620215489,-2.270648956298828
7.73570234615748,5.71132755279541
1.166748445159433,3.013716220855713
6.093529951556334,3.109015464782715
17.709922444879297,2.602579116821289
11.779516260068313,1.0874977111816406
2.4866177573815964,4.840447425842285
-30.89708550466269,-37.766239166259766
-9.231606713935047,2.2765588760375977
-13.4089268865456,-19.411273956298828
-9.06573754635488,-15.173038482666016
9.30630078585379,6.927323341369629
-7.156550033865472,-15.847696304321289
-10.5414716495377,-8.016202926635742
-27.8178569354009,-27.416839599609375
5.3817717725564,-6.087700843811035
-35.155236696245,-29.112689971923828
-21.4141717786538,-42.9398193359375
-2.6053130644292946,-2.196624755859375
-9.953220777101093,-12.912930488586426
-8.798237091769485,-18.9145565032959
-27.6920167541674,-23.786035537719727
8.017093587799739,-2.4635391235351562
-0.3550158381598589,0.7983851432800293
-1.19024715514191,-6.339511871337891
-3.2855896341823474,-23.256872177124023
1.844566842421384,-6.422297477722168
-30.7366736665872,-46.26882553100586
-11.338238855350506,-15.66519546508789
-1.059512617215007,-4.911470413208008
-33.7712071062874,-26.657028198242188
3.812227003524945,5.7065839767456055
-2.8472026300298463,-25.668621063232422
-21.5871320482388,4.554581642150879
1.845960760756301,2.5855655670166016
9.06213659212517,8.773824691772461
-13.950148061363093,-18.27740478515625
-15.1006814359747,-4.945950984954834
-8.65496498210776,-20.003459930419922
-31.18852367408345,-31.90353012084961
2.35160533891099,-4.558393478393555
-7.06329362397977,-13.036235809326172
-11.299328727708405,-11.728963851928711
-5.73967918172164,-3.3166093826293945
-4.062121175440552,-0.26317405700683594
3.62056380925444,-7.692434310913086
-6.512385872303066,-29.146987915039062
-17.2817979072755,-39.60713195800781
5.79128728304933,7.429587364196777
3.7921116228684086,-3.1257476806640625
0.51700222845629,-12.547403335571289
1.0966146270020711,-8.549296379089355
-6.613686761665703,-54.51896667480469
-39.873530292237,-20.690021514892578
-35.0272315856836,-30.348718643188477
0.2475632146873464,8.603963851928711
5.59963570142504,-9.67784595489502
5.29419053806362,-28.50830078125
6.457932781589695,3.3669939041137695
6.4251548431743295,-4.788788795471191
-19.7885249955934,-29.713912963867188
-2.4097304318056905,-6.264317989349365
7.543407488617369,3.644902229309082
1.83593808226401,3.8135156631469727
-1.5082203021212124,-3.3425512313842773
5.99108205682079,-4.73444938659668
-18.1797235112709,-5.2897233963012695
-12.840088322870097,-25.62965202331543
-2.23616712442702,8.191972732543945
-4.662511414401839,-0.020239830017089844
3.41802282280863,-6.220510482788086
-12.0320822507053,-24.13051986694336
-25.9801803981754,-10.927033424377441
-5.97419023328963,-4.958556175231934
15.4186986077963,0.2918272018432617
4.480465220149085,-0.2870607376098633
-13.2363849677504,-16.317527770996094
-9.362863686069195,-8.886716842651367
4.128157012788561,3.5798988342285156
2.26767773086615,-6.457282543182373
-24.1634597090208,-20.734458923339844
10.013204486477417,0.5701467990875244
-31.934070451053,-13.955667495727539
-22.9515728231767,-3.8902406692504883
-11.219410776078313,-13.455902099609375
6.00089213826483,2.9597220420837402
-28.9638748432599,-29.037708282470703
3.11049964318654,3.8300724029541016
-1.073248118887358,0.11670684814453125
-10.249148139079496,-19.210771560668945
-13.14009076535719,-21.992990493774414
0.7364260970712593,2.6458301544189453
-44.9949251983702,-8.98735523223877
-5.159519294761907,-5.80531120300293
1.869241020829697,-19.984203338623047
-55.54568697318505,-29.771991729736328
0.3065104335081801,-2.4301090240478516
-10.386374558578522,1.4440250396728516
-3.0345245902191325,2.5135650634765625
-57.144820014625296,-20.118974685668945
2.85060083445348,9.512441635131836
2.446050707651698,-8.580729484558105
5.50221601830175,-1.6310577392578125
3.455876052191651,1.607269287109375
-14.6157572128631,-28.937341690063477
-0.874105623616695,3.918487548828125
-1.378759213278819,0.3562803268432617
1.350733135180331,-4.431301116943359
-1.94666134980912,-5.2529296875
-3.36735139960915,-0.8992047309875488
0.8319171014720902,-9.07143783569336
-40.2101205720394,-1.6830358505249023
-24.577379709126298,-33.9858512878418
-18.6292132467089,-13.168804168701172
-46.39510994896701,-20.185585021972656
-2.487076105276776,-9.542799949645996
-4.752960817423343,-25.400177001953125
-0.1160299782726794,-3.823552131652832
-18.5277286275242,-5.881549835205078
-14.1325019191809,-24.003246307373047
10.909208084253878,4.622677326202393
1.30779520720034,7.238176345825195
-5.77436797253085,-2.0089168548583984
3.986867952152618,0.13097763061523438
-21.7936206120663,-23.842369079589844
-2.643556292002,-1.655604362487793
11.0853991753379,-9.62253189086914
-12.9397422629832,-14.498468399047852
-0.190891674386513,8.30413818359375
-6.32558602127377,-1.6620702743530273
5.391699208755202,5.613019943237305
-8.998840630677615,3.472294330596924
-1.6005087696864486,-5.3141937255859375
7.5482379424635875,0.6867256164550781
-7.642910278690365,-4.202009201049805
3.719171936095444,-2.859241485595703
-0.8981307679622897,3.7043323516845703
7.06032809637297,-0.5534191131591797
-3.134999611446543,-2.7504091262817383
-5.94174589421185,-4.291019439697266
-17.7883076547542,-25.850208282470703
-25.2381267145584,-24.545312881469727
-27.5445722402187,-27.721698760986328
2.6678241356197647,0.9818897247314453
5.02066543392875,5.464264869689941
-1.67197513843126,-24.938072204589844
6.58117049992555,-6.816287994384766
3.12612254618191,-9.542936325073242
-2.1147225087047508,-3.8807921409606934
-76.9668504799361,-15.504015922546387
10.11870938841209,-4.026209831237793
4.755697845162629,-3.8932151794433594
16.5479703149859,4.081558704376221
4.001938538520379,-12.518089294433594
-14.1813773041305,-34.588077545166016
0.7709161631446207,-8.698357582092285
-24.2508933717269,-16.289499282836914
-22.3071231538392,-22.18138313293457
7.2595381633228,10.689055442810059
11.555346181601609,5.597843170166016
-26.258782255785,-35.646018981933594
10.3189652047012,0.07073307037353516
0.809697096857583,-5.619677543640137
-18.5255095356289,-19.421680450439453
-1.0680791130593923,-6.453008651733398
-3.5390830989045075,-9.996712684631348
10.468583156479704,3.6901302337646484
-10.613183176373598,-1.0491218566894531
-6.40442742836347,5.355934143066406
7.196532980977684,4.460273742675781
-10.586292641023492,-1.5481061935424805
-26.79502671025515,-29.192806243896484
-7.187555808667961,-1.5526952743530273
5.4465900456679694,5.531643867492676
3.1988276731025875,-0.2698402404785156
7.827394642815597,9.6415433883667
3.887422638441485,1.3828582763671875
-3.41466344580097,5.838237762451172
2.667044757168528,-1.286768913269043
1.0590749185315824,-1.9649348258972168
-3.9965921287470247,5.137350082397461
10.982614675109394,2.290450096130371
0.4076170529080399,-5.141689777374268
2.71319811317338,5.234174728393555
8.652061852316729,5.173272132873535
-0.6579761516790089,3.3900232315063477
-51.6773231694491,-38.35916519165039
-2.8325461302865187,0.21404123306274414
2.12749125232924,-26.417011260986328
3.562549470771905,-13.622722625732422
-16.517773128145326,-5.4645891189575195
6.874655354673765,6.021755218505859
0.2047767843086013,1.882807731628418
-2.698758931910008,-4.4568939208984375
1.8601156760560384,6.740663528442383
-22.2455703021075,-13.90276050567627
2.4288820651169605,0.20962905883789062
-16.8307740899425,7.093658447265625
20.7191486697607,6.401972770690918
-30.7261055182573,-41.274288177490234
-38.4849400567448,-10.624645233154297
-14.3103126367969,-4.886577606201172
0.7860328468455551,3.8970212936401367
-48.3858044800915,-43.11229705810547
-3.21662088766757,-12.860547065734863
1.675245639565673,2.7326560020446777
-90.3299705619704,-32.914710998535156
-9.28527551691871,0.3854408264160156
-1.2293411329062325,4.061707496643066
-4.534682244798708,-12.572458267211914
-68.1959205924323,-28.931095123291016
-24.5242345195019,-12.418198585510254
-2.77042962989298,5.446087837219238
3.8009101564042025,9.88215446472168
8.933703319425492,8.832941055297852
-11.341527235964405,-3.2384109497070312
6.71098989067457,8.054101943969727
4.54734483862441,-8.588418960571289
-5.16341129781556,-2.3382105827331543
-49.062306315025,-20.556135177612305
5.26551760771767,5.846588134765625
3.33951124606136,-12.497360229492188
5.006519903780723,-2.655644416809082
4.05485944970297,-6.050050735473633
2.283405953189745,2.505250930786133
-2.66483863280114,0.7765045166015625
12.566471603210276,8.940982818603516
-27.9020155354992,-13.673802375793457
8.88265541550952,8.539371490478516
0.1652887870268324,-3.0358810424804688
15.4985727759109,9.61641788482666
9.014890317831036,6.742705345153809
1.4803529144374856,0.9528055191040039
18.1939100849816,8.772344589233398
-2.6304973605131474,-3.6634750366210938
-5.493763326806099,-0.8186602592468262
-0.6715208179901364,-6.441072463989258
-36.7383193130824,-9.897408485412598
5.062784719364307,2.871227741241455
-12.026803679110706,-5.9901323318481445
-3.01321716593974,10.556673049926758
8.35813394800668,15.219401359558105
-3.60075442831331,-12.244405746459961
-9.509135784465323,2.1633920669555664
-19.6175855102284,-10.443770408630371
-27.8629509568953,-22.79705238342285
1.74273211890989,10.60615348815918
-2.19578977406709,-4.482425689697266
2.42002639701588,0.8021354675292969
-25.55316918036869,-13.822235107421875
5.635020609606415,17.193511962890625
-34.727836669101,-24.90516471862793
4.4516036428765,-2.022176742553711
4.967381413305823,-1.4363279342651367
-6.81516141534704,-5.8871660232543945
-24.3954295810688,-3.1353797912597656
8.658679095048068,6.398134231567383
3.7347243087796,-5.280850410461426
-12.909633143366396,-7.712064743041992
-60.49569009623433,-37.00224685668945
-3.790702882666694,-4.0254974365234375
-12.41068356063,-12.355202674865723
2.76740193393285,-0.1626429557800293
-18.9061714872788,-7.519548416137695
-3.681083449701528,-28.49591636657715
8.13893448615947,3.6837072372436523
-51.402683514636095,-32.85694122314453
-3.0703466753296,-4.842237949371338
0.4646043967887734,-7.763039588928223
5.989492839405608,-25.64571189880371
8.833837192566008,4.890279769897461
-26.1965705632023,-5.3174729347229
0.0804428699766095,-2.6490325927734375
10.229168329440906,0.7163982391357422
2.12042655289975,-5.203449726104736
3.88810032819938,-5.382288932800293
-31.515616413872173,-18.707481384277344
2.28163515100639,-8.104654312133789
-9.633163292669298,-20.458385467529297
2.63206586722876,1.1992568969726562
0.3189015990893598,-2.8362197875976562
-6.31868596379813,1.5374164581298828
-6.4648984000359935,-7.266239166259766
8.91646092056966,-2.236697196960449
-42.637521131086125,-29.728477478027344
-89.5439156156453,-60.3292350769043
9.179556151687803,-2.9802675247192383
8.754663680824095,-2.9390668869018555
0.8838679103249854,-4.5333662033081055
4.338369925074482,-6.70259952545166
-18.23432595343749,-22.552204132080078
6.92534745147092,-5.284090042114258
-1.768261666543676,-3.5655412673950195
-7.87226820943855,-1.8451824188232422
-12.0847368637308,-16.009212493896484
-4.4222229386498375,-6.4403886795043945
6.63109301847755,17.18277359008789
1.675381804264854,-5.834897994995117
-6.897600670415837,-4.932641983032227
-12.2774867069717,-16.591110229492188
-3.963646539183849,7.81446647644043
-2.552277046947741,-2.86830997467041
-10.78700495517378,-7.839082717895508
-6.426376983867103,2.5205078125
8.2142562177934,10.763995170593262
-16.967828162594074,-5.127479553222656
6.07843040491799,-4.315925598144531
3.08443697315444,7.148957252502441
-1.3811964732242277,-14.366508483886719
-4.51305804704249,-21.23660659790039
-9.93375477053989,-7.904731750488281
-0.6581754288220045,-2.669649600982666
-7.952166005584182,-21.25338363647461
-13.563015982384195,-7.900002479553223
-47.9957157156951,-39.882484436035156
4.96190002222477,3.050572395324707
-2.0240269290899,-7.308620452880859
3.47166270740147,-2.7879505157470703
-5.2815921348029296,-5.969668388366699
2.369358494612781,3.904569149017334
-4.214346026907057,-8.632058143615723
-23.8934551543691,-31.083106994628906
-1.0659561461183158,1.3357057571411133
3.126169348435272,-16.932083129882812
2.35164464781062,6.341314792633057
-1.79502295092813,-0.19223403930664062
-15.957982665262508,-18.1555233001709
-64.65676531723692,-37.661468505859375
-27.8195558011628,-22.17723274230957
-10.480511156242285,-17.285858154296875
-6.18357684414468,-5.40394401550293
-6.75960002722117,-5.961240768432617
4.4105627388370605,5.855480194091797
5.58846482112586,-0.6905350685119629
-16.8483709423333,-10.9874849319458
16.1850033157246,18.971332550048828
-3.34531377329845,-5.814246654510498
5.893700156574014,4.4871954917907715
2.745769909533195,3.7704038619995117
2.53362859007723,-5.301471710205078
1.0880788430276551,3.1051197052001953
