Score,Pred Score
-13.812973987503693,6.151730537414551
-14.6311710829416,-28.23517417907715
-15.020937907067507,-11.75998306274414
5.61896917638109,10.425336837768555
0.1461877509898399,-3.4777231216430664
3.59745169898486,5.605930328369141
-6.72144892291601,5.473703384399414
4.304204520484877,10.260369300842285
3.37898618824583,3.450704574584961
3.939818822274421,5.392489433288574
13.9953943577381,16.237178802490234
-5.39913759737588,1.870439052581787
-2.204579993178592,-0.9226846694946289
8.829561804598438,9.367738723754883
6.01696699102072,11.282866477966309
-6.376202369524528,-5.022247314453125
-6.50906463316165,-1.2492570877075195
-60.92137282626391,-16.479799270629883
1.99934019108803,2.509524345397949
2.188685633501576,10.543953895568848
4.07090957771029,-2.8156347274780273
0.5211206139658471,2.148005485534668
12.5580583918003,9.089750289916992
3.320229681965675,3.116598129272461
-0.4381862293696001,-2.0314369201660156
0.1752112379752922,-1.9737882614135742
4.123908949931413,1.286909580230713
-14.2382866820043,10.122200012207031
12.966325580978296,10.494915008544922
7.692941411907634,-1.0669660568237305
-62.9031214125763,-20.079965591430664
-5.800670766453999,-4.630397319793701
-11.705366535732304,-6.416495323181152
-4.786538605318405,-3.40576171875
-82.4887013651952,-25.059673309326172
-8.251107402184557,-1.777277946472168
1.61677665352485,-8.772394180297852
-11.916211326129387,-20.908939361572266
-45.634880019414,-17.475027084350586
-0.568998602339841,-1.0659170150756836
-12.147399114840605,-9.930503845214844
-27.4476544011683,-23.783401489257812
-2.306526469902426,-1.7352075576782227
-0.4835459876036119,0.8748846054077148
-8.39479061793487,-7.471732139587402
-46.862925671502296,-24.101364135742188
0.3837795244341289,8.13443660736084
7.184930267876617,5.257585525512695
2.8348518495029404,-0.7651519775390625
-9.859535687586003,8.517549514770508
-6.00025755794808,-19.959606170654297
-4.764629840066975,0.283663272857666
-2.377061578670744,0.8156509399414062
-2.0585753436264698,3.0618839263916016
1.1848602197973823,2.713653564453125
4.97603191479674,3.7572383880615234
4.27399441028646,-4.254337310791016
-46.2372447228831,-26.87445831298828
-31.4759298257721,-16.723186492919922
-50.1674018945849,-21.91625213623047
0.9601515747159592,-1.987898826599121
-11.864177458483407,0.2742443084716797
-0.538262620928304,-6.84918212890625
-0.6920482116816997,-1.0736656188964844
-1.5184696160120892,-6.607916355133057
-3.0836644409391925,-6.957119941711426
11.316750179392892,10.006319999694824
-11.183106529127476,-4.81742525100708
3.59102041590596,-5.837995529174805
4.55602013063716,-3.974987506866455
11.579228393987275,3.6134958267211914
2.3067635611900137,-11.818156242370605
10.480393919522983,6.825416564941406
-2.698100773809443,-13.158549308776855
3.776985072333982,-5.3727827072143555
-11.773766374328297,-12.137968063354492
8.681027307740193,-2.5894031524658203
-1.1091988250418725,-7.533039093017578
4.484288991501213,2.3335914611816406
0.0548896546292299,-0.39899349212646484
0.1118559290339978,-6.224631309509277
3.9797293996962297,-3.764069080352783
-22.42608065327665,-27.538389205932617
7.37064384347005,-7.225798606872559
-0.2642143205483515,-3.7197680473327637
5.344594984386832,-4.45775032043457
-1.2497809936708242,-8.131701469421387
13.71198107208239,-6.837886810302734
0.5045482395984724,-10.016648292541504
2.86709961553106,-9.963638305664062
0.4423212163888063,-2.026224136352539
-3.724573545179619,1.0330843925476074
0.2570808252882703,-9.718547821044922
-70.65073406723695,-31.644702911376953
-33.9587360563784,-17.575321197509766
9.2088386022025,1.6671714782714844
1.3318185914773402,3.33721923828125
-9.176001953270983,-14.429140090942383
-10.497767159210698,-10.05441665649414
-0.4402086584014632,-12.29931640625
2.1560784090827942,-5.013406753540039
-27.1636490162131,-1.0776138305664062
-0.670930828719279,-21.721923828125
-22.794043146736,-26.380521774291992
0.8105828534072201,-13.148580551147461
1.2287673509824204,-6.529566287994385
-0.6435038581465955,-4.717209815979004
8.474782023793379,0.5512990951538086
-9.601847091024196,-3.6696529388427734
-1.6610011043127195,-2.8932652473449707
-0.1091636509260827,-2.275174617767334
7.570838092245207,-2.0943427085876465
-7.211196994815285,-26.742412567138672
9.090654061652296,-5.1722869873046875
-26.6651088566214,-6.8475799560546875
-17.309192174305,-2.244992733001709
4.14054171285972,-3.9168033599853516
4.097668935846943,9.80229663848877
-0.29408409265346,-11.025883674621582
-35.8165916579592,-20.534025192260742
10.898098675545494,1.8260421752929688
-1.6552655274048038,-1.548325538635254
1.6729502580778592,-18.179841995239258
-6.42491227706334,-14.531113624572754
-15.4752611754195,-17.480487823486328
-0.6907348474047925,-1.3950104713439941
-21.3629045873375,-20.549942016601562
4.219145585451182,-7.682312488555908
-3.019531285218114,-0.9192256927490234
4.25311060075082,-2.481553077697754
-15.0412339008878,3.92690372467041
-8.237627320974727,-15.810999870300293
-1.0683487237199796,-2.6844844818115234
-1.7174251595272625,-7.394522666931152
4.069163600073605,-4.577338695526123
-10.162041561092582,-24.44880485534668
-5.97248436581227,-5.359243869781494
6.120538767403939,1.6216058731079102
-0.8028238008287005,-18.239398956298828
-23.6042929930625,-23.486003875732422
-0.1777753404752198,1.3220176696777344
-5.785469568057495,-23.4940128326416
-0.0556983764780604,-0.01776409149169922
-25.4508968849616,2.617690086364746
-5.3185412482723295,-1.641362190246582
9.1356503291117,6.830854415893555
4.020569536845237,9.04312515258789
-58.5527340809363,-8.478646278381348
-6.291328737399075,2.0469980239868164
4.187869588752649,2.2377357482910156
8.922207576391518,-2.3225436210632324
22.7414116448382,12.1580810546875
-44.6057608529879,-24.365692138671875
-26.5129077898497,-7.792541980743408
-2.13735826282737,1.0521697998046875
-1.14890133483728,10.551582336425781
-15.2234416939723,0.799199104309082
0.369316059642221,-1.1222591400146484
-0.6884117876070912,-11.498568534851074
-5.8772631055401,-2.884371757507324
3.6053774296538297,-8.151966094970703
5.07108724357905,-1.9533333778381348
1.292753014965791,7.529203414916992
8.440986836263871,0.3151218891143799
-3.43040335892423,-3.1059722900390625
0.7651079053562314,-1.2186107635498047
-37.13962469223695,-17.216594696044922
-5.822632503482525,-0.943328857421875
-6.879472048396067,-6.869894981384277
2.11024229353816,3.512244701385498
-7.1526743450051855,-5.460962772369385
-1.122073026503361,1.2453093528747559
0.3302260274555297,5.342424392700195
-1.178255647098801,8.081955909729004
-2.99361591491145,2.124826431274414
-18.1070051290659,-10.04450798034668
-3.0332808194811403,8.356645584106445
2.6303171850506604,-4.029367446899414
-9.72499716390718,4.800339698791504
0.2729453578388601,-6.667140007019043
-21.4503408223732,-10.97640609741211
-4.99755531471552,-4.1235504150390625
-18.0018409950579,-19.81208038330078
4.00031385473591,4.939425468444824
12.0378145652987,11.766073226928711
14.1235470599023,-8.605244636535645
6.55729051148795,3.38519287109375
11.19992297656359,9.378301620483398
-7.81388191369781,-7.580686569213867
-2.924593214648255,-1.8090143203735352
3.7667366885646025,-6.6516313552856445
-6.68253431604433,-5.1035075187683105
0.7345204104922589,0.7164275646209717
-10.626155896203898,-7.83312463760376
8.106852576346123,4.146154403686523
-58.24412469223692,-29.230731964111328
1.4955767028094,-0.0930943489074707
-17.6906096863185,-27.703969955444336
-4.813871520282443,5.961389541625977
-11.8973420493851,-6.911720275878906
-2.67676896274171,-5.1684417724609375
-3.9331393974605526,-2.3398475646972656
8.756217929094177,2.790165901184082
-29.2662792150344,-8.73013687133789
1.7249239205326918,-6.862183570861816
-6.686975812883663,-23.29334259033203
11.10272802991041,4.96379280090332
-10.956818171714705,-13.11861801147461
-6.3500959185649,-20.558170318603516
0.6681105368389735,4.346704483032227
-12.500029270357295,-19.79443359375
-2.591242863373206,-4.154773712158203
5.954690473588823,-1.1203088760375977
-43.929359067237,-24.400306701660156
-17.4841411730512,-14.762776374816895
3.61441892535489,-3.667120933532715
2.1112971208509976,-12.231086730957031
-41.8026500314277,-34.654945373535156
7.028135642932115,3.2511253356933594
8.463248256721428,-2.554840087890625
-13.037072413777096,-11.772384643554688
-1.6307504375632549,-0.46965742111206055
-0.3284521577656807,0.2570829391479492
0.4685622181175212,-4.890052795410156
-5.316952415477393,0.40788745880126953
4.584421564331302,-11.77845573425293
-20.3593816575191,-16.11205291748047
3.67041582610247,-6.746392250061035
2.204062447972561,-5.08065938949585
-4.666937653128132,-7.043066024780273
-12.3781694316975,-10.352144241333008
7.06923762363823,-9.902963638305664
-37.2883298194418,-18.924819946289062
6.442434166934048,5.139962196350098
-12.2162083245621,-10.980476379394531
-20.3623076046531,-9.622835159301758
-5.45440876641342,-5.9455156326293945
3.1416241584890576,-2.921586036682129
-4.96580172718434,-9.099517822265625
-37.4061766871973,-23.321666717529297
6.46185690649625,-5.587497711181641
0.5403453062071405,-1.3263368606567383
8.656689402528613,4.964628219604492
12.331931266595111,7.512409210205078
2.75380173901167,-6.322699546813965
-2.8447496930443927,1.904928207397461
0.0285872237409883,-13.511445999145508
-73.5286754265322,-5.243316650390625
7.285509446842615,-6.478098392486572
6.72046542688671,-1.6299233436584473
-6.19730890695259,-4.871124267578125
-16.4599719883519,-13.41363525390625
-10.288292260688207,-1.3624563217163086
-10.285920522724917,-17.40000343322754
-30.8171784242839,-6.586508750915527
-4.65691689928222,-16.396621704101562
-37.1716279374795,-13.761527061462402
-36.50577458359941,-8.095005989074707
0.7942566624333496,-9.928922653198242
-34.8552692363716,-6.886127471923828
-2.491707941339629,-12.449010848999023
1.7387039934851498,5.869695663452148
18.9715733525152,5.860454559326172
-13.8996269060666,-7.114887237548828
4.17561229224804,-4.291330337524414
4.7680640763497,-10.909628868103027
-6.745372906074374,-4.168893814086914
7.262818938793504,-4.370099067687988
-55.7541546140486,-25.00222396850586
8.453421074249384,6.199883460998535
-5.85807143580148,-1.1487913131713867
-52.7336020518746,-28.003217697143555
-1.995826789875676,-3.0878372192382812
-1.3326443092463092,-30.542762756347656
5.029017096161708,-4.588662147521973
-0.71117494174041,-0.8764352798461914
8.243548509216069,8.878946304321289
5.81602235619721,-3.4570298194885254
5.978124919049687,-7.354879856109619
-2.8859593337581737,-2.915098190307617
-26.0047332498617,-24.98866081237793
-1.5220929784942658,-13.838516235351562
-3.195242757261453,0.6226205825805664
-15.0089303719363,-13.01766300201416
-1.757118944268968,-30.47905921936035
-13.5091075877696,-12.85513973236084
-4.0681667574955,-2.3282723426818848
4.43276114617859,-3.594846725463867
-4.665207913971671,-7.616772651672363
7.33919324558513,-2.9863414764404297
-11.69780882660921,-12.537460327148438
5.960801203295765,-3.530064105987549
-29.9162730471743,-24.949161529541016
-5.331847529263395,-9.342331886291504
-40.7258600860177,-6.137296676635742
-35.3994683825842,-17.430381774902344
-10.968565079401992,-16.794984817504883
15.384553292915324,-31.837881088256836
-0.4271227388875901,-1.6215639114379883
-7.69948364751984,-7.542082786560059
-26.6822467124322,-26.452001571655273
-0.2823200449385875,-13.452256202697754
-3.8453528225106623,-16.984264373779297
-2.4599041427842496,4.627790451049805
-12.7315114055493,-10.855530738830566
1.418014053180695,-10.376137733459473
-3.4922781726655696,-10.71918773651123
9.58062385928767,-6.920681476593018
-17.5801214502402,-23.607149124145508
-49.5120706514507,-28.862136840820312
-0.4503474699443348,4.692836761474609
2.332279780348585,-3.6517090797424316
-42.2483635713802,-35.502845764160156
-5.00028834575103,-9.34619426727295
-5.14141487663266,-11.752458572387695
-19.923371510770203,-2.371649742126465
4.28301459624688,-3.3130078315734863
0.3224388648416145,-10.543774604797363
6.795393661635613,8.56353759765625
6.720388221210122,5.882684707641602
-20.7558388881914,-2.082723617553711
-12.5922662394529,-7.430694580078125
-5.19085420781142,-0.8322200775146484
-27.3858072066324,-11.0193452835083
6.488490212037078,10.862268447875977
-12.5233171201947,-12.375426292419434
0.996650643215182,-7.643659591674805
3.27144637329635,0.9349937438964844
1.203208947199059,-6.727937698364258
4.5031585012656095,2.1326122283935547
-46.6686841099013,-22.364707946777344
3.600655729290548,-4.419430255889893
-2.7077151362496297,-14.462835311889648
-42.936846127142296,-23.204853057861328
2.679404112105611,2.7418441772460938
-23.975827854410426,-16.654150009155273
-24.4869919201538,-16.211027145385742
-6.22433036882608,-2.840970993041992
-24.992167376126925,-10.348024368286133
-9.742168339465294,-2.6530532836914062
0.1235817830644999,0.21322250366210938
-11.607028837624,1.1742839813232422
5.321680837772678,-2.4708614349365234
3.3452637215970498,12.702292442321777
13.015759276594096,5.640308856964111
-6.13466459150186,-5.541875839233398
3.0897024917955025,-1.6238446235656738
3.557691046156,5.3381500244140625
2.0008593011464906,-6.212269306182861
-1.2671721747064446,-23.433725357055664
-2.989164004622407,-22.189712524414062
-2.43808381047612,-7.171808242797852
-11.30813578108209,-1.1166725158691406
-9.619042312244815,-9.430490493774414
-4.01456885639382,-5.894679069519043
-4.853312003098937,-26.018657684326172
2.78743688363977,0.16687870025634766
3.6035536346157695,-4.356305122375488
6.09033976794457,9.728011131286621
-5.89266438028177,0.06430435180664062
4.780848076735348,-1.4803094863891602
-20.7592210135025,-17.50879669189453
-3.637071869773312,-9.723562240600586
-4.396710286499547,1.2519149780273438
9.04709717330502,-16.708663940429688
1.69213972357191,2.537525177001953
-27.068723822751306,-10.40793228149414
0.2886204877907422,-0.25743865966796875
-0.592182005541919,-26.20943832397461
-4.736229867816737,4.893228530883789
7.877641553655238,4.216496467590332
-2.588665914009158,-0.7812509536743164
4.72846919446815,-8.720662117004395
3.42669038506664,-2.030688762664795
-10.274169876330886,-6.4014482498168945
-1.289264920121349,-3.4785876274108887
-6.9648772325347394,-6.626459121704102
-1.2236747050651609,3.7441463470458984
-12.208208404490907,-22.198122024536133
4.40921359309415,11.458698272705078
16.4171583068458,11.155049324035645
-15.991582533821994,4.812967300415039
7.809600001042748,6.406924724578857
-3.0331069492891496,-7.079061508178711
2.603164662477901,-6.683300971984863
-24.2572199033326,-6.982113838195801
13.667582002208905,15.590579986572266
8.19307228691883,-8.12439250946045
0.4664503305112299,1.825143814086914
-6.46133524603972,-7.858974456787109
-19.7520332208299,-11.327651023864746
-7.75971004909346,-1.1653265953063965
7.66334596528203,-1.5127878189086914
-27.64770126959135,-6.9274444580078125
2.125547882163602,-0.2351970672607422
-1.8239337240231768,1.4546804428100586
3.3696784995100426,-2.3581247329711914
5.265272900492549,-6.019968509674072
6.753311816554961,-0.7863693237304688
0.9434331950199416,0.07880973815917969
2.13745295521649,-0.2195878028869629
2.76912169862866,-5.468097686767578
2.409764321136161,0.36501550674438477
3.7606671418030695,-3.7473554611206055
0.555665600488549,1.357163429260254
-89.04756219223692,-18.657108306884766
6.987950206462267,-0.4739699363708496
-10.09410467002709,-20.314905166625977
8.16191414696451,3.9323782920837402
-10.731303688850904,-8.203922271728516
7.588764503474316,3.961920738220215
-5.25293160621848,-3.0537004470825195
2.3065604778561424,10.308910369873047
-3.8022266666193874,-12.736980438232422
3.22816419080692,-1.1247787475585938
1.1941842843275,10.846902847290039
9.772192422094813,-16.390634536743164
-2.489313079893845,0.34900665283203125
-13.547300817594484,-16.886564254760742
-1.5403494549472296,0.5926113128662109
-5.139364658294922,-4.085852146148682
-1.32131943338233,-2.603494167327881
-0.5284321769112605,1.992452621459961
0.1119561526876595,-0.33077239990234375
14.8508222506114,7.885552406311035
-0.0918051514147744,0.12777996063232422
-1.7237618714553775,0.8651161193847656
-1.5699354762224491,3.195437431335449
1.5718362711845366,2.9098167419433594
3.58036180553514,2.2660040855407715
7.45084701577923,-7.016613960266113
-7.378812419643663,-1.1864967346191406
-33.1832620874725,-21.295440673828125
-6.066411004621831,4.55229377746582
-16.4910721624856,-10.663454055786133
0.8267526169764301,-0.2671060562133789
-9.762453719841735,-24.568317413330078
8.07102955700163,11.799919128417969
1.741670982094262,1.376791000366211
-0.0053525606393112,-2.1243624687194824
-51.4043293278057,-15.749584197998047
14.9415296965116,18.70193099975586
8.70853787657841,-3.4619174003601074
-2.149900469098629,-10.542570114135742
14.8229623836697,9.254772186279297
-0.0379657812584102,9.546369552612305
-15.3173389528898,-0.32045459747314453
-1.7663441991754285,5.3108015060424805
-6.708306328674888,-2.022435188293457
-78.7451798053926,-27.70996856689453
-0.5413656534735456,-7.064815521240234
9.625121597198186,-7.181644439697266
-3.15562863494722,-2.6257104873657227
9.60447820177431,2.599095344543457
-3.31847606547329,-7.342224597930908
-4.12581810820042,-3.3951263427734375
1.7706121017107803,-3.266511917114258
0.5117341060036625,-6.349125862121582
2.63157412115867,-0.5037326812744141
-4.763634360062484,-11.784751892089844
-11.18181257464061,-3.194136619567871
-39.4932668903457,-13.690503120422363
9.206200380526292,-3.2505927085876465
-2.93911844531118,2.796048641204834
-28.13472322157985,-14.691764831542969
9.62907409316032,-4.280721664428711
-7.042636248773623,-13.41906452178955
-4.03025121975644,-1.337357521057129
3.42951329804928,3.226902961730957
2.5565427438131976,-5.963796615600586
2.8513084033656,4.393260955810547
-5.5623675139736175,-12.239110946655273
16.9968892380515,8.415897369384766
-4.144685584269085,-0.6390399932861328
-11.221818720505304,-8.717297554016113
-2.111656589218961,-7.545835971832275
-1.626797120535592,-6.076868057250977
0.7652624054000594,-0.6442575454711914
-21.5531296050118,-22.97734260559082
-13.053772031257305,-12.80643081665039
5.42509465390903,-3.474520683288574
-5.5186956836840375,-11.36538314819336
-2.260381023139061,1.0016860961914062
-30.3377383335249,-20.212074279785156
7.380729755239978,-0.30678367614746094
-4.172986764275874,-9.086699485778809
-1.2036514942358316,5.846838474273682
-35.2906329121599,-17.599365234375
-2.54595208771381,-19.223621368408203
-10.901275449743116,-4.239229679107666
-17.0078420331655,-22.887420654296875
-17.0314498829154,-9.595695495605469
-11.9784507557909,-9.535934448242188
-19.469018973061075,-18.24586296081543
-3.2142130797467816,2.4324655532836914
-0.5663484394051013,1.686203956604004
-21.2195468929047,-10.60127067565918
8.077984978184695,-1.843557357788086
-17.0119321722455,-12.048458099365234
4.67424026120176,5.22365665435791
-47.9875704511971,-22.59180450439453
4.316615136301563,-4.5612945556640625
11.2728180991378,2.446208953857422
-3.5546157663424616,-23.834386825561523
-3.15887949932979,-15.40355396270752
-1.6422791314174887,3.099458694458008
-3.448025235667948,-25.170684814453125
-13.5632540546311,-24.67380142211914
0.8825935384285006,-5.796561241149902
3.27100049685324,-6.007983207702637
-0.7762273913233743,6.475191116333008
1.026942322157092,3.8293752670288086
9.859104788483815,1.1217169761657715
-1.9977872313530125,-4.836251258850098
-13.1809903671301,0.044712066650390625
-35.1782981083837,-21.335702896118164
-35.8337806803641,-11.103680610656738
-7.639409008216227,2.7756805419921875
-15.746453943284,-18.30284309387207
1.055995951979529,4.682248115539551
3.987299411465438,-5.3947906494140625
-37.0930621901092,-4.803516387939453
16.694612728237402,-3.3866024017333984
-4.527979888097892,-9.402702331542969
14.6352674345898,-8.982645988464355
5.034618319433818,2.3663291931152344
-3.77133000272187,-4.14399528503418
-1.61504571199055,0.7244806289672852
-56.3663437951974,-17.946853637695312
10.088450856398616,-2.4781017303466797
-14.285610883283098,-19.22653579711914
2.6210618799141923,3.4779834747314453
-2.308732762121495,-8.516363143920898
-83.9761260280997,-18.0854434967041
-1.03656181464744,0.4011673927307129
10.16232173056559,7.85268497467041
-3.12013961477547,8.420757293701172
3.010752586641185,-1.9773225784301758
-1.5178355576616795,-0.12893104553222656
-2.60072537807549,1.6219534873962402
-2.367312137177082,-10.92465591430664
6.075310726130807,10.367542266845703
2.24572304437811,2.1601085662841797
0.2044267191685782,2.2731895446777344
3.85944773684647,10.605026245117188
-14.409506408843407,-7.7600998878479
-2.683955047842884,7.036313056945801
-0.0075038478591599,-6.131908893585205
7.190050317883171,9.458674430847168
-2.1691769605730515,-1.3269262313842773
-7.910003358009165,0.3129739761352539
-69.1366966634013,-20.825824737548828
1.437241653553571,-7.2550048828125
-20.7409218490905,-6.988649368286133
3.78247800369874,5.373553276062012
7.909526276907584,-1.8426933288574219
6.097122298913325,-12.319140434265137
24.5800902168924,14.21230697631836
-9.979741434164584,-14.093515396118164
3.1327986373042376,-0.05066394805908203
-8.393586343504198,5.299585342407227
8.678125432705007,1.846613883972168
20.7428439693387,-9.731725692749023
-1.511416195100045,-18.949480056762695
-23.3725501337939,-1.5915117263793945
4.69437535963172,1.4705190658569336
8.24149319055937,-1.314115047454834
-0.2898522089969393,-1.6451616287231445
-7.19378137939456,-7.89021110534668
1.0271109700113177,-0.282958984375
-14.564555056626377,-9.956960678100586
-9.657849716236,-19.787155151367188
-0.7280966227290082,-3.716740608215332
-21.8962191024866,-7.6734514236450195
-40.2614734397264,-19.497905731201172
-1.77750068778882,1.5619850158691406
-28.3488859938485,-13.739433288574219
-8.184373188662292,-28.581863403320312
-6.135426654744688,-14.211642265319824
-3.270422191581055,-10.187722206115723
-6.055427015859325,-6.540081024169922
-34.3143130117107,-21.98320770263672
-50.4820483838523,-20.936817169189453
-4.639593570653838,-5.853899955749512
-21.0606958753072,-15.853611946105957
8.747205755218493,7.639264106750488
0.6884341878779402,-6.064265251159668
0.300408103033295,-9.328075408935547
-2.6184282494780104,-0.5193891525268555
-37.3999740396079,-19.890613555908203
-10.594900847222812,-22.826812744140625
-23.227454082363305,-23.57469940185547
-15.4814292943448,-11.895082473754883
-6.89310310865277,-6.197020530700684
-11.7962452523223,-7.086874008178711
-0.3887710448227697,-5.6775617599487305
-4.0896099478500325,6.111806869506836
-42.6579269422049,-28.51766586303711
-2.095241650043551,-4.788819789886475
8.45389840526827,-3.2577991485595703
-15.5157954828953,-19.513412475585938
-1.9802660997523944,-5.407337188720703
1.8368511005450223,-12.436676025390625
2.11900133622217,7.457812309265137
-38.4962238749225,-20.315969467163086
0.8069046214032297,-7.271732330322266
-1.73607437190069,-9.52383804321289
-8.46093254820262,-4.3763556480407715
-0.0780407432645869,-1.0628814697265625
5.009535132419683,-0.5868396759033203
-74.9399761386801,-26.85787010192871
2.806732553915905,-5.340004920959473
-10.415057364934407,-3.6788599491119385
-4.81834176383161,7.546663284301758
-1.4920816076829602,-4.416693687438965
-0.003939288658445,6.1822919845581055
5.86288473591452,-7.372185707092285
0.4443344011282492,-1.3469486236572266
5.72263802046558,-0.07018375396728516
5.46583466116103,-12.355852127075195
5.05355462238675,-5.521474838256836
-17.190033530139498,3.518528938293457
-10.1192188918475,-4.020977973937988
-10.539071528779305,-4.357518196105957
0.2492257167476033,-0.6738719940185547
5.35198813185094,-3.281576156616211
14.9823899147147,8.359886169433594
1.7336328627834918,-4.599797248840332
3.2582764286422226,-4.457193374633789
1.1615369027166365,-3.4863662719726562
-42.4099588259267,-21.54608154296875
-38.7823663998969,-16.01223373413086
7.99575647038201,-5.393228054046631
11.644495901203598,-3.195345878601074
-39.0956747424042,-3.9969019889831543
-38.6438610292767,-23.484703063964844
-40.5029244010595,-23.955821990966797
-22.8644313188967,-5.798855781555176
-0.897066728281827,-9.569753646850586
-17.6830733389949,-5.043785095214844
-0.0084306638066775,-10.156919479370117
0.5394390329931549,-7.021200656890869
-21.61387508166409,-26.73188591003418
5.053393098685065,-9.61975383758545
-15.7834934865799,-15.888151168823242
-58.40351531723695,-34.59679412841797
8.86280218600469,0.7015862464904785
1.888243484494037,-11.98647403717041
8.99923705482913,-10.983696937561035
4.133325903305868,-4.7291035652160645
4.774357664359128,-9.291894912719727
7.418770080750715,-13.654293060302734
-2.25262466719878,2.035475730895996
-7.071587649042333,-13.374750137329102
4.398742241377427,-2.880631446838379
-8.692928400841772,-4.027245044708252
2.334382802629,-12.915422439575195
2.8274240704709,-7.652732849121094
2.1747311895065486,-2.778653144836426
-11.9965988914421,-11.224435806274414
2.776867734737273,-18.506893157958984
-12.4595255596924,-4.659272193908691
18.5317724911246,0.3489046096801758
6.86106163750481,-6.621072769165039
-19.1693792779686,-6.445568561553955
-4.20883890972707,-8.378366470336914
-0.3530077955256401,-16.53875732421875
-1.6020246929696491,-33.521244049072266
-7.57557880794988,-18.12109375
13.9692836454661,-5.732023239135742
1.289294757415069,-7.5056257247924805
-20.3746494688195,-32.18492889404297
-8.044482691931467,-10.122743606567383
2.51340467963473,-16.199201583862305
11.0282847349576,0.7568049430847168
-1.3944922949507652,-7.875131607055664
-26.2706781913698,-25.18478775024414
-71.7765711158932,-34.29329299926758
-44.2857422252861,-26.564111709594727
-3.057699221935841,-4.098354339599609
10.116767222520318,1.1105117797851562
-46.9980356488569,-38.70716094970703
-8.677497573270493,-5.978627681732178
-25.781275563237,-7.686321258544922
-2.941164138388841,-5.762655735015869
-26.5692742661385,-18.475021362304688
1.2555345380058751,-16.302125930786133
-0.810306898238276,-10.863428115844727
0.2404076931068699,-17.307506561279297
-2.5590885431480426,-10.703967094421387
-11.9846830308257,-20.37253189086914
-5.775806690181939,-7.112130165100098
1.9806048133258944,-31.578495025634766
16.618750626525,-0.22801518440246582
8.204494762209066,-15.903145790100098
6.80321923705408,-3.8244552612304688
11.710679650337616,-7.521971702575684
3.181253849239128,-10.20877742767334
0.90894434552881,-3.011768341064453
3.547124544521316,-29.522245407104492
-2.202886656443709,-10.201374053955078
-11.133669865203094,-16.862966537475586
9.328533024448705,-21.79637908935547
-0.7012610501602399,-6.335087776184082
-0.3170472839931941,1.106276512145996
-2.3458288386735573,-5.691789150238037
-26.1191329979098,-16.61751365661621
-2.33292598982445,-8.56976318359375
2.461922216333884,10.144914627075195
3.73205068567752,2.3428940773010254
-22.4462583852743,-20.98380470275879
16.899113604615202,5.661048889160156
-2.85382252753121,-5.355933666229248
1.2705701336207027,-7.029138565063477
7.960789166364423,6.124903202056885
2.71808902854303,-8.251797676086426
5.5273920092716775,-24.046188354492188
-4.11149235653684,-22.621257781982422
-20.9676231329802,-4.789429664611816
-0.89184437235696,-5.97188138961792
-1.2816619609782416,-11.41683578491211
4.85634828411675,-3.323486804962158
6.429854346358795,0.27249813079833984
4.71112087372323,-11.513422012329102
-30.7199022255615,-11.639089584350586
-3.8590388668775,-5.99477481842041
-10.6557437737239,-2.5692672729492188
-13.4460672849668,-22.733558654785156
-5.527709296795018,-3.0666723251342773
-1.876637029070265,-5.87494421005249
10.2532613363299,4.295855522155762
3.00680128293027,-3.097278118133545
19.33685959748449,5.153266906738281
-0.1058882282985149,-3.577890396118164
14.3436638764016,4.562763214111328
-16.1535771788668,-23.572067260742188
0.9480162028997956,2.043924331665039
-18.5891767455387,-23.046316146850586
13.309934514349203,5.685885906219482
6.02246857213521,-2.1953372955322266
5.16750826555368,-4.719845294952393
-1.0190872666435924,-4.039214134216309
-19.100904418149,-11.506477355957031
4.743603615290096,-7.488272666931152
-13.8157551615103,-18.125802993774414
-3.802611775309477,6.837385177612305
4.30511943579503,-3.8850655555725098
-22.482844278002705,-20.93535041809082
0.60779733849738,-5.0500569343566895
17.8138573048897,4.4560699462890625
-38.4626262988146,-14.905097007751465
-0.6089836493556324,0.13857555389404297
0.8617451361473882,-1.6212663650512695
-2.40000424902785,-3.677554130554199
3.7078671714499096,-5.903404712677002
-2.390619984667185,-3.2409229278564453
-15.559462368784592,-9.89527702331543
-13.790764753514,-2.415668487548828
-9.325981865786185,-16.41792869567871
-58.4491138315396,-27.87618637084961
9.550892694239591,7.220530033111572
4.435147085081137,6.8780517578125
-2.3538192484503564,-5.751628875732422
-5.83438093189622,-8.116127967834473
-7.10827059552493,-9.942956924438477
-12.414939844598162,-0.20441818237304688
6.6154810826822,2.743527889251709
1.3155747227446202,-0.5043115615844727
-2.56542276271332,-1.9003729820251465
-13.546032832554804,2.516582489013672
-16.600339428286603,-8.44115924835205
2.9737175212081803,-0.9295024871826172
6.167862854629888,2.361196517944336
-40.922076323723,-26.52789306640625
16.9349100756105,7.478477954864502
-12.24911226903676,-10.742191314697266
4.867927463076468,-1.703871726989746
-21.6327950573002,-13.651649475097656
7.11033993521173,12.515310287475586
-9.59094984812801,-21.51866912841797
4.92186081619874,3.728032112121582
-7.815562497274902,6.661069869995117
-2.20364176327536,-1.4918828010559082
-19.6754058911438,-22.645517349243164
-91.8886792382854,-7.992465496063232
-20.9507978903398,-22.569982528686523
-17.8084408175675,-9.301719665527344
-62.9612541332419,-24.24822425842285
5.598134989920393,11.30211067199707
-7.283890318199592,-4.885101795196533
6.1026124307435,8.008570671081543
7.42840635595139,9.867517471313477
-5.179391847578812,-7.698487281799316
-4.873152982370568,-7.800981521606445
7.276768036701751,3.7819080352783203
-10.739322929783883,1.2226295471191406
-22.9219832537164,-21.065523147583008
1.5259403537211615,6.505772590637207
-44.7886924625105,-20.28119659423828
-3.72583443525641,0.16115379333496094
-14.57002364123529,-23.969079971313477
-10.128266274366498,-11.595548629760742
-28.0249952668106,-17.017417907714844
-26.24662901330595,-20.57427406311035
-40.3645652505015,-19.085803985595703
-30.8056950922951,-5.7778778076171875
-3.9552380984537248,3.6602678298950195
-2.1789667599796294,-2.997803211212158
-0.5734820606807138,0.23407745361328125
-1.1617148968623687,-8.390959739685059
3.42848617073407,-3.8929929733276367
-17.4030551064212,-5.757699966430664
3.88109013796494,9.322924613952637
9.400493271217616,13.07619857788086
-11.302161927872188,-8.943618774414062
-13.3709137252944,-13.933385848999023
-6.79658968512302,4.627138137817383
4.509456424718162,11.287128448486328
5.45103123545738,-1.3136157989501953
8.149714042401495,-3.037325859069824
-12.909180343140196,7.747934341430664
-6.61979034735207,1.0531806945800781
11.9978624338519,-3.3406920433044434
-12.53254789251529,0.7531886100769043
-8.36198121766124,-11.118965148925781
-4.361976736345532,-0.6853675842285156
-0.1898191226144924,-10.210225105285645
2.3166834950764685,-0.23924684524536133
-12.6203596574975,-12.370443344116211
-1.207429910073891,3.648949146270752
-29.7403775200217,-6.480444431304932
5.31082796058257,11.875825881958008
2.97844031586002,-4.563551425933838
-12.533050119535002,-12.819662094116211
-5.8684323426223,0.47454357147216797
2.391980620215489,5.802082061767578
7.73570234615748,-10.940196990966797
1.166748445159433,-1.1494593620300293
6.093529951556334,-1.6766743659973145
17.709922444879297,10.15504264831543
11.779516260068313,-2.757521629333496
2.4866177573815964,-1.9406604766845703
-30.89708550466269,-22.180587768554688
-9.231606713935047,-7.715268611907959
-13.4089268865456,-10.96368408203125
-9.06573754635488,-11.470876693725586
9.30630078585379,7.227807998657227
-7.156550033865472,-13.57821273803711
-10.5414716495377,-13.779544830322266
-27.8178569354009,-19.656877517700195
5.3817717725564,3.7321548461914062
-35.155236696245,-23.40190887451172
-21.4141717786538,-29.564434051513672
-2.6053130644292946,6.951571464538574
-9.953220777101093,-17.88149070739746
-8.798237091769485,-13.18820571899414
-27.6920167541674,-12.884957313537598
8.017093587799739,2.855905532836914
-0.3550158381598589,6.126232147216797
-1.19024715514191,-6.465066909790039
-3.2855896341823474,-16.01922035217285
1.844566842421384,-8.226271629333496
-30.7366736665872,-30.421184539794922
-11.338238855350506,-11.12547492980957
-1.059512617215007,-3.9855194091796875
-33.7712071062874,-20.342729568481445
3.812227003524945,3.610814094543457
-2.8472026300298463,-25.88939666748047
-21.5871320482388,-0.28833484649658203
1.845960760756301,-7.422055721282959
9.06213659212517,5.476069450378418
-13.950148061363093,-12.47145938873291
-15.1006814359747,-0.35020923614501953
-8.65496498210776,-7.848544597625732
-31.18852367408345,-16.46738052368164
2.35160533891099,-13.90994644165039
-7.06329362397977,-4.707413196563721
-11.299328727708405,-6.88410758972168
-5.73967918172164,-2.0164146423339844
-4.062121175440552,-3.4393253326416016
3.62056380925444,-2.055389881134033
-6.512385872303066,-34.00938034057617
-17.2817979072755,-26.828754425048828
5.79128728304933,-7.8255767822265625
3.7921116228684086,-5.612199783325195
0.51700222845629,-10.842018127441406
1.0966146270020711,-3.108755111694336
-6.613686761665703,-25.475183486938477
-39.873530292237,-20.692590713500977
-35.0272315856836,-24.84874725341797
0.2475632146873464,4.504519939422607
5.59963570142504,-6.06717586517334
5.29419053806362,-11.660950660705566
6.457932781589695,6.449949264526367
6.4251548431743295,-4.415404796600342
-19.7885249955934,-21.888370513916016
-2.4097304318056905,2.944352149963379
7.543407488617369,4.849442958831787
1.83593808226401,2.7061233520507812
-1.5082203021212124,3.6416845321655273
5.99108205682079,-7.532811641693115
-18.1797235112709,-1.1550254821777344
-12.840088322870097,-21.69546127319336
-2.23616712442702,8.76589584350586
-4.662511414401839,-4.655256271362305
3.41802282280863,-0.17659282684326172
-12.0320822507053,-23.0166015625
-25.9801803981754,-12.668519973754883
-5.97419023328963,2.746335029602051
15.4186986077963,3.841488838195801
4.480465220149085,-7.515262603759766
-13.2363849677504,-20.02228355407715
-9.362863686069195,-11.515035629272461
4.128157012788561,4.214463233947754
2.26767773086615,0.8070297241210938
-24.1634597090208,-27.334720611572266
10.013204486477417,8.330418586730957
-31.934070451053,-6.936113357543945
-22.9515728231767,-0.581397533416748
-11.219410776078313,-12.42863941192627
6.00089213826483,-3.2999014854431152
-28.9638748432599,-18.97494125366211
3.11049964318654,6.813401222229004
-1.073248118887358,-2.0889463424682617
-10.249148139079496,-12.330671310424805
-13.14009076535719,-20.119722366333008
0.7364260970712593,2.62896728515625
-44.9949251983702,-8.75372314453125
-5.159519294761907,-7.60857629776001
1.869241020829697,-14.609808921813965
-55.54568697318505,-26.463947296142578
0.3065104335081801,-1.0410137176513672
-10.386374558578522,5.735304832458496
-3.0345245902191325,2.3418703079223633
-57.144820014625296,-22.93685531616211
2.85060083445348,5.034979820251465
2.446050707651698,2.7471351623535156
5.50221601830175,-10.550516128540039
3.455876052191651,0.039475440979003906
-14.6157572128631,-21.86301040649414
-0.874105623616695,1.637716293334961
-1.378759213278819,2.0094242095947266
1.350733135180331,2.1050829887390137
-1.94666134980912,-5.25969123840332
-3.36735139960915,-1.8260936737060547
0.8319171014720902,3.246169090270996
-40.2101205720394,-6.488343238830566
-24.577379709126298,-20.786216735839844
-18.6292132467089,-7.003517150878906
-46.39510994896701,-12.820189476013184
-2.487076105276776,-5.076836585998535
-4.752960817423343,-12.770158767700195
-0.1160299782726794,-6.22806978225708
-18.5277286275242,-7.666810035705566
-14.1325019191809,-18.289783477783203
10.909208084253878,8.527108192443848
1.30779520720034,13.99591064453125
-5.77436797253085,-2.5025134086608887
3.986867952152618,8.382170677185059
-21.7936206120663,-21.64947509765625
-2.643556292002,-4.281685829162598
11.0853991753379,-15.246641159057617
-12.9397422629832,-11.358882904052734
-0.190891674386513,0.5287876129150391
-6.32558602127377,-1.2153353691101074
5.391699208755202,3.63571834564209
-8.998840630677615,-5.8453049659729
-1.6005087696864486,-0.30428028106689453
7.5482379424635875,8.171582221984863
-7.642910278690365,-10.898544311523438
3.719171936095444,7.089445114135742
-0.8981307679622897,0.28934288024902344
7.06032809637297,2.230030059814453
-3.134999611446543,-5.463810920715332
-5.94174589421185,-5.350796699523926
-17.7883076547542,-24.550722122192383
-25.2381267145584,-22.902294158935547
-27.5445722402187,-19.75297737121582
2.6678241356197647,-5.022704124450684
5.02066543392875,-3.9334678649902344
-1.67197513843126,-28.861812591552734
6.58117049992555,-1.1855053901672363
3.12612254618191,-4.1143951416015625
-2.1147225087047508,-3.9182252883911133
-76.9668504799361,-13.076143264770508
10.11870938841209,-1.6456966400146484
4.755697845162629,-3.397891044616699
16.5479703149859,4.67973518371582
4.001938538520379,-14.312657356262207
-14.1813773041305,-23.584333419799805
0.7709161631446207,-5.706650733947754
-24.2508933717269,-12.779096603393555
-22.3071231538392,-26.110462188720703
7.2595381633228,2.646993637084961
11.555346181601609,8.72695541381836
-26.258782255785,-14.08526611328125
10.3189652047012,-6.030256748199463
0.809697096857583,-3.293071746826172
-18.5255095356289,-29.083518981933594
-1.0680791130593923,-5.378985404968262
-3.5390830989045075,-12.872941017150879
10.468583156479704,4.2382049560546875
-10.613183176373598,-8.557035446166992
-6.40442742836347,4.5980224609375
7.196532980977684,2.9075260162353516
-10.586292641023492,0.5749263763427734
-26.79502671025515,-17.43037223815918
-7.187555808667961,-9.06193733215332
5.4465900456679694,5.193830490112305
3.1988276731025875,-5.711450576782227
7.827394642815597,6.694449424743652
3.887422638441485,3.4766674041748047
-3.41466344580097,-3.314352512359619
2.667044757168528,-3.19223690032959
1.0590749185315824,-0.987614631652832
-3.9965921287470247,-2.3027005195617676
10.982614675109394,0.49155330657958984
0.4076170529080399,-2.9279556274414062
2.71319811317338,-4.175819396972656
8.652061852316729,7.150444507598877
-0.6579761516790089,-6.231642723083496
-51.6773231694491,-22.27749252319336
-2.8325461302865187,-6.240854263305664
2.12749125232924,-24.714204788208008
3.562549470771905,-1.230276107788086
-16.517773128145326,0.9162216186523438
6.874655354673765,19.672779083251953
0.2047767843086013,-1.0052976608276367
-2.698758931910008,-3.1462574005126953
1.8601156760560384,0.4552936553955078
-22.2455703021075,-19.208677291870117
2.4288820651169605,4.526117324829102
-16.8307740899425,4.755206108093262
20.7191486697607,9.535699844360352
-30.7261055182573,-18.811674118041992
-38.4849400567448,-11.800970077514648
-14.3103126367969,-8.633997917175293
0.7860328468455551,1.3976726531982422
-48.3858044800915,-21.04743194580078
-3.21662088766757,-3.9447402954101562
1.675245639565673,-0.33258676528930664
-90.3299705619704,-20.994876861572266
-9.28527551691871,6.734504699707031
-1.2293411329062325,4.934499740600586
-4.534682244798708,-20.333173751831055
-68.1959205924323,-19.04780387878418
-24.5242345195019,-13.223228454589844
-2.77042962989298,1.9560022354125977
3.8009101564042025,7.889444351196289
8.933703319425492,13.137972831726074
-11.341527235964405,-3.8307008743286133
6.71098989067457,11.158679962158203
4.54734483862441,-7.0994977951049805
-5.16341129781556,-9.193771362304688
-49.062306315025,-16.484468460083008
5.26551760771767,0.6856145858764648
3.33951124606136,-7.750152587890625
5.006519903780723,0.2113628387451172
4.05485944970297,0.7871789932250977
2.283405953189745,-2.2624101638793945
-2.66483863280114,-2.419356346130371
12.566471603210276,10.226097106933594
-27.9020155354992,-11.165231704711914
8.88265541550952,4.781728744506836
0.1652887870268324,3.2401390075683594
15.4985727759109,25.049299240112305
9.014890317831036,1.4458422660827637
1.4803529144374856,9.483773231506348
18.1939100849816,23.857376098632812
-2.6304973605131474,-8.727762222290039
-5.493763326806099,1.6462135314941406
-0.6715208179901364,0.8510088920593262
-36.7383193130824,-12.264368057250977
5.062784719364307,3.120370864868164
-12.026803679110706,-17.305349349975586
-3.01321716593974,7.098126411437988
8.35813394800668,6.685544967651367
-3.60075442831331,-7.621288299560547
-9.509135784465323,6.909139633178711
-19.6175855102284,-5.326788425445557
-27.8629509568953,-13.611295700073242
1.74273211890989,-2.1001110076904297
-2.19578977406709,2.4570188522338867
2.42002639701588,3.184645175933838
-25.55316918036869,-7.621965408325195
5.635020609606415,1.5262212753295898
-34.727836669101,-12.099774360656738
4.4516036428765,-2.5621395111083984
4.967381413305823,-0.34844493865966797
-6.81516141534704,-3.509575843811035
-24.3954295810688,-6.673440933227539
8.658679095048068,6.409005165100098
3.7347243087796,-11.84317684173584
-12.909633143366396,-13.700600624084473
-60.49569009623433,-24.013877868652344
-3.790702882666694,-4.020615577697754
-12.41068356063,-7.178918838500977
2.76740193393285,7.985498428344727
-18.9061714872788,-6.141422271728516
-3.681083449701528,-24.222227096557617
8.13893448615947,4.050556182861328
-51.402683514636095,-27.39129066467285
-3.0703466753296,-1.5787467956542969
0.4646043967887734,-9.597906112670898
5.989492839405608,-18.94413185119629
8.833837192566008,8.489317893981934
-26.1965705632023,-5.2773237228393555
0.0804428699766095,-7.264942169189453
10.229168329440906,-4.441459655761719
2.12042655289975,-5.965828895568848
3.88810032819938,-6.013890743255615
-31.515616413872173,-14.794196128845215
2.28163515100639,-6.414547920227051
-9.633163292669298,-16.72944450378418
2.63206586722876,1.5414934158325195
0.3189015990893598,-6.085944175720215
-6.31868596379813,-4.818550109863281
-6.4648984000359935,-11.740814208984375
8.91646092056966,-7.468420028686523
-42.637521131086125,-19.247512817382812
-89.5439156156453,-27.91228675842285
9.179556151687803,-1.087289810180664
8.754663680824095,-3.2506752014160156
0.8838679103249854,-6.841705799102783
4.338369925074482,-4.7894206047058105
-18.23432595343749,-32.26784896850586
6.92534745147092,-1.2185068130493164
-1.768261666543676,-2.9887893199920654
-7.87226820943855,-6.619410514831543
-12.0847368637308,-14.016114234924316
-4.4222229386498375,0.0030765533447265625
6.63109301847755,-3.153225898742676
1.675381804264854,-1.221771240234375
-6.897600670415837,-5.217010021209717
-12.2774867069717,-21.256446838378906
-3.963646539183849,3.3179125785827637
-2.552277046947741,-6.640219211578369
-10.78700495517378,-2.1414661407470703
-6.426376983867103,-4.358358383178711
8.2142562177934,0.5145554542541504
-16.967828162594074,-3.3266401290893555
6.07843040491799,-8.112663269042969
3.08443697315444,-1.870913028717041
-1.3811964732242277,-12.75263786315918
-4.51305804704249,-21.49786376953125
-9.93375477053989,-0.5096950531005859
-0.6581754288220045,-3.018216133117676
-7.952166005584182,-18.647361755371094
-13.563015982384195,-15.398147583007812
-47.9957157156951,-26.335386276245117
4.96190002222477,6.722560882568359
-2.0240269290899,-5.027555465698242
3.47166270740147,0.29855775833129883
-5.2815921348029296,-0.8970308303833008
2.369358494612781,5.182779788970947
-4.214346026907057,-10.90932846069336
-23.8934551543691,-19.550485610961914
-1.0659561461183158,-7.190878868103027
3.126169348435272,-14.284265518188477
2.35164464781062,4.627070426940918
-1.79502295092813,-2.5893688201904297
-15.957982665262508,-17.072298049926758
-64.65676531723692,-27.9873046875
-27.8195558011628,-22.96164894104004
-10.480511156242285,-26.2188663482666
-6.18357684414468,-5.018762588500977
-6.75960002722117,-3.146310806274414
4.4105627388370605,-1.1107044219970703
5.58846482112586,-2.348226547241211
-16.8483709423333,-14.479707717895508
16.1850033157246,2.31833553314209
-3.34531377329845,-5.982807159423828
5.893700156574014,5.267179012298584
2.745769909533195,1.2295780181884766
2.53362859007723,2.1641111373901367
1.0880788430276551,5.508395671844482
