Score,Pred Score
-13.812973987503693,4.6783905029296875
-14.6311710829416,-35.246803283691406
-15.020937907067507,-14.20372486114502
5.61896917638109,7.931821823120117
0.1461877509898399,-7.759871006011963
3.59745169898486,2.6671648025512695
-6.72144892291601,2.493816375732422
4.304204520484877,6.855997085571289
3.37898618824583,1.3787164688110352
3.939818822274421,1.8751602172851562
13.9953943577381,12.066030502319336
-5.39913759737588,2.169597625732422
-2.204579993178592,-5.079312324523926
8.829561804598438,6.127838134765625
6.01696699102072,6.958583831787109
-6.376202369524528,-5.965888977050781
-6.50906463316165,-4.2775654792785645
-60.92137282626391,-21.101390838623047
1.99934019108803,-0.38282251358032227
2.188685633501576,7.196854591369629
4.07090957771029,-5.522132396697998
0.5211206139658471,1.8706722259521484
12.5580583918003,7.487691879272461
3.320229681965675,0.0406498908996582
-0.4381862293696001,-5.471641540527344
0.1752112379752922,-2.0952982902526855
4.123908949931413,-0.9307212829589844
-14.2382866820043,5.718304634094238
12.966325580978296,6.640898704528809
7.692941411907634,-3.7831006050109863
-62.9031214125763,-23.35718536376953
-5.800670766453999,-7.089319705963135
-11.705366535732304,-9.312471389770508
-4.786538605318405,-5.853564739227295
-82.4887013651952,-31.726783752441406
-8.251107402184557,-4.829182147979736
1.61677665352485,-10.551681518554688
-11.916211326129387,-26.8936710357666
-45.634880019414,-24.210552215576172
-0.568998602339841,-3.2147316932678223
-12.147399114840605,-12.8377685546875
-27.4476544011683,-29.173643112182617
-2.306526469902426,-4.127669334411621
-0.4835459876036119,-1.1373071670532227
-8.39479061793487,-10.411050796508789
-46.862925671502296,-29.604692459106445
0.3837795244341289,4.432520866394043
7.184930267876617,2.861250877380371
2.8348518495029404,-5.178112983703613
-9.859535687586003,5.1657867431640625
-6.00025755794808,-25.807270050048828
-4.764629840066975,-1.1367969512939453
-2.377061578670744,-1.9008874893188477
-2.0585753436264698,-0.1796703338623047
1.1848602197973823,0.707275390625
4.97603191479674,2.109743118286133
4.27399441028646,-10.328754425048828
-46.2372447228831,-32.59861373901367
-31.4759298257721,-21.127782821655273
-50.1674018945849,-28.61749267578125
0.9601515747159592,-3.7529964447021484
-11.864177458483407,-1.135361671447754
-0.538262620928304,-8.630973815917969
-0.6920482116816997,-4.271324157714844
-1.5184696160120892,-7.995368003845215
-3.0836644409391925,-11.118988037109375
11.316750179392892,7.344857215881348
-11.183106529127476,-7.969608306884766
3.59102041590596,-9.518560409545898
4.55602013063716,-6.827768325805664
11.579228393987275,1.6591320037841797
2.3067635611900137,-15.818788528442383
10.480393919522983,3.1032257080078125
-2.698100773809443,-17.43987464904785
3.776985072333982,-10.934494018554688
-11.773766374328297,-15.990657806396484
8.681027307740193,-3.683134078979492
-1.1091988250418725,-13.760490417480469
4.484288991501213,-1.3559255599975586
0.0548896546292299,-3.965559959411621
0.1118559290339978,-8.497432708740234
3.9797293996962297,-7.938138008117676
-22.42608065327665,-32.41205978393555
7.37064384347005,-11.436468124389648
-0.2642143205483515,-7.807406902313232
5.344594984386832,-8.656012535095215
-1.2497809936708242,-13.175822257995605
13.71198107208239,-7.929166793823242
0.5045482395984724,-12.630319595336914
2.86709961553106,-14.044260025024414
0.4423212163888063,-5.9975361824035645
-3.724573545179619,-1.0228557586669922
0.2570808252882703,-10.745409965515137
-70.65073406723695,-37.15509796142578
-33.9587360563784,-20.493009567260742
9.2088386022025,0.24629974365234375
1.3318185914773402,-1.485396385192871
-9.176001953270983,-14.943782806396484
-10.497767159210698,-13.035181045532227
-0.4402086584014632,-16.32470703125
2.1560784090827942,-7.748383522033691
-27.1636490162131,-6.229251861572266
-0.670930828719279,-27.505573272705078
-22.794043146736,-31.77458953857422
0.8105828534072201,-17.929058074951172
1.2287673509824204,-12.804771423339844
-0.6435038581465955,-4.388465404510498
8.474782023793379,-3.9766740798950195
-9.601847091024196,-6.03729248046875
-1.6610011043127195,-7.221714019775391
-0.1091636509260827,-3.973402976989746
7.570838092245207,-6.0529398918151855
-7.211196994815285,-32.113956451416016
9.090654061652296,-7.628767013549805
-26.6651088566214,-7.711316108703613
-17.309192174305,-4.474114894866943
4.14054171285972,-7.955937385559082
4.097668935846943,7.977788925170898
-0.29408409265346,-14.102556228637695
-35.8165916579592,-26.425472259521484
10.898098675545494,1.843224048614502
-1.6552655274048038,-1.8347997665405273
1.6729502580778592,-18.9207763671875
-6.42491227706334,-17.3046875
-15.4752611754195,-18.644268035888672
-0.6907348474047925,-4.700751304626465
-21.3629045873375,-21.06768226623535
4.219145585451182,-10.314800262451172
-3.019531285218114,-2.5193214416503906
4.25311060075082,-7.151198387145996
-15.0412339008878,4.056948661804199
-8.237627320974727,-20.558385848999023
-1.0683487237199796,-4.404430866241455
-1.7174251595272625,-8.040027618408203
4.069163600073605,-7.553850173950195
-10.162041561092582,-29.080738067626953
-5.97248436581227,-7.813104629516602
6.120538767403939,-1.1182355880737305
-0.8028238008287005,-23.325733184814453
-23.6042929930625,-28.052852630615234
-0.1777753404752198,0.3330059051513672
-5.785469568057495,-27.855375289916992
-0.0556983764780604,-4.092206001281738
-25.4508968849616,1.5698604583740234
-5.3185412482723295,-4.138828277587891
9.1356503291117,3.1257095336914062
4.020569536845237,6.8338623046875
-58.5527340809363,-10.083171844482422
-6.291328737399075,-0.9335412979125977
4.187869588752649,-0.2410888671875
8.922207576391518,-6.828734397888184
22.7414116448382,10.692367553710938
-44.6057608529879,-28.578163146972656
-26.5129077898497,-10.105701446533203
-2.13735826282737,0.28985023498535156
-1.14890133483728,7.402862548828125
-15.2234416939723,-1.330352783203125
0.369316059642221,-1.6149063110351562
-0.6884117876070912,-13.141509056091309
-5.8772631055401,-4.596343994140625
3.6053774296538297,-8.849510192871094
5.07108724357905,-6.684390068054199
1.292753014965791,6.319358825683594
8.440986836263871,-1.3620057106018066
-3.43040335892423,-5.625682830810547
0.7651079053562314,-3.02200984954834
-37.13962469223695,-22.981891632080078
-5.822632503482525,-2.894804000854492
-6.879472048396067,-8.232074737548828
2.11024229353816,0.592987060546875
-7.1526743450051855,-6.927655220031738
-1.122073026503361,-1.8332996368408203
0.3302260274555297,2.3069210052490234
-1.178255647098801,6.044913291931152
-2.99361591491145,-0.39695262908935547
-18.1070051290659,-12.47398567199707
-3.0332808194811403,4.701754570007324
2.6303171850506604,-4.143251419067383
-9.72499716390718,1.416351318359375
0.2729453578388601,-7.790162086486816
-21.4503408223732,-13.160720825195312
-4.99755531471552,-5.094276428222656
-18.0018409950579,-24.822513580322266
4.00031385473591,1.5795965194702148
12.0378145652987,7.9863739013671875
14.1235470599023,-11.628355979919434
6.55729051148795,2.1562881469726562
11.19992297656359,7.988971710205078
-7.81388191369781,-10.057998657226562
-2.924593214648255,-1.4625072479248047
3.7667366885646025,-7.52769136428833
-6.68253431604433,-6.161391258239746
0.7345204104922589,5.822543621063232
-10.626155896203898,-2.209038734436035
8.106852576346123,5.335879802703857
-58.24412469223692,-22.65715217590332
1.4955767028094,6.3666534423828125
-17.6906096863185,-22.917985916137695
-4.813871520282443,12.315396308898926
-11.8973420493851,-0.5191831588745117
-2.67676896274171,-4.824836730957031
-3.9331393974605526,3.2857656478881836
8.756217929094177,4.583527565002441
-29.2662792150344,-1.4162216186523438
1.7249239205326918,0.7615547180175781
-6.686975812883663,-15.944351196289062
11.10272802991041,11.922914505004883
-10.956818171714705,-7.218103408813477
-6.3500959185649,-16.381349563598633
0.6681105368389735,9.419565200805664
-12.500029270357295,-11.998074531555176
-2.591242863373206,2.3884496688842773
5.954690473588823,4.630427360534668
-43.929359067237,-18.96335220336914
-17.4841411730512,-8.301339149475098
3.61441892535489,2.4927334785461426
2.1112971208509976,-4.078393936157227
-41.8026500314277,-30.712051391601562
7.028135642932115,9.037004470825195
8.463248256721428,3.846673011779785
-13.037072413777096,-5.359139919281006
-1.6307504375632549,5.833254814147949
-0.3284521577656807,6.775007247924805
0.4685622181175212,1.4307689666748047
-5.316952415477393,7.716472625732422
4.584421564331302,-5.813218593597412
-20.3593816575191,-9.12352466583252
3.67041582610247,-1.209299087524414
2.204062447972561,1.1791887283325195
-4.666937653128132,-0.5162034034729004
-12.3781694316975,-3.4253368377685547
7.06923762363823,-4.433630466461182
-37.2883298194418,-12.026442527770996
6.442434166934048,6.575605869293213
-12.2162083245621,-4.325734615325928
-20.3623076046531,-2.4559545516967773
-5.45440876641342,1.078211784362793
3.1416241584890576,4.051299571990967
-4.96580172718434,-1.220536231994629
-37.4061766871973,-17.52828025817871
6.46185690649625,1.2424125671386719
0.5403453062071405,5.528985023498535
8.656689402528613,12.002166748046875
12.331931266595111,14.037139892578125
2.75380173901167,0.3758234977722168
-2.8447496930443927,8.801753044128418
0.0285872237409883,-7.910736560821533
-73.5286754265322,1.9425811767578125
7.285509446842615,0.698826789855957
6.72046542688671,4.3339643478393555
-6.19730890695259,-4.514003753662109
-16.4599719883519,-6.285196781158447
-10.288292260688207,4.990416526794434
-10.285920522724917,-11.781171798706055
-30.8171784242839,0.39199304580688477
-4.65691689928222,-9.068646430969238
-37.1716279374795,-11.777556419372559
-36.50577458359941,-6.524003028869629
0.7942566624333496,-10.516524314880371
-34.8552692363716,-3.3056492805480957
-2.491707941339629,-9.730473518371582
1.7387039934851498,8.159177780151367
18.9715733525152,6.800092697143555
-13.8996269060666,-8.764427185058594
4.17561229224804,-0.8124046325683594
4.7680640763497,-8.103252410888672
-6.745372906074374,-4.746472358703613
7.262818938793504,-4.862006187438965
-55.7541546140486,-25.652511596679688
8.453421074249384,7.750530242919922
-5.85807143580148,-0.5047473907470703
-52.7336020518746,-28.21550750732422
-1.995826789875676,0.19376087188720703
-1.3326443092463092,-31.70172882080078
5.029017096161708,-3.5877556800842285
-0.71117494174041,-0.7722549438476562
8.243548509216069,8.964704513549805
5.81602235619721,-2.2831668853759766
5.978124919049687,-6.778509140014648
-2.8859593337581737,-0.7918004989624023
-26.0047332498617,-26.00900650024414
-1.5220929784942658,-11.061005592346191
-3.195242757261453,0.9229354858398438
-15.0089303719363,-10.443643569946289
-1.757118944268968,-30.64321517944336
-13.5091075877696,-13.076123237609863
-4.0681667574955,-0.1254868507385254
4.43276114617859,-2.8108673095703125
-4.665207913971671,-7.602128028869629
7.33919324558513,-2.3304338455200195
-11.69780882660921,-9.056351661682129
5.960801203295765,-2.3661575317382812
-29.9162730471743,-24.196136474609375
-5.331847529263395,-9.935544967651367
-40.7258600860177,-2.491572380065918
-35.3994683825842,-15.440606117248535
-10.968565079401992,-13.429054260253906
15.384553292915324,-33.11919021606445
-0.4271227388875901,-2.437130928039551
-7.69948364751984,-4.159518241882324
-26.6822467124322,-27.361604690551758
-0.2823200449385875,-12.058816909790039
-3.8453528225106623,-14.966888427734375
-2.4599041427842496,5.241687774658203
-12.7315114055493,-8.753263473510742
1.418014053180695,-10.418424606323242
-3.4922781726655696,-11.134099960327148
9.58062385928767,-5.654262542724609
-17.5801214502402,-22.59951400756836
-49.5120706514507,-27.631078720092773
-0.4503474699443348,7.264104843139648
2.332279780348585,-3.9732131958007812
-42.2483635713802,-36.422706604003906
-5.00028834575103,-7.293889045715332
-5.14141487663266,-11.459762573242188
-19.923371510770203,0.5929503440856934
4.28301459624688,-4.236367702484131
0.3224388648416145,-8.762463569641113
6.795393661635613,7.869453430175781
6.720388221210122,6.133767127990723
-20.7558388881914,-3.75327205657959
-12.5922662394529,-5.699281692504883
-5.19085420781142,-1.318655014038086
-27.3858072066324,-10.275508880615234
6.488490212037078,11.44930648803711
-12.5233171201947,-12.505619049072266
0.996650643215182,-7.5594635009765625
3.27144637329635,0.1880474090576172
1.203208947199059,-6.151646137237549
4.5031585012656095,0.2949485778808594
-46.6686841099013,-23.409221649169922
3.600655729290548,-4.001443386077881
-2.7077151362496297,-13.063687324523926
-42.936846127142296,-24.998205184936523
2.679404112105611,1.7822990417480469
-23.975827854410426,-18.03188705444336
-24.4869919201538,-17.642189025878906
-6.22433036882608,-3.8951549530029297
-24.992167376126925,-8.971138954162598
-9.742168339465294,-2.567765235900879
0.1235817830644999,0.9691624641418457
-11.607028837624,0.6740455627441406
5.321680837772678,-2.7590103149414062
3.3452637215970498,11.229626655578613
13.015759276594096,0.03352069854736328
-6.13466459150186,-5.138675689697266
3.0897024917955025,-1.3942551612854004
3.557691046156,5.841623306274414
2.0008593011464906,-5.810122489929199
-1.2671721747064446,-25.273731231689453
-2.989164004622407,-23.270702362060547
-2.43808381047612,-6.546937942504883
-11.30813578108209,-1.7691965103149414
-9.619042312244815,-10.905725479125977
-4.01456885639382,-6.389275550842285
-4.853312003098937,-27.0252685546875
2.78743688363977,-0.5448312759399414
3.6035536346157695,-5.682981491088867
6.09033976794457,9.096527099609375
-5.89266438028177,-0.0848846435546875
4.780848076735348,-1.604130744934082
-20.7592210135025,-19.771102905273438
-3.637071869773312,-9.795873641967773
-4.396710286499547,0.7055072784423828
9.04709717330502,-16.885929107666016
1.69213972357191,2.3601675033569336
-27.068723822751306,-9.910923957824707
0.2886204877907422,-1.5704402923583984
-0.592182005541919,-27.314712524414062
-4.736229867816737,-1.0656991004943848
7.877641553655238,4.662830352783203
-2.588665914009158,-1.9029788970947266
4.72846919446815,-8.503116607666016
3.42669038506664,-0.8834543228149414
-10.274169876330886,-5.84113883972168
-1.289264920121349,-3.47971248626709
-6.9648772325347394,-5.305006980895996
-1.2236747050651609,3.0291805267333984
-12.208208404490907,-23.611942291259766
4.40921359309415,10.129789352416992
16.4171583068458,10.877464294433594
-15.991582533821994,5.556574821472168
7.809600001042748,7.472635269165039
-3.0331069492891496,-8.94354248046875
2.603164662477901,-3.979086399078369
-24.2572199033326,-4.189372539520264
13.667582002208905,15.469773292541504
8.19307228691883,-5.775821685791016
0.4664503305112299,4.303211212158203
-6.46133524603972,-5.106172561645508
-19.7520332208299,-9.115922927856445
-7.75971004909346,1.6309928894042969
7.66334596528203,1.8382678031921387
-27.64770126959135,-4.4895453453063965
2.125547882163602,1.5531091690063477
-1.8239337240231768,2.4936132431030273
3.3696784995100426,-0.24836015701293945
5.265272900492549,-3.4867172241210938
6.753311816554961,2.1205358505249023
0.9434331950199416,1.6856813430786133
2.13745295521649,3.2880043983459473
2.76912169862866,-6.169506072998047
2.409764321136161,2.784717559814453
3.7606671418030695,-0.9791731834411621
0.555665600488549,3.398127555847168
-89.04756219223692,-15.634683609008789
6.987950206462267,2.968324661254883
-10.09410467002709,-19.374298095703125
8.16191414696451,7.5970001220703125
-10.731303688850904,-4.9639153480529785
7.588764503474316,5.118071556091309
-5.25293160621848,-0.19471073150634766
2.3065604778561424,11.534289360046387
-3.8022266666193874,-9.20508861541748
3.22816419080692,0.07784652709960938
1.1941842843275,12.449167251586914
9.772192422094813,-13.719209671020508
-2.489313079893845,-0.018922805786132812
-13.547300817594484,-16.82048988342285
-1.5403494549472296,2.1598033905029297
-5.139364658294922,-3.6390066146850586
-1.32131943338233,0.17139768600463867
-0.5284321769112605,3.8231611251831055
0.1119561526876595,3.206359386444092
14.8508222506114,9.553199768066406
-0.0918051514147744,3.2404022216796875
-1.7237618714553775,1.9170007705688477
-1.5699354762224491,5.2858991622924805
1.5718362711845366,4.715664863586426
3.58036180553514,5.670071601867676
7.45084701577923,-4.428289413452148
-7.378812419643663,-1.7240982055664062
-33.1832620874725,-19.86566925048828
-6.066411004621831,6.431602478027344
-16.4910721624856,-8.791287422180176
0.8267526169764301,2.053284168243408
-9.762453719841735,-22.725801467895508
8.07102955700163,13.748912811279297
1.741670982094262,2.5726518630981445
-0.0053525606393112,0.13613557815551758
-51.4043293278057,-13.918285369873047
14.9415296965116,18.753623962402344
8.70853787657841,-0.7447524070739746
-2.149900469098629,-8.156702041625977
14.8229623836697,10.979482650756836
-0.0379657812584102,10.385915756225586
-15.3173389528898,0.9291000366210938
-1.7663441991754285,6.400879859924316
-6.708306328674888,-0.8263254165649414
-78.7451798053926,-27.432861328125
-0.5413656534735456,-5.049787521362305
9.625121597198186,-6.511190414428711
-3.15562863494722,-0.6950159072875977
9.60447820177431,3.2499732971191406
-3.31847606547329,-8.56291675567627
-4.12581810820042,-2.3675947189331055
1.7706121017107803,-3.122488021850586
0.5117341060036625,-6.142806053161621
2.63157412115867,0.35553598403930664
-4.763634360062484,-10.281559944152832
-11.18181257464061,-3.096040725708008
-39.4932668903457,-12.312952041625977
9.206200380526292,-2.5370407104492188
-2.93911844531118,2.8226561546325684
-28.13472322157985,-12.614948272705078
9.62907409316032,-2.2789392471313477
-7.042636248773623,-11.342985153198242
-4.03025121975644,-1.3944072723388672
3.42951329804928,3.610240936279297
2.5565427438131976,-5.2933549880981445
2.8513084033656,4.010369300842285
-5.5623675139736175,-10.282036781311035
16.9968892380515,8.582183837890625
-4.144685584269085,-0.8978581428527832
-11.221818720505304,-7.685236930847168
-2.111656589218961,-6.72214412689209
-1.626797120535592,-4.467497825622559
0.7652624054000594,-0.14189910888671875
-21.5531296050118,-23.466358184814453
-13.053772031257305,-11.6220121383667
5.42509465390903,-3.115485191345215
-5.5186956836840375,-9.358940124511719
-2.260381023139061,1.8580694198608398
-30.3377383335249,-19.72986602783203
7.380729755239978,0.3975706100463867
-4.172986764275874,-8.54173469543457
-1.2036514942358316,5.675976753234863
-35.2906329121599,-15.911463737487793
-2.54595208771381,-19.199359893798828
-10.901275449743116,-3.653596878051758
-17.0078420331655,-23.21699333190918
-17.0314498829154,-8.455728530883789
-11.9784507557909,-7.401101112365723
-19.469018973061075,-15.693236351013184
-3.2142130797467816,2.2739315032958984
-0.5663484394051013,2.437376022338867
-21.2195468929047,-9.448953628540039
8.077984978184695,-1.2122182846069336
-17.0119321722455,-10.959573745727539
4.67424026120176,5.6908159255981445
-47.9875704511971,-21.71041488647461
4.316615136301563,-4.798320770263672
11.2728180991378,4.391139984130859
-3.5546157663424616,-24.592355728149414
-3.15887949932979,-13.624593734741211
-1.6422791314174887,3.3008365631103516
-3.448025235667948,-25.232818603515625
-13.5632540546311,-24.53980255126953
0.8825935384285006,-5.025768280029297
3.27100049685324,-5.140153884887695
-0.7762273913233743,6.847324371337891
1.026942322157092,3.419375419616699
9.859104788483815,-2.8632307052612305
-1.9977872313530125,-8.04694938659668
-13.1809903671301,1.1733932495117188
-35.1782981083837,-26.55807113647461
-35.8337806803641,-14.151050567626953
-7.639409008216227,3.7287826538085938
-15.746453943284,-23.114776611328125
1.055995951979529,0.506584644317627
3.987299411465438,-9.277334213256836
-37.0930621901092,-6.57098388671875
16.694612728237402,-7.935737133026123
-4.527979888097892,-12.082901000976562
14.6352674345898,-12.983327865600586
5.034618319433818,-2.775742530822754
-3.77133000272187,-7.1999101638793945
-1.61504571199055,-3.035341262817383
-56.3663437951974,-21.783601760864258
10.088450856398616,-7.307279109954834
-14.285610883283098,-24.994518280029297
2.6210618799141923,-0.9254531860351562
-2.308732762121495,-12.911859512329102
-83.9761260280997,-23.364408493041992
-1.03656181464744,-3.753605365753174
10.16232173056559,2.903778076171875
-3.12013961477547,3.8872127532958984
3.010752586641185,-6.632044792175293
-1.5178355576616795,-4.785094738006592
-2.60072537807549,-3.5627355575561523
-2.367312137177082,-12.622984886169434
6.075310726130807,7.552528381347656
2.24572304437811,-1.1714458465576172
0.2044267191685782,-3.137490749359131
3.85944773684647,5.868302345275879
-14.409506408843407,-10.72801399230957
-2.683955047842884,3.533938407897949
-0.0075038478591599,-11.074091911315918
7.190050317883171,5.086660385131836
-2.1691769605730515,-5.430344581604004
-7.910003358009165,-3.3734493255615234
-69.1366966634013,-27.097698211669922
1.437241653553571,-10.413171768188477
-20.7409218490905,-10.992471694946289
3.78247800369874,1.9217190742492676
7.909526276907584,-7.059987545013428
6.097122298913325,-16.479141235351562
24.5800902168924,9.486512184143066
-9.979741434164584,-18.68474578857422
3.1327986373042376,-4.0705766677856445
-8.393586343504198,-0.2889213562011719
8.678125432705007,-2.9487147331237793
20.7428439693387,-12.550273895263672
-1.511416195100045,-23.887563705444336
-23.3725501337939,-7.286070346832275
4.69437535963172,-3.104412078857422
8.24149319055937,-4.079584121704102
-0.2898522089969393,-6.3599042892456055
-7.19378137939456,-11.536437034606934
1.0271109700113177,-4.94744873046875
-14.564555056626377,-13.368939399719238
-9.657849716236,-26.000587463378906
-0.7280966227290082,-6.566380500793457
-21.8962191024866,-10.925922393798828
-40.2614734397264,-20.881338119506836
-1.77750068778882,-1.4061851501464844
-28.3488859938485,-8.501855850219727
-8.184373188662292,-22.96109962463379
-6.135426654744688,-9.595121383666992
-3.270422191581055,-4.5567779541015625
-6.055427015859325,-1.3596858978271484
-34.3143130117107,-16.69279670715332
-50.4820483838523,-15.756462097167969
-4.639593570653838,-0.602269172668457
-21.0606958753072,-10.897368431091309
8.747205755218493,13.039871215820312
0.6884341878779402,-1.113368034362793
0.300408103033295,-4.3776397705078125
-2.6184282494780104,3.8440628051757812
-37.3999740396079,-15.75320816040039
-10.594900847222812,-17.8974609375
-23.227454082363305,-17.334196090698242
-15.4814292943448,-6.953736782073975
-6.89310310865277,-1.2502822875976562
-11.7962452523223,-1.9667305946350098
-0.3887710448227697,-0.798975944519043
-4.0896099478500325,11.257259368896484
-42.6579269422049,-22.161060333251953
-2.095241650043551,0.005410194396972656
8.45389840526827,1.4574980735778809
-15.5157954828953,-14.113503456115723
-1.9802660997523944,-0.7214059829711914
1.8368511005450223,-7.425653457641602
2.11900133622217,12.196165084838867
-38.4962238749225,-14.738834381103516
0.8069046214032297,-1.661041259765625
-1.73607437190069,-4.574337959289551
-8.46093254820262,0.4170808792114258
-0.0780407432645869,4.389350891113281
5.009535132419683,4.572956085205078
-74.9399761386801,-19.47110366821289
2.806732553915905,-0.0915522575378418
-10.415057364934407,1.2086224555969238
-4.81834176383161,12.039039611816406
-1.4920816076829602,0.6967878341674805
-0.003939288658445,11.408388137817383
5.86288473591452,-2.5256271362304688
0.4443344011282492,3.8712968826293945
5.72263802046558,5.138339042663574
5.46583466116103,-6.368072509765625
5.05355462238675,-0.2677574157714844
-17.190033530139498,8.682047843933105
-10.1192188918475,1.1751766204833984
-10.539071528779305,0.34708690643310547
0.2492257167476033,3.56472110748291
5.35198813185094,2.8792810440063477
14.9823899147147,13.751379013061523
1.7336328627834918,0.7120847702026367
3.2582764286422226,-0.11702919006347656
1.1615369027166365,1.8303337097167969
-42.4099588259267,-16.352439880371094
-38.7823663998969,-10.826499938964844
7.99575647038201,-0.6915225982666016
11.644495901203598,1.5934200286865234
-39.0956747424042,1.8432197570800781
-38.6438610292767,-18.314231872558594
-40.5029244010595,-17.353071212768555
-22.8644313188967,-1.8346848487854004
-0.897066728281827,-4.576352119445801
-17.6830733389949,0.020844459533691406
-0.0084306638066775,-5.608747959136963
0.5394390329931549,-2.119731903076172
-21.61387508166409,-23.626220703125
5.053393098685065,-5.588534355163574
-15.7834934865799,-10.824366569519043
-58.40351531723695,-29.71402931213379
8.86280218600469,1.9836621284484863
1.888243484494037,-8.23000717163086
8.99923705482913,-6.529214382171631
4.133325903305868,-0.7511239051818848
4.774357664359128,-4.0956926345825195
7.418770080750715,-9.79107666015625
-2.25262466719878,6.547794342041016
-7.071587649042333,-8.197062492370605
4.398742241377427,1.2994613647460938
-8.692928400841772,-0.20958948135375977
2.334382802629,-7.792593955993652
2.8274240704709,-2.933529853820801
2.1747311895065486,3.1112356185913086
-11.9965988914421,-7.120333194732666
2.776867734737273,-13.173186302185059
-12.4595255596924,0.9322433471679688
18.5317724911246,4.734165191650391
6.86106163750481,-2.8842363357543945
-19.1693792779686,-2.2691588401794434
-4.20883890972707,-3.68087100982666
-0.3530077955256401,-11.090150833129883
-1.6020246929696491,-29.525997161865234
-7.57557880794988,-14.375123977661133
13.9692836454661,-0.835139274597168
1.289294757415069,-2.9577722549438477
-20.3746494688195,-28.41655731201172
-8.044482691931467,-5.584051132202148
2.51340467963473,-10.792417526245117
11.0282847349576,2.3579819202423096
-1.3944922949507652,-3.210981845855713
-26.2706781913698,-20.45795440673828
-71.7765711158932,-28.612302780151367
-44.2857422252861,-21.376888275146484
-3.057699221935841,-0.3922691345214844
10.116767222520318,5.728567123413086
-46.9980356488569,-36.02877426147461
-8.677497573270493,-0.3614015579223633
-25.781275563237,-3.7325706481933594
-2.941164138388841,-1.7629332542419434
-26.5692742661385,-13.715011596679688
1.2555345380058751,-11.164676666259766
-0.810306898238276,-7.004951477050781
0.2404076931068699,-12.491569519042969
-2.5590885431480426,-6.303378582000732
-11.9846830308257,-16.493471145629883
-5.775806690181939,-3.3817524909973145
1.9806048133258944,-26.818252563476562
16.618750626525,1.3418583869934082
8.204494762209066,-11.462176322937012
6.80321923705408,-0.09921836853027344
11.710679650337616,-2.5063209533691406
3.181253849239128,-5.783329010009766
0.90894434552881,-2.919699192047119
3.547124544521316,-26.04104995727539
-2.202886656443709,-5.7634077072143555
-11.133669865203094,-12.816205978393555
9.328533024448705,-18.187759399414062
-0.7012610501602399,-2.0503244400024414
-0.3170472839931941,4.981175422668457
-2.3458288386735573,-1.1859712600708008
-26.1191329979098,-12.498078346252441
-2.33292598982445,-3.802997589111328
2.461922216333884,14.973447799682617
3.73205068567752,6.5914201736450195
-22.4462583852743,-16.68230628967285
16.899113604615202,10.973793029785156
-2.85382252753121,-0.9629034996032715
1.2705701336207027,-5.617498397827148
7.960789166364423,10.777753829956055
2.71808902854303,-3.918818473815918
5.5273920092716775,-20.325820922851562
-4.11149235653684,-17.429019927978516
-20.9676231329802,-0.5868377685546875
-0.89184437235696,-1.0648837089538574
-1.2816619609782416,-6.467310905456543
4.85634828411675,1.6464338302612305
6.429854346358795,3.9589576721191406
4.71112087372323,-6.672371864318848
-30.7199022255615,-7.851370811462402
-3.8590388668775,-0.4488182067871094
-10.6557437737239,-1.0905952453613281
-13.4460672849668,-19.14501953125
-5.527709296795018,1.2309761047363281
-1.876637029070265,-0.6169004440307617
10.2532613363299,8.159361839294434
3.00680128293027,1.587151050567627
19.33685959748449,7.208477973937988
-0.1058882282985149,0.9128274917602539
14.3436638764016,9.231287002563477
-16.1535771788668,-17.884767532348633
0.9480162028997956,5.925084114074707
-18.5891767455387,-20.174110412597656
13.309934514349203,10.032625198364258
6.02246857213521,2.6590471267700195
5.16750826555368,0.8386650085449219
-1.0190872666435924,0.44216156005859375
-19.100904418149,-7.406560897827148
4.743603615290096,-2.6939868927001953
-13.8157551615103,-13.294401168823242
-3.802611775309477,9.093144416809082
4.30511943579503,0.2570943832397461
-22.482844278002705,-15.704292297363281
0.60779733849738,0.16371631622314453
17.8138573048897,8.938945770263672
-38.4626262988146,-10.188383102416992
-0.6089836493556324,4.678110122680664
0.8617451361473882,2.7220888137817383
-2.40000424902785,0.6988468170166016
3.7078671714499096,-0.6564645767211914
-2.390619984667185,1.3745384216308594
-15.559462368784592,-5.0711350440979
-13.790764753514,2.0425901412963867
-9.325981865786185,-11.522978782653809
-58.4491138315396,-22.829092025756836
9.550892694239591,11.986898422241211
4.435147085081137,11.235544204711914
-2.3538192484503564,-1.850667953491211
-5.83438093189622,-3.652698516845703
-7.10827059552493,-6.033624172210693
-12.414939844598162,3.9562530517578125
6.6154810826822,6.488025665283203
1.3155747227446202,3.553196907043457
-2.56542276271332,-3.7319459915161133
-13.546032832554804,-2.6575775146484375
-16.600339428286603,-12.683713912963867
2.9737175212081803,-7.000088214874268
6.167862854629888,-3.347156524658203
-40.922076323723,-33.23683166503906
16.9349100756105,4.33962345123291
-12.24911226903676,-16.088973999023438
4.867927463076468,-3.4876556396484375
-21.6327950573002,-16.556838989257812
7.11033993521173,6.211438179016113
-9.59094984812801,-27.820072174072266
4.92186081619874,-0.1728053092956543
-7.815562497274902,0.8647031784057617
-2.20364176327536,-5.237864017486572
-19.6754058911438,-29.815765380859375
-91.8886792382854,-11.28544807434082
-20.9507978903398,-29.091707229614258
-17.8084408175675,-13.416069030761719
-62.9612541332419,-30.010326385498047
5.598134989920393,5.0421671867370605
-7.283890318199592,-9.169878005981445
6.1026124307435,2.0865917205810547
7.42840635595139,5.759634017944336
-5.179391847578812,-10.660636901855469
-4.873152982370568,-11.42972183227539
7.276768036701751,0.5374150276184082
-10.739322929783883,-4.827423095703125
-22.9219832537164,-27.774490356445312
1.5259403537211615,3.0953922271728516
-44.7886924625105,-25.729087829589844
-3.72583443525641,-4.996576309204102
-14.57002364123529,-29.670143127441406
-10.128266274366498,-15.39387035369873
-28.0249952668106,-23.27423858642578
-26.24662901330595,-27.566570281982422
-40.3645652505015,-22.584640502929688
-30.8056950922951,-10.412593841552734
-3.9552380984537248,-1.514577865600586
-2.1789667599796294,-6.233850479125977
-0.5734820606807138,-3.0779943466186523
-1.1617148968623687,-12.66440200805664
3.42848617073407,-8.213037490844727
-17.4030551064212,-11.799306869506836
3.88109013796494,3.3576602935791016
9.400493271217616,7.230395317077637
-11.302161927872188,-13.219659805297852
-13.3709137252944,-17.714061737060547
-6.79658968512302,-0.10815906524658203
4.509456424718162,7.153167724609375
5.45103123545738,-6.423703193664551
8.149714042401495,-9.261841773986816
-12.909180343140196,4.183176517486572
-6.61979034735207,-4.298421382904053
11.9978624338519,-8.538824081420898
-12.53254789251529,-3.7093586921691895
-8.36198121766124,-16.13430404663086
-4.361976736345532,-4.820144176483154
-0.1898191226144924,-15.166484832763672
2.3166834950764685,-5.155311107635498
-12.6203596574975,-16.93791961669922
-1.207429910073891,-0.5356416702270508
-29.7403775200217,-11.227415084838867
5.31082796058257,6.169020652770996
2.97844031586002,-6.908870697021484
-12.533050119535002,-15.985910415649414
-5.8684323426223,-2.34613037109375
2.391980620215489,2.221144676208496
7.73570234615748,-14.710918426513672
1.166748445159433,-5.547741413116455
6.093529951556334,-5.281101703643799
17.709922444879297,7.426492691040039
11.779516260068313,-6.6500444412231445
2.4866177573815964,-5.823225021362305
-30.89708550466269,-24.875545501708984
-9.231606713935047,-6.024002552032471
-13.4089268865456,-13.213033676147461
-9.06573754635488,-14.639518737792969
9.30630078585379,4.950735092163086
-7.156550033865472,-16.439268112182617
-10.5414716495377,-15.409565925598145
-27.8178569354009,-22.599143981933594
5.3817717725564,0.4481315612792969
-35.155236696245,-27.90826416015625
-21.4141717786538,-32.34834671020508
-2.6053130644292946,4.0128278732299805
-9.953220777101093,-19.644107818603516
-8.798237091769485,-15.812742233276367
-27.6920167541674,-15.719202995300293
8.017093587799739,-0.4748344421386719
-0.3550158381598589,1.907834529876709
-1.19024715514191,-8.375600814819336
-3.2855896341823474,-17.736705780029297
1.844566842421384,-11.54971694946289
-30.7366736665872,-33.67626190185547
-11.338238855350506,-14.836248397827148
-1.059512617215007,-3.882883071899414
-33.7712071062874,-24.297569274902344
3.812227003524945,0.12288475036621094
-2.8472026300298463,-29.720977783203125
-21.5871320482388,-2.6672587394714355
1.845960760756301,-10.352856636047363
9.06213659212517,1.3811702728271484
-13.950148061363093,-15.972923278808594
-15.1006814359747,-3.464261054992676
-8.65496498210776,-10.52166748046875
-31.18852367408345,-17.08702278137207
2.35160533891099,-17.17453956604004
-7.06329362397977,-8.047004699707031
-11.299328727708405,-9.516742706298828
-5.73967918172164,-4.498467445373535
-4.062121175440552,-6.757901191711426
3.62056380925444,-5.308934688568115
-6.512385872303066,-39.07757568359375
-17.2817979072755,-30.411029815673828
5.79128728304933,-10.663784980773926
3.7921116228684086,-9.240365982055664
0.51700222845629,-14.046883583068848
1.0966146270020711,-2.824007034301758
-6.613686761665703,-27.839696884155273
-39.873530292237,-23.21106719970703
-35.0272315856836,-26.74480628967285
0.2475632146873464,0.5604186058044434
5.59963570142504,-9.157958984375
5.29419053806362,-13.744312286376953
6.457932781589695,2.6181087493896484
6.4251548431743295,-8.149595260620117
-19.7885249955934,-25.895336151123047
-2.4097304318056905,-0.17667198181152344
7.543407488617369,1.1545181274414062
1.83593808226401,-0.9781618118286133
-1.5082203021212124,2.5163822174072266
5.99108205682079,-10.334261894226074
-18.1797235112709,-1.4360485076904297
-12.840088322870097,-24.54483413696289
-2.23616712442702,5.051944732666016
-4.662511414401839,-6.876099586486816
3.41802282280863,-3.3503894805908203
-12.0320822507053,-26.29515266418457
-25.9801803981754,-13.612625122070312
-5.97419023328963,1.5796117782592773
15.4186986077963,1.332834243774414
4.480465220149085,-9.117159843444824
-13.2363849677504,-22.04058074951172
-9.362863686069195,-14.0435791015625
4.128157012788561,6.602870941162109
2.26767773086615,-2.042999267578125
-24.1634597090208,-30.668481826782227
10.013204486477417,8.27214241027832
-31.934070451053,-9.191072463989258
-22.9515728231767,-2.218900680541992
-11.219410776078313,-13.48643684387207
6.00089213826483,-5.105226516723633
-28.9638748432599,-20.61420440673828
3.11049964318654,4.381762504577637
-1.073248118887358,-4.576839447021484
-10.249148139079496,-13.044962882995605
-13.14009076535719,-21.844675064086914
0.7364260970712593,-0.3338942527770996
-44.9949251983702,-9.91006851196289
-5.159519294761907,-9.120986938476562
1.869241020829697,-15.34886360168457
-55.54568697318505,-29.79336166381836
0.3065104335081801,-2.6300015449523926
-10.386374558578522,3.005354881286621
-3.0345245902191325,-0.1611166000366211
-57.144820014625296,-25.26483917236328
2.85060083445348,3.347748279571533
2.446050707651698,1.2146167755126953
5.50221601830175,-12.274395942687988
3.455876052191651,-3.54819393157959
-14.6157572128631,-25.02831268310547
-0.874105623616695,-0.16855335235595703
-1.378759213278819,-0.1417093276977539
1.350733135180331,0.3243541717529297
-1.94666134980912,-7.731467247009277
-3.36735139960915,-4.659753799438477
0.8319171014720902,0.07616996765136719
-40.2101205720394,-7.315426826477051
-24.577379709126298,-23.512672424316406
-18.6292132467089,-8.921918869018555
-46.39510994896701,-13.785874366760254
-2.487076105276776,-6.943674087524414
-4.752960817423343,-14.62165641784668
-0.1160299782726794,-7.556514739990234
-18.5277286275242,-9.238779067993164
-14.1325019191809,-22.724977493286133
10.909208084253878,4.563661098480225
1.30779520720034,12.078351974487305
-5.77436797253085,-5.460305213928223
3.986867952152618,5.401216506958008
-21.7936206120663,-23.16582679748535
-2.643556292002,-4.69523811340332
11.0853991753379,-16.178878784179688
-12.9397422629832,-12.434377670288086
-0.190891674386513,-1.4688901901245117
-6.32558602127377,-0.24287176132202148
5.391699208755202,4.539619445800781
-8.998840630677615,-6.334212779998779
-1.6005087696864486,-0.7793440818786621
7.5482379424635875,6.461763381958008
-7.642910278690365,-11.758560180664062
3.719171936095444,5.904088973999023
-0.8981307679622897,-0.5706548690795898
7.06032809637297,1.0008649826049805
-3.134999611446543,-6.7588043212890625
-5.94174589421185,-6.357698440551758
-17.7883076547542,-24.797758102416992
-25.2381267145584,-23.11201286315918
-27.5445722402187,-19.674728393554688
2.6678241356197647,-6.607700347900391
5.02066543392875,-4.466147422790527
-1.67197513843126,-30.214712142944336
6.58117049992555,-2.3952555656433105
3.12612254618191,-5.269271373748779
-2.1147225087047508,-4.754432678222656
-76.9668504799361,-13.715457916259766
10.11870938841209,-2.5080718994140625
4.755697845162629,-1.0616817474365234
16.5479703149859,3.027647018432617
4.001938538520379,-16.622360229492188
-14.1813773041305,-24.092487335205078
0.7709161631446207,-6.851459980010986
-24.2508933717269,-14.193281173706055
-22.3071231538392,-25.562095642089844
7.2595381633228,0.99346923828125
11.555346181601609,6.597235679626465
-26.258782255785,-15.574481964111328
10.3189652047012,-6.407191276550293
0.809697096857583,-5.1077799797058105
-18.5255095356289,-28.083467483520508
-1.0680791130593923,-6.49814510345459
-3.5390830989045075,-14.606553077697754
10.468583156479704,2.62625789642334
-10.613183176373598,-8.96613883972168
-6.40442742836347,3.1358766555786133
7.196532980977684,1.3165597915649414
-10.586292641023492,1.492332935333252
-26.79502671025515,-17.534568786621094
-7.187555808667961,-9.818236351013184
5.4465900456679694,3.391305923461914
3.1988276731025875,-6.350408554077148
7.827394642815597,6.350949287414551
3.887422638441485,2.316822052001953
-3.41466344580097,-4.900716304779053
2.667044757168528,-3.687070846557617
1.0590749185315824,-1.7851200103759766
-3.9965921287470247,-3.2078452110290527
10.982614675109394,-0.7583250999450684
0.4076170529080399,-3.795159339904785
2.71319811317338,-5.705523490905762
8.652061852316729,4.915399551391602
-0.6579761516790089,-6.745688438415527
-51.6773231694491,-22.01811981201172
-2.8325461302865187,-4.038135528564453
2.12749125232924,-25.497116088867188
3.562549470771905,-2.401243209838867
-16.517773128145326,-0.47159767150878906
6.874655354673765,19.298370361328125
0.2047767843086013,-1.2532634735107422
-2.698758931910008,-2.9893712997436523
1.8601156760560384,-0.7508068084716797
-22.2455703021075,-19.923694610595703
2.4288820651169605,3.5246143341064453
-16.8307740899425,4.436882019042969
20.7191486697607,8.763799667358398
-30.7261055182573,-19.18330955505371
-38.4849400567448,-13.091711044311523
-14.3103126367969,-9.644782066345215
0.7860328468455551,1.1623897552490234
-48.3858044800915,-20.562286376953125
-3.21662088766757,-5.145479202270508
1.675245639565673,-0.8724589347839355
-90.3299705619704,-21.56228256225586
-9.28527551691871,6.194189071655273
-1.2293411329062325,4.10463809967041
-4.534682244798708,-19.814903259277344
-68.1959205924323,-17.660282135009766
-24.5242345195019,-12.450942039489746
-2.77042962989298,1.186966896057129
3.8009101564042025,6.982834815979004
8.933703319425492,12.732904434204102
-11.341527235964405,-3.6329898834228516
6.71098989067457,9.942792892456055
4.54734483862441,-6.737771034240723
-5.16341129781556,-10.26020336151123
-49.062306315025,-16.35706329345703
5.26551760771767,0.9792308807373047
3.33951124606136,-9.478759765625
5.006519903780723,-0.33107852935791016
4.05485944970297,0.34954357147216797
2.283405953189745,-2.9523072242736816
-2.66483863280114,-3.4053878784179688
12.566471603210276,9.442160606384277
-27.9020155354992,-12.654537200927734
8.88265541550952,3.5389785766601562
0.1652887870268324,2.9960193634033203
15.4985727759109,24.52728271484375
9.014890317831036,0.5999293327331543
1.4803529144374856,10.501272201538086
18.1939100849816,23.722341537475586
-2.6304973605131474,-8.135808944702148
-5.493763326806099,0.8892097473144531
-0.6715208179901364,0.38080644607543945
-36.7383193130824,-11.749543190002441
5.062784719364307,2.40500545501709
-12.026803679110706,-18.997848510742188
-3.01321716593974,6.258116722106934
8.35813394800668,5.280527114868164
-3.60075442831331,-9.123102188110352
-9.509135784465323,6.295717239379883
-19.6175855102284,-5.66706657409668
-27.8629509568953,-13.442716598510742
1.74273211890989,-2.6244583129882812
-2.19578977406709,1.3898696899414062
2.42002639701588,1.9257416725158691
-25.55316918036869,-8.823943138122559
5.635020609606415,0.6748170852661133
-34.727836669101,-11.828001976013184
4.4516036428765,-3.3694047927856445
4.967381413305823,-0.31537771224975586
-6.81516141534704,-4.790766716003418
-24.3954295810688,-8.312694549560547
8.658679095048068,5.596887588500977
3.7347243087796,-11.729036331176758
-12.909633143366396,-13.971033096313477
-60.49569009623433,-24.517257690429688
-3.790702882666694,-5.532331466674805
-12.41068356063,-6.9921064376831055
2.76740193393285,6.798496246337891
-18.9061714872788,-7.2382049560546875
-3.681083449701528,-25.435638427734375
8.13893448615947,2.2519474029541016
-51.402683514636095,-28.186365127563477
-3.0703466753296,-2.463136672973633
0.4646043967887734,-9.63476276397705
5.989492839405608,-19.64611053466797
8.833837192566008,7.6414289474487305
-26.1965705632023,-4.634644985198975
0.0804428699766095,-8.711312294006348
10.229168329440906,-5.897089958190918
2.12042655289975,-7.276312828063965
3.88810032819938,-7.590262413024902
-31.515616413872173,-16.62205696105957
2.28163515100639,-7.400458335876465
-9.633163292669298,-17.96500015258789
2.63206586722876,2.5126214027404785
0.3189015990893598,-7.61556339263916
-6.31868596379813,-5.367690086364746
-6.4648984000359935,-13.001728057861328
8.91646092056966,-7.921285629272461
-42.637521131086125,-19.30219078063965
-89.5439156156453,-28.39771270751953
9.179556151687803,-2.0592565536499023
8.754663680824095,-3.751214027404785
0.8838679103249854,-8.616828918457031
4.338369925074482,-5.380046844482422
-18.23432595343749,-34.455780029296875
6.92534745147092,-2.3255720138549805
-1.768261666543676,-3.4039573669433594
-7.87226820943855,-8.583671569824219
-12.0847368637308,-15.62818717956543
-4.4222229386498375,-0.9847908020019531
6.63109301847755,-4.572383880615234
1.675381804264854,-1.395768642425537
-6.897600670415837,-5.852483749389648
-12.2774867069717,-21.617359161376953
-3.963646539183849,1.9339070320129395
-2.552277046947741,-8.34615707397461
-10.78700495517378,-2.915292739868164
-6.426376983867103,-5.680144309997559
8.2142562177934,-0.9908318519592285
-16.967828162594074,-4.822516441345215
6.07843040491799,-10.075604438781738
3.08443697315444,-2.4397072792053223
-1.3811964732242277,-13.233993530273438
-4.51305804704249,-21.592945098876953
-9.93375477053989,-1.1204900741577148
-0.6581754288220045,-3.992624282836914
-7.952166005584182,-19.403696060180664
-13.563015982384195,-16.19476318359375
-47.9957157156951,-27.304351806640625
4.96190002222477,5.271402359008789
-2.0240269290899,-6.39487886428833
3.47166270740147,1.476208209991455
-5.2815921348029296,0.054134368896484375
2.369358494612781,5.262532711029053
-4.214346026907057,-10.24925422668457
-23.8934551543691,-17.607248306274414
-1.0659561461183158,-5.98953914642334
3.126169348435272,-13.099833488464355
2.35164464781062,5.622798919677734
-1.79502295092813,-1.953728199005127
-15.957982665262508,-16.39992904663086
-64.65676531723692,-26.46584129333496
-27.8195558011628,-21.895587921142578
-10.480511156242285,-24.16507339477539
-6.18357684414468,-5.50450325012207
-6.75960002722117,-1.9697160720825195
4.4105627388370605,-0.8460683822631836
5.58846482112586,-1.4915485382080078
-16.8483709423333,-12.892358779907227
16.1850033157246,2.5883569717407227
-3.34531377329845,-4.552807807922363
5.893700156574014,7.248353958129883
2.745769909533195,3.1781234741210938
2.53362859007723,2.883660316467285
1.0880788430276551,5.531114101409912
