Score,Pred Score
-13.812973987503693,2.599240303039551
-14.6311710829416,-36.618408203125
-15.020937907067507,-17.25303840637207
5.61896917638109,5.443270206451416
0.1461877509898399,-11.342214584350586
3.59745169898486,1.7202234268188477
-6.72144892291601,-1.5726056098937988
4.304204520484877,5.258561134338379
3.37898618824583,-1.386448860168457
3.939818822274421,-0.9161663055419922
13.9953943577381,10.445610046386719
-5.39913759737588,-1.5209932327270508
-2.204579993178592,-5.859100818634033
8.829561804598438,4.610553741455078
6.01696699102072,3.5150413513183594
-6.376202369524528,-8.069130897521973
-6.50906463316165,-6.567384719848633
-60.92137282626391,-23.31478500366211
1.99934019108803,-3.713444232940674
2.188685633501576,4.933122634887695
4.07090957771029,-7.772703647613525
0.5211206139658471,-1.7606658935546875
12.5580583918003,5.453573226928711
3.320229681965675,-3.888707160949707
-0.4381862293696001,-8.354872703552246
0.1752112379752922,-4.774524688720703
4.123908949931413,-1.9308815002441406
-14.2382866820043,4.1038079261779785
12.966325580978296,3.127804756164551
7.692941411907634,-7.694249629974365
-62.9031214125763,-23.65554428100586
-5.800670766453999,-9.994702339172363
-11.705366535732304,-12.082808494567871
-4.786538605318405,-5.631133556365967
-82.4887013651952,-32.3257942199707
-8.251107402184557,-6.041558265686035
1.61677665352485,-13.212335586547852
-11.916211326129387,-28.791393280029297
-45.634880019414,-26.4215087890625
-0.568998602339841,-4.284947395324707
-12.147399114840605,-14.963644027709961
-27.4476544011683,-29.355213165283203
-2.306526469902426,-7.844463348388672
-0.4835459876036119,-2.474299430847168
-8.39479061793487,-13.7144775390625
-46.862925671502296,-30.036090850830078
0.3837795244341289,2.511500358581543
7.184930267876617,-0.6678133010864258
2.8348518495029404,-6.6633687019348145
-9.859535687586003,1.960047721862793
-6.00025755794808,-29.7941837310791
-4.764629840066975,-3.972853660583496
-2.377061578670744,-3.287578582763672
-2.0585753436264698,-3.171485424041748
1.1848602197973823,-0.208770751953125
4.97603191479674,0.7423744201660156
4.27399441028646,-13.731998443603516
-46.2372447228831,-32.86570739746094
-31.4759298257721,-22.68295669555664
-50.1674018945849,-28.407346725463867
0.9601515747159592,-5.132216453552246
-11.864177458483407,-2.038646697998047
-0.538262620928304,-9.13470458984375
-0.6920482116816997,-6.369956970214844
-1.5184696160120892,-7.021279335021973
-3.0836644409391925,-10.1409273147583
11.316750179392892,10.83443832397461
-11.183106529127476,-7.002409934997559
3.59102041590596,-7.961621284484863
4.55602013063716,-5.778182029724121
11.579228393987275,3.289613723754883
2.3067635611900137,-15.093912124633789
10.480393919522983,5.357511520385742
-2.698100773809443,-16.168996810913086
3.776985072333982,-9.773959159851074
-11.773766374328297,-15.063885688781738
8.681027307740193,-3.0854625701904297
-1.1091988250418725,-13.412717819213867
4.484288991501213,-0.8814697265625
0.0548896546292299,-2.9533472061157227
0.1118559290339978,-7.188032150268555
3.9797293996962297,-5.261948108673096
-22.42608065327665,-31.059560775756836
7.37064384347005,-10.439208984375
-0.2642143205483515,-6.316254138946533
5.344594984386832,-8.136161804199219
-1.2497809936708242,-11.18992805480957
13.71198107208239,-5.9240264892578125
0.5045482395984724,-11.913871765136719
2.86709961553106,-11.659884452819824
0.4423212163888063,-4.829665660858154
-3.724573545179619,0.579770565032959
0.2570808252882703,-9.783855438232422
-70.65073406723695,-35.77943420410156
-33.9587360563784,-20.097326278686523
9.2088386022025,1.5465641021728516
1.3318185914773402,0.4537820816040039
-9.176001953270983,-14.276299476623535
-10.497767159210698,-10.732549667358398
-0.4402086584014632,-15.355194091796875
2.1560784090827942,-7.904016494750977
-27.1636490162131,-4.899569511413574
-0.670930828719279,-27.330575942993164
-22.794043146736,-30.2307071685791
0.8105828534072201,-16.928955078125
1.2287673509824204,-12.730137825012207
-0.6435038581465955,-3.653587818145752
8.474782023793379,-2.1116814613342285
-9.601847091024196,-4.806133270263672
-1.6610011043127195,-6.432833194732666
-0.1091636509260827,-3.1141738891601562
7.570838092245207,-5.587569713592529
-7.211196994815285,-30.60129165649414
9.090654061652296,-6.612677574157715
-26.6651088566214,-7.091336250305176
-17.309192174305,-3.76871395111084
4.14054171285972,-6.450028419494629
4.097668935846943,9.029354095458984
-0.29408409265346,-12.368968963623047
-35.8165916579592,-24.448694229125977
10.898098675545494,6.14286994934082
-1.6552655274048038,1.3111944198608398
1.6729502580778592,-18.309085845947266
-6.42491227706334,-16.92555046081543
-15.4752611754195,-18.865055084228516
-0.6907348474047925,-3.4721555709838867
-21.3629045873375,-20.206050872802734
4.219145585451182,-10.533413887023926
-3.019531285218114,-0.5352821350097656
4.25311060075082,-5.64841365814209
-15.0412339008878,5.552473068237305
-8.237627320974727,-17.931344985961914
-1.0683487237199796,-2.36517333984375
-1.7174251595272625,-7.10627555847168
4.069163600073605,-5.555955410003662
-10.162041561092582,-26.41562271118164
-5.97248436581227,-5.690386772155762
6.120538767403939,1.4952630996704102
-0.8028238008287005,-21.670635223388672
-23.6042929930625,-24.992294311523438
-0.1777753404752198,2.916330337524414
-5.785469568057495,-22.571701049804688
-0.0556983764780604,-1.1130075454711914
-25.4508968849616,2.8076963424682617
-5.3185412482723295,-1.2718448638916016
9.1356503291117,6.408093452453613
4.020569536845237,9.076242446899414
-58.5527340809363,-7.610583305358887
-6.291328737399075,1.8050870895385742
4.187869588752649,1.2081403732299805
8.922207576391518,-5.44133996963501
22.7414116448382,13.266210556030273
-44.6057608529879,-24.878196716308594
-26.5129077898497,-8.929109573364258
-2.13735826282737,3.2535438537597656
-1.14890133483728,9.886838912963867
-15.2234416939723,-0.15368127822875977
0.369316059642221,-0.925562858581543
-0.6884117876070912,-12.149054527282715
-5.8772631055401,-2.6056556701660156
3.6053774296538297,-7.497308731079102
5.07108724357905,-4.640290260314941
1.292753014965791,8.248069763183594
8.440986836263871,0.48249340057373047
-3.43040335892423,-4.024753570556641
0.7651079053562314,-1.3818130493164062
-37.13962469223695,-20.637706756591797
-5.822632503482525,-0.7129707336425781
-6.879472048396067,-7.109659194946289
2.11024229353816,1.7299408912658691
-7.1526743450051855,-5.995790481567383
-1.122073026503361,-0.15822696685791016
0.3302260274555297,4.249567031860352
-1.178255647098801,8.012210845947266
-2.99361591491145,0.9721126556396484
-18.1070051290659,-10.491531372070312
-3.0332808194811403,7.142494201660156
2.6303171850506604,-3.4846019744873047
-9.72499716390718,3.323801040649414
0.2729453578388601,-7.074794769287109
-21.4503408223732,-11.845401763916016
-4.99755531471552,-2.615032196044922
-18.0018409950579,-22.31807518005371
4.00031385473591,3.375309944152832
12.0378145652987,10.881036758422852
14.1235470599023,-9.798656463623047
6.55729051148795,2.9474306106567383
11.19992297656359,9.888986587524414
-7.81388191369781,-8.745687484741211
-2.924593214648255,-0.3472146987915039
3.7667366885646025,-6.395173072814941
-6.68253431604433,-4.671411991119385
0.7345204104922589,0.3022012710571289
-10.626155896203898,-8.87051010131836
8.106852576346123,4.267772197723389
-58.24412469223692,-27.673828125
1.4955767028094,-2.173569679260254
-17.6906096863185,-30.405010223388672
-4.813871520282443,5.165404319763184
-11.8973420493851,-8.489742279052734
-2.67676896274171,-5.882043838500977
-3.9331393974605526,-4.759345531463623
8.756217929094177,3.648862838745117
-29.2662792150344,-8.81933307647705
1.7249239205326918,-7.6530961990356445
-6.686975812883663,-22.304563522338867
11.10272802991041,5.661103248596191
-10.956818171714705,-13.676633834838867
-6.3500959185649,-23.818748474121094
0.6681105368389735,5.127069473266602
-12.500029270357295,-19.17169189453125
-2.591242863373206,-5.525341987609863
5.954690473588823,-3.0281667709350586
-43.929359067237,-26.16226577758789
-17.4841411730512,-15.346549987792969
3.61441892535489,-4.541454315185547
2.1112971208509976,-10.337478637695312
-41.8026500314277,-36.763702392578125
7.028135642932115,2.9605331420898438
8.463248256721428,-3.189206123352051
-13.037072413777096,-12.291844367980957
-1.6307504375632549,-0.8993825912475586
-0.3284521577656807,0.6968307495117188
0.4685622181175212,-7.132978439331055
-5.316952415477393,0.6701717376708984
4.584421564331302,-13.168468475341797
-20.3593816575191,-16.84659194946289
3.67041582610247,-8.720073699951172
2.204062447972561,-4.8629679679870605
-4.666937653128132,-7.374095916748047
-12.3781694316975,-10.886802673339844
7.06923762363823,-10.415324211120605
-37.2883298194418,-19.311626434326172
6.442434166934048,5.312996864318848
-12.2162083245621,-11.503311157226562
-20.3623076046531,-8.675238609313965
-5.45440876641342,-5.899160385131836
3.1416241584890576,-3.55904483795166
-4.96580172718434,-7.861664772033691
-37.4061766871973,-24.33321762084961
6.46185690649625,-6.023168563842773
0.5403453062071405,-1.9853620529174805
8.656689402528613,5.319061279296875
12.331931266595111,6.9081573486328125
2.75380173901167,-6.496150970458984
-2.8447496930443927,0.5542564392089844
0.0285872237409883,-16.112577438354492
-73.5286754265322,-5.300594329833984
7.285509446842615,-7.387111663818359
6.72046542688671,-2.341695785522461
-6.19730890695259,-5.827936172485352
-16.4599719883519,-12.584634780883789
-10.288292260688207,-0.48633384704589844
-10.285920522724917,-20.2871036529541
-30.8171784242839,-6.297943115234375
-4.65691689928222,-15.538631439208984
-37.1716279374795,-11.576059341430664
-36.50577458359941,-3.9332199096679688
0.7942566624333496,-7.874688148498535
-34.8552692363716,-3.7794384956359863
-2.491707941339629,-9.0971097946167
1.7387039934851498,9.492570877075195
18.9715733525152,8.026450157165527
-13.8996269060666,-6.629007339477539
4.17561229224804,-0.9756641387939453
4.7680640763497,-8.191427230834961
-6.745372906074374,-1.733917236328125
7.262818938793504,-1.8800134658813477
-55.7541546140486,-23.29604721069336
8.453421074249384,9.949010848999023
-5.85807143580148,1.4445505142211914
-52.7336020518746,-24.49900245666504
-1.995826789875676,2.630997657775879
-1.3326443092463092,-28.637191772460938
5.029017096161708,-0.9295253753662109
-0.71117494174041,1.404550552368164
8.243548509216069,12.799928665161133
5.81602235619721,-1.970777988433838
5.978124919049687,-6.3318772315979
-2.8859593337581737,2.2019996643066406
-26.0047332498617,-23.06389808654785
-1.5220929784942658,-11.074037551879883
-3.195242757261453,3.532917022705078
-15.0089303719363,-9.61972427368164
-1.757118944268968,-28.091541290283203
-13.5091075877696,-10.446554183959961
-4.0681667574955,0.01571369171142578
4.43276114617859,-1.0640935897827148
-4.665207913971671,-4.834589004516602
7.33919324558513,-2.692709445953369
-11.69780882660921,-8.876340866088867
5.960801203295765,-0.29273414611816406
-29.9162730471743,-22.4305419921875
-5.331847529263395,-8.227035522460938
-40.7258600860177,-2.0395641326904297
-35.3994683825842,-14.821846961975098
-10.968565079401992,-12.299375534057617
15.384553292915324,-29.831771850585938
-0.4271227388875901,0.771728515625
-7.69948364751984,-3.315415382385254
-26.6822467124322,-24.839069366455078
-0.2823200449385875,-9.974564552307129
-3.8453528225106623,-14.091856002807617
-2.4599041427842496,7.210039138793945
-12.7315114055493,-8.459749221801758
1.418014053180695,-8.518030166625977
-3.4922781726655696,-9.199456214904785
9.58062385928767,-5.039823055267334
-17.5801214502402,-18.747159957885742
-49.5120706514507,-23.244043350219727
-0.4503474699443348,8.151514053344727
2.332279780348585,-1.3207178115844727
-42.2483635713802,-32.41461944580078
-5.00028834575103,-6.3240227699279785
-5.14141487663266,-8.587821960449219
-19.923371510770203,1.4612023830413818
4.28301459624688,-1.2957653999328613
0.3224388648416145,-8.264945983886719
6.795393661635613,10.680551528930664
6.720388221210122,9.823970794677734
-20.7558388881914,-10.28455924987793
-12.5922662394529,-12.02428913116455
-5.19085420781142,-7.388090133666992
-27.3858072066324,-16.36351203918457
6.488490212037078,5.617805480957031
-12.5233171201947,-20.697847366333008
0.996650643215182,-13.209488868713379
3.27144637329635,-5.700958728790283
1.203208947199059,-12.204208374023438
4.5031585012656095,-3.411329746246338
-46.6686841099013,-28.728458404541016
3.600655729290548,-10.094027519226074
-2.7077151362496297,-18.10169219970703
-42.936846127142296,-31.279129028320312
2.679404112105611,-3.522667407989502
-23.975827854410426,-24.27153968811035
-24.4869919201538,-23.957319259643555
-6.22433036882608,-9.380171775817871
-24.992167376126925,-15.201688766479492
-9.742168339465294,-9.32192611694336
0.1235817830644999,-4.734784126281738
-11.607028837624,-5.140069007873535
5.321680837772678,-8.047632217407227
3.3452637215970498,6.32936954498291
13.015759276594096,-0.12938880920410156
-6.13466459150186,-9.795907020568848
3.0897024917955025,-8.776195526123047
3.557691046156,-0.06427240371704102
2.0008593011464906,-10.776973724365234
-1.2671721747064446,-31.843353271484375
-2.989164004622407,-29.992694854736328
-2.43808381047612,-14.385933876037598
-11.30813578108209,-4.451773643493652
-9.619042312244815,-16.319507598876953
-4.01456885639382,-10.574567794799805
-4.853312003098937,-33.64878845214844
2.78743688363977,-5.679269790649414
3.6035536346157695,-9.597179412841797
6.09033976794457,3.444302558898926
-5.89266438028177,-6.319513320922852
4.780848076735348,-7.718782901763916
-20.7592210135025,-26.249177932739258
-3.637071869773312,-16.158626556396484
-4.396710286499547,-4.226312637329102
9.04709717330502,-22.83647918701172
1.69213972357191,-3.347689628601074
-27.068723822751306,-15.980403900146484
0.2886204877907422,-7.149079322814941
-0.592182005541919,-31.579957962036133
-4.736229867816737,-0.6252965927124023
7.877641553655238,-0.7579350471496582
-2.588665914009158,-8.299986839294434
4.72846919446815,-16.110275268554688
3.42669038506664,-6.951495170593262
-10.274169876330886,-8.886470794677734
-1.289264920121349,-9.558191299438477
-6.9648772325347394,-11.181379318237305
-1.2236747050651609,-3.074552536010742
-12.208208404490907,-29.54960060119629
4.40921359309415,4.524599075317383
16.4171583068458,4.595121383666992
-15.991582533821994,-0.3845224380493164
7.809600001042748,7.109738349914551
-3.0331069492891496,-8.135658264160156
2.603164662477901,-6.943266868591309
-24.2572199033326,-7.263715744018555
13.667582002208905,16.35652732849121
8.19307228691883,-9.283159255981445
0.4664503305112299,-0.4849405288696289
-6.46133524603972,-7.036255836486816
-19.7520332208299,-12.697614669799805
-7.75971004909346,0.8685760498046875
7.66334596528203,-0.9649147987365723
-27.64770126959135,-7.623791694641113
2.125547882163602,-1.6354923248291016
-1.8239337240231768,-0.6026268005371094
3.3696784995100426,-3.487332820892334
5.265272900492549,-5.993423938751221
6.753311816554961,-2.077414035797119
0.9434331950199416,1.3560028076171875
2.13745295521649,0.20199108123779297
2.76912169862866,-7.320613861083984
2.409764321136161,-1.6551790237426758
3.7606671418030695,-4.457586765289307
0.555665600488549,-0.2175312042236328
-89.04756219223692,-16.335359573364258
6.987950206462267,-0.9069314002990723
-10.09410467002709,-20.889907836914062
8.16191414696451,4.7126922607421875
-10.731303688850904,-9.273393630981445
7.588764503474316,4.169095039367676
-5.25293160621848,-3.8048973083496094
2.3065604778561424,10.259639739990234
-3.8022266666193874,-12.909092903137207
3.22816419080692,-4.219976425170898
1.1941842843275,9.156935691833496
9.772192422094813,-16.269699096679688
-2.489313079893845,-1.0896759033203125
-13.547300817594484,-19.94757843017578
-1.5403494549472296,-0.9131460189819336
-5.139364658294922,-4.586533546447754
-1.32131943338233,-0.7868585586547852
-0.5284321769112605,0.959317684173584
0.1119561526876595,-0.7958598136901855
14.8508222506114,6.716707229614258
-0.0918051514147744,-0.3672065734863281
-1.7237618714553775,1.2244892120361328
-1.5699354762224491,4.436873435974121
1.5718362711845366,1.8357229232788086
3.58036180553514,1.56089448928833
7.45084701577923,-7.469392776489258
-7.378812419643663,-2.8920745849609375
-33.1832620874725,-22.514514923095703
-6.066411004621831,3.1896724700927734
-16.4910721624856,-10.190351486206055
0.8267526169764301,-3.103559970855713
-9.762453719841735,-25.683666229248047
8.07102955700163,10.196410179138184
1.741670982094262,1.9632058143615723
-0.0053525606393112,1.4095091819763184
-51.4043293278057,-17.406417846679688
14.9415296965116,16.71467399597168
8.70853787657841,-4.184330463409424
-2.149900469098629,-12.101420402526855
14.8229623836697,7.999076843261719
-0.0379657812584102,8.159964561462402
-15.3173389528898,-1.3534011840820312
-1.7663441991754285,4.27816104888916
-6.708306328674888,0.4155452251434326
-78.7451798053926,-27.665851593017578
-0.5413656534735456,-5.105859756469727
9.625121597198186,-7.113168716430664
-3.15562863494722,-0.6842451095581055
9.60447820177431,3.370485305786133
-3.31847606547329,-5.084243297576904
-4.12581810820042,-2.5459775924682617
1.7706121017107803,-3.4211044311523438
0.5117341060036625,-7.625155448913574
2.63157412115867,-1.1938505172729492
-4.763634360062484,-9.891214370727539
-11.18181257464061,-3.3170289993286133
-39.4932668903457,-11.963525772094727
9.206200380526292,-1.1252751350402832
-2.93911844531118,2.877579689025879
-28.13472322157985,-13.060380935668945
9.62907409316032,-2.2406558990478516
-7.042636248773623,-11.585634231567383
-4.03025121975644,-2.4214887619018555
3.42951329804928,3.8752431869506836
2.5565427438131976,-5.893895149230957
2.8513084033656,6.512834548950195
-5.5623675139736175,-10.800806045532227
16.9968892380515,8.448975563049316
-4.144685584269085,-1.0346298217773438
-11.221818720505304,-8.028303146362305
-2.111656589218961,-7.7775678634643555
-1.626797120535592,-4.456670761108398
0.7652624054000594,-0.6411008834838867
-21.5531296050118,-24.044374465942383
-13.053772031257305,-13.324779510498047
5.42509465390903,-3.4464054107666016
-5.5186956836840375,-10.264867782592773
-2.260381023139061,3.2979469299316406
-30.3377383335249,-20.993980407714844
7.380729755239978,-0.09295940399169922
-4.172986764275874,-8.325947761535645
-1.2036514942358316,8.768752098083496
-35.2906329121599,-15.80063247680664
-2.54595208771381,-20.67063331604004
-10.901275449743116,-4.526103496551514
-17.0078420331655,-23.347484588623047
-17.0314498829154,-9.09876823425293
-11.9784507557909,-8.421327590942383
-19.469018973061075,-15.852876663208008
-3.2142130797467816,2.3934898376464844
-0.5663484394051013,4.097442626953125
-21.2195468929047,-8.849748611450195
8.077984978184695,-1.483139991760254
-17.0119321722455,-11.919815063476562
4.67424026120176,5.520280838012695
-47.9875704511971,-20.516298294067383
4.316615136301563,-1.1232013702392578
11.2728180991378,4.031807899475098
-3.5546157663424616,-25.601238250732422
-3.15887949932979,-12.96176815032959
-1.6422791314174887,3.553378105163574
-3.448025235667948,-25.629220962524414
-13.5632540546311,-25.069427490234375
0.8825935384285006,-6.023151397705078
3.27100049685324,-5.727031707763672
-0.7762273913233743,7.250556945800781
1.026942322157092,5.986202716827393
9.859104788483815,-0.651543140411377
-1.9977872313530125,-5.873497009277344
-13.1809903671301,-0.7602729797363281
-35.1782981083837,-21.899730682373047
-35.8337806803641,-12.700550079345703
-7.639409008216227,2.0547027587890625
-15.746453943284,-20.805240631103516
1.055995951979529,3.5643482208251953
3.987299411465438,-7.472209453582764
-37.0930621901092,-4.685050010681152
16.694612728237402,-6.46093225479126
-4.527979888097892,-10.138940811157227
14.6352674345898,-9.623598098754883
5.034618319433818,-1.5925512313842773
-3.77133000272187,-4.816051483154297
-1.61504571199055,-0.3454103469848633
-56.3663437951974,-18.041170120239258
10.088450856398616,-6.685338497161865
-14.285610883283098,-22.435592651367188
2.6210618799141923,0.9933514595031738
-2.308732762121495,-9.022625923156738
-83.9761260280997,-20.63134002685547
-1.03656181464744,-1.6683311462402344
10.16232173056559,5.109254360198975
-3.12013961477547,6.816330909729004
3.010752586641185,-3.8949193954467773
-1.5178355576616795,-2.3873157501220703
-2.60072537807549,-0.7866578102111816
-2.367312137177082,-11.018258094787598
6.075310726130807,9.860288619995117
2.24572304437811,0.823307991027832
0.2044267191685782,-2.1734066009521484
3.85944773684647,8.7682466506958
-14.409506408843407,-9.109411239624023
-2.683955047842884,5.578619003295898
-0.0075038478591599,-9.877141952514648
7.190050317883171,6.488934516906738
-2.1691769605730515,-2.312239170074463
-7.910003358009165,-0.9530248641967773
-69.1366966634013,-23.385021209716797
1.437241653553571,-9.371559143066406
-20.7409218490905,-8.026984214782715
3.78247800369874,3.780771255493164
7.909526276907584,-4.292634963989258
6.097122298913325,-13.838586807250977
24.5800902168924,11.360806465148926
-9.979741434164584,-16.819894790649414
3.1327986373042376,-2.1435585021972656
-8.393586343504198,2.6529541015625
8.678125432705007,-1.1028227806091309
20.7428439693387,-10.369600296020508
-1.511416195100045,-21.19066619873047
-23.3725501337939,-4.14735221862793
4.69437535963172,-1.02006196975708
8.24149319055937,-2.1422982215881348
-0.2898522089969393,-4.682187080383301
-7.19378137939456,-8.388640403747559
1.0271109700113177,-3.237515449523926
-14.564555056626377,-11.313901901245117
-9.657849716236,-23.047578811645508
-0.7280966227290082,-4.829713821411133
-21.8962191024866,-9.295509338378906
-40.2614734397264,-18.355241775512695
-1.77750068778882,0.19567298889160156
-28.3488859938485,-13.475247383117676
-8.184373188662292,-27.907936096191406
-6.135426654744688,-15.036238670349121
-3.270422191581055,-9.340108871459961
-6.055427015859325,-5.786942958831787
-34.3143130117107,-21.283592224121094
-50.4820483838523,-20.415903091430664
-4.639593570653838,-5.965877532958984
-21.0606958753072,-14.880928993225098
8.747205755218493,8.767478942871094
0.6884341878779402,-3.666860580444336
0.300408103033295,-8.593717575073242
-2.6184282494780104,-0.07321548461914062
-37.3999740396079,-20.260482788085938
-10.594900847222812,-23.596477508544922
-23.227454082363305,-23.418861389160156
-15.4814292943448,-10.403358459472656
-6.89310310865277,-5.190981864929199
-11.7962452523223,-6.616110324859619
-0.3887710448227697,-5.136333465576172
-4.0896099478500325,6.5768232345581055
-42.6579269422049,-28.774559020996094
-2.095241650043551,-4.831719875335693
8.45389840526827,-4.9083099365234375
-15.5157954828953,-18.62225341796875
-1.9802660997523944,-5.158838272094727
1.8368511005450223,-13.832756996154785
2.11900133622217,8.572080612182617
-38.4962238749225,-20.063674926757812
0.8069046214032297,-9.035486221313477
-1.73607437190069,-9.125680923461914
-8.46093254820262,-4.0370869636535645
-0.0780407432645869,1.3286828994750977
5.009535132419683,1.6755781173706055
-74.9399761386801,-25.185218811035156
2.806732553915905,-4.741674900054932
-10.415057364934407,-1.7690646648406982
-4.81834176383161,7.199390411376953
-1.4920816076829602,-3.284822463989258
-0.003939288658445,7.493082046508789
5.86288473591452,-7.0195770263671875
0.4443344011282492,-1.2421493530273438
5.72263802046558,-0.025789737701416016
5.46583466116103,-10.463934898376465
5.05355462238675,-4.859457015991211
-17.190033530139498,4.863735198974609
-10.1192188918475,-3.1194353103637695
-10.539071528779305,-3.984574317932129
0.2492257167476033,-2.371962547302246
5.35198813185094,-1.4642186164855957
14.9823899147147,10.251602172851562
1.7336328627834918,-3.8115854263305664
3.2582764286422226,-4.051169395446777
1.1615369027166365,-2.7560224533081055
-42.4099588259267,-20.3275203704834
-38.7823663998969,-15.57038688659668
7.99575647038201,-3.2013120651245117
11.644495901203598,-3.94207763671875
-39.0956747424042,-1.7892117500305176
-38.6438610292767,-24.116235733032227
-40.5029244010595,-22.335983276367188
-22.8644313188967,-7.095045566558838
-0.897066728281827,-9.228525161743164
-17.6830733389949,-5.519899368286133
-0.0084306638066775,-11.885196685791016
0.5394390329931549,-6.551023483276367
-21.61387508166409,-30.590709686279297
5.053393098685065,-11.386470794677734
-15.7834934865799,-16.802310943603516
-58.40351531723695,-36.24871063232422
8.86280218600469,-0.400331974029541
1.888243484494037,-13.33147144317627
8.99923705482913,-11.035526275634766
4.133325903305868,-4.809176445007324
4.774357664359128,-8.908773422241211
7.418770080750715,-12.491376876831055
-2.25262466719878,1.6585674285888672
-7.071587649042333,-14.819272994995117
4.398742241377427,-3.3114261627197266
-8.692928400841772,-4.1040239334106445
2.334382802629,-14.22319221496582
2.8274240704709,-6.302082061767578
2.1747311895065486,-0.08369731903076172
-11.9965988914421,-12.757003784179688
2.776867734737273,-20.41899871826172
-12.4595255596924,-4.735130786895752
18.5317724911246,-0.12944841384887695
6.86106163750481,-7.719062805175781
-19.1693792779686,-5.670614242553711
-4.20883890972707,-8.601177215576172
-0.3530077955256401,-15.799810409545898
-1.6020246929696491,-34.759464263916016
-7.57557880794988,-18.94938850402832
13.9692836454661,-4.709788799285889
1.289294757415069,-9.282772064208984
-20.3746494688195,-35.05628204345703
-8.044482691931467,-10.1819429397583
2.51340467963473,-15.628984451293945
11.0282847349576,0.24846339225769043
-1.3944922949507652,-8.102490425109863
-26.2706781913698,-25.26316261291504
-71.7765711158932,-33.701637268066406
-44.2857422252861,-26.36690330505371
-3.057699221935841,-4.79963493347168
10.116767222520318,0.8913888931274414
-46.9980356488569,-41.599761962890625
-8.677497573270493,-6.592139720916748
-25.781275563237,-8.73108196258545
-2.941164138388841,-6.929203033447266
-26.5692742661385,-18.79717254638672
1.2555345380058751,-16.544315338134766
-0.810306898238276,-13.05976390838623
0.2404076931068699,-17.10074234008789
-2.5590885431480426,-12.10584831237793
-11.9846830308257,-21.328311920166016
-5.775806690181939,-8.623377799987793
1.9806048133258944,-33.64995193481445
16.618750626525,-1.1021203994750977
8.204494762209066,-18.416872024536133
6.80321923705408,-6.545639991760254
11.710679650337616,-7.956932067871094
3.181253849239128,-10.313413619995117
0.90894434552881,-8.24927043914795
3.547124544521316,-32.88450241088867
-2.202886656443709,-10.956549644470215
-11.133669865203094,-16.32842254638672
9.328533024448705,-23.700576782226562
-0.7012610501602399,-8.631352424621582
-0.3170472839931941,0.5438499450683594
-2.3458288386735573,-5.931599140167236
-26.1191329979098,-16.475666046142578
-2.33292598982445,-7.463137626647949
2.461922216333884,11.180854797363281
3.73205068567752,3.1777396202087402
-22.4462583852743,-21.44336700439453
16.899113604615202,7.312347412109375
-2.85382252753121,-4.06130313873291
1.2705701336207027,-9.781318664550781
7.960789166364423,7.047852039337158
2.71808902854303,-9.121840476989746
5.5273920092716775,-26.01203727722168
-4.11149235653684,-22.067218780517578
-20.9676231329802,-4.214831352233887
-0.89184437235696,-4.909019470214844
-1.2816619609782416,-11.627824783325195
4.85634828411675,-1.5972661972045898
6.429854346358795,1.026515007019043
4.71112087372323,-11.852031707763672
-30.7199022255615,-11.939807891845703
-3.8590388668775,-5.308445453643799
-10.6557437737239,-5.087024688720703
-13.4460672849668,-23.85980987548828
-5.527709296795018,-2.381765842437744
-1.876637029070265,-5.034731388092041
10.2532613363299,5.450270652770996
3.00680128293027,-2.263932228088379
19.33685959748449,6.358700752258301
-0.1058882282985149,-3.123377799987793
14.3436638764016,5.665855407714844
-16.1535771788668,-22.903762817382812
0.9480162028997956,1.5246162414550781
-18.5891767455387,-23.419227600097656
13.309934514349203,6.374661445617676
6.02246857213521,-1.9379863739013672
5.16750826555368,-3.861492156982422
-1.0190872666435924,-3.192317008972168
-19.100904418149,-10.417094230651855
4.743603615290096,-7.700103759765625
-13.8157551615103,-17.99041748046875
-3.802611775309477,8.26198959350586
4.30511943579503,-5.316208362579346
-22.482844278002705,-20.59783935546875
0.60779733849738,-6.846872806549072
17.8138573048897,6.004520416259766
-38.4626262988146,-13.725259780883789
-0.6089836493556324,0.7478389739990234
0.8617451361473882,-0.8030099868774414
-2.40000424902785,-3.2674107551574707
3.7078671714499096,-4.468152046203613
-2.390619984667185,-2.9529504776000977
-15.559462368784592,-8.323519706726074
-13.790764753514,-1.9886665344238281
-9.325981865786185,-16.842880249023438
-58.4491138315396,-28.08805274963379
9.550892694239591,8.737312316894531
4.435147085081137,7.634157180786133
-2.3538192484503564,-5.653285980224609
-5.83438093189622,-7.308305740356445
-7.10827059552493,-9.713113784790039
-12.414939844598162,-0.48207569122314453
6.6154810826822,4.156092643737793
1.3155747227446202,-0.8088054656982422
-2.56542276271332,-4.326325416564941
-13.546032832554804,4.753181457519531
-16.600339428286603,-6.348462104797363
2.9737175212081803,0.42223358154296875
6.167862854629888,3.194626808166504
-40.922076323723,-24.530790328979492
16.9349100756105,8.837977409362793
-12.24911226903676,-9.337154388427734
4.867927463076468,-3.753048896789551
-21.6327950573002,-11.400335311889648
7.11033993521173,13.968362808227539
-9.59094984812801,-21.18794822692871
4.92186081619874,6.136138916015625
-7.815562497274902,8.663751602172852
-2.20364176327536,0.985377311706543
-19.6754058911438,-21.15512466430664
-91.8886792382854,-4.331503868103027
-20.9507978903398,-21.569580078125
-17.8084408175675,-6.3145341873168945
-62.9612541332419,-23.083904266357422
5.598134989920393,13.691228866577148
-7.283890318199592,-3.064612865447998
6.1026124307435,10.1822509765625
7.42840635595139,12.449737548828125
-5.179391847578812,-4.895055770874023
-4.873152982370568,-5.405017375946045
7.276768036701751,5.979867935180664
-10.739322929783883,1.999293327331543
-22.9219832537164,-17.43627166748047
1.5259403537211615,7.897893905639648
-44.7886924625105,-18.836204528808594
-3.72583443525641,0.7110786437988281
-14.57002364123529,-22.337202072143555
-10.128266274366498,-10.012215614318848
-28.0249952668106,-15.422700881958008
-26.24662901330595,-20.55835723876953
-40.3645652505015,-17.310623168945312
-30.8056950922951,-1.9322443008422852
-3.9552380984537248,5.241933822631836
-2.1789667599796294,-1.7017359733581543
-0.5734820606807138,3.3998584747314453
-1.1617148968623687,-6.945749282836914
3.42848617073407,-2.277894973754883
-17.4030551064212,-4.035871505737305
3.88109013796494,11.375178337097168
9.400493271217616,15.220039367675781
-11.302161927872188,-6.773640155792236
-13.3709137252944,-12.425654411315918
-6.79658968512302,6.312863349914551
4.509456424718162,14.046703338623047
5.45103123545738,-0.7074508666992188
8.149714042401495,-1.9302682876586914
-12.909180343140196,8.987831115722656
-6.61979034735207,2.8525428771972656
11.9978624338519,-1.8278274536132812
-12.53254789251529,2.298196792602539
-8.36198121766124,-10.018457412719727
-4.361976736345532,1.5430030822753906
-0.1898191226144924,-9.964410781860352
2.3166834950764685,0.09801197052001953
-12.6203596574975,-11.268310546875
-1.207429910073891,5.456943511962891
-29.7403775200217,-5.46401834487915
5.31082796058257,14.176624298095703
2.97844031586002,-2.846731185913086
-12.533050119535002,-13.027114868164062
-5.8684323426223,2.9507040977478027
2.391980620215489,5.278013229370117
7.73570234615748,-10.708436965942383
1.166748445159433,-1.450723648071289
6.093529951556334,-0.7889294624328613
17.709922444879297,11.768768310546875
11.779516260068313,-1.7839007377624512
2.4866177573815964,-1.6170477867126465
-30.89708550466269,-22.131317138671875
-9.231606713935047,-9.928220748901367
-13.4089268865456,-10.91428279876709
-9.06573754635488,-9.139366149902344
9.30630078585379,8.887384414672852
-7.156550033865472,-13.720638275146484
-10.5414716495377,-12.068018913269043
-27.8178569354009,-20.709436416625977
5.3817717725564,3.320280075073242
-35.155236696245,-25.645774841308594
-21.4141717786538,-30.982675552368164
-2.6053130644292946,8.004589080810547
-9.953220777101093,-16.75597381591797
-8.798237091769485,-13.314554214477539
-27.6920167541674,-12.309892654418945
8.017093587799739,1.9443321228027344
-0.3550158381598589,6.320797920227051
-1.19024715514191,-6.721269607543945
-3.2855896341823474,-15.930456161499023
1.844566842421384,-8.137590408325195
-30.7366736665872,-29.793014526367188
-11.338238855350506,-8.284185409545898
-1.059512617215007,-2.937030792236328
-33.7712071062874,-22.056901931762695
3.812227003524945,2.3113574981689453
-2.8472026300298463,-26.07697296142578
-21.5871320482388,1.2773237228393555
1.845960760756301,-7.973114967346191
9.06213659212517,6.517980575561523
-13.950148061363093,-11.021955490112305
-15.1006814359747,1.1618976593017578
-8.65496498210776,-7.088291645050049
-31.18852367408345,-14.849607467651367
2.35160533891099,-12.65860652923584
-7.06329362397977,-2.8039307594299316
-11.299328727708405,-6.540194511413574
-5.73967918172164,-0.6714410781860352
-4.062121175440552,-3.383528709411621
3.62056380925444,-2.7665510177612305
-6.512385872303066,-35.181312561035156
-17.2817979072755,-27.496559143066406
5.79128728304933,-8.019320487976074
3.7921116228684086,-5.139134883880615
0.51700222845629,-12.021119117736816
1.0966146270020711,-1.6641921997070312
-6.613686761665703,-25.762638092041016
-39.873530292237,-21.141429901123047
-35.0272315856836,-23.807287216186523
0.2475632146873464,5.1325531005859375
5.59963570142504,-5.741904258728027
5.29419053806362,-10.668586730957031
6.457932781589695,6.6270551681518555
6.4251548431743295,-4.102057456970215
-19.7885249955934,-24.17877769470215
-2.4097304318056905,4.372676849365234
7.543407488617369,4.764939308166504
1.83593808226401,4.353837013244629
-1.5082203021212124,5.195932388305664
5.99108205682079,-5.8364739418029785
-18.1797235112709,0.9929580688476562
-12.840088322870097,-21.01471710205078
-2.23616712442702,8.8439302444458
-4.662511414401839,-3.6351165771484375
3.41802282280863,1.6023550033569336
-12.0320822507053,-23.491371154785156
-25.9801803981754,-10.987146377563477
-5.97419023328963,4.000937461853027
15.4186986077963,4.461189270019531
4.480465220149085,-6.840975761413574
-13.2363849677504,-18.226299285888672
-9.362863686069195,-11.449310302734375
4.128157012788561,4.372741222381592
2.26767773086615,2.5771265029907227
-24.1634597090208,-24.827529907226562
10.013204486477417,10.983916282653809
-31.934070451053,-5.095175266265869
-22.9515728231767,0.8923530578613281
-11.219410776078313,-11.118071556091309
6.00089213826483,-1.6096973419189453
-28.9638748432599,-15.711374282836914
3.11049964318654,9.108573913574219
-1.073248118887358,-0.45689868927001953
-10.249148139079496,-10.952566146850586
-13.14009076535719,-16.09552764892578
0.7364260970712593,5.130196571350098
-44.9949251983702,-6.00338888168335
-5.159519294761907,-5.284271717071533
1.869241020829697,-13.117128372192383
-55.54568697318505,-25.01066017150879
0.3065104335081801,-0.5059356689453125
-10.386374558578522,7.717384338378906
-3.0345245902191325,3.2201099395751953
-57.144820014625296,-20.792064666748047
2.85060083445348,7.6912384033203125
2.446050707651698,3.8738279342651367
5.50221601830175,-9.011784553527832
3.455876052191651,2.1631593704223633
-14.6157572128631,-19.34439468383789
-0.874105623616695,4.900826454162598
-1.378759213278819,4.2690887451171875
1.350733135180331,5.147838592529297
-1.94666134980912,-2.5052757263183594
-3.36735139960915,-0.2587471008300781
0.8319171014720902,3.4110231399536133
-40.2101205720394,-3.6098670959472656
-24.577379709126298,-19.982084274291992
-18.6292132467089,-5.080821514129639
-46.39510994896701,-11.180893898010254
-2.487076105276776,-3.258084774017334
-4.752960817423343,-13.124757766723633
-0.1160299782726794,-4.439764976501465
-18.5277286275242,-5.266438961029053
-14.1325019191809,-18.165607452392578
10.909208084253878,7.897733211517334
1.30779520720034,16.305078506469727
-5.77436797253085,-2.114163398742676
3.986867952152618,10.281282424926758
-21.7936206120663,-20.44088363647461
-2.643556292002,-5.235272407531738
11.0853991753379,-14.587778091430664
-12.9397422629832,-10.994793891906738
-0.190891674386513,0.9240026473999023
-6.32558602127377,-2.5474700927734375
5.391699208755202,3.256748676300049
-8.998840630677615,-6.013683319091797
-1.6005087696864486,-1.3049802780151367
7.5482379424635875,7.831304550170898
-7.642910278690365,-11.461725234985352
3.719171936095444,7.713714599609375
-0.8981307679622897,-1.0011882781982422
7.06032809637297,3.1212692260742188
-3.134999611446543,-5.137872219085693
-5.94174589421185,-5.272110939025879
-17.7883076547542,-24.978500366210938
-25.2381267145584,-22.483718872070312
-27.5445722402187,-20.531768798828125
2.6678241356197647,-5.500245094299316
5.02066543392875,-3.7849607467651367
-1.67197513843126,-29.64365577697754
6.58117049992555,0.11561775207519531
3.12612254618191,-3.7904672622680664
-2.1147225087047508,-3.271195411682129
-76.9668504799361,-10.977409362792969
10.11870938841209,-1.2598323822021484
4.755697845162629,-0.43524932861328125
16.5479703149859,3.7901363372802734
4.001938538520379,-13.901535034179688
-14.1813773041305,-24.139324188232422
0.7709161631446207,-5.350796699523926
-24.2508933717269,-13.194007873535156
-22.3071231538392,-25.223051071166992
7.2595381633228,4.179903030395508
11.555346181601609,7.82004976272583
-26.258782255785,-13.888630867004395
10.3189652047012,-5.936827659606934
0.809697096857583,-2.7828822135925293
-18.5255095356289,-29.45754623413086
-1.0680791130593923,-5.637872695922852
-3.5390830989045075,-12.329737663269043
10.468583156479704,4.718427658081055
-10.613183176373598,-8.661968231201172
-6.40442742836347,5.112861633300781
7.196532980977684,1.4075241088867188
-10.586292641023492,-0.9620981216430664
-26.79502671025515,-19.984819412231445
-7.187555808667961,-8.300580978393555
5.4465900456679694,5.305850982666016
3.1988276731025875,-6.102844715118408
7.827394642815597,7.024900436401367
3.887422638441485,4.426481246948242
-3.41466344580097,-3.0921998023986816
2.667044757168528,-2.997468948364258
1.0590749185315824,-0.5056610107421875
-3.9965921287470247,-1.6916537284851074
10.982614675109394,1.0698928833007812
0.4076170529080399,-4.051033020019531
2.71319811317338,-5.495243072509766
8.652061852316729,6.483155250549316
-0.6579761516790089,-6.9655046463012695
-51.6773231694491,-22.183563232421875
-2.8325461302865187,-3.1305675506591797
2.12749125232924,-26.35584259033203
3.562549470771905,-0.23637008666992188
-16.517773128145326,2.065570831298828
6.874655354673765,18.835962295532227
0.2047767843086013,1.090226173400879
-2.698758931910008,-2.4277868270874023
1.8601156760560384,1.8759331703186035
-22.2455703021075,-17.642623901367188
2.4288820651169605,5.808464050292969
-16.8307740899425,7.213312149047852
20.7191486697607,11.182096481323242
-30.7261055182573,-17.26714515686035
-38.4849400567448,-11.951749801635742
-14.3103126367969,-7.077406883239746
0.7860328468455551,1.0333585739135742
-48.3858044800915,-18.83829116821289
-3.21662088766757,-2.90545654296875
1.675245639565673,1.172074794769287
-90.3299705619704,-19.36440086364746
-9.28527551691871,8.795206069946289
-1.2293411329062325,6.516037940979004
-4.534682244798708,-19.390281677246094
-68.1959205924323,-17.608535766601562
-24.5242345195019,-11.458741188049316
-2.77042962989298,3.9932432174682617
3.8009101564042025,9.756402969360352
8.933703319425492,15.556360244750977
-11.341527235964405,-3.033374786376953
6.71098989067457,12.843181610107422
4.54734483862441,-9.364564895629883
-5.16341129781556,-6.755695343017578
-49.062306315025,-16.05376625061035
5.26551760771767,2.115523338317871
3.33951124606136,-7.595001220703125
5.006519903780723,2.0610432624816895
4.05485944970297,1.2990798950195312
2.283405953189745,0.7579183578491211
-2.66483863280114,-1.7752914428710938
12.566471603210276,12.103456497192383
-27.9020155354992,-10.633909225463867
8.88265541550952,6.3579559326171875
0.1652887870268324,4.070029258728027
15.4985727759109,24.858592987060547
9.014890317831036,3.825901985168457
1.4803529144374856,11.797758102416992
18.1939100849816,23.20758819580078
-2.6304973605131474,-10.12852668762207
-5.493763326806099,1.8180122375488281
-0.6715208179901364,2.8148369789123535
-36.7383193130824,-10.710151672363281
5.062784719364307,4.649505615234375
-12.026803679110706,-17.298492431640625
-3.01321716593974,9.156892776489258
8.35813394800668,7.838044166564941
-3.60075442831331,-7.059684753417969
-9.509135784465323,6.790146827697754
-19.6175855102284,-3.493730068206787
-27.8629509568953,-11.685628890991211
1.74273211890989,-0.5910272598266602
-2.19578977406709,4.304496765136719
2.42002639701588,5.348822593688965
-25.55316918036869,-5.801862716674805
5.635020609606415,2.262791156768799
-34.727836669101,-10.90700626373291
4.4516036428765,-1.2740960121154785
4.967381413305823,-1.152059555053711
-6.81516141534704,-2.7840566635131836
-24.3954295810688,-6.90645170211792
8.658679095048068,7.952430725097656
3.7347243087796,-11.204643249511719
-12.909633143366396,-12.812289237976074
-60.49569009623433,-23.77019500732422
-3.790702882666694,-3.986734390258789
-12.41068356063,-8.011801719665527
2.76740193393285,7.408170700073242
-18.9061714872788,-5.345455169677734
-3.681083449701528,-27.233165740966797
8.13893448615947,4.161354064941406
-51.402683514636095,-28.035369873046875
-3.0703466753296,-0.7503223419189453
0.4646043967887734,-10.345706939697266
5.989492839405608,-18.58085823059082
8.833837192566008,8.761507034301758
-26.1965705632023,-6.425596714019775
0.0804428699766095,-7.423010349273682
10.229168329440906,-4.645872116088867
2.12042655289975,-6.0200700759887695
3.88810032819938,-5.978608131408691
-31.515616413872173,-14.762798309326172
2.28163515100639,-6.725914001464844
-9.633163292669298,-16.77596664428711
2.63206586722876,0.3685946464538574
0.3189015990893598,-6.801848411560059
-6.31868596379813,-3.723893165588379
-6.4648984000359935,-12.19388198852539
8.91646092056966,-6.183981895446777
-42.637521131086125,-19.48841094970703
-89.5439156156453,-26.385669708251953
9.179556151687803,-2.900552749633789
8.754663680824095,-2.7770237922668457
0.8838679103249854,-6.692530155181885
4.338369925074482,-5.618851661682129
-18.23432595343749,-33.86119842529297
6.92534745147092,-0.8826103210449219
-1.768261666543676,-3.296380043029785
-7.87226820943855,-8.163557052612305
-12.0847368637308,-14.135393142700195
-4.4222229386498375,0.19216203689575195
6.63109301847755,-3.3368844985961914
1.675381804264854,-2.3871240615844727
-6.897600670415837,-6.617334365844727
-12.2774867069717,-21.422576904296875
-3.963646539183849,3.0015921592712402
-2.552277046947741,-6.134037017822266
-10.78700495517378,-3.6108198165893555
-6.426376983867103,-4.976648330688477
8.2142562177934,1.2167115211486816
-16.967828162594074,-3.729214668273926
6.07843040491799,-8.3916015625
3.08443697315444,-3.3887224197387695
-1.3811964732242277,-13.74785041809082
-4.51305804704249,-23.907081604003906
-9.93375477053989,-0.5321264266967773
-0.6581754288220045,-2.607954978942871
-7.952166005584182,-18.848960876464844
-13.563015982384195,-14.069425582885742
-47.9957157156951,-27.66056251525879
4.96190002222477,6.18115234375
-2.0240269290899,-5.041075229644775
3.47166270740147,2.8433961868286133
-5.2815921348029296,0.22609996795654297
2.369358494612781,7.413449287414551
-4.214346026907057,-8.75178337097168
-23.8934551543691,-17.471141815185547
-1.0659561461183158,-5.974632263183594
3.126169348435272,-12.081559181213379
2.35164464781062,5.599939346313477
-1.79502295092813,-1.6011438369750977
-15.957982665262508,-15.760049819946289
-64.65676531723692,-26.56753158569336
-27.8195558011628,-21.41533660888672
-10.480511156242285,-24.988677978515625
-6.18357684414468,-4.93123722076416
-6.75960002722117,-1.4420466423034668
4.4105627388370605,-2.2035932540893555
5.58846482112586,0.2085399627685547
-16.8483709423333,-14.999832153320312
16.1850033157246,2.8047447204589844
-3.34531377329845,-3.516996383666992
5.893700156574014,6.938412189483643
2.745769909533195,3.279285430908203
2.53362859007723,3.639341354370117
1.0880788430276551,7.349605560302734
