Score,Pred Score
-13.812973987503693,3.427720069885254
-14.6311710829416,-34.71961975097656
-15.020937907067507,-13.350929260253906
5.61896917638109,8.78821086883545
0.1461877509898399,-4.172840595245361
3.59745169898486,1.82110595703125
-6.72144892291601,-0.15720415115356445
4.304204520484877,7.381793975830078
3.37898618824583,3.1677122116088867
3.939818822274421,5.1570258140563965
13.9953943577381,14.697765350341797
-5.39913759737588,-2.7758312225341797
-2.204579993178592,-2.880812644958496
8.829561804598438,7.19499397277832
6.01696699102072,7.399289131164551
-6.376202369524528,-7.70869255065918
-6.50906463316165,-3.716892719268799
-60.92137282626391,-21.04523468017578
1.99934019108803,-0.6476130485534668
2.188685633501576,5.557487964630127
4.07090957771029,-3.865581512451172
0.5211206139658471,-1.8383512496948242
12.5580583918003,6.614597320556641
3.320229681965675,-0.004790306091308594
-0.4381862293696001,-4.79997444152832
0.1752112379752922,-6.500732898712158
4.123908949931413,-3.7546944618225098
-14.2382866820043,4.8233232498168945
12.966325580978296,6.930981636047363
7.692941411907634,-1.6304988861083984
-62.9031214125763,-24.58880615234375
-5.800670766453999,-5.430246829986572
-11.705366535732304,-9.646586418151855
-4.786538605318405,0.46117496490478516
-82.4887013651952,-29.27382469177246
-8.251107402184557,-3.213453769683838
1.61677665352485,-11.29231071472168
-11.916211326129387,-25.62850570678711
-45.634880019414,-23.375629425048828
-0.568998602339841,-3.330456256866455
-12.147399114840605,-12.673977851867676
-27.4476544011683,-26.616775512695312
-2.306526469902426,-5.252472400665283
-0.4835459876036119,-1.7325897216796875
-8.39479061793487,-11.26164722442627
-46.862925671502296,-27.46843910217285
0.3837795244341289,6.2996826171875
7.184930267876617,4.007530212402344
2.8348518495029404,-2.6809091567993164
-9.859535687586003,6.75
-6.00025755794808,-22.76227569580078
-4.764629840066975,-3.099979877471924
-2.377061578670744,-0.36989688873291016
-2.0585753436264698,1.1996030807495117
1.1848602197973823,-3.5553293228149414
4.97603191479674,6.34559440612793
4.27399441028646,-4.636998653411865
-46.2372447228831,-29.850757598876953
-31.4759298257721,-20.81439208984375
-50.1674018945849,-24.893177032470703
0.9601515747159592,-4.063943386077881
-11.864177458483407,-4.565862655639648
-0.538262620928304,-4.935760498046875
-0.6920482116816997,-5.514781475067139
-1.5184696160120892,-6.1752729415893555
-3.0836644409391925,-4.988570213317871
11.316750179392892,9.44968032836914
-11.183106529127476,-3.046205520629883
3.59102041590596,-4.9281110763549805
4.55602013063716,-5.269413948059082
11.579228393987275,5.045957565307617
2.3067635611900137,-9.268957138061523
10.480393919522983,5.446745872497559
-2.698100773809443,-10.172013282775879
3.776985072333982,-1.7411508560180664
-11.773766374328297,-10.711118698120117
8.681027307740193,-2.5455284118652344
-1.1091988250418725,-6.165203094482422
4.484288991501213,3.9974851608276367
0.0548896546292299,3.3360681533813477
0.1118559290339978,-5.966965198516846
3.9797293996962297,-2.492508888244629
-22.42608065327665,-26.810016632080078
7.37064384347005,-4.404936790466309
-0.2642143205483515,-3.412687301635742
5.344594984386832,-1.7489728927612305
-1.2497809936708242,-7.155896186828613
13.71198107208239,-7.295948028564453
0.5045482395984724,-9.363316535949707
2.86709961553106,-8.241849899291992
0.4423212163888063,-2.5710878372192383
-3.724573545179619,1.5158090591430664
0.2570808252882703,-9.427618026733398
-70.65073406723695,-33.45878601074219
-33.9587360563784,-16.566017150878906
9.2088386022025,2.0296411514282227
1.3318185914773402,2.2440385818481445
-9.176001953270983,-15.068440437316895
-10.497767159210698,-8.589838981628418
-0.4402086584014632,-12.543136596679688
2.1560784090827942,-5.87421989440918
-27.1636490162131,-1.5090861320495605
-0.670930828719279,-18.074535369873047
-22.794043146736,-26.832290649414062
0.8105828534072201,-12.207347869873047
1.2287673509824204,-4.818050384521484
-0.6435038581465955,-5.428125381469727
8.474782023793379,1.9429473876953125
-9.601847091024196,-3.518887519836426
-1.6610011043127195,-1.3434362411499023
-0.1091636509260827,-0.8726596832275391
7.570838092245207,-0.6437606811523438
-7.211196994815285,-24.204362869262695
9.090654061652296,-6.343384265899658
-26.6651088566214,-8.250202178955078
-17.309192174305,-0.770625114440918
4.14054171285972,-1.404891014099121
4.097668935846943,10.23902702331543
-0.29408409265346,-7.287217617034912
-35.8165916579592,-20.593950271606445
10.898098675545494,2.7139463424682617
-1.6552655274048038,-1.6809301376342773
1.6729502580778592,-19.070423126220703
-6.42491227706334,-13.514219284057617
-15.4752611754195,-19.271451950073242
-0.6907348474047925,-0.7590594291687012
-21.3629045873375,-21.647624969482422
4.219145585451182,-4.837713241577148
-3.019531285218114,-2.5229954719543457
4.25311060075082,-3.647108554840088
-15.0412339008878,-0.5964670181274414
-8.237627320974727,-20.025985717773438
-1.0683487237199796,-4.566328048706055
-1.7174251595272625,-8.019495964050293
4.069163600073605,-6.769740581512451
-10.162041561092582,-26.964433670043945
-5.97248436581227,-6.252969741821289
6.120538767403939,-0.1759815216064453
-0.8028238008287005,-20.840545654296875
-23.6042929930625,-26.655517578125
-0.1777753404752198,-1.4549064636230469
-5.785469568057495,-33.95867156982422
-0.0556983764780604,-2.613450527191162
-25.4508968849616,-1.9393596649169922
-5.3185412482723295,-2.7317028045654297
9.1356503291117,3.0689992904663086
4.020569536845237,7.1416778564453125
-58.5527340809363,-10.892619132995605
-6.291328737399075,0.05708742141723633
4.187869588752649,-1.7957549095153809
8.922207576391518,-2.0779013633728027
22.7414116448382,9.980413436889648
-44.6057608529879,-32.53947067260742
-26.5129077898497,-11.928070068359375
-2.13735826282737,-2.0247039794921875
-1.14890133483728,5.928832530975342
-15.2234416939723,-5.195661544799805
0.369316059642221,-3.46649169921875
-0.6884117876070912,-14.050760269165039
-5.8772631055401,-5.123705863952637
3.6053774296538297,-10.052375793457031
5.07108724357905,-2.6655616760253906
1.292753014965791,7.335605621337891
8.440986836263871,-2.6262388229370117
-3.43040335892423,-5.177731990814209
0.7651079053562314,-3.8955578804016113
-37.13962469223695,-23.24501609802246
-5.822632503482525,-2.5419301986694336
-6.879472048396067,-9.992454528808594
2.11024229353816,-2.023653984069824
-7.1526743450051855,-8.548344612121582
-1.122073026503361,-3.0809268951416016
0.3302260274555297,2.6696548461914062
-1.178255647098801,3.595818519592285
-2.99361591491145,1.7021598815917969
-18.1070051290659,-12.01784610748291
-3.0332808194811403,6.93768310546875
2.6303171850506604,-8.55976676940918
-9.72499716390718,2.7255187034606934
0.2729453578388601,-8.943465232849121
-21.4503408223732,-13.121140480041504
-4.99755531471552,-6.8342132568359375
-18.0018409950579,-25.949878692626953
4.00031385473591,3.773509979248047
12.0378145652987,8.040335655212402
14.1235470599023,-10.409083366394043
6.55729051148795,-0.18601512908935547
11.19992297656359,7.594533920288086
-7.81388191369781,-9.009458541870117
-2.924593214648255,-6.266734600067139
3.7667366885646025,-9.290323257446289
-6.68253431604433,-7.5859222412109375
0.7345204104922589,3.4348649978637695
-10.626155896203898,-4.0157270431518555
8.106852576346123,7.333609104156494
-58.24412469223692,-30.92507553100586
1.4955767028094,5.127321243286133
-17.6906096863185,-27.007017135620117
-4.813871520282443,7.570333480834961
-11.8973420493851,-3.8542237281799316
-2.67676896274171,-4.064781188964844
-3.9331393974605526,0.739079475402832
8.756217929094177,6.733395099639893
-29.2662792150344,-4.463626384735107
1.7249239205326918,-6.72939395904541
-6.686975812883663,-22.26997947692871
11.10272802991041,8.08547306060791
-10.956818171714705,-9.635568618774414
-6.3500959185649,-14.567914009094238
0.6681105368389735,3.87691593170166
-12.500029270357295,-19.199981689453125
-2.591242863373206,-0.5735001564025879
5.954690473588823,1.541733741760254
-43.929359067237,-26.713088989257812
-17.4841411730512,-11.504545211791992
3.61441892535489,0.5782470703125
2.1112971208509976,-11.777653694152832
-41.8026500314277,-30.17597770690918
7.028135642932115,4.281714916229248
8.463248256721428,1.9410953521728516
-13.037072413777096,-11.439474105834961
-1.6307504375632549,0.6993389129638672
-0.3284521577656807,5.613887310028076
0.4685622181175212,0.2063446044921875
-5.316952415477393,2.6910505294799805
4.584421564331302,-9.3515043258667
-20.3593816575191,-14.44278335571289
3.67041582610247,-4.208667755126953
2.204062447972561,-2.4805808067321777
-4.666937653128132,-4.0261030197143555
-12.3781694316975,-7.481566429138184
7.06923762363823,-2.6456565856933594
-37.2883298194418,-16.333730697631836
6.442434166934048,8.897268295288086
-12.2162083245621,-7.992307186126709
-20.3623076046531,-6.023783206939697
-5.45440876641342,-3.5827293395996094
3.1416241584890576,-2.032900333404541
-4.96580172718434,-5.256377220153809
-37.4061766871973,-21.18661117553711
6.46185690649625,-4.1693267822265625
0.5403453062071405,0.49056100845336914
8.656689402528613,5.640711784362793
12.331931266595111,9.91748046875
2.75380173901167,-1.7752957344055176
-2.8447496930443927,4.829767227172852
0.0285872237409883,-9.484493255615234
-73.5286754265322,-1.4380736351013184
7.285509446842615,-2.182413101196289
6.72046542688671,2.66811466217041
-6.19730890695259,-3.3537673950195312
-16.4599719883519,-11.111191749572754
-10.288292260688207,-3.178412437438965
-10.285920522724917,-11.977087020874023
-30.8171784242839,-2.7875938415527344
-4.65691689928222,-10.540178298950195
-37.1716279374795,-11.64692497253418
-36.50577458359941,-5.84114933013916
0.7942566624333496,-9.290164947509766
-34.8552692363716,-4.997318267822266
-2.491707941339629,-7.363883018493652
1.7387039934851498,8.804450035095215
18.9715733525152,7.335732936859131
-13.8996269060666,-7.004550933837891
4.17561229224804,-1.0645809173583984
4.7680640763497,-8.462597846984863
-6.745372906074374,-3.880681037902832
7.262818938793504,-5.4399871826171875
-55.7541546140486,-24.708852767944336
8.453421074249384,5.78887939453125
-5.85807143580148,-0.41079139709472656
-52.7336020518746,-27.903465270996094
-1.995826789875676,-2.862696647644043
-1.3326443092463092,-27.347492218017578
5.029017096161708,-1.260876178741455
-0.71117494174041,0.3582286834716797
8.243548509216069,8.780142784118652
5.81602235619721,-1.3172931671142578
5.978124919049687,-5.047636985778809
-2.8859593337581737,-3.5826663970947266
-26.0047332498617,-23.017074584960938
-1.5220929784942658,-12.317231178283691
-3.195242757261453,0.5628399848937988
-15.0089303719363,-9.922967910766602
-1.757118944268968,-29.26654052734375
-13.5091075877696,-11.163148880004883
-4.0681667574955,0.5909485816955566
4.43276114617859,-0.12346220016479492
-4.665207913971671,-4.942485332489014
7.33919324558513,3.045198917388916
-11.69780882660921,-9.623157501220703
5.960801203295765,-2.8098278045654297
-29.9162730471743,-23.455989837646484
-5.331847529263395,-8.639724731445312
-40.7258600860177,-4.523054122924805
-35.3994683825842,-16.9106502532959
-10.968565079401992,-16.375513076782227
15.384553292915324,-29.935108184814453
-0.4271227388875901,-0.23586273193359375
-7.69948364751984,-6.6062822341918945
-26.6822467124322,-25.42270278930664
-0.2823200449385875,-9.262742042541504
-3.8453528225106623,-15.142251014709473
-2.4599041427842496,7.055088043212891
-12.7315114055493,-8.040998458862305
1.418014053180695,-9.455142974853516
-3.4922781726655696,-8.368367195129395
9.58062385928767,-4.935302734375
-17.5801214502402,-23.444231033325195
-49.5120706514507,-30.07161521911621
-0.4503474699443348,8.787391662597656
2.332279780348585,-3.1710214614868164
-42.2483635713802,-35.171783447265625
-5.00028834575103,-5.02003288269043
-5.14141487663266,-9.415103912353516
-19.923371510770203,1.6172733306884766
4.28301459624688,-3.9256339073181152
0.3224388648416145,-7.627265930175781
6.795393661635613,10.095529556274414
6.720388221210122,6.711834907531738
-20.7558388881914,-7.8097662925720215
-12.5922662394529,-8.139690399169922
-5.19085420781142,-0.2406940460205078
-27.3858072066324,-15.274518966674805
6.488490212037078,7.848365783691406
-12.5233171201947,-16.006610870361328
0.996650643215182,-8.130889892578125
3.27144637329635,0.4791378974914551
1.203208947199059,-6.890282154083252
4.5031585012656095,-0.8459072113037109
-46.6686841099013,-25.845491409301758
3.600655729290548,-5.328513145446777
-2.7077151362496297,-19.79658317565918
-42.936846127142296,-25.393768310546875
2.679404112105611,-0.7984428405761719
-23.975827854410426,-20.358430862426758
-24.4869919201538,-20.09718132019043
-6.22433036882608,-4.627907752990723
-24.992167376126925,-11.920309066772461
-9.742168339465294,-7.588657855987549
0.1235817830644999,-3.291499137878418
-11.607028837624,-0.052158355712890625
5.321680837772678,-4.888126373291016
3.3452637215970498,7.113115310668945
13.015759276594096,3.688636302947998
-6.13466459150186,-7.877363204956055
3.0897024917955025,-5.351461887359619
3.557691046156,3.8495864868164062
2.0008593011464906,-6.358207702636719
-1.2671721747064446,-25.267276763916016
-2.989164004622407,-26.03739356994629
-2.43808381047612,-11.168160438537598
-11.30813578108209,-6.685514450073242
-9.619042312244815,-15.151792526245117
-4.01456885639382,-9.386460304260254
-4.853312003098937,-29.108959197998047
2.78743688363977,-1.9000892639160156
3.6035536346157695,-6.8062238693237305
6.09033976794457,5.899275779724121
-5.89266438028177,-0.8271312713623047
4.780848076735348,-6.722049236297607
-20.7592210135025,-19.66986083984375
-3.637071869773312,-13.979636192321777
-4.396710286499547,-0.4336981773376465
9.04709717330502,-20.03618621826172
1.69213972357191,-0.36435890197753906
-27.068723822751306,-14.949366569519043
0.2886204877907422,-3.0830788612365723
-0.592182005541919,-29.683361053466797
-4.736229867816737,1.7346689701080322
7.877641553655238,1.4648656845092773
-2.588665914009158,-0.6063852310180664
4.72846919446815,-12.379302978515625
3.42669038506664,-3.515092372894287
-10.274169876330886,-10.238526344299316
-1.289264920121349,-5.838947296142578
-6.9648772325347394,-8.55392837524414
-1.2236747050651609,0.6157150268554688
-12.208208404490907,-22.822561264038086
4.40921359309415,5.642402648925781
16.4171583068458,6.95736026763916
-15.991582533821994,3.5506677627563477
7.809600001042748,4.975419998168945
-3.0331069492891496,-6.358562469482422
2.603164662477901,-5.679820537567139
-24.2572199033326,-9.624780654907227
13.667582002208905,13.221420288085938
8.19307228691883,-8.612031936645508
0.4664503305112299,1.235036849975586
-6.46133524603972,-8.83059310913086
-19.7520332208299,-15.678593635559082
-7.75971004909346,-3.6044979095458984
7.66334596528203,0.7538161277770996
-27.64770126959135,-8.677236557006836
2.125547882163602,0.0016889572143554688
-1.8239337240231768,-2.0615320205688477
3.3696784995100426,-3.944761276245117
5.265272900492549,-6.642836093902588
6.753311816554961,-3.52993106842041
0.9434331950199416,-1.732351303100586
2.13745295521649,-2.338829517364502
2.76912169862866,-6.752796173095703
2.409764321136161,-1.7460269927978516
3.7606671418030695,-2.2354040145874023
0.555665600488549,-0.47696876525878906
-89.04756219223692,-22.52280616760254
6.987950206462267,0.046950340270996094
-10.09410467002709,-23.51503562927246
8.16191414696451,1.9052176475524902
-10.731303688850904,-8.80337905883789
7.588764503474316,-0.7360258102416992
-5.25293160621848,-4.143479347229004
2.3065604778561424,9.119420051574707
-3.8022266666193874,-15.065333366394043
3.22816419080692,-3.116321563720703
1.1941842843275,9.555721282958984
9.772192422094813,-21.121173858642578
-2.489313079893845,-1.8070030212402344
-13.547300817594484,-19.36195945739746
-1.5403494549472296,0.5696983337402344
-5.139364658294922,-4.077791213989258
-1.32131943338233,-2.5778560638427734
-0.5284321769112605,-0.5370330810546875
0.1119561526876595,-3.8514328002929688
14.8508222506114,3.791409492492676
-0.0918051514147744,0.6830239295959473
-1.7237618714553775,-2.2640795707702637
-1.5699354762224491,-0.029302597045898438
1.5718362711845366,0.5841522216796875
3.58036180553514,0.6358814239501953
7.45084701577923,-6.950151443481445
-7.378812419643663,-3.496356964111328
-33.1832620874725,-27.891475677490234
-6.066411004621831,5.235729217529297
-16.4910721624856,-16.085113525390625
0.8267526169764301,-1.264791488647461
-9.762453719841735,-28.61194610595703
8.07102955700163,8.075634002685547
1.741670982094262,-1.9858436584472656
-0.0053525606393112,-4.2315874099731445
-51.4043293278057,-22.139507293701172
14.9415296965116,16.25373649597168
8.70853787657841,-3.021310806274414
-2.149900469098629,-11.344610214233398
14.8229623836697,6.423949718475342
-0.0379657812584102,6.85614013671875
-15.3173389528898,-1.0938196182250977
-1.7663441991754285,3.880465507507324
-6.708306328674888,-0.28614091873168945
-78.7451798053926,-28.988317489624023
-0.5413656534735456,-3.7717862129211426
9.625121597198186,-1.0432252883911133
-3.15562863494722,-0.31473827362060547
9.60447820177431,8.821189880371094
-3.31847606547329,-6.1465253829956055
-4.12581810820042,0.6386203765869141
1.7706121017107803,2.624884605407715
0.5117341060036625,-0.6557402610778809
2.63157412115867,1.4307136535644531
-4.763634360062484,-8.056436538696289
-11.18181257464061,1.5758662223815918
-39.4932668903457,-9.071189880371094
9.206200380526292,1.7904691696166992
-2.93911844531118,4.0319013595581055
-28.13472322157985,-11.614553451538086
9.62907409316032,-1.421269416809082
-7.042636248773623,-9.589956283569336
-4.03025121975644,1.1952295303344727
3.42951329804928,6.206624984741211
2.5565427438131976,-0.6508903503417969
2.8513084033656,2.498480796813965
-5.5623675139736175,-9.332601547241211
16.9968892380515,9.042915344238281
-4.144685584269085,1.823718547821045
-11.221818720505304,-6.119483470916748
-2.111656589218961,-6.044549942016602
-1.626797120535592,-2.8785648345947266
0.7652624054000594,1.5418939590454102
-21.5531296050118,-23.237918853759766
-13.053772031257305,-10.14718246459961
5.42509465390903,0.24190759658813477
-5.5186956836840375,-6.536900043487549
-2.260381023139061,5.332710266113281
-30.3377383335249,-18.8797664642334
7.380729755239978,2.6642794609069824
-4.172986764275874,-5.32125186920166
-1.2036514942358316,4.522492408752441
-35.2906329121599,-15.671136856079102
-2.54595208771381,-15.454988479614258
-10.901275449743116,-0.29617834091186523
-17.0078420331655,-22.990062713623047
-17.0314498829154,-6.391509056091309
-11.9784507557909,-6.757926940917969
-19.469018973061075,-18.322734832763672
-3.2142130797467816,6.070835113525391
-0.5663484394051013,4.572354793548584
-21.2195468929047,-7.083957672119141
8.077984978184695,2.6380577087402344
-17.0119321722455,-11.451082229614258
4.67424026120176,10.391141891479492
-47.9875704511971,-20.784053802490234
4.316615136301563,-3.4600372314453125
11.2728180991378,5.633283615112305
-3.5546157663424616,-19.799074172973633
-3.15887949932979,-9.717093467712402
-1.6422791314174887,7.072610855102539
-3.448025235667948,-23.480976104736328
-13.5632540546311,-24.360790252685547
0.8825935384285006,-4.752544403076172
3.27100049685324,-1.3963165283203125
-0.7762273913233743,8.903282165527344
1.026942322157092,2.208261489868164
9.859104788483815,-0.5749897956848145
-1.9977872313530125,-6.533190727233887
-13.1809903671301,-2.486114501953125
-35.1782981083837,-29.5013484954834
-35.8337806803641,-12.719640731811523
-7.639409008216227,1.0841102600097656
-15.746453943284,-21.02203941345215
1.055995951979529,3.1326732635498047
3.987299411465438,-5.310537815093994
-37.0930621901092,-9.57699203491211
16.694612728237402,-2.4865212440490723
-4.527979888097892,-11.514765739440918
14.6352674345898,-9.270708084106445
5.034618319433818,1.861104965209961
-3.77133000272187,-5.818325996398926
-1.61504571199055,-0.7381343841552734
-56.3663437951974,-19.425701141357422
10.088450856398616,-3.410400390625
-14.285610883283098,-22.23198890686035
2.6210618799141923,2.3611984252929688
-2.308732762121495,-10.906538009643555
-83.9761260280997,-22.49070167541504
-1.03656181464744,-0.7875447273254395
10.16232173056559,6.505851745605469
-3.12013961477547,6.972562789916992
3.010752586641185,-2.6930651664733887
-1.5178355576616795,0.2223224639892578
-2.60072537807549,-0.6710982322692871
-2.367312137177082,-13.99925422668457
6.075310726130807,8.917393684387207
2.24572304437811,1.0789060592651367
0.2044267191685782,1.7510547637939453
3.85944773684647,6.072030544281006
-14.409506408843407,-8.271842956542969
-2.683955047842884,7.714153289794922
-0.0075038478591599,-5.274007797241211
7.190050317883171,6.159839630126953
-2.1691769605730515,-0.03730058670043945
-7.910003358009165,-0.8632721900939941
-69.1366966634013,-25.410465240478516
1.437241653553571,-9.76789379119873
-20.7409218490905,-6.968059539794922
3.78247800369874,5.110748291015625
7.909526276907584,-5.5315093994140625
6.097122298913325,-14.234137535095215
24.5800902168924,12.428834915161133
-9.979741434164584,-16.24570083618164
3.1327986373042376,-1.5239696502685547
-8.393586343504198,2.4710869789123535
8.678125432705007,1.9584541320800781
20.7428439693387,-11.284414291381836
-1.511416195100045,-25.26116371154785
-23.3725501337939,-5.727818965911865
4.69437535963172,-0.2019634246826172
8.24149319055937,-1.9614677429199219
-0.2898522089969393,-2.620389938354492
-7.19378137939456,-7.3525800704956055
1.0271109700113177,-3.016066074371338
-14.564555056626377,-9.37874984741211
-9.657849716236,-22.59153175354004
-0.7280966227290082,-2.821519374847412
-21.8962191024866,-9.933445930480957
-40.2614734397264,-22.868783950805664
-1.77750068778882,-0.3182530403137207
-28.3488859938485,-14.449922561645508
-8.184373188662292,-28.703086853027344
-6.135426654744688,-9.34431266784668
-3.270422191581055,-8.975078582763672
-6.055427015859325,-3.24493408203125
-34.3143130117107,-22.654264450073242
-50.4820483838523,-18.484140396118164
-4.639593570653838,-6.598757743835449
-21.0606958753072,-15.70829963684082
8.747205755218493,8.558368682861328
0.6884341878779402,-6.287747383117676
0.300408103033295,-5.213552474975586
-2.6184282494780104,1.1811761856079102
-37.3999740396079,-16.51085662841797
-10.594900847222812,-20.540071487426758
-23.227454082363305,-22.29607582092285
-15.4814292943448,-10.825972557067871
-6.89310310865277,-4.022119998931885
-11.7962452523223,-5.673461437225342
-0.3887710448227697,-5.214079856872559
-4.0896099478500325,6.719938278198242
-42.6579269422049,-27.030181884765625
-2.095241650043551,-3.457371711730957
8.45389840526827,-2.020261764526367
-15.5157954828953,-20.0725154876709
-1.9802660997523944,-1.854285717010498
1.8368511005450223,-7.9583845138549805
2.11900133622217,9.1998291015625
-38.4962238749225,-21.66939926147461
0.8069046214032297,-3.869784355163574
-1.73607437190069,-7.398672103881836
-8.46093254820262,-1.7481341361999512
-0.0780407432645869,-1.3891000747680664
5.009535132419683,4.5495805740356445
-74.9399761386801,-30.92809295654297
2.806732553915905,-3.1736717224121094
-10.415057364934407,-2.6144280433654785
-4.81834176383161,9.815637588500977
-1.4920816076829602,-1.4053101539611816
-0.003939288658445,8.601991653442383
5.86288473591452,-1.9624900817871094
0.4443344011282492,-0.25471019744873047
5.72263802046558,2.307903289794922
5.46583466116103,-11.145988464355469
5.05355462238675,-0.8148102760314941
-17.190033530139498,5.42214298248291
-10.1192188918475,-2.0576252937316895
-10.539071528779305,-2.670405387878418
0.2492257167476033,3.4546995162963867
5.35198813185094,-2.548011302947998
14.9823899147147,10.55943775177002
1.7336328627834918,-0.3508424758911133
3.2582764286422226,-4.859419822692871
1.1615369027166365,-1.9318928718566895
-42.4099588259267,-20.692995071411133
-38.7823663998969,-12.991182327270508
7.99575647038201,-0.7429752349853516
11.644495901203598,1.1944780349731445
-39.0956747424042,-2.4644341468811035
-38.6438610292767,-22.210407257080078
-40.5029244010595,-28.27654266357422
-22.8644313188967,-4.111066818237305
-0.897066728281827,-6.364014625549316
-17.6830733389949,-1.1977787017822266
-0.0084306638066775,-5.349710464477539
0.5394390329931549,-1.7441301345825195
-21.61387508166409,-22.276519775390625
5.053393098685065,-1.1894903182983398
-15.7834934865799,-12.145437240600586
-58.40351531723695,-34.10920333862305
8.86280218600469,5.55751895904541
1.888243484494037,-3.0647196769714355
8.99923705482913,-4.641028881072998
4.133325903305868,-5.793688774108887
4.774357664359128,-5.328901290893555
7.418770080750715,-8.653486251831055
-2.25262466719878,6.268775939941406
-7.071587649042333,-9.499749183654785
4.398742241377427,1.3680047988891602
-8.692928400841772,-0.8073515892028809
2.334382802629,-4.256020545959473
2.8274240704709,-2.696051597595215
2.1747311895065486,1.2899017333984375
-11.9965988914421,-9.651802062988281
2.776867734737273,-11.435286521911621
-12.4595255596924,-1.723778247833252
18.5317724911246,4.398445129394531
6.86106163750481,-1.4673843383789062
-19.1693792779686,-0.18486785888671875
-4.20883890972707,-3.929041862487793
-0.3530077955256401,-11.844902992248535
-1.6020246929696491,-32.22649002075195
-7.57557880794988,-13.129475593566895
13.9692836454661,0.5206928253173828
1.289294757415069,-4.383745193481445
-20.3746494688195,-28.970836639404297
-8.044482691931467,-5.1548027992248535
2.51340467963473,-12.928123474121094
11.0282847349576,4.7829084396362305
-1.3944922949507652,-1.7541942596435547
-26.2706781913698,-24.158449172973633
-71.7765711158932,-34.873138427734375
-44.2857422252861,-23.991310119628906
-3.057699221935841,-0.29463624954223633
10.116767222520318,6.855228424072266
-46.9980356488569,-29.860206604003906
-8.677497573270493,0.6315765380859375
-25.781275563237,-5.627015590667725
-2.941164138388841,-0.9833245277404785
-26.5692742661385,-12.64472770690918
1.2555345380058751,-13.51008415222168
-0.810306898238276,-5.925771713256836
0.2404076931068699,-12.291131019592285
-2.5590885431480426,-5.676644325256348
-11.9846830308257,-15.3098726272583
-5.775806690181939,-3.7587056159973145
1.9806048133258944,-26.482023239135742
16.618750626525,4.1576738357543945
8.204494762209066,-7.226041316986084
6.80321923705408,2.9342122077941895
11.710679650337616,-3.6275973320007324
3.181253849239128,-7.151761531829834
0.90894434552881,-0.5852823257446289
3.547124544521316,-21.50864028930664
-2.202886656443709,-4.024365425109863
-11.133669865203094,-11.59893798828125
9.328533024448705,-13.232624053955078
-0.7012610501602399,-1.690014362335205
-0.3170472839931941,1.4972543716430664
-2.3458288386735573,-3.6932034492492676
-26.1191329979098,-15.727706909179688
-2.33292598982445,-6.7461042404174805
2.461922216333884,12.407556533813477
3.73205068567752,3.387089729309082
-22.4462583852743,-18.426015853881836
16.899113604615202,7.8958635330200195
-2.85382252753121,-1.0615720748901367
1.2705701336207027,-5.7353057861328125
7.960789166364423,7.972262382507324
2.71808902854303,-5.465815544128418
5.5273920092716775,-25.11836051940918
-4.11149235653684,-21.708599090576172
-20.9676231329802,-4.142098903656006
-0.89184437235696,-4.112712383270264
-1.2816619609782416,-10.74999713897705
4.85634828411675,0.07905292510986328
6.429854346358795,0.4188995361328125
4.71112087372323,-7.137662410736084
-30.7199022255615,-13.19837760925293
-3.8590388668775,-3.5987863540649414
-10.6557437737239,-0.8028335571289062
-13.4460672849668,-18.436687469482422
-5.527709296795018,-1.260727882385254
-1.876637029070265,-5.265336990356445
10.2532613363299,4.277343273162842
3.00680128293027,0.05254220962524414
19.33685959748449,8.329427719116211
-0.1058882282985149,-0.9915070533752441
14.3436638764016,5.474250793457031
-16.1535771788668,-21.604524612426758
0.9480162028997956,5.575072288513184
-18.5891767455387,-19.260971069335938
13.309934514349203,7.025776386260986
6.02246857213521,-1.0085554122924805
5.16750826555368,-2.268336296081543
-1.0190872666435924,-3.5030627250671387
-19.100904418149,-10.146836280822754
4.743603615290096,-4.013005256652832
-13.8157551615103,-14.800798416137695
-3.802611775309477,7.9008073806762695
4.30511943579503,-1.5339980125427246
-22.482844278002705,-19.601037979125977
0.60779733849738,-0.9077234268188477
17.8138573048897,3.4778552055358887
-38.4626262988146,-14.218439102172852
-0.6089836493556324,1.9914135932922363
0.8617451361473882,0.6178116798400879
-2.40000424902785,-3.511509895324707
3.7078671714499096,-4.704102993011475
-2.390619984667185,-0.7056989669799805
-15.559462368784592,-9.5697021484375
-13.790764753514,-1.3943419456481934
-9.325981865786185,-15.061119079589844
-58.4491138315396,-31.290515899658203
9.550892694239591,8.712886810302734
4.435147085081137,7.944688320159912
-2.3538192484503564,-4.545731544494629
-5.83438093189622,-3.469738006591797
-7.10827059552493,-12.02073860168457
-12.414939844598162,1.586939811706543
6.6154810826822,3.0449275970458984
1.3155747227446202,1.124772071838379
-2.56542276271332,-1.0639734268188477
-13.546032832554804,1.2845840454101562
-16.600339428286603,-10.045504570007324
2.9737175212081803,-0.825775146484375
6.167862854629888,1.8817987442016602
-40.922076323723,-30.587942123413086
16.9349100756105,6.6427812576293945
-12.24911226903676,-13.292757034301758
4.867927463076468,-1.346475601196289
-21.6327950573002,-17.408809661865234
7.11033993521173,7.885276794433594
-9.59094984812801,-24.67778778076172
4.92186081619874,3.7947616577148438
-7.815562497274902,5.090356826782227
-2.20364176327536,-6.276548385620117
-19.6754058911438,-29.067903518676758
-91.8886792382854,-7.678356170654297
-20.9507978903398,-26.511581420898438
-17.8084408175675,-10.968757629394531
-62.9612541332419,-27.380613327026367
5.598134989920393,8.57093620300293
-7.283890318199592,-6.283263206481934
6.1026124307435,6.912881851196289
7.42840635595139,8.733377456665039
-5.179391847578812,-9.798147201538086
-4.873152982370568,-8.055082321166992
7.276768036701751,0.7608604431152344
-10.739322929783883,-1.0815119743347168
-22.9219832537164,-29.666316986083984
1.5259403537211615,6.1306352615356445
-44.7886924625105,-27.0993709564209
-3.72583443525641,-2.439922332763672
-14.57002364123529,-28.864967346191406
-10.128266274366498,-13.948202133178711
-28.0249952668106,-18.303604125976562
-26.24662901330595,-21.782917022705078
-40.3645652505015,-23.279651641845703
-30.8056950922951,-7.303947448730469
-3.9552380984537248,0.4106101989746094
-2.1789667599796294,-3.3624420166015625
-0.5734820606807138,-2.228611469268799
-1.1617148968623687,-9.64915943145752
3.42848617073407,-4.8781538009643555
-17.4030551064212,-8.003437042236328
3.88109013796494,7.520936965942383
9.400493271217616,10.18173599243164
-11.302161927872188,-10.290468215942383
-13.3709137252944,-15.857149124145508
-6.79658968512302,0.9546332359313965
4.509456424718162,10.540977478027344
5.45103123545738,-4.649031639099121
8.149714042401495,-6.385588645935059
-12.909180343140196,7.144589424133301
-6.61979034735207,-0.09779548645019531
11.9978624338519,-2.6751112937927246
-12.53254789251529,-0.5155582427978516
-8.36198121766124,-13.307596206665039
-4.361976736345532,-3.499480724334717
-0.1898191226144924,-12.515844345092773
2.3166834950764685,-0.27820491790771484
-12.6203596574975,-13.640618324279785
-1.207429910073891,-1.2196006774902344
-29.7403775200217,-9.68735408782959
5.31082796058257,9.673757553100586
2.97844031586002,-4.8730692863464355
-12.533050119535002,-11.883267402648926
-5.8684323426223,1.3147306442260742
2.391980620215489,7.386068344116211
7.73570234615748,-10.276531219482422
1.166748445159433,-1.2512249946594238
6.093529951556334,-0.608036994934082
17.709922444879297,12.37309455871582
11.779516260068313,0.49236583709716797
2.4866177573815964,-0.22676801681518555
-30.89708550466269,-27.078380584716797
-9.231606713935047,-5.136172771453857
-13.4089268865456,-9.492836952209473
-9.06573754635488,-9.510753631591797
9.30630078585379,8.761713027954102
-7.156550033865472,-11.540838241577148
-10.5414716495377,-13.072528839111328
-27.8178569354009,-18.265512466430664
5.3817717725564,5.978569030761719
-35.155236696245,-23.758695602416992
-21.4141717786538,-26.56856346130371
-2.6053130644292946,9.88451862335205
-9.953220777101093,-18.873153686523438
-8.798237091769485,-12.837013244628906
-27.6920167541674,-11.792262077331543
8.017093587799739,5.083406448364258
-0.3550158381598589,6.130747318267822
-1.19024715514191,-5.050623416900635
-3.2855896341823474,-14.669708251953125
1.844566842421384,-5.981147766113281
-30.7366736665872,-27.29051971435547
-11.338238855350506,-7.254373550415039
-1.059512617215007,-4.722503662109375
-33.7712071062874,-16.697547912597656
3.812227003524945,8.34802532196045
-2.8472026300298463,-26.253019332885742
-21.5871320482388,2.024883270263672
1.845960760756301,-4.417852401733398
9.06213659212517,6.149686813354492
-13.950148061363093,-7.993015766143799
-15.1006814359747,2.615237236022949
-8.65496498210776,-5.820880889892578
-31.18852367408345,-16.865863800048828
2.35160533891099,-10.35195541381836
-7.06329362397977,-1.7476940155029297
-11.299328727708405,-5.600227355957031
-5.73967918172164,-0.47851085662841797
-4.062121175440552,-2.2727856636047363
3.62056380925444,0.17074012756347656
-6.512385872303066,-33.64810562133789
-17.2817979072755,-23.76312828063965
5.79128728304933,-4.183107852935791
3.7921116228684086,-2.0088348388671875
0.51700222845629,-7.059990882873535
1.0966146270020711,-4.758174896240234
-6.613686761665703,-24.391748428344727
-39.873530292237,-21.43766975402832
-35.0272315856836,-25.536760330200195
0.2475632146873464,5.503113746643066
5.59963570142504,-4.735734462738037
5.29419053806362,-9.74465560913086
6.457932781589695,8.153736114501953
6.4251548431743295,0.48936939239501953
-19.7885249955934,-19.075363159179688
-2.4097304318056905,0.12250137329101562
7.543407488617369,2.7959866523742676
1.83593808226401,-0.9492473602294922
-1.5082203021212124,3.2194881439208984
5.99108205682079,-9.390447616577148
-18.1797235112709,-3.8511924743652344
-12.840088322870097,-25.849468231201172
-2.23616712442702,6.646024703979492
-4.662511414401839,-6.051210403442383
3.41802282280863,-1.1174020767211914
-12.0320822507053,-23.281381607055664
-25.9801803981754,-15.541336059570312
-5.97419023328963,2.1734981536865234
15.4186986077963,3.0806570053100586
4.480465220149085,-7.572896957397461
-13.2363849677504,-22.222549438476562
-9.362863686069195,-12.80970573425293
4.128157012788561,2.1829071044921875
2.26767773086615,-1.5375947952270508
-24.1634597090208,-32.982810974121094
10.013204486477417,6.68882942199707
-31.934070451053,-10.096330642700195
-22.9515728231767,-4.1462202072143555
-11.219410776078313,-14.231107711791992
6.00089213826483,-5.027393817901611
-28.9638748432599,-25.027637481689453
3.11049964318654,4.537428855895996
-1.073248118887358,-3.385141372680664
-10.249148139079496,-15.042232513427734
-13.14009076535719,-25.432815551757812
0.7364260970712593,0.6971697807312012
-44.9949251983702,-11.37264633178711
-5.159519294761907,-9.331008911132812
1.869241020829697,-18.35552406311035
-55.54568697318505,-32.16636276245117
0.3065104335081801,-2.7605414390563965
-10.386374558578522,3.312729835510254
-3.0345245902191325,1.557002067565918
-57.144820014625296,-26.480792999267578
2.85060083445348,1.830246925354004
2.446050707651698,0.3386244773864746
5.50221601830175,-11.051972389221191
3.455876052191651,-0.6959772109985352
-14.6157572128631,-27.240400314331055
-0.874105623616695,-2.301912307739258
-1.378759213278819,-0.8434338569641113
1.350733135180331,-3.5448122024536133
-1.94666134980912,-5.889590263366699
-3.36735139960915,-2.9668655395507812
0.8319171014720902,2.3534021377563477
-40.2101205720394,-10.689075469970703
-24.577379709126298,-22.369312286376953
-18.6292132467089,-8.869043350219727
-46.39510994896701,-15.221053123474121
-2.487076105276776,-5.5668044090271
-4.752960817423343,-15.913873672485352
-0.1160299782726794,-9.280072212219238
-18.5277286275242,-8.824625015258789
-14.1325019191809,-17.996049880981445
10.909208084253878,6.026978492736816
1.30779520720034,12.658193588256836
-5.77436797253085,-4.189245700836182
3.986867952152618,5.907415390014648
-21.7936206120663,-26.08460807800293
-2.643556292002,-1.9021148681640625
11.0853991753379,-12.467329978942871
-12.9397422629832,-10.07071304321289
-0.190891674386513,-0.2178974151611328
-6.32558602127377,-0.46241188049316406
5.391699208755202,3.7182836532592773
-8.998840630677615,-4.521108627319336
-1.6005087696864486,-0.2581796646118164
7.5482379424635875,9.969575881958008
-7.642910278690365,-8.841032981872559
3.719171936095444,8.608587265014648
-0.8981307679622897,0.3424873352050781
7.06032809637297,5.287899017333984
-3.134999611446543,-3.63919734954834
-5.94174589421185,-3.6684136390686035
-17.7883076547542,-22.363494873046875
-25.2381267145584,-24.753589630126953
-27.5445722402187,-17.828678131103516
2.6678241356197647,-2.41597318649292
5.02066543392875,-3.655648708343506
-1.67197513843126,-31.351869583129883
6.58117049992555,0.49190807342529297
3.12612254618191,-2.923952102661133
-2.1147225087047508,-3.743234157562256
-76.9668504799361,-13.613792419433594
10.11870938841209,-0.14730167388916016
4.755697845162629,-2.132561683654785
16.5479703149859,5.428342342376709
4.001938538520379,-13.206466674804688
-14.1813773041305,-22.690649032592773
0.7709161631446207,-2.4910049438476562
-24.2508933717269,-12.19355297088623
-22.3071231538392,-29.540122985839844
7.2595381633228,3.955981731414795
11.555346181601609,8.32441520690918
-26.258782255785,-14.464174270629883
10.3189652047012,-6.779141426086426
0.809697096857583,-3.299610137939453
-18.5255095356289,-29.021350860595703
-1.0680791130593923,-2.6207714080810547
-3.5390830989045075,-9.248772621154785
10.468583156479704,8.277612686157227
-10.613183176373598,-7.54508113861084
-6.40442742836347,7.098848342895508
7.196532980977684,3.8319625854492188
-10.586292641023492,1.995713233947754
-26.79502671025515,-14.881961822509766
-7.187555808667961,-8.396872520446777
5.4465900456679694,5.735902309417725
3.1988276731025875,-3.7079477310180664
7.827394642815597,8.923436164855957
3.887422638441485,6.260805130004883
-3.41466344580097,-0.4518585205078125
2.667044757168528,-1.9440650939941406
1.0590749185315824,-0.3338308334350586
-3.9965921287470247,-1.9629006385803223
10.982614675109394,2.83701229095459
0.4076170529080399,-1.262779712677002
2.71319811317338,-2.968869209289551
8.652061852316729,6.731320381164551
-0.6579761516790089,-4.753530502319336
-51.6773231694491,-21.318628311157227
-2.8325461302865187,-5.505298614501953
2.12749125232924,-26.918052673339844
3.562549470771905,-0.4580192565917969
-16.517773128145326,1.1187562942504883
6.874655354673765,17.817672729492188
0.2047767843086013,-2.663540840148926
-2.698758931910008,-3.6742868423461914
1.8601156760560384,1.1827640533447266
-22.2455703021075,-20.64360237121582
2.4288820651169605,1.1508026123046875
-16.8307740899425,3.177924156188965
20.7191486697607,8.239782333374023
-30.7261055182573,-21.699453353881836
-38.4849400567448,-15.648504257202148
-14.3103126367969,-9.629558563232422
0.7860328468455551,1.6254148483276367
-48.3858044800915,-27.777267456054688
-3.21662088766757,-3.9960250854492188
1.675245639565673,-2.039677619934082
-90.3299705619704,-27.168058395385742
-9.28527551691871,5.412202835083008
-1.2293411329062325,2.8675341606140137
-4.534682244798708,-21.011882781982422
-68.1959205924323,-26.008535385131836
-24.5242345195019,-15.311761856079102
-2.77042962989298,1.6123995780944824
3.8009101564042025,6.982194900512695
8.933703319425492,11.655643463134766
-11.341527235964405,-4.9197587966918945
6.71098989067457,9.230562210083008
4.54734483862441,-5.67095947265625
-5.16341129781556,-9.033048629760742
-49.062306315025,-18.26432991027832
5.26551760771767,1.1550283432006836
3.33951124606136,-7.239618301391602
5.006519903780723,-0.4736475944519043
4.05485944970297,0.7188510894775391
2.283405953189745,-4.143094539642334
-2.66483863280114,-1.647237777709961
12.566471603210276,9.55260944366455
-27.9020155354992,-12.4898042678833
8.88265541550952,3.012007713317871
0.1652887870268324,1.7661304473876953
15.4985727759109,21.2924747467041
9.014890317831036,0.7082886695861816
1.4803529144374856,7.479850769042969
18.1939100849816,22.137834548950195
-2.6304973605131474,-7.3629841804504395
-5.493763326806099,0.20819854736328125
-0.6715208179901364,-1.1606616973876953
-36.7383193130824,-15.767168998718262
5.062784719364307,2.466981887817383
-12.026803679110706,-17.99538230895996
-3.01321716593974,5.621540069580078
8.35813394800668,5.911916732788086
-3.60075442831331,-6.234907150268555
-9.509135784465323,6.4019317626953125
-19.6175855102284,-7.245809555053711
-27.8629509568953,-16.305845260620117
1.74273211890989,-2.98525333404541
-2.19578977406709,-0.24610662460327148
2.42002639701588,2.9798402786254883
-25.55316918036869,-9.811902046203613
5.635020609606415,0.5848665237426758
-34.727836669101,-13.954877853393555
4.4516036428765,-2.7922167778015137
4.967381413305823,1.096229076385498
-6.81516141534704,-1.243420124053955
-24.3954295810688,-4.428312301635742
8.658679095048068,8.272442817687988
3.7347243087796,-8.538185119628906
-12.909633143366396,-13.274288177490234
-60.49569009623433,-22.45040512084961
-3.790702882666694,-3.266918659210205
-12.41068356063,-3.8388118743896484
2.76740193393285,8.227635383605957
-18.9061714872788,-6.931934356689453
-3.681083449701528,-25.04364776611328
8.13893448615947,7.509876251220703
-51.402683514636095,-28.797290802001953
-3.0703466753296,-3.15704345703125
0.4646043967887734,-10.371624946594238
5.989492839405608,-16.51617431640625
8.833837192566008,11.054559707641602
-26.1965705632023,-3.5289320945739746
0.0804428699766095,-5.940606594085693
10.229168329440906,-2.2568483352661133
2.12042655289975,-3.6992311477661133
3.88810032819938,-3.2919769287109375
-31.515616413872173,-14.650331497192383
2.28163515100639,-3.940688133239746
-9.633163292669298,-13.367368698120117
2.63206586722876,2.041377067565918
0.3189015990893598,-5.722890853881836
-6.31868596379813,-3.127436637878418
-6.4648984000359935,-12.072782516479492
8.91646092056966,-6.870293617248535
-42.637521131086125,-18.197265625
-89.5439156156453,-33.773929595947266
9.179556151687803,2.729598045349121
8.754663680824095,-1.561802864074707
0.8838679103249854,-3.7577638626098633
4.338369925074482,-2.161317825317383
-18.23432595343749,-30.22744369506836
6.92534745147092,-0.5404462814331055
-1.768261666543676,-1.5487251281738281
-7.87226820943855,-3.1026930809020996
-12.0847368637308,-11.384004592895508
-4.4222229386498375,-0.19931507110595703
6.63109301847755,-0.8999819755554199
1.675381804264854,-1.6505866050720215
-6.897600670415837,-2.301119327545166
-12.2774867069717,-20.331378936767578
-3.963646539183849,3.0288331508636475
-2.552277046947741,-2.6885251998901367
-10.78700495517378,-0.2415471076965332
-6.426376983867103,-3.189074993133545
8.2142562177934,1.447923183441162
-16.967828162594074,-2.4699864387512207
6.07843040491799,-7.569904327392578
3.08443697315444,0.3121042251586914
-1.3811964732242277,-9.496583938598633
-4.51305804704249,-19.626422882080078
-9.93375477053989,-1.0494780540466309
-0.6581754288220045,-2.126303195953369
-7.952166005584182,-16.04688835144043
-13.563015982384195,-15.160805702209473
-47.9957157156951,-24.136856079101562
4.96190002222477,8.709145545959473
-2.0240269290899,-1.6598296165466309
3.47166270740147,-2.4001660346984863
-5.2815921348029296,-2.510305404663086
2.369358494612781,5.738860130310059
-4.214346026907057,-12.490169525146484
-23.8934551543691,-19.334672927856445
-1.0659561461183158,-9.817095756530762
3.126169348435272,-18.752178192138672
2.35164464781062,1.5761613845825195
-1.79502295092813,-3.6868157386779785
-15.957982665262508,-19.65443992614746
-64.65676531723692,-30.552457809448242
-27.8195558011628,-23.729736328125
-10.480511156242285,-27.295549392700195
-6.18357684414468,-6.350076675415039
-6.75960002722117,-3.868231773376465
4.4105627388370605,0.27086925506591797
5.58846482112586,-4.649765491485596
-16.8483709423333,-14.587711334228516
16.1850033157246,2.3689584732055664
-3.34531377329845,-10.093474388122559
5.893700156574014,4.911766052246094
2.745769909533195,1.4004971981048584
2.53362859007723,0.9627161026000977
1.0880788430276551,6.0420637130737305
