Score,Pred Score
-13.812973987503693,0.45166873931884766
-14.6311710829416,-14.058113098144531
-15.020937907067507,-4.272921562194824
5.61896917638109,3.3399486541748047
0.1461877509898399,-6.73640251159668
3.59745169898486,2.2080984115600586
-6.72144892291601,1.8244009017944336
4.304204520484877,2.5361552238464355
3.37898618824583,-16.538280487060547
3.939818822274421,-1.4803714752197266
13.9953943577381,11.273334503173828
-5.39913759737588,-4.266395568847656
-2.204579993178592,-0.16271209716796875
8.829561804598438,4.460869789123535
6.01696699102072,24.894039154052734
-6.376202369524528,0.04735755920410156
-6.50906463316165,-5.368703842163086
-60.92137282626391,-10.057291030883789
1.99934019108803,-2.262457847595215
2.188685633501576,0.9152097702026367
4.07090957771029,-10.341165542602539
0.5211206139658471,-3.8963918685913086
12.5580583918003,2.487521171569824
3.320229681965675,-15.172542572021484
-0.4381862293696001,-11.366211891174316
0.1752112379752922,3.608935832977295
4.123908949931413,7.2906293869018555
-14.2382866820043,0.7919731140136719
12.966325580978296,18.613815307617188
7.692941411907634,8.312761306762695
-62.9031214125763,-2.7229137420654297
-5.800670766453999,0.2684335708618164
-11.705366535732304,-2.136528968811035
-4.786538605318405,-12.350767135620117
-82.4887013651952,-19.47747039794922
-8.251107402184557,7.606743812561035
1.61677665352485,-6.319918632507324
-11.916211326129387,-9.757482528686523
-45.634880019414,-5.055621147155762
-0.568998602339841,3.650397777557373
-12.147399114840605,-4.675020217895508
-27.4476544011683,-11.753981590270996
-2.306526469902426,-0.8515129089355469
-0.4835459876036119,7.190206527709961
-8.39479061793487,0.9826946258544922
-46.862925671502296,-6.553084373474121
0.3837795244341289,3.4519033432006836
7.184930267876617,-10.003190040588379
2.8348518495029404,-5.804405212402344
-9.859535687586003,-4.29107666015625
-6.00025755794808,-10.863974571228027
-4.764629840066975,-0.2208423614501953
-2.377061578670744,10.197288513183594
-2.0585753436264698,1.1160688400268555
1.1848602197973823,11.362664222717285
4.97603191479674,-5.789630889892578
4.27399441028646,-4.046093940734863
-46.2372447228831,-11.739840507507324
-31.4759298257721,-12.028066635131836
-50.1674018945849,-9.173182487487793
0.9601515747159592,4.3589324951171875
-11.864177458483407,4.594646453857422
-0.538262620928304,-8.261207580566406
-0.6920482116816997,-3.062798500061035
-1.5184696160120892,-11.735044479370117
-3.0836644409391925,-15.198318481445312
11.316750179392892,11.739096641540527
-11.183106529127476,-16.613460540771484
3.59102041590596,-23.016624450683594
4.55602013063716,-15.411855697631836
11.579228393987275,-13.008952140808105
2.3067635611900137,-21.181713104248047
10.480393919522983,-9.755189895629883
-2.698100773809443,-26.51365089416504
3.776985072333982,-41.825225830078125
-11.773766374328297,-15.969444274902344
8.681027307740193,-18.745445251464844
-1.1091988250418725,-15.645328521728516
4.484288991501213,-20.007610321044922
0.0548896546292299,-20.87272071838379
0.1118559290339978,-16.766237258911133
3.9797293996962297,-16.395343780517578
-22.42608065327665,-27.925880432128906
7.37064384347005,-20.563690185546875
-0.2642143205483515,-25.031999588012695
5.344594984386832,-19.000585556030273
-1.2497809936708242,-27.464189529418945
13.71198107208239,-6.998504638671875
0.5045482395984724,-17.248180389404297
2.86709961553106,-13.87114429473877
0.4423212163888063,-13.305534362792969
-3.724573545179619,-15.21396255493164
0.2570808252882703,-15.257953643798828
-70.65073406723695,-19.66134262084961
-33.9587360563784,-19.269420623779297
9.2088386022025,-8.171030044555664
1.3318185914773402,-9.883108139038086
-9.176001953270983,-23.15533447265625
-10.497767159210698,-13.707366943359375
-0.4402086584014632,-18.3061580657959
2.1560784090827942,-15.497385025024414
-27.1636490162131,-8.24438762664795
-0.670930828719279,-23.97905731201172
-22.794043146736,-25.257511138916016
0.8105828534072201,-27.031524658203125
1.2287673509824204,-11.673418998718262
-0.6435038581465955,-9.781753540039062
8.474782023793379,-14.322832107543945
-9.601847091024196,-7.065818786621094
-1.6610011043127195,-11.636954307556152
-0.1091636509260827,-13.014148712158203
7.570838092245207,-14.902647972106934
-7.211196994815285,-28.468368530273438
9.090654061652296,-37.771263122558594
-26.6651088566214,-13.623605728149414
-17.309192174305,-15.636638641357422
4.14054171285972,-14.742996215820312
4.097668935846943,-6.920953750610352
-0.29408409265346,-22.53818130493164
-35.8165916579592,-5.812774658203125
10.898098675545494,23.882713317871094
-1.6552655274048038,-1.547372817993164
1.6729502580778592,-16.897825241088867
-6.42491227706334,-12.636774063110352
-15.4752611754195,-19.26860237121582
-0.6907348474047925,-7.868023872375488
-21.3629045873375,-19.024944305419922
4.219145585451182,-14.616472244262695
-3.019531285218114,7.31675910949707
4.25311060075082,-0.5504188537597656
-15.0412339008878,8.912652969360352
-8.237627320974727,7.699725151062012
-1.0683487237199796,2.424243927001953
-1.7174251595272625,6.768431663513184
4.069163600073605,-6.705131530761719
-10.162041561092582,-14.692010879516602
-5.97248436581227,-4.742502212524414
6.120538767403939,10.26521110534668
-0.8028238008287005,-7.007297515869141
-23.6042929930625,-3.7003684043884277
-0.1777753404752198,8.445003509521484
-5.785469568057495,-18.733013153076172
-0.0556983764780604,3.0226497650146484
-25.4508968849616,-0.4534311294555664
-5.3185412482723295,5.025173187255859
9.1356503291117,-3.2594118118286133
4.020569536845237,2.618422508239746
-58.5527340809363,-9.536786079406738
-6.291328737399075,8.33887004852295
4.187869588752649,1.8371620178222656
8.922207576391518,1.0398139953613281
22.7414116448382,4.925836563110352
-44.6057608529879,-1.3823776245117188
-26.5129077898497,-3.5502634048461914
-2.13735826282737,4.741916656494141
-1.14890133483728,-2.5718631744384766
-15.2234416939723,-7.438379287719727
0.369316059642221,18.15790557861328
-0.6884117876070912,-11.58971881866455
-5.8772631055401,4.8616228103637695
3.6053774296538297,3.8611392974853516
5.07108724357905,-7.791996002197266
1.292753014965791,-0.7712059020996094
8.440986836263871,-2.0225086212158203
-3.43040335892423,-0.7824516296386719
0.7651079053562314,10.423929214477539
-37.13962469223695,-0.3958148956298828
-5.822632503482525,-6.550198554992676
-6.879472048396067,-4.578958511352539
2.11024229353816,6.026954650878906
-7.1526743450051855,-2.490283966064453
-1.122073026503361,-8.587323188781738
0.3302260274555297,3.529290199279785
-1.178255647098801,-2.679697036743164
-2.99361591491145,-6.196738243103027
-18.1070051290659,-4.769832611083984
-3.0332808194811403,5.055696487426758
2.6303171850506604,5.560733795166016
-9.72499716390718,-0.5149002075195312
0.2729453578388601,-0.8727879524230957
-21.4503408223732,-2.1466407775878906
-4.99755531471552,6.065826416015625
-18.0018409950579,-7.891604900360107
4.00031385473591,-1.8883056640625
12.0378145652987,3.001514434814453
14.1235470599023,-4.145524978637695
6.55729051148795,-6.3040361404418945
11.19992297656359,3.3935160636901855
-7.81388191369781,-2.4683456420898438
-2.924593214648255,13.988875389099121
3.7667366885646025,-4.65218448638916
-6.68253431604433,-1.2026185989379883
0.7345204104922589,-9.649101257324219
-10.626155896203898,-14.701225280761719
8.106852576346123,-1.2985682487487793
-58.24412469223692,-26.318546295166016
1.4955767028094,-15.719219207763672
-17.6906096863185,-17.95474624633789
-4.813871520282443,-12.636396408081055
-11.8973420493851,-18.583192825317383
-2.67676896274171,-16.48847198486328
-3.9331393974605526,-21.783071517944336
8.756217929094177,4.988034725189209
-29.2662792150344,-26.084102630615234
1.7249239205326918,-20.81109619140625
-6.686975812883663,-19.031108856201172
11.10272802991041,-11.188295364379883
-10.956818171714705,-19.40288543701172
-6.3500959185649,-19.861637115478516
0.6681105368389735,-3.2418508529663086
-12.500029270357295,-9.748176574707031
-2.591242863373206,-20.817094802856445
5.954690473588823,-17.993331909179688
-43.929359067237,-23.84746551513672
-17.4841411730512,-12.908455848693848
3.61441892535489,-14.8055419921875
2.1112971208509976,-10.697782516479492
-41.8026500314277,-38.3519287109375
7.028135642932115,-19.448406219482422
8.463248256721428,-18.334941864013672
-13.037072413777096,-19.28672218322754
-1.6307504375632549,-9.044963836669922
-0.3284521577656807,-1.4128475189208984
0.4685622181175212,-17.103302001953125
-5.316952415477393,-18.28746795654297
4.584421564331302,-18.07061004638672
-20.3593816575191,-14.32175064086914
3.67041582610247,-12.024829864501953
2.204062447972561,-12.001802444458008
-4.666937653128132,-8.78127670288086
-12.3781694316975,-16.07009506225586
7.06923762363823,-27.74010467529297
-37.2883298194418,-18.143434524536133
6.442434166934048,11.849383354187012
-12.2162083245621,-18.27605438232422
-20.3623076046531,-10.97134780883789
-5.45440876641342,-17.618305206298828
3.1416241584890576,-17.133277893066406
-4.96580172718434,-18.775638580322266
-37.4061766871973,-22.930810928344727
6.46185690649625,-16.16982078552246
0.5403453062071405,-12.348527908325195
8.656689402528613,-9.25366497039795
12.331931266595111,-10.770651817321777
2.75380173901167,-14.137883186340332
-2.8447496930443927,-17.53233528137207
0.0285872237409883,-32.289306640625
-73.5286754265322,-25.090621948242188
7.285509446842615,-28.44610595703125
6.72046542688671,-15.814155578613281
-6.19730890695259,-14.927200317382812
-16.4599719883519,-17.616344451904297
-10.288292260688207,-1.6007165908813477
-10.285920522724917,-26.466487884521484
-30.8171784242839,-22.37152862548828
-4.65691689928222,-18.006752014160156
-37.1716279374795,5.8259429931640625
-36.50577458359941,1.3949432373046875
0.7942566624333496,-4.067661285400391
-34.8552692363716,-7.527133941650391
-2.491707941339629,-11.23183822631836
1.7387039934851498,4.169679641723633
18.9715733525152,-0.8027076721191406
-13.8996269060666,-9.53438949584961
4.17561229224804,1.7123174667358398
4.7680640763497,-1.9171676635742188
-6.745372906074374,0.2570352554321289
7.262818938793504,2.6352834701538086
-55.7541546140486,1.752608299255371
8.453421074249384,5.603507995605469
-5.85807143580148,9.433540344238281
-52.7336020518746,-6.903745651245117
-1.995826789875676,6.30588436126709
-1.3326443092463092,-16.220050811767578
5.029017096161708,-0.23699569702148438
-0.71117494174041,10.629239082336426
8.243548509216069,9.72933578491211
5.81602235619721,3.1685237884521484
5.978124919049687,1.9037046432495117
-2.8859593337581737,7.661607265472412
-26.0047332498617,-4.308121681213379
-1.5220929784942658,-4.9579925537109375
-3.195242757261453,-2.9446725845336914
-15.0089303719363,-8.875921249389648
-1.757118944268968,-16.36820411682129
-13.5091075877696,-6.212730407714844
-4.0681667574955,1.8622112274169922
4.43276114617859,4.887793064117432
-4.665207913971671,8.452798843383789
7.33919324558513,-8.954384803771973
-11.69780882660921,-3.9170475006103516
5.960801203295765,2.0601673126220703
-29.9162730471743,-5.141807556152344
-5.331847529263395,-2.4316868782043457
-40.7258600860177,-7.620296478271484
-35.3994683825842,5.1446123123168945
-10.968565079401992,-2.453097343444824
15.384553292915324,-18.77484130859375
-0.4271227388875901,-19.585357666015625
-7.69948364751984,0.9605197906494141
-26.6822467124322,-5.507067680358887
-0.2823200449385875,-9.28477954864502
-3.8453528225106623,2.924595832824707
-2.4599041427842496,3.430734634399414
-12.7315114055493,-1.2983570098876953
1.418014053180695,-7.995643615722656
-3.4922781726655696,-4.936205863952637
9.58062385928767,-4.494813919067383
-17.5801214502402,-1.410430908203125
-49.5120706514507,-5.817258834838867
-0.4503474699443348,3.8944358825683594
2.332279780348585,9.121053695678711
-42.2483635713802,-9.67136001586914
-5.00028834575103,-5.4428510665893555
-5.14141487663266,1.2149295806884766
-19.923371510770203,3.800535202026367
4.28301459624688,-6.157600402832031
0.3224388648416145,-0.968470573425293
6.795393661635613,5.392996788024902
6.720388221210122,9.380281448364258
-20.7558388881914,-19.222612380981445
-12.5922662394529,-11.989330291748047
-5.19085420781142,-17.575244903564453
-27.3858072066324,-9.852590560913086
6.488490212037078,-8.071531295776367
-12.5233171201947,-23.565889358520508
0.996650643215182,-16.95465850830078
3.27144637329635,-10.329489707946777
1.203208947199059,-23.13877296447754
4.5031585012656095,-15.043448448181152
-46.6686841099013,-24.810562133789062
3.600655729290548,-9.367607116699219
-2.7077151362496297,-14.279071807861328
-42.936846127142296,-22.360511779785156
2.679404112105611,-13.347713470458984
-23.975827854410426,-18.771026611328125
-24.4869919201538,-20.53377342224121
-6.22433036882608,-11.232746124267578
-24.992167376126925,-20.198503494262695
-9.742168339465294,-22.487512588500977
0.1235817830644999,-12.632257461547852
-11.607028837624,-20.628284454345703
5.321680837772678,-14.724507331848145
3.3452637215970498,-14.007726669311523
13.015759276594096,0.40124082565307617
-6.13466459150186,-18.84579086303711
3.0897024917955025,-15.760948181152344
3.557691046156,-15.280158996582031
2.0008593011464906,-21.37919807434082
-1.2671721747064446,-27.005313873291016
-2.989164004622407,-22.578672409057617
-2.43808381047612,-21.412076950073242
-11.30813578108209,-5.061313629150391
-9.619042312244815,-24.776769638061523
-4.01456885639382,-15.689217567443848
-4.853312003098937,-26.436433792114258
2.78743688363977,-19.6237850189209
3.6035536346157695,-22.239988327026367
6.09033976794457,-13.988387107849121
-5.89266438028177,-17.31133460998535
4.780848076735348,-20.60965919494629
-20.7592210135025,-22.925519943237305
-3.637071869773312,-24.267391204833984
-4.396710286499547,-6.129796504974365
9.04709717330502,-22.79200553894043
1.69213972357191,-8.968750953674316
-27.068723822751306,-10.698593139648438
0.2886204877907422,-11.327008247375488
-0.592182005541919,-30.39824104309082
-4.736229867816737,-3.236151695251465
7.877641553655238,-12.411673545837402
-2.588665914009158,-13.139909744262695
4.72846919446815,-17.113006591796875
3.42669038506664,-17.065759658813477
-10.274169876330886,-6.462532997131348
-1.289264920121349,-11.362571716308594
-6.9648772325347394,-24.842559814453125
-1.2236747050651609,-7.35101842880249
-12.208208404490907,-17.329729080200195
4.40921359309415,-12.634237289428711
16.4171583068458,-13.838863372802734
-15.991582533821994,-16.975980758666992
7.809600001042748,30.949790954589844
-3.0331069492891496,6.941047668457031
2.603164662477901,-6.869630813598633
-24.2572199033326,-2.6707019805908203
13.667582002208905,27.297378540039062
8.19307228691883,-4.941385269165039
0.4664503305112299,-1.3823118209838867
-6.46133524603972,-0.6522750854492188
-19.7520332208299,-4.2145843505859375
-7.75971004909346,8.04709243774414
7.66334596528203,-6.198936462402344
-27.64770126959135,-6.985734939575195
2.125547882163602,-9.624251365661621
-1.8239337240231768,5.041985034942627
3.3696784995100426,-2.164687156677246
5.265272900492549,-4.767085075378418
6.753311816554961,-3.1668739318847656
0.9434331950199416,7.906437873840332
2.13745295521649,-2.114269256591797
2.76912169862866,-18.31877899169922
2.409764321136161,-0.9316577911376953
3.7606671418030695,-10.147500991821289
0.555665600488549,-0.9089574813842773
-89.04756219223692,-3.4605512619018555
6.987950206462267,-3.356053352355957
-10.09410467002709,-10.070503234863281
8.16191414696451,-1.8731250762939453
-10.731303688850904,-7.097749710083008
7.588764503474316,3.3543624877929688
-5.25293160621848,2.6145029067993164
2.3065604778561424,11.228654861450195
-3.8022266666193874,-2.187493324279785
3.22816419080692,-4.604265213012695
1.1941842843275,6.465030670166016
9.772192422094813,-4.193391799926758
-2.489313079893845,-1.8111419677734375
-13.547300817594484,-5.927475929260254
-1.5403494549472296,-2.916015148162842
-5.139364658294922,-31.137409210205078
-1.32131943338233,17.647058486938477
-0.5284321769112605,5.555332660675049
0.1119561526876595,-4.330015182495117
14.8508222506114,0.8733425140380859
-0.0918051514147744,-0.5704994201660156
-1.7237618714553775,-10.400634765625
-1.5699354762224491,10.910188674926758
1.5718362711845366,6.771000862121582
3.58036180553514,-3.2230520248413086
7.45084701577923,1.7563514709472656
-7.378812419643663,0.21649932861328125
-33.1832620874725,-8.509950637817383
-6.066411004621831,-1.1059575080871582
-16.4910721624856,0.14728450775146484
0.8267526169764301,-0.5736656188964844
-9.762453719841735,-4.700721263885498
8.07102955700163,2.859922409057617
1.741670982094262,-1.4026031494140625
-0.0053525606393112,10.059856414794922
-51.4043293278057,-6.006673812866211
14.9415296965116,22.45267105102539
8.70853787657841,-6.961503982543945
-2.149900469098629,-6.332292556762695
14.8229623836697,-0.24027252197265625
-0.0379657812584102,8.15480899810791
-15.3173389528898,7.5072855949401855
-1.7663441991754285,-4.557340621948242
-6.708306328674888,-7.853660583496094
-78.7451798053926,-18.79962921142578
-0.5413656534735456,-20.209169387817383
9.625121597198186,-12.281874656677246
-3.15562863494722,-15.228837966918945
9.60447820177431,-13.279949188232422
-3.31847606547329,-3.8263659477233887
-4.12581810820042,-8.06515121459961
1.7706121017107803,-10.67071533203125
0.5117341060036625,-12.593416213989258
2.63157412115867,-10.616621971130371
-4.763634360062484,-18.088163375854492
-11.18181257464061,-10.887077331542969
-39.4932668903457,-18.812889099121094
9.206200380526292,-11.117971420288086
-2.93911844531118,-20.7093505859375
-28.13472322157985,-13.285547256469727
9.62907409316032,-13.659292221069336
-7.042636248773623,-22.50276756286621
-4.03025121975644,-4.981632232666016
3.42951329804928,-8.30484390258789
2.5565427438131976,-9.174180030822754
2.8513084033656,19.19005584716797
-5.5623675139736175,-16.34923553466797
16.9968892380515,-12.053072929382324
-4.144685584269085,-10.62435531616211
-11.221818720505304,-12.391484260559082
-2.111656589218961,-15.163623809814453
-1.626797120535592,-11.548222541809082
0.7652624054000594,-18.783554077148438
-21.5531296050118,-19.468608856201172
-13.053772031257305,-11.542496681213379
5.42509465390903,-7.994956016540527
-5.5186956836840375,-17.93982696533203
-2.260381023139061,-3.914693832397461
-30.3377383335249,-18.682083129882812
7.380729755239978,-22.636398315429688
-4.172986764275874,-16.79399299621582
-1.2036514942358316,31.557767868041992
-35.2906329121599,-11.087057113647461
-2.54595208771381,-20.443870544433594
-10.901275449743116,-13.762954711914062
-17.0078420331655,-22.468507766723633
-17.0314498829154,-21.29084014892578
-11.9784507557909,-17.48230743408203
-19.469018973061075,-7.826393127441406
-3.2142130797467816,-7.801363945007324
-0.5663484394051013,-9.258468627929688
-21.2195468929047,-16.380037307739258
8.077984978184695,-23.60576820373535
-17.0119321722455,-14.45466423034668
4.67424026120176,-15.684284210205078
-47.9875704511971,-10.016386032104492
4.316615136301563,1.8214874267578125
11.2728180991378,-8.430977821350098
-3.5546157663424616,-16.9232177734375
-3.15887949932979,-24.735074996948242
-1.6422791314174887,-8.560173034667969
-3.448025235667948,-23.021425247192383
-13.5632540546311,-29.625411987304688
0.8825935384285006,-20.186677932739258
3.27100049685324,-13.946041107177734
-0.7762273913233743,-6.092014312744141
1.026942322157092,19.625041961669922
9.859104788483815,4.391483306884766
-1.9977872313530125,7.421316146850586
-13.1809903671301,8.984737396240234
-35.1782981083837,-4.7520222663879395
-35.8337806803641,2.53945255279541
-7.639409008216227,7.717552185058594
-15.746453943284,-3.7533130645751953
1.055995951979529,2.097243309020996
3.987299411465438,4.556303024291992
-37.0930621901092,5.559347152709961
16.694612728237402,3.928211212158203
-4.527979888097892,-9.759527206420898
14.6352674345898,-3.8438072204589844
5.034618319433818,0.24978017807006836
-3.77133000272187,2.363011360168457
-1.61504571199055,9.254796028137207
-56.3663437951974,-2.306478500366211
10.088450856398616,-0.8919162750244141
-14.285610883283098,-0.9375076293945312
2.6210618799141923,5.187243461608887
-2.308732762121495,-0.2702064514160156
-83.9761260280997,2.6841373443603516
-1.03656181464744,-12.064031600952148
10.16232173056559,8.65614128112793
-3.12013961477547,4.613442420959473
3.010752586641185,6.432141304016113
-1.5178355576616795,-0.5977754592895508
-2.60072537807549,4.33046817779541
-2.367312137177082,-6.533370018005371
6.075310726130807,9.387214660644531
2.24572304437811,2.3176498413085938
0.2044267191685782,-5.141202926635742
3.85944773684647,2.2821359634399414
-14.409506408843407,-1.8076438903808594
-2.683955047842884,8.191832542419434
-0.0075038478591599,-4.0812482833862305
7.190050317883171,6.43385124206543
-2.1691769605730515,-5.2349395751953125
-7.910003358009165,11.559992790222168
-69.1366966634013,-7.3578901290893555
1.437241653553571,0.18242168426513672
-20.7409218490905,-0.48939990997314453
3.78247800369874,1.984506607055664
7.909526276907584,-11.398515701293945
6.097122298913325,-0.04599189758300781
24.5800902168924,22.307279586791992
-9.979741434164584,-7.071874618530273
3.1327986373042376,-0.21147537231445312
-8.393586343504198,6.64099645614624
8.678125432705007,8.158198356628418
20.7428439693387,-2.636392116546631
-1.511416195100045,-7.4017014503479
-23.3725501337939,-11.65863037109375
4.69437535963172,4.067055702209473
8.24149319055937,-0.8721299171447754
-0.2898522089969393,6.103118896484375
-7.19378137939456,-4.233391761779785
1.0271109700113177,12.150847434997559
-14.564555056626377,-10.37648868560791
-9.657849716236,2.245594024658203
-0.7280966227290082,-2.2134437561035156
-21.8962191024866,-1.738133430480957
-40.2614734397264,6.541074752807617
-1.77750068778882,6.530550956726074
-28.3488859938485,-20.2642765045166
-8.184373188662292,-19.929054260253906
-6.135426654744688,-31.032140731811523
-3.270422191581055,-13.162054061889648
-6.055427015859325,-9.715194702148438
-34.3143130117107,-6.250214576721191
-50.4820483838523,-16.63111114501953
-4.639593570653838,-17.927501678466797
-21.0606958753072,-1.4696531295776367
8.747205755218493,-5.592886924743652
0.6884341878779402,-11.735755920410156
0.300408103033295,-14.278106689453125
-2.6184282494780104,-9.159165382385254
-37.3999740396079,-17.280399322509766
-10.594900847222812,-22.034574508666992
-23.227454082363305,-21.22964096069336
-15.4814292943448,-19.63103675842285
-6.89310310865277,-9.994739532470703
-11.7962452523223,-15.259998321533203
-0.3887710448227697,-12.579368591308594
-4.0896099478500325,-7.468639373779297
-42.6579269422049,-25.813905715942383
-2.095241650043551,-17.291584014892578
8.45389840526827,-30.099313735961914
-15.5157954828953,-5.1946868896484375
-1.9802660997523944,-8.260684967041016
1.8368511005450223,-25.767587661743164
2.11900133622217,-5.826606750488281
-38.4962238749225,-24.83695411682129
0.8069046214032297,-18.715736389160156
-1.73607437190069,-12.737974166870117
-8.46093254820262,-12.121065139770508
-0.0780407432645869,0.1378631591796875
5.009535132419683,-4.420720100402832
-74.9399761386801,-16.56728744506836
2.806732553915905,-13.300437927246094
-10.415057364934407,-13.931056022644043
-4.81834176383161,-15.840656280517578
-1.4920816076829602,-5.229586601257324
-0.003939288658445,-10.643301010131836
5.86288473591452,-19.74626350402832
0.4443344011282492,-3.278352737426758
5.72263802046558,-14.052108764648438
5.46583466116103,-16.631235122680664
5.05355462238675,-5.680789947509766
-17.190033530139498,-11.572407722473145
-10.1192188918475,-5.510820388793945
-10.539071528779305,-6.604324817657471
0.2492257167476033,-22.361888885498047
5.35198813185094,-11.371753692626953
14.9823899147147,-8.30759334564209
1.7336328627834918,-14.721269607543945
3.2582764286422226,-6.390463829040527
1.1615369027166365,-18.7108097076416
-42.4099588259267,-14.563865661621094
-38.7823663998969,-10.792537689208984
7.99575647038201,-17.980220794677734
11.644495901203598,-18.075838088989258
-39.0956747424042,-15.85977554321289
-38.6438610292767,-24.76041030883789
-40.5029244010595,-17.12040901184082
-22.8644313188967,-17.57718849182129
-0.897066728281827,-15.674539566040039
-17.6830733389949,-1.5115375518798828
-0.0084306638066775,5.666339874267578
0.5394390329931549,-0.7557625770568848
-21.61387508166409,-5.150180816650391
5.053393098685065,-0.7329587936401367
-15.7834934865799,0.25214576721191406
-58.40351531723695,-4.151725769042969
8.86280218600469,-1.9205288887023926
1.888243484494037,-7.164390563964844
8.99923705482913,-5.375931739807129
4.133325903305868,10.185318946838379
4.774357664359128,-2.5455026626586914
7.418770080750715,3.9495010375976562
-2.25262466719878,9.215337753295898
-7.071587649042333,-3.7511348724365234
4.398742241377427,-3.1413774490356445
-8.692928400841772,6.203390121459961
2.334382802629,3.9642810821533203
2.8274240704709,7.58024787902832
2.1747311895065486,25.79407501220703
-11.9965988914421,-8.227764129638672
2.776867734737273,0.9396877288818359
-12.4595255596924,-2.5568532943725586
18.5317724911246,7.131349563598633
6.86106163750481,-1.4254035949707031
-19.1693792779686,5.500392913818359
-4.20883890972707,3.6686172485351562
-0.3530077955256401,-7.263016700744629
-1.6020246929696491,-14.146742820739746
-7.57557880794988,-1.842782974243164
13.9692836454661,-0.21346521377563477
1.289294757415069,10.729291915893555
-20.3746494688195,-11.11961841583252
-8.044482691931467,5.49323034286499
2.51340467963473,-3.0699901580810547
11.0282847349576,-8.488736152648926
-1.3944922949507652,0.9857673645019531
-26.2706781913698,10.002022743225098
-71.7765711158932,-2.6684560775756836
-44.2857422252861,-2.9434261322021484
-3.057699221935841,-5.595470428466797
10.116767222520318,4.206002235412598
-46.9980356488569,-16.982675552368164
-8.677497573270493,-1.286367416381836
-25.781275563237,-11.995845794677734
-2.941164138388841,5.070734024047852
-26.5692742661385,1.9124164581298828
1.2555345380058751,-0.7963418960571289
-0.810306898238276,11.173689842224121
0.2404076931068699,-7.628807067871094
-2.5590885431480426,4.077413558959961
-11.9846830308257,-1.4193038940429688
-5.775806690181939,4.2486395835876465
1.9806048133258944,-9.737903594970703
16.618750626525,-7.569201469421387
8.204494762209066,-2.9640464782714844
6.80321923705408,-4.632568359375
11.710679650337616,6.618252277374268
3.181253849239128,1.263442039489746
0.90894434552881,-8.970549583435059
3.547124544521316,-13.76837158203125
-2.202886656443709,-4.774200439453125
-11.133669865203094,-3.8891162872314453
9.328533024448705,-21.17849349975586
-0.7012610501602399,13.031987190246582
-0.3170472839931941,-8.89417839050293
-2.3458288386735573,-17.96894645690918
-26.1191329979098,-17.73705291748047
-2.33292598982445,-1.8541345596313477
2.461922216333884,-7.070878505706787
3.73205068567752,-8.940465927124023
-22.4462583852743,-20.36740493774414
16.899113604615202,-8.669132232666016
-2.85382252753121,-20.91017723083496
1.2705701336207027,-19.47054672241211
7.960789166364423,-9.22523021697998
2.71808902854303,-21.901275634765625
5.5273920092716775,-21.577417373657227
-4.11149235653684,-21.60149383544922
-20.9676231329802,-14.252141952514648
-0.89184437235696,-11.989542961120605
-1.2816619609782416,-13.317294120788574
4.85634828411675,-9.688880920410156
6.429854346358795,-16.76342010498047
4.71112087372323,-20.484966278076172
-30.7199022255615,-17.257902145385742
-3.8590388668775,-17.60186767578125
-10.6557437737239,-5.397758483886719
-13.4460672849668,-19.765228271484375
-5.527709296795018,-5.284974098205566
-1.876637029070265,-13.723747253417969
10.2532613363299,-13.869444847106934
3.00680128293027,-12.234325408935547
19.33685959748449,7.678985118865967
-0.1058882282985149,-8.9436674118042
14.3436638764016,-7.112403392791748
-16.1535771788668,-20.276185989379883
0.9480162028997956,-13.210428237915039
-18.5891767455387,-17.835552215576172
13.309934514349203,-10.43453311920166
6.02246857213521,-18.44256591796875
5.16750826555368,-10.347780227661133
-1.0190872666435924,-12.47928237915039
-19.100904418149,-22.846126556396484
4.743603615290096,-9.822219848632812
-13.8157551615103,-22.91437339782715
-3.802611775309477,9.19599723815918
4.30511943579503,-22.785808563232422
-22.482844278002705,-21.11786460876465
0.60779733849738,-14.639114379882812
17.8138573048897,-7.317052841186523
-38.4626262988146,-5.081705093383789
-0.6089836493556324,-6.334283351898193
0.8617451361473882,-9.396729469299316
-2.40000424902785,-5.977945804595947
3.7078671714499096,-17.099716186523438
-2.390619984667185,-2.0021190643310547
-15.559462368784592,-18.75051498413086
-13.790764753514,-10.311302185058594
-9.325981865786185,-10.740290641784668
-58.4491138315396,-24.063417434692383
9.550892694239591,-5.894913673400879
4.435147085081137,-9.670659065246582
-2.3538192484503564,-13.261283874511719
-5.83438093189622,-27.143203735351562
-7.10827059552493,-18.105697631835938
-12.414939844598162,-13.15821647644043
6.6154810826822,-18.572509765625
1.3155747227446202,-19.339048385620117
-2.56542276271332,8.350874900817871
-13.546032832554804,4.291029930114746
-16.600339428286603,0.09619140625
2.9737175212081803,-2.216878890991211
6.167862854629888,-0.07414007186889648
-40.922076323723,-12.6221923828125
16.9349100756105,9.617907524108887
-12.24911226903676,-10.009716033935547
4.867927463076468,9.154008865356445
-21.6327950573002,11.18869400024414
7.11033993521173,3.9111156463623047
-9.59094984812801,-20.00408935546875
4.92186081619874,3.415468692779541
-7.815562497274902,6.7582879066467285
-2.20364176327536,6.901104927062988
-19.6754058911438,-17.21832275390625
-91.8886792382854,-7.092668533325195
-20.9507978903398,-10.545195579528809
-17.8084408175675,-0.5673809051513672
-62.9612541332419,-2.92099666595459
5.598134989920393,5.264799118041992
-7.283890318199592,-3.6950950622558594
6.1026124307435,4.810370445251465
7.42840635595139,1.7994651794433594
-5.179391847578812,-1.2081661224365234
-4.873152982370568,-1.960775375366211
7.276768036701751,1.5176877975463867
-10.739322929783883,-5.314250469207764
-22.9219832537164,-6.577444553375244
1.5259403537211615,9.271991729736328
-44.7886924625105,0.9925518035888672
-3.72583443525641,-3.737931251525879
-14.57002364123529,-6.104885101318359
-10.128266274366498,4.1368255615234375
-28.0249952668106,2.7699546813964844
-26.24662901330595,-6.0033159255981445
-40.3645652505015,4.044132232666016
-30.8056950922951,3.439697265625
-3.9552380984537248,10.892558097839355
-2.1789667599796294,20.424060821533203
-0.5734820606807138,3.9177656173706055
-1.1617148968623687,-1.1523561477661133
3.42848617073407,14.382686614990234
-17.4030551064212,-13.101526260375977
3.88109013796494,5.1940155029296875
9.400493271217616,10.626466751098633
-11.302161927872188,1.7615156173706055
-13.3709137252944,2.321526527404785
-6.79658968512302,7.436806678771973
4.509456424718162,6.143611907958984
5.45103123545738,4.498601913452148
8.149714042401495,-0.2556886672973633
-12.909180343140196,2.538217544555664
-6.61979034735207,-1.5768680572509766
11.9978624338519,-6.084774971008301
-12.53254789251529,0.7001180648803711
-8.36198121766124,2.754654884338379
-4.361976736345532,2.5366387367248535
-0.1898191226144924,-1.0385618209838867
2.3166834950764685,7.578481674194336
-12.6203596574975,3.3447203636169434
-1.207429910073891,5.333431243896484
-29.7403775200217,3.6480770111083984
5.31082796058257,9.082058906555176
2.97844031586002,-13.575425148010254
-12.533050119535002,-17.01824188232422
-5.8684323426223,-3.9159727096557617
2.391980620215489,-8.640047073364258
7.73570234615748,-30.92273712158203
1.166748445159433,-14.627679824829102
6.093529951556334,-8.18189811706543
17.709922444879297,-6.074102401733398
11.779516260068313,-10.988861083984375
2.4866177573815964,-9.335123062133789
-30.89708550466269,-14.932267189025879
-9.231606713935047,-24.046918869018555
-13.4089268865456,-13.558402061462402
-9.06573754635488,-14.887453079223633
9.30630078585379,-5.6423492431640625
-7.156550033865472,-15.577579498291016
-10.5414716495377,-15.054014205932617
-27.8178569354009,-20.810396194458008
5.3817717725564,-11.388845443725586
-35.155236696245,-22.675846099853516
-21.4141717786538,-24.075868606567383
-2.6053130644292946,-9.002062797546387
-9.953220777101093,-14.911867141723633
-8.798237091769485,-13.29922866821289
-27.6920167541674,-15.104597091674805
8.017093587799739,-16.78545570373535
-0.3550158381598589,-11.803908348083496
-1.19024715514191,-12.86764907836914
-3.2855896341823474,-6.544623374938965
1.844566842421384,-22.727947235107422
-30.7366736665872,-22.917091369628906
-11.338238855350506,-11.857315063476562
-1.059512617215007,2.811370849609375
-33.7712071062874,-20.957530975341797
3.812227003524945,-5.751330375671387
-2.8472026300298463,-23.4542236328125
-21.5871320482388,-10.655084609985352
1.845960760756301,-23.32891845703125
9.06213659212517,-7.257637023925781
-13.950148061363093,-16.0087890625
-15.1006814359747,-7.075601577758789
-8.65496498210776,-12.777153015136719
-31.18852367408345,-7.5432329177856445
2.35160533891099,-19.315946578979492
-7.06329362397977,-13.61471939086914
-11.299328727708405,-12.812803268432617
-5.73967918172164,-6.968713760375977
-4.062121175440552,-3.2680349349975586
3.62056380925444,-20.36260986328125
-6.512385872303066,-34.879825592041016
-17.2817979072755,-29.747913360595703
5.79128728304933,-16.89261817932129
3.7921116228684086,-13.694173812866211
0.51700222845629,-14.744148254394531
1.0966146270020711,-4.9367523193359375
-6.613686761665703,-14.552574157714844
-39.873530292237,-15.93783950805664
-35.0272315856836,-10.771759986877441
0.2475632146873464,-5.612983703613281
5.59963570142504,-12.24946403503418
5.29419053806362,-18.99965476989746
6.457932781589695,-5.365004539489746
6.4251548431743295,-12.826244354248047
-19.7885249955934,-26.14903450012207
-2.4097304318056905,2.7829055786132812
7.543407488617369,3.0505824089050293
1.83593808226401,-1.9528331756591797
-1.5082203021212124,9.501214981079102
5.99108205682079,-5.998639106750488
-18.1797235112709,-6.998970031738281
-12.840088322870097,-8.556710243225098
-2.23616712442702,11.436847686767578
-4.662511414401839,2.507317543029785
3.41802282280863,3.1840457916259766
-12.0320822507053,-17.942628860473633
-25.9801803981754,6.4770636558532715
-5.97419023328963,5.307328224182129
15.4186986077963,-1.3008441925048828
4.480465220149085,1.0578784942626953
-13.2363849677504,-7.843162536621094
-9.362863686069195,1.336132526397705
4.128157012788561,23.689550399780273
2.26767773086615,3.358001708984375
-24.1634597090208,-14.511258125305176
10.013204486477417,8.782305717468262
-31.934070451053,-4.404850006103516
-22.9515728231767,1.7807483673095703
-11.219410776078313,8.658979415893555
6.00089213826483,0.1780376434326172
-28.9638748432599,-0.3412175178527832
3.11049964318654,4.051370620727539
-1.073248118887358,9.295127868652344
-10.249148139079496,3.4348297119140625
-13.14009076535719,-4.133604049682617
0.7364260970712593,1.6847906112670898
-44.9949251983702,-3.498457908630371
-5.159519294761907,-1.1334428787231445
1.869241020829697,4.088322639465332
-55.54568697318505,-14.201528549194336
0.3065104335081801,-6.008029937744141
-10.386374558578522,14.990997314453125
-3.0345245902191325,14.17383861541748
-57.144820014625296,-10.178468704223633
2.85060083445348,5.847943305969238
2.446050707651698,-3.2493033409118652
5.50221601830175,-2.167865753173828
3.455876052191651,6.150981903076172
-14.6157572128631,-11.017091751098633
-0.874105623616695,10.877619743347168
-1.378759213278819,3.5078697204589844
1.350733135180331,8.820810317993164
-1.94666134980912,1.4771270751953125
-3.36735139960915,7.695069313049316
0.8319171014720902,0.6995158195495605
-40.2101205720394,3.6388731002807617
-24.577379709126298,1.5828924179077148
-18.6292132467089,1.8344717025756836
-46.39510994896701,0.6245040893554688
-2.487076105276776,4.448635101318359
-4.752960817423343,0.505704402923584
-0.1160299782726794,6.395793914794922
-18.5277286275242,-0.10526180267333984
-14.1325019191809,-3.9760217666625977
10.909208084253878,8.361289024353027
1.30779520720034,9.18288803100586
-5.77436797253085,-3.007441520690918
3.986867952152618,6.052036285400391
-21.7936206120663,2.625885009765625
-2.643556292002,-7.213775634765625
11.0853991753379,-20.754213333129883
-12.9397422629832,-16.392086029052734
-0.190891674386513,-3.5636940002441406
-6.32558602127377,2.8527932167053223
5.391699208755202,-12.191448211669922
-8.998840630677615,-12.348928451538086
-1.6005087696864486,-9.385272979736328
7.5482379424635875,-4.528266429901123
-7.642910278690365,-11.370388984680176
3.719171936095444,-6.073380470275879
-0.8981307679622897,-14.451558113098145
7.06032809637297,-12.280975341796875
-3.134999611446543,-17.551170349121094
-5.94174589421185,-17.864097595214844
-17.7883076547542,-23.342754364013672
-25.2381267145584,-15.348832130432129
-27.5445722402187,-15.65041446685791
2.6678241356197647,-7.667032241821289
5.02066543392875,-9.016008377075195
-1.67197513843126,-36.923797607421875
6.58117049992555,-10.849248886108398
3.12612254618191,-12.745309829711914
-2.1147225087047508,-9.29165267944336
-76.9668504799361,-16.587316513061523
10.11870938841209,-9.908594131469727
4.755697845162629,20.851085662841797
16.5479703149859,-12.972428321838379
4.001938538520379,-19.445415496826172
-14.1813773041305,-18.589250564575195
0.7709161631446207,-13.645162582397461
-24.2508933717269,-17.970226287841797
-22.3071231538392,-14.777535438537598
7.2595381633228,-13.045037269592285
11.555346181601609,-11.52468204498291
-26.258782255785,-19.274351119995117
10.3189652047012,-10.881219863891602
0.809697096857583,-13.582284927368164
-18.5255095356289,-21.87312126159668
-1.0680791130593923,-8.988256454467773
-3.5390830989045075,-8.271459579467773
10.468583156479704,-13.75892162322998
-10.613183176373598,-13.130151748657227
-6.40442742836347,-13.147557258605957
7.196532980977684,-22.05698013305664
-10.586292641023492,6.778759479522705
-26.79502671025515,-26.25762367248535
-7.187555808667961,-15.311568260192871
5.4465900456679694,-11.094990730285645
3.1988276731025875,-7.813623428344727
7.827394642815597,-7.380474090576172
3.887422638441485,-10.29503059387207
-3.41466344580097,-8.38194465637207
2.667044757168528,-13.170330047607422
1.0590749185315824,-7.432317733764648
-3.9965921287470247,-16.833681106567383
10.982614675109394,-11.037141799926758
0.4076170529080399,-7.92866325378418
2.71319811317338,-11.744131088256836
8.652061852316729,-4.516017913818359
-0.6579761516790089,-12.878168106079102
-51.6773231694491,-14.1096830368042
-2.8325461302865187,18.67837142944336
2.12749125232924,-27.004947662353516
3.562549470771905,-0.2570343017578125
-16.517773128145326,1.3283920288085938
6.874655354673765,16.86756706237793
0.2047767843086013,5.229421615600586
-2.698758931910008,8.39413070678711
1.8601156760560384,-1.5604352951049805
-22.2455703021075,-2.907717704772949
2.4288820651169605,11.785703659057617
-16.8307740899425,6.304708480834961
20.7191486697607,5.713871002197266
-30.7261055182573,2.7505931854248047
-38.4849400567448,-0.8770961761474609
-14.3103126367969,-0.12084293365478516
0.7860328468455551,-0.41553306579589844
-48.3858044800915,-0.5195827484130859
-3.21662088766757,-9.88662338256836
1.675245639565673,-1.1338787078857422
-90.3299705619704,-12.86781120300293
-9.28527551691871,3.915616989135742
-1.2293411329062325,5.468419075012207
-4.534682244798708,-13.4938325881958
-68.1959205924323,1.3708562850952148
-24.5242345195019,1.5089702606201172
-2.77042962989298,1.6368093490600586
3.8009101564042025,4.351272106170654
8.933703319425492,9.77004623413086
-11.341527235964405,5.581223487854004
6.71098989067457,4.994280815124512
4.54734483862441,-29.79102325439453
-5.16341129781556,-2.138453483581543
-49.062306315025,-4.944517612457275
5.26551760771767,5.524958610534668
3.33951124606136,-23.654747009277344
5.006519903780723,-0.8560037612915039
4.05485944970297,-2.503142833709717
2.283405953189745,2.9791698455810547
-2.66483863280114,0.023443222045898438
12.566471603210276,5.722383975982666
-27.9020155354992,-5.729877471923828
8.88265541550952,6.346189022064209
0.1652887870268324,5.600475311279297
15.4985727759109,29.361278533935547
9.014890317831036,4.531989097595215
1.4803529144374856,7.7242350578308105
18.1939100849816,18.383804321289062
-2.6304973605131474,-33.05420684814453
-5.493763326806099,-1.636946201324463
-0.6715208179901364,-1.242356300354004
-36.7383193130824,6.659557342529297
5.062784719364307,3.8429341316223145
-12.026803679110706,-0.11936378479003906
-3.01321716593974,6.919384479522705
8.35813394800668,-0.6870737075805664
-3.60075442831331,-13.424570083618164
-9.509135784465323,-0.9567413330078125
-19.6175855102284,3.6715874671936035
-27.8629509568953,-2.4037675857543945
1.74273211890989,-3.729151725769043
-2.19578977406709,2.313931465148926
2.42002639701588,4.269556999206543
-25.55316918036869,4.7469482421875
5.635020609606415,-2.205580234527588
-34.727836669101,3.058805465698242
4.4516036428765,7.772040367126465
4.967381413305823,-19.739341735839844
-6.81516141534704,-6.071487903594971
-24.3954295810688,-13.935184478759766
8.658679095048068,-6.474671840667725
3.7347243087796,-1.244277000427246
-12.909633143366396,-14.403571128845215
-60.49569009623433,-24.968923568725586
-3.790702882666694,-14.012317657470703
-12.41068356063,-14.585206985473633
2.76740193393285,-3.9776663780212402
-18.9061714872788,-0.39844512939453125
-3.681083449701528,-21.88540267944336
8.13893448615947,-8.601078033447266
-51.402683514636095,-22.098209381103516
-3.0703466753296,10.719093322753906
0.4646043967887734,-12.02803897857666
5.989492839405608,-15.762149810791016
8.833837192566008,-7.221671104431152
-26.1965705632023,-18.433320999145508
0.0804428699766095,-11.966190338134766
10.229168329440906,-7.5558624267578125
2.12042655289975,-6.728082656860352
3.88810032819938,-11.470008850097656
-31.515616413872173,-23.15271759033203
2.28163515100639,-14.14394760131836
-9.633163292669298,-8.59131145477295
2.63206586722876,17.877485275268555
0.3189015990893598,-15.268194198608398
-6.31868596379813,-8.024173736572266
-6.4648984000359935,-16.929264068603516
8.91646092056966,-11.564915657043457
-42.637521131086125,-16.625141143798828
-89.5439156156453,-29.177810668945312
9.179556151687803,-15.31802749633789
8.754663680824095,-9.126541137695312
0.8838679103249854,-12.3294677734375
4.338369925074482,-9.467732429504395
-18.23432595343749,-32.80382537841797
6.92534745147092,-3.6946372985839844
-1.768261666543676,-7.452548980712891
-7.87226820943855,-21.383790969848633
-12.0847368637308,-15.290421485900879
-4.4222229386498375,-3.0685372352600098
6.63109301847755,-12.187274932861328
1.675381804264854,-7.585052490234375
-6.897600670415837,-7.701408386230469
-12.2774867069717,-11.371076583862305
-3.963646539183849,-3.8098936080932617
-2.552277046947741,-15.320425033569336
-10.78700495517378,-12.774223327636719
-6.426376983867103,-8.099769592285156
8.2142562177934,-8.997702598571777
-16.967828162594074,-15.281515121459961
6.07843040491799,-9.988497734069824
3.08443697315444,-18.904573440551758
-1.3811964732242277,-20.632598876953125
-4.51305804704249,-24.367603302001953
-9.93375477053989,-3.1409950256347656
-0.6581754288220045,-5.345011234283447
-7.952166005584182,-14.107078552246094
-13.563015982384195,-14.023990631103516
-47.9957157156951,-34.966583251953125
4.96190002222477,-7.235245227813721
-2.0240269290899,-17.993791580200195
3.47166270740147,1.7977237701416016
-5.2815921348029296,8.209220886230469
2.369358494612781,13.76612377166748
-4.214346026907057,-5.733739852905273
-23.8934551543691,3.3887758255004883
-1.0659561461183158,2.792804718017578
3.126169348435272,6.077367782592773
2.35164464781062,2.8875064849853516
-1.79502295092813,0.07493972778320312
-15.957982665262508,-0.21814632415771484
-64.65676531723692,-10.611900329589844
-27.8195558011628,-6.544898986816406
-10.480511156242285,-8.938581466674805
-6.18357684414468,1.5084705352783203
-6.75960002722117,10.427054405212402
4.4105627388370605,-16.692041397094727
5.58846482112586,5.353885173797607
-16.8483709423333,-10.251853942871094
16.1850033157246,-7.356285095214844
-3.34531377329845,5.111876487731934
5.893700156574014,9.47042465209961
2.745769909533195,8.2510986328125
2.53362859007723,14.36057186126709
1.0880788430276551,14.182536125183105
