Score,Pred Score
-13.812973987503693,3.711735725402832
-14.6311710829416,-38.32236862182617
-15.020937907067507,-16.008085250854492
5.61896917638109,5.89336633682251
0.1461877509898399,-11.276473999023438
3.59745169898486,2.3764076232910156
-6.72144892291601,-0.11143922805786133
4.304204520484877,5.593177795410156
3.37898618824583,-0.431121826171875
3.939818822274421,-0.8277292251586914
13.9953943577381,11.149423599243164
-5.39913759737588,0.6016817092895508
-2.204579993178592,-6.401216506958008
8.829561804598438,5.2272796630859375
6.01696699102072,4.49729061126709
-6.376202369524528,-7.041001319885254
-6.50906463316165,-5.972096920013428
-60.92137282626391,-23.69872283935547
1.99934019108803,-1.8944292068481445
2.188685633501576,5.58973503112793
4.07090957771029,-7.586886405944824
0.5211206139658471,0.4862527847290039
12.5580583918003,6.970220565795898
3.320229681965675,-3.0591559410095215
-0.4381862293696001,-7.674508094787598
0.1752112379752922,-3.394749164581299
4.123908949931413,-1.4639263153076172
-14.2382866820043,4.228729248046875
12.966325580978296,4.1463623046875
7.692941411907634,-6.468055248260498
-62.9031214125763,-24.682392120361328
-5.800670766453999,-8.97340202331543
-11.705366535732304,-11.014354705810547
-4.786538605318405,-7.831151485443115
-82.4887013651952,-34.282405853271484
-8.251107402184557,-5.913910865783691
1.61677665352485,-11.801858901977539
-11.916211326129387,-29.418039321899414
-45.634880019414,-26.979351043701172
-0.568998602339841,-4.119659423828125
-12.147399114840605,-14.090631484985352
-27.4476544011683,-30.92845916748047
-2.306526469902426,-5.769791603088379
-0.4835459876036119,-1.9197196960449219
-8.39479061793487,-12.131284713745117
-46.862925671502296,-31.74820899963379
0.3837795244341289,3.0373592376708984
7.184930267876617,-0.07203006744384766
2.8348518495029404,-7.248239040374756
-9.859535687586003,2.333690643310547
-6.00025755794808,-30.191740036010742
-4.764629840066975,-2.900949478149414
-2.377061578670744,-2.9982709884643555
-2.0585753436264698,-2.519845962524414
1.1848602197973823,0.5390157699584961
4.97603191479674,-0.8894176483154297
4.27399441028646,-13.455353736877441
-46.2372447228831,-34.73076248168945
-31.4759298257721,-23.42306900024414
-50.1674018945849,-29.85821533203125
0.9601515747159592,-4.611992835998535
-11.864177458483407,-1.3743400573730469
-0.538262620928304,-9.212013244628906
-0.6920482116816997,-6.333421230316162
-1.5184696160120892,-7.22969913482666
-3.0836644409391925,-12.35323715209961
11.316750179392892,8.9177827835083
-11.183106529127476,-8.46017837524414
3.59102041590596,-10.092355728149414
4.55602013063716,-6.6725945472717285
11.579228393987275,3.1180219650268555
2.3067635611900137,-16.292940139770508
10.480393919522983,3.8476009368896484
-2.698100773809443,-18.521284103393555
3.776985072333982,-12.041555404663086
-11.773766374328297,-15.502477645874023
8.681027307740193,-3.4248428344726562
-1.1091988250418725,-15.290933609008789
4.484288991501213,-2.310647964477539
0.0548896546292299,-4.572174072265625
0.1118559290339978,-8.381897926330566
3.9797293996962297,-7.390255451202393
-22.42608065327665,-33.95490264892578
7.37064384347005,-11.542102813720703
-0.2642143205483515,-7.882865905761719
5.344594984386832,-9.939508438110352
-1.2497809936708242,-13.438375473022461
13.71198107208239,-6.442470550537109
0.5045482395984724,-13.108996391296387
2.86709961553106,-14.028853416442871
0.4423212163888063,-6.4052734375
-3.724573545179619,-0.42060136795043945
0.2570808252882703,-10.709725379943848
-70.65073406723695,-38.56503677368164
-33.9587360563784,-20.94426918029785
9.2088386022025,1.3248405456542969
1.3318185914773402,-1.3608074188232422
-9.176001953270983,-14.33848762512207
-10.497767159210698,-10.67135238647461
-0.4402086584014632,-17.200618743896484
2.1560784090827942,-8.295490264892578
-27.1636490162131,-7.491364479064941
-0.670930828719279,-29.027328491210938
-22.794043146736,-32.86148452758789
0.8105828534072201,-18.959672927856445
1.2287673509824204,-14.445036888122559
-0.6435038581465955,-3.5836448669433594
8.474782023793379,-3.9362335205078125
-9.601847091024196,-6.146792888641357
-1.6610011043127195,-6.967861175537109
-0.1091636509260827,-3.934360980987549
7.570838092245207,-6.951170921325684
-7.211196994815285,-32.93933868408203
9.090654061652296,-7.679289817810059
-26.6651088566214,-7.7954792976379395
-17.309192174305,-4.12141752243042
4.14054171285972,-7.864923477172852
4.097668935846943,8.930768966674805
-0.29408409265346,-13.883955955505371
-35.8165916579592,-25.77338409423828
10.898098675545494,3.4773807525634766
-1.6552655274048038,-0.8488559722900391
1.6729502580778592,-18.750295639038086
-6.42491227706334,-17.678760528564453
-15.4752611754195,-19.44492530822754
-0.6907348474047925,-5.056637287139893
-21.3629045873375,-20.745609283447266
4.219145585451182,-11.19256591796875
-3.019531285218114,-1.7867422103881836
4.25311060075082,-7.627019882202148
-15.0412339008878,5.41306209564209
-8.237627320974727,-19.19359588623047
-1.0683487237199796,-3.812769889831543
-1.7174251595272625,-7.762321472167969
4.069163600073605,-7.103435516357422
-10.162041561092582,-29.41524887084961
-5.97248436581227,-6.837578296661377
6.120538767403939,-0.2551889419555664
-0.8028238008287005,-23.923492431640625
-23.6042929930625,-28.29010009765625
-0.1777753404752198,2.3079910278320312
-5.785469568057495,-26.091365814208984
-0.0556983764780604,-3.792086601257324
-25.4508968849616,2.382617950439453
-5.3185412482723295,-2.9901275634765625
9.1356503291117,4.794436454772949
4.020569536845237,8.415790557861328
-58.5527340809363,-9.254007339477539
-6.291328737399075,-0.19719314575195312
4.187869588752649,0.4526224136352539
8.922207576391518,-7.267978191375732
22.7414116448382,12.653289794921875
-44.6057608529879,-28.137527465820312
-26.5129077898497,-9.84858512878418
-2.13735826282737,2.5355987548828125
-1.14890133483728,8.825780868530273
-15.2234416939723,-0.46354055404663086
0.369316059642221,-1.6673269271850586
-0.6884117876070912,-12.915948867797852
-5.8772631055401,-3.907072067260742
3.6053774296538297,-7.891610622406006
5.07108724357905,-6.740968704223633
1.292753014965791,7.928762435913086
8.440986836263871,0.4801607131958008
-3.43040335892423,-6.005411148071289
0.7651079053562314,-2.52951717376709
-37.13962469223695,-23.336151123046875
-5.822632503482525,-2.0623950958251953
-6.879472048396067,-7.619455814361572
2.11024229353816,1.1349296569824219
-7.1526743450051855,-6.324493408203125
-1.122073026503361,-1.8839468955993652
0.3302260274555297,3.0227441787719727
-1.178255647098801,6.608532905578613
-2.99361591491145,-0.7447175979614258
-18.1070051290659,-10.811641693115234
-3.0332808194811403,5.565210342407227
2.6303171850506604,-3.840947151184082
-9.72499716390718,1.8323917388916016
0.2729453578388601,-7.514346122741699
-21.4503408223732,-12.610450744628906
-4.99755531471552,-3.349151611328125
-18.0018409950579,-25.08245086669922
4.00031385473591,1.9696917533874512
12.0378145652987,9.560453414916992
14.1235470599023,-10.475805282592773
6.55729051148795,2.7510595321655273
11.19992297656359,9.485877990722656
-7.81388191369781,-9.147150039672852
-2.924593214648255,-0.9457988739013672
3.7667366885646025,-6.614167213439941
-6.68253431604433,-4.969671726226807
0.7345204104922589,7.815625190734863
-10.626155896203898,-2.1851367950439453
8.106852576346123,7.644817352294922
-58.24412469223692,-21.311601638793945
1.4955767028094,5.273035049438477
-17.6906096863185,-22.94544219970703
-4.813871520282443,13.172185897827148
-11.8973420493851,-1.5025014877319336
-2.67676896274171,-5.085205078125
-3.9331393974605526,2.439824104309082
8.756217929094177,7.245072364807129
-29.2662792150344,-1.3326854705810547
1.7249239205326918,1.02288818359375
-6.686975812883663,-15.227947235107422
11.10272802991041,13.286359786987305
-10.956818171714705,-6.8475847244262695
-6.3500959185649,-16.62529182434082
0.6681105368389735,10.656340599060059
-12.500029270357295,-12.80517578125
-2.591242863373206,1.8283815383911133
5.954690473588823,4.2161865234375
-43.929359067237,-18.701021194458008
-17.4841411730512,-8.55638599395752
3.61441892535489,3.1732163429260254
2.1112971208509976,-3.5332822799682617
-41.8026500314277,-29.567073822021484
7.028135642932115,10.149478912353516
8.463248256721428,3.913816452026367
-13.037072413777096,-4.682769775390625
-1.6307504375632549,5.720043182373047
-0.3284521577656807,8.848133087158203
0.4685622181175212,0.7418689727783203
-5.316952415477393,8.25037956237793
4.584421564331302,-5.705286026000977
-20.3593816575191,-9.608470916748047
3.67041582610247,-1.6957588195800781
2.204062447972561,1.6766080856323242
-4.666937653128132,-0.7038884162902832
-12.3781694316975,-3.5767250061035156
7.06923762363823,-4.187999725341797
-37.2883298194418,-11.8621244430542
6.442434166934048,8.769073486328125
-12.2162083245621,-4.20395565032959
-20.3623076046531,-1.8567304611206055
-5.45440876641342,1.3623218536376953
3.1416241584890576,3.9825592041015625
-4.96580172718434,-0.9385519027709961
-37.4061766871973,-17.10153579711914
6.46185690649625,1.1347322463989258
0.5403453062071405,4.976886749267578
8.656689402528613,12.916202545166016
12.331931266595111,15.064291000366211
2.75380173901167,1.0620980262756348
-2.8447496930443927,8.661399841308594
0.0285872237409883,-9.642894744873047
-73.5286754265322,2.69639253616333
7.285509446842615,0.9726419448852539
6.72046542688671,4.965105056762695
-6.19730890695259,-5.135746002197266
-16.4599719883519,-5.502055644989014
-10.288292260688207,6.227178573608398
-10.285920522724917,-12.687726020812988
-30.8171784242839,2.2054905891418457
-4.65691689928222,-9.555410385131836
-37.1716279374795,-12.734979629516602
-36.50577458359941,-6.4289774894714355
0.7942566624333496,-12.146289825439453
-34.8552692363716,-3.6039538383483887
-2.491707941339629,-9.638245582580566
1.7387039934851498,8.752277374267578
18.9715733525152,6.349696159362793
-13.8996269060666,-9.14111328125
4.17561229224804,-1.1042718887329102
4.7680640763497,-7.765959739685059
-6.745372906074374,-5.799966812133789
7.262818938793504,-6.025300979614258
-55.7541546140486,-26.455921173095703
8.453421074249384,8.027164459228516
-5.85807143580148,-1.0283498764038086
-52.7336020518746,-29.02510643005371
-1.995826789875676,1.3421239852905273
-1.3326443092463092,-32.60948944091797
5.029017096161708,-3.933971881866455
-0.71117494174041,-1.5892562866210938
8.243548509216069,9.261489868164062
5.81602235619721,-3.6061110496520996
5.978124919049687,-8.321565628051758
-2.8859593337581737,0.05989837646484375
-26.0047332498617,-26.733718872070312
-1.5220929784942658,-11.520328521728516
-3.195242757261453,0.6497993469238281
-15.0089303719363,-9.610921859741211
-1.757118944268968,-31.915802001953125
-13.5091075877696,-14.873696327209473
-4.0681667574955,-0.9342522621154785
4.43276114617859,-3.094287872314453
-4.665207913971671,-8.228076934814453
7.33919324558513,-4.586419105529785
-11.69780882660921,-8.215578079223633
5.960801203295765,-2.596674919128418
-29.9162730471743,-24.632192611694336
-5.331847529263395,-12.121546745300293
-40.7258600860177,-2.8329548835754395
-35.3994683825842,-16.736968994140625
-10.968565079401992,-13.356666564941406
15.384553292915324,-34.029075622558594
-0.4271227388875901,-2.4017653465270996
-7.69948364751984,-4.405080318450928
-26.6822467124322,-28.289194107055664
-0.2823200449385875,-13.16380500793457
-3.8453528225106623,-15.774364471435547
-2.4599041427842496,5.037293434143066
-12.7315114055493,-9.101917266845703
1.418014053180695,-12.494462966918945
-3.4922781726655696,-13.261552810668945
9.58062385928767,-6.192243576049805
-17.5801214502402,-22.784278869628906
-49.5120706514507,-27.19453239440918
-0.4503474699443348,7.620180130004883
2.332279780348585,-4.982822418212891
-42.2483635713802,-37.208065032958984
-5.00028834575103,-7.698328018188477
-5.14141487663266,-13.060242652893066
-19.923371510770203,2.2588210105895996
4.28301459624688,-5.401078224182129
0.3224388648416145,-9.941081047058105
6.795393661635613,6.516084671020508
6.720388221210122,7.344381332397461
-20.7558388881914,-4.673323631286621
-12.5922662394529,-2.2849183082580566
-5.19085420781142,0.42276477813720703
-27.3858072066324,-9.468314170837402
6.488490212037078,13.164238929748535
-12.5233171201947,-12.827608108520508
0.996650643215182,-6.54843807220459
3.27144637329635,2.3613853454589844
1.203208947199059,-4.541011810302734
4.5031585012656095,0.966895580291748
-46.6686841099013,-21.964765548706055
3.600655729290548,-2.6346540451049805
-2.7077151362496297,-12.82535171508789
-42.936846127142296,-23.658296585083008
2.679404112105611,3.5456790924072266
-23.975827854410426,-16.553617477416992
-24.4869919201538,-15.737839698791504
-6.22433036882608,-3.3724422454833984
-24.992167376126925,-5.672441005706787
-9.742168339465294,-2.7136926651000977
0.1235817830644999,3.096466064453125
-11.607028837624,3.000551223754883
5.321680837772678,-1.9325942993164062
3.3452637215970498,11.850481033325195
13.015759276594096,2.0768446922302246
-6.13466459150186,-4.366388320922852
3.0897024917955025,-0.46124935150146484
3.557691046156,7.387292861938477
2.0008593011464906,-3.441746234893799
-1.2671721747064446,-23.66866683959961
-2.989164004622407,-21.21025848388672
-2.43808381047612,-5.779839515686035
-11.30813578108209,-1.0271830558776855
-9.619042312244815,-11.260457038879395
-4.01456885639382,-5.640560150146484
-4.853312003098937,-25.847713470458984
2.78743688363977,-0.17330074310302734
3.6035536346157695,-4.937147617340088
6.09033976794457,11.321062088012695
-5.89266438028177,1.4646830558776855
4.780848076735348,-0.7494144439697266
-20.7592210135025,-18.851181030273438
-3.637071869773312,-9.278242111206055
-4.396710286499547,2.357489585876465
9.04709717330502,-15.181280136108398
1.69213972357191,3.6485252380371094
-27.068723822751306,-9.943778991699219
0.2886204877907422,-0.802215576171875
-0.592182005541919,-24.923107147216797
-4.736229867816737,0.6372742652893066
7.877641553655238,6.57840633392334
-2.588665914009158,-0.5080318450927734
4.72846919446815,-8.09673023223877
3.42669038506664,0.5663223266601562
-10.274169876330886,-4.698941230773926
-1.289264920121349,-2.1201248168945312
-6.9648772325347394,-3.985365867614746
-1.2236747050651609,3.6530818939208984
-12.208208404490907,-20.395309448242188
4.40921359309415,12.137829780578613
16.4171583068458,12.462158203125
-15.991582533821994,7.010847091674805
7.809600001042748,7.892050266265869
-3.0331069492891496,-8.385297775268555
2.603164662477901,-8.93019962310791
-24.2572199033326,-9.163802146911621
13.667582002208905,12.168375968933105
8.19307228691883,-10.98330307006836
0.4664503305112299,-2.1656150817871094
-6.46133524603972,-11.509779930114746
-19.7520332208299,-15.528802871704102
-7.75971004909346,-2.231358528137207
7.66334596528203,-2.4109506607055664
-27.64770126959135,-9.439220428466797
2.125547882163602,-4.261099815368652
-1.8239337240231768,-4.037040710449219
3.3696784995100426,-5.68497371673584
5.265272900492549,-8.412525177001953
6.753311816554961,-3.8661932945251465
0.9434331950199416,-4.324934005737305
2.13745295521649,-1.4894728660583496
2.76912169862866,-6.563720703125
2.409764321136161,-2.948237419128418
3.7606671418030695,-6.078347682952881
0.555665600488549,-1.9703054428100586
-89.04756219223692,-20.80202865600586
6.987950206462267,-1.1351780891418457
-10.09410467002709,-25.589670181274414
8.16191414696451,2.7073116302490234
-10.731303688850904,-10.252567291259766
7.588764503474316,3.9108285903930664
-5.25293160621848,-6.268943786621094
2.3065604778561424,6.515043258666992
-3.8022266666193874,-14.912637710571289
3.22816419080692,-5.852856636047363
1.1941842843275,7.432339668273926
9.772192422094813,-18.466209411621094
-2.489313079893845,-0.3347949981689453
-13.547300817594484,-21.799781799316406
-1.5403494549472296,-3.6237354278564453
-5.139364658294922,-4.738245487213135
-1.32131943338233,-6.369376182556152
-0.5284321769112605,-2.0135631561279297
0.1119561526876595,-2.121330738067627
14.8508222506114,3.672989845275879
-0.0918051514147744,-2.353069305419922
-1.7237618714553775,1.2512569427490234
-1.5699354762224491,1.2297649383544922
1.5718362711845366,-0.881596565246582
3.58036180553514,0.933990478515625
7.45084701577923,-9.050853729248047
-7.378812419643663,-2.0503883361816406
-33.1832620874725,-25.719188690185547
-6.066411004621831,1.1637544631958008
-16.4910721624856,-14.864278793334961
0.8267526169764301,-4.173196792602539
-9.762453719841735,-28.78643798828125
8.07102955700163,8.006280899047852
1.741670982094262,1.6579298973083496
-0.0053525606393112,-4.743988513946533
-51.4043293278057,-19.187625885009766
14.9415296965116,13.352469444274902
8.70853787657841,-6.439443111419678
-2.149900469098629,-14.762697219848633
14.8229623836697,5.681119918823242
-0.0379657812584102,5.735979080200195
-15.3173389528898,-5.405389785766602
-1.7663441991754285,-0.07297611236572266
-6.708306328674888,6.5308837890625
-78.7451798053926,-20.341114044189453
-0.5413656534735456,-1.4299535751342773
9.625121597198186,-0.8154773712158203
-3.15562863494722,2.546097755432129
9.60447820177431,8.002561569213867
-3.31847606547329,-3.757286548614502
-4.12581810820042,2.85111141204834
1.7706121017107803,2.744281768798828
0.5117341060036625,0.16321754455566406
2.63157412115867,6.259593963623047
-4.763634360062484,-6.518472671508789
-11.18181257464061,2.701749801635742
-39.4932668903457,-7.163318634033203
9.206200380526292,4.599706172943115
-2.93911844531118,8.297735214233398
-28.13472322157985,-7.155489921569824
9.62907409316032,1.6564111709594727
-7.042636248773623,-5.514582633972168
-4.03025121975644,3.550252914428711
3.42951329804928,10.013738632202148
2.5565427438131976,0.2949333190917969
2.8513084033656,7.654268741607666
-5.5623675139736175,-5.288049697875977
16.9968892380515,13.996377944946289
-4.144685584269085,5.111364364624023
-11.221818720505304,-2.8905563354492188
-2.111656589218961,-1.2738256454467773
-1.626797120535592,0.9274110794067383
0.7652624054000594,4.293621063232422
-21.5531296050118,-16.666824340820312
-13.053772031257305,-7.259634494781494
5.42509465390903,2.080206871032715
-5.5186956836840375,-5.28231143951416
-2.260381023139061,8.79691219329834
-30.3377383335249,-14.020234107971191
7.380729755239978,5.176125526428223
-4.172986764275874,-1.5168981552124023
-1.2036514942358316,9.949110984802246
-35.2906329121599,-12.75085735321045
-2.54595208771381,-13.144571304321289
-10.901275449743116,2.973086357116699
-17.0078420331655,-15.134754180908203
-17.0314498829154,-3.5045642852783203
-11.9784507557909,-1.9810829162597656
-19.469018973061075,-11.210597038269043
-3.2142130797467816,8.830055236816406
-0.5663484394051013,9.557125091552734
-21.2195468929047,-3.241894245147705
8.077984978184695,4.794584274291992
-17.0119321722455,-7.0674967765808105
4.67424026120176,9.238641738891602
-47.9875704511971,-14.513284683227539
4.316615136301563,-1.5499725341796875
11.2728180991378,9.535057067871094
-3.5546157663424616,-17.10306739807129
-3.15887949932979,-6.499982833862305
-1.6422791314174887,9.974244117736816
-3.448025235667948,-18.08081817626953
-13.5632540546311,-17.446805953979492
0.8825935384285006,-0.9246149063110352
3.27100049685324,0.1408557891845703
-0.7762273913233743,13.394783020019531
1.026942322157092,7.101198673248291
9.859104788483815,-2.903979778289795
-1.9977872313530125,-9.019078254699707
-13.1809903671301,-0.7968788146972656
-35.1782981083837,-24.12982177734375
-35.8337806803641,-13.762208938598633
-7.639409008216227,2.1649513244628906
-15.746453943284,-21.283716201782227
1.055995951979529,1.5939340591430664
3.987299411465438,-8.129295349121094
-37.0930621901092,-6.5984697341918945
16.694612728237402,-5.808183193206787
-4.527979888097892,-11.512365341186523
14.6352674345898,-9.75131893157959
5.034618319433818,-3.151932716369629
-3.77133000272187,-8.420784950256348
-1.61504571199055,-3.555116653442383
-56.3663437951974,-20.67692756652832
10.088450856398616,-7.170300006866455
-14.285610883283098,-22.228914260864258
2.6210618799141923,-1.3766746520996094
-2.308732762121495,-10.017908096313477
-83.9761260280997,-20.180496215820312
-1.03656181464744,-3.5860061645507812
10.16232173056559,4.145740032196045
-3.12013961477547,4.777753829956055
3.010752586641185,-7.208171844482422
-1.5178355576616795,-3.019989013671875
-2.60072537807549,-2.049624443054199
-2.367312137177082,-12.21981430053711
6.075310726130807,8.197314262390137
2.24572304437811,-1.3922204971313477
0.2044267191685782,-2.917311668395996
3.85944773684647,6.888660430908203
-14.409506408843407,-10.531553268432617
-2.683955047842884,2.2913875579833984
-0.0075038478591599,-11.013696670532227
7.190050317883171,6.319700241088867
-2.1691769605730515,-3.143428325653076
-7.910003358009165,-4.1519317626953125
-69.1366966634013,-24.19516944885254
1.437241653553571,-10.921195983886719
-20.7409218490905,-8.19046401977539
3.78247800369874,2.0141472816467285
7.909526276907584,-6.014252185821533
6.097122298913325,-14.770503044128418
24.5800902168924,10.657453536987305
-9.979741434164584,-17.589618682861328
3.1327986373042376,-3.2169384956359863
-8.393586343504198,0.10799217224121094
8.678125432705007,-1.548417568206787
20.7428439693387,-11.81002426147461
-1.511416195100045,-21.203962326049805
-23.3725501337939,-6.24475622177124
4.69437535963172,-3.423278331756592
8.24149319055937,-3.3510003089904785
-0.2898522089969393,-6.39986515045166
-7.19378137939456,-10.966691970825195
1.0271109700113177,-5.839207649230957
-14.564555056626377,-13.836721420288086
-9.657849716236,-22.634300231933594
-0.7280966227290082,-6.990231037139893
-21.8962191024866,-10.601564407348633
-40.2614734397264,-21.05340576171875
-1.77750068778882,-1.7458715438842773
-28.3488859938485,-8.924541473388672
-8.184373188662292,-20.663808822631836
-6.135426654744688,-9.791727066040039
-3.270422191581055,-3.155536651611328
-6.055427015859325,-1.62839937210083
-34.3143130117107,-16.53115463256836
-50.4820483838523,-12.746383666992188
-4.639593570653838,-0.334564208984375
-21.0606958753072,-11.379631996154785
8.747205755218493,15.32025146484375
0.6884341878779402,-0.7599878311157227
0.300408103033295,-4.461618423461914
-2.6184282494780104,4.669156551361084
-37.3999740396079,-14.112015724182129
-10.594900847222812,-17.354339599609375
-23.227454082363305,-15.224539756774902
-15.4814292943448,-4.879938125610352
-6.89310310865277,-1.0528736114501953
-11.7962452523223,-0.5410060882568359
-0.3887710448227697,-0.5729789733886719
-4.0896099478500325,13.261959075927734
-42.6579269422049,-21.090944290161133
-2.095241650043551,0.48253345489501953
8.45389840526827,0.37898921966552734
-15.5157954828953,-14.214847564697266
-1.9802660997523944,0.2824687957763672
1.8368511005450223,-7.85963773727417
2.11900133622217,13.968090057373047
-38.4962238749225,-14.763500213623047
0.8069046214032297,-1.279036521911621
-1.73607437190069,-3.831695079803467
-8.46093254820262,2.3850574493408203
-0.0780407432645869,5.343278884887695
5.009535132419683,6.75953483581543
-74.9399761386801,-17.913013458251953
2.806732553915905,1.4674344062805176
-10.415057364934407,3.7311596870422363
-4.81834176383161,12.075750350952148
-1.4920816076829602,0.6419906616210938
-0.003939288658445,12.394676208496094
5.86288473591452,-2.114962577819824
0.4443344011282492,4.14122200012207
5.72263802046558,5.426441192626953
5.46583466116103,-5.534970760345459
5.05355462238675,1.09521484375
-17.190033530139498,9.775773048400879
-10.1192188918475,0.8943147659301758
-10.539071528779305,-0.1495523452758789
0.2492257167476033,3.3199968338012695
5.35198813185094,5.545007705688477
14.9823899147147,15.324586868286133
1.7336328627834918,1.9681034088134766
3.2582764286422226,-0.17509078979492188
1.1615369027166365,3.099637508392334
-42.4099588259267,-14.675551414489746
-38.7823663998969,-9.764957427978516
7.99575647038201,3.260876178741455
11.644495901203598,1.155740737915039
-39.0956747424042,3.311549186706543
-38.6438610292767,-18.01696014404297
-40.5029244010595,-15.912611961364746
-22.8644313188967,-2.316303253173828
-0.897066728281827,-3.4702649116516113
-17.6830733389949,-0.24103260040283203
-0.0084306638066775,-6.676827907562256
0.5394390329931549,-2.058450698852539
-21.61387508166409,-23.837276458740234
5.053393098685065,-5.097118377685547
-15.7834934865799,-10.722372055053711
-58.40351531723695,-29.08555793762207
8.86280218600469,2.0432419776916504
1.888243484494037,-8.576164245605469
8.99923705482913,-5.468058109283447
4.133325903305868,-1.6833019256591797
4.774357664359128,-3.943650245666504
7.418770080750715,-6.811891555786133
-2.25262466719878,7.692374229431152
-7.071587649042333,-7.945639610290527
4.398742241377427,0.628788948059082
-8.692928400841772,-1.0490493774414062
2.334382802629,-6.477397441864014
2.8274240704709,-0.35610342025756836
2.1747311895065486,5.022853851318359
-11.9965988914421,-7.389451026916504
2.776867734737273,-13.675804138183594
-12.4595255596924,1.1337671279907227
18.5317724911246,6.208414077758789
6.86106163750481,-3.0783748626708984
-19.1693792779686,0.8146743774414062
-4.20883890972707,-2.784764289855957
-0.3530077955256401,-10.672491073608398
-1.6020246929696491,-28.37872886657715
-7.57557880794988,-14.212770462036133
13.9692836454661,-0.03236865997314453
1.289294757415069,-3.953542709350586
-20.3746494688195,-28.285125732421875
-8.044482691931467,-6.1491007804870605
2.51340467963473,-10.42735767364502
11.0282847349576,2.8012447357177734
-1.3944922949507652,-1.4870986938476562
-26.2706781913698,-21.197551727294922
-71.7765711158932,-27.436485290527344
-44.2857422252861,-21.48786163330078
-3.057699221935841,0.5198087692260742
10.116767222520318,6.09919548034668
-46.9980356488569,-33.89702224731445
-8.677497573270493,-0.23087501525878906
-25.781275563237,-3.459038734436035
-2.941164138388841,-1.81309175491333
-26.5692742661385,-12.79186725616455
1.2555345380058751,-11.591184616088867
-0.810306898238276,-8.340995788574219
0.2404076931068699,-11.181117057800293
-2.5590885431480426,-6.8291120529174805
-11.9846830308257,-16.6706600189209
-5.775806690181939,-4.772553443908691
1.9806048133258944,-27.058744430541992
16.618750626525,1.6205472946166992
8.204494762209066,-10.249038696289062
6.80321923705408,-0.9457311630249023
11.710679650337616,-3.159605026245117
3.181253849239128,-6.20473575592041
0.90894434552881,-3.4150400161743164
3.547124544521316,-27.298419952392578
-2.202886656443709,-5.826505661010742
-11.133669865203094,-10.704675674438477
9.328533024448705,-18.457944869995117
-0.7012610501602399,-3.211236000061035
-0.3170472839931941,4.445075988769531
-2.3458288386735573,-0.8213410377502441
-26.1191329979098,-12.369684219360352
-2.33292598982445,-3.4462814331054688
2.461922216333884,16.525676727294922
3.73205068567752,8.954477310180664
-22.4462583852743,-16.87626838684082
16.899113604615202,12.469385147094727
-2.85382252753121,1.8099989891052246
1.2705701336207027,-8.362159729003906
7.960789166364423,13.512059211730957
2.71808902854303,-3.875211715698242
5.5273920092716775,-19.133869171142578
-4.11149235653684,-16.473894119262695
-20.9676231329802,-0.5012798309326172
-0.89184437235696,-0.21475791931152344
-1.2816619609782416,-5.540471076965332
4.85634828411675,3.1357860565185547
6.429854346358795,5.523927688598633
4.71112087372323,-4.487194538116455
-30.7199022255615,-7.692051410675049
-3.8590388668775,0.5435209274291992
-10.6557437737239,-3.461700439453125
-13.4460672849668,-17.616931915283203
-5.527709296795018,0.9700660705566406
-1.876637029070265,-0.7067985534667969
10.2532613363299,10.184712409973145
3.00680128293027,2.8657665252685547
19.33685959748449,9.680609703063965
-0.1058882282985149,2.11252498626709
14.3436638764016,10.938472747802734
-16.1535771788668,-16.606250762939453
0.9480162028997956,5.218418121337891
-18.5891767455387,-16.95781898498535
13.309934514349203,12.77988052368164
6.02246857213521,3.5188217163085938
5.16750826555368,3.312051773071289
-1.0190872666435924,0.6584672927856445
-19.100904418149,-5.522714614868164
4.743603615290096,-2.561581611633301
-13.8157551615103,-12.062969207763672
-3.802611775309477,11.952547073364258
4.30511943579503,-0.08077335357666016
-22.482844278002705,-14.380977630615234
0.60779733849738,-0.3881196975708008
17.8138573048897,10.58586311340332
-38.4626262988146,-9.236637115478516
-0.6089836493556324,5.570865631103516
0.8617451361473882,3.5797853469848633
-2.40000424902785,0.20330047607421875
3.7078671714499096,0.9371442794799805
-2.390619984667185,1.0947771072387695
-15.559462368784592,-2.9938859939575195
-13.790764753514,2.1866817474365234
-9.325981865786185,-9.901243209838867
-58.4491138315396,-21.43718719482422
9.550892694239591,15.05563735961914
4.435147085081137,13.050390243530273
-2.3538192484503564,-2.250490188598633
-5.83438093189622,-1.7678937911987305
-7.10827059552493,-5.469123363494873
-12.414939844598162,5.29823112487793
6.6154810826822,8.551689147949219
1.3155747227446202,3.8040542602539062
-2.56542276271332,-2.7165699005126953
-13.546032832554804,-2.539597511291504
-16.600339428286603,-12.586296081542969
2.9737175212081803,-5.9175801277160645
6.167862854629888,-4.422977447509766
-40.922076323723,-32.478515625
16.9349100756105,4.749335765838623
-12.24911226903676,-15.724479675292969
4.867927463076468,-2.2137866020202637
-21.6327950573002,-17.167200088500977
7.11033993521173,6.216962814331055
-9.59094984812801,-28.192468643188477
4.92186081619874,-0.08722877502441406
-7.815562497274902,1.642425537109375
-2.20364176327536,-6.121575355529785
-19.6754058911438,-28.802274703979492
-91.8886792382854,-10.787383079528809
-20.9507978903398,-29.119827270507812
-17.8084408175675,-12.447519302368164
-62.9612541332419,-29.416967391967773
5.598134989920393,6.301644802093506
-7.283890318199592,-9.607126235961914
6.1026124307435,2.723012924194336
7.42840635595139,5.94793701171875
-5.179391847578812,-10.37181282043457
-4.873152982370568,-10.767971992492676
7.276768036701751,0.31606626510620117
-10.739322929783883,-5.721786975860596
-22.9219832537164,-26.52910614013672
1.5259403537211615,3.3639445304870605
-44.7886924625105,-26.014638900756836
-3.72583443525641,-5.423208236694336
-14.57002364123529,-30.32145118713379
-10.128266274366498,-15.366629600524902
-28.0249952668106,-21.78957176208496
-26.24662901330595,-27.71657371520996
-40.3645652505015,-23.197715759277344
-30.8056950922951,-7.956301689147949
-3.9552380984537248,-2.558913230895996
-2.1789667599796294,-7.806297779083252
-0.5734820606807138,-3.600558280944824
-1.1617148968623687,-13.053427696228027
3.42848617073407,-8.906061172485352
-17.4030551064212,-11.549020767211914
3.88109013796494,3.4629688262939453
9.400493271217616,7.911782264709473
-11.302161927872188,-12.800544738769531
-13.3709137252944,-17.73658561706543
-6.79658968512302,-0.04006814956665039
4.509456424718162,8.084123611450195
5.45103123545738,-7.157805442810059
8.149714042401495,-9.606812477111816
-12.909180343140196,4.60952615737915
-6.61979034735207,-3.8649063110351562
11.9978624338519,-8.354216575622559
-12.53254789251529,-4.035617351531982
-8.36198121766124,-17.246341705322266
-4.361976736345532,-5.648138523101807
-0.1898191226144924,-16.4654598236084
2.3166834950764685,-6.437108516693115
-12.6203596574975,-18.41489028930664
-1.207429910073891,-1.3102397918701172
-29.7403775200217,-12.141590118408203
5.31082796058257,7.041072845458984
2.97844031586002,-7.017971992492676
-12.533050119535002,-16.59632110595703
-5.8684323426223,-2.1369781494140625
2.391980620215489,1.2161293029785156
7.73570234615748,-14.940803527832031
1.166748445159433,-6.006124973297119
6.093529951556334,-5.634987831115723
17.709922444879297,7.49296760559082
11.779516260068313,-6.651714324951172
2.4866177573815964,-6.3494439125061035
-30.89708550466269,-25.164676666259766
-9.231606713935047,-4.889867305755615
-13.4089268865456,-14.677619934082031
-9.06573754635488,-13.065245628356934
9.30630078585379,4.420841217041016
-7.156550033865472,-17.789566040039062
-10.5414716495377,-15.854148864746094
-27.8178569354009,-23.33682632446289
5.3817717725564,-0.1919546127319336
-35.155236696245,-28.84424591064453
-21.4141717786538,-33.273887634277344
-2.6053130644292946,3.57009220123291
-9.953220777101093,-20.639686584472656
-8.798237091769485,-17.324398040771484
-27.6920167541674,-15.647838592529297
8.017093587799739,-1.4275779724121094
-0.3550158381598589,1.8075075149536133
-1.19024715514191,-9.65942096710205
-3.2855896341823474,-18.56243324279785
1.844566842421384,-11.95640754699707
-30.7366736665872,-33.046913146972656
-11.338238855350506,-12.90524673461914
-1.059512617215007,-2.845317840576172
-33.7712071062874,-24.98721694946289
3.812227003524945,-0.9871711730957031
-2.8472026300298463,-29.631023406982422
-21.5871320482388,-3.0461931228637695
1.845960760756301,-11.059014320373535
9.06213659212517,1.9828004837036133
-13.950148061363093,-15.057334899902344
-15.1006814359747,-3.901608467102051
-8.65496498210776,-10.761926651000977
-31.18852367408345,-17.580883026123047
2.35160533891099,-16.605915069580078
-7.06329362397977,-6.874213695526123
-11.299328727708405,-10.034431457519531
-5.73967918172164,-5.307636260986328
-4.062121175440552,-8.639223098754883
3.62056380925444,-6.6105122566223145
-6.512385872303066,-39.44697952270508
-17.2817979072755,-30.502532958984375
5.79128728304933,-11.671232223510742
3.7921116228684086,-9.620080947875977
0.51700222845629,-14.828924179077148
1.0966146270020711,-1.493255615234375
-6.613686761665703,-28.44029426574707
-39.873530292237,-23.844799041748047
-35.0272315856836,-26.378982543945312
0.2475632146873464,1.0697340965270996
5.59963570142504,-10.322385787963867
5.29419053806362,-14.93356704711914
6.457932781589695,2.0179405212402344
6.4251548431743295,-7.933622360229492
-19.7885249955934,-26.86722183227539
-2.4097304318056905,-0.20375633239746094
7.543407488617369,1.2926688194274902
1.83593808226401,-0.543609619140625
-1.5082203021212124,2.4227447509765625
5.99108205682079,-10.374149322509766
-18.1797235112709,-0.8054122924804688
-12.840088322870097,-24.295978546142578
-2.23616712442702,5.3358259201049805
-4.662511414401839,-6.425380706787109
3.41802282280863,-3.0395255088806152
-12.0320822507053,-26.10472297668457
-25.9801803981754,-13.374862670898438
-5.97419023328963,1.081313133239746
15.4186986077963,1.292098045349121
4.480465220149085,-9.382204055786133
-13.2363849677504,-21.557079315185547
-9.362863686069195,-15.276298522949219
4.128157012788561,7.249230861663818
2.26767773086615,-1.0573396682739258
-24.1634597090208,-29.3260498046875
10.013204486477417,7.902988433837891
-31.934070451053,-8.607255935668945
-22.9515728231767,-2.1148977279663086
-11.219410776078313,-13.550718307495117
6.00089213826483,-4.701848983764648
-28.9638748432599,-19.955322265625
3.11049964318654,4.6009521484375
-1.073248118887358,-5.330482482910156
-10.249148139079496,-13.287223815917969
-13.14009076535719,-20.440092086791992
0.7364260970712593,0.19779396057128906
-44.9949251983702,-9.922931671142578
-5.159519294761907,-8.789937973022461
1.869241020829697,-15.567132949829102
-55.54568697318505,-29.03863525390625
0.3065104335081801,-2.7459235191345215
-10.386374558578522,2.7332496643066406
-3.0345245902191325,-0.2057485580444336
-57.144820014625296,-24.548023223876953
2.85060083445348,3.2101354598999023
2.446050707651698,1.4321274757385254
5.50221601830175,-11.548261642456055
3.455876052191651,-3.011397361755371
-14.6157572128631,-23.736642837524414
-0.874105623616695,-0.18587875366210938
-1.378759213278819,0.9161357879638672
1.350733135180331,0.8694477081298828
-1.94666134980912,-6.779461860656738
-3.36735139960915,-5.342074394226074
0.8319171014720902,-0.059356689453125
-40.2101205720394,-7.250950813293457
-24.577379709126298,-22.449220657348633
-18.6292132467089,-8.19488525390625
-46.39510994896701,-13.487302780151367
-2.487076105276776,-6.796114921569824
-4.752960817423343,-15.059170722961426
-0.1160299782726794,-7.345062255859375
-18.5277286275242,-8.554145812988281
-14.1325019191809,-21.584827423095703
10.909208084253878,4.476649284362793
1.30779520720034,12.568925857543945
-5.77436797253085,-5.426953315734863
3.986867952152618,5.98682975769043
-21.7936206120663,-22.443614959716797
-2.643556292002,-6.085692405700684
11.0853991753379,-17.069591522216797
-12.9397422629832,-13.780876159667969
-0.190891674386513,-2.689908981323242
-6.32558602127377,-0.5488924980163574
5.391699208755202,3.041764259338379
-8.998840630677615,-7.108297348022461
-1.6005087696864486,-2.037196159362793
7.5482379424635875,5.603860855102539
-7.642910278690365,-12.556427001953125
3.719171936095444,4.707221031188965
-0.8981307679622897,-2.07393741607666
7.06032809637297,0.09525585174560547
-3.134999611446543,-7.271614074707031
-5.94174589421185,-6.818249702453613
-17.7883076547542,-24.700180053710938
-25.2381267145584,-23.78365707397461
-27.5445722402187,-20.22381591796875
2.6678241356197647,-7.248208045959473
5.02066543392875,-5.11373233795166
-1.67197513843126,-29.949039459228516
6.58117049992555,-2.6828503608703613
3.12612254618191,-5.900753021240234
-2.1147225087047508,-6.426273345947266
-76.9668504799361,-14.318904876708984
10.11870938841209,-2.9799633026123047
4.755697845162629,-0.8182373046875
16.5479703149859,2.32485294342041
4.001938538520379,-16.514976501464844
-14.1813773041305,-24.30138397216797
0.7709161631446207,-7.039402008056641
-24.2508933717269,-15.367340087890625
-22.3071231538392,-25.267192840576172
7.2595381633228,1.1323108673095703
11.555346181601609,5.299043655395508
-26.258782255785,-15.996929168701172
10.3189652047012,-7.360999584197998
0.809697096857583,-5.121039867401123
-18.5255095356289,-28.514379501342773
-1.0680791130593923,-7.364643096923828
-3.5390830989045075,-14.539538383483887
10.468583156479704,1.6882152557373047
-10.613183176373598,-10.151449203491211
-6.40442742836347,1.9934263229370117
7.196532980977684,0.19962787628173828
-10.586292641023492,1.0497074127197266
-26.79502671025515,-18.655685424804688
-7.187555808667961,-11.43227767944336
5.4465900456679694,3.3577194213867188
3.1988276731025875,-7.402951717376709
7.827394642815597,5.642583847045898
3.887422638441485,1.4120254516601562
-3.41466344580097,-5.5805230140686035
2.667044757168528,-4.408727645874023
1.0590749185315824,-3.140280246734619
-3.9965921287470247,-3.103489398956299
10.982614675109394,-1.3599939346313477
0.4076170529080399,-4.6708784103393555
2.71319811317338,-7.976261138916016
8.652061852316729,3.6664600372314453
-0.6579761516790089,-8.043113708496094
-51.6773231694491,-22.60735511779785
-2.8325461302865187,-3.746274948120117
2.12749125232924,-26.059247970581055
3.562549470771905,-2.320819854736328
-16.517773128145326,-0.4417905807495117
6.874655354673765,18.47711181640625
0.2047767843086013,-1.7824993133544922
-2.698758931910008,-3.642787456512451
1.8601156760560384,0.06289196014404297
-22.2455703021075,-18.317733764648438
2.4288820651169605,3.337678909301758
-16.8307740899425,4.141674041748047
20.7191486697607,8.20945930480957
-30.7261055182573,-17.558198928833008
-38.4849400567448,-13.927143096923828
-14.3103126367969,-10.068777084350586
0.7860328468455551,0.6389846801757812
-48.3858044800915,-19.24386978149414
-3.21662088766757,-5.185085296630859
1.675245639565673,-0.8410367965698242
-90.3299705619704,-20.40634536743164
-9.28527551691871,5.972278594970703
-1.2293411329062325,4.372859001159668
-4.534682244798708,-20.412975311279297
-68.1959205924323,-17.236474990844727
-24.5242345195019,-12.444026947021484
-2.77042962989298,1.4706974029541016
3.8009101564042025,6.786645889282227
8.933703319425492,12.783687591552734
-11.341527235964405,-4.028034210205078
6.71098989067457,10.620805740356445
4.54734483862441,-7.289312839508057
-5.16341129781556,-9.143106460571289
-49.062306315025,-16.01637077331543
5.26551760771767,1.118880271911621
3.33951124606136,-9.921836853027344
5.006519903780723,-0.5788602828979492
4.05485944970297,-0.3623647689819336
2.283405953189745,-2.651515007019043
-2.66483863280114,-4.468208312988281
12.566471603210276,9.007001876831055
-27.9020155354992,-13.649858474731445
8.88265541550952,3.4484081268310547
0.1652887870268324,2.9423999786376953
15.4985727759109,23.988203048706055
9.014890317831036,1.3891310691833496
1.4803529144374856,11.113765716552734
18.1939100849816,22.97684669494629
-2.6304973605131474,-8.200443267822266
-5.493763326806099,0.28555965423583984
-0.6715208179901364,1.2393274307250977
-36.7383193130824,-12.02712631225586
5.062784719364307,2.4438390731811523
-12.026803679110706,-17.91986083984375
-3.01321716593974,6.432300567626953
8.35813394800668,4.854555130004883
-3.60075442831331,-9.186832427978516
-9.509135784465323,5.9192352294921875
-19.6175855102284,-5.561506271362305
-27.8629509568953,-13.085250854492188
1.74273211890989,-3.32232666015625
-2.19578977406709,1.2160325050354004
2.42002639701588,3.058990955352783
-25.55316918036869,-8.246703147888184
5.635020609606415,0.35381078720092773
-34.727836669101,-12.111770629882812
4.4516036428765,-3.9331631660461426
4.967381413305823,-1.208329677581787
-6.81516141534704,-5.641096115112305
-24.3954295810688,-9.560652732849121
8.658679095048068,5.252620697021484
3.7347243087796,-12.438980102539062
-12.909633143366396,-15.136131286621094
-60.49569009623433,-24.938404083251953
-3.790702882666694,-6.237888336181641
-12.41068356063,-7.813141822814941
2.76740193393285,6.215656280517578
-18.9061714872788,-7.373683929443359
-3.681083449701528,-27.025575637817383
8.13893448615947,1.729660987854004
-51.402683514636095,-29.020662307739258
-3.0703466753296,-2.503541946411133
0.4646043967887734,-10.813568115234375
5.989492839405608,-19.87873649597168
8.833837192566008,7.6055450439453125
-26.1965705632023,-6.052452087402344
0.0804428699766095,-9.942462921142578
10.229168329440906,-6.792116165161133
2.12042655289975,-8.692752838134766
3.88810032819938,-8.517988204956055
-31.515616413872173,-17.06351089477539
2.28163515100639,-7.615176200866699
-9.633163292669298,-18.500057220458984
2.63206586722876,2.5464391708374023
0.3189015990893598,-8.770719528198242
-6.31868596379813,-6.39753532409668
-6.4648984000359935,-14.011098861694336
8.91646092056966,-8.743578910827637
-42.637521131086125,-20.071197509765625
-89.5439156156453,-27.423646926879883
9.179556151687803,-3.1257543563842773
8.754663680824095,-4.41123628616333
0.8838679103249854,-9.45911979675293
4.338369925074482,-6.887431621551514
-18.23432595343749,-35.344852447509766
6.92534745147092,-2.869279384613037
-1.768261666543676,-3.706768035888672
-7.87226820943855,-9.17464828491211
-12.0847368637308,-16.05628204345703
-4.4222229386498375,-1.8998794555664062
6.63109301847755,-4.85273551940918
1.675381804264854,-2.780940532684326
-6.897600670415837,-7.386312484741211
-12.2774867069717,-22.399364471435547
-3.963646539183849,1.431467056274414
-2.552277046947741,-8.920188903808594
-10.78700495517378,-4.074128150939941
-6.426376983867103,-7.1633195877075195
8.2142562177934,-1.0816082954406738
-16.967828162594074,-5.767455577850342
6.07843040491799,-11.466773986816406
3.08443697315444,-3.1590523719787598
-1.3811964732242277,-13.572836875915527
-4.51305804704249,-22.805187225341797
-9.93375477053989,-2.470250129699707
-0.6581754288220045,-5.312338829040527
-7.952166005584182,-19.776790618896484
-13.563015982384195,-16.702796936035156
-47.9957157156951,-28.256729125976562
4.96190002222477,4.182956695556641
-2.0240269290899,-6.887667179107666
3.47166270740147,2.3016605377197266
-5.2815921348029296,0.5749893188476562
2.369358494612781,6.763673782348633
-4.214346026907057,-9.279060363769531
-23.8934551543691,-16.272396087646484
-1.0659561461183158,-6.307809829711914
3.126169348435272,-12.922235488891602
2.35164464781062,5.172654151916504
-1.79502295092813,-1.491851806640625
-15.957982665262508,-16.12466049194336
-64.65676531723692,-25.233741760253906
-27.8195558011628,-18.843782424926758
-10.480511156242285,-23.6846981048584
-6.18357684414468,-6.0964179039001465
-6.75960002722117,-1.5727524757385254
4.4105627388370605,-0.8699960708618164
5.58846482112586,-0.7960453033447266
-16.8483709423333,-13.184497833251953
16.1850033157246,2.0414905548095703
-3.34531377329845,-3.9173383712768555
5.893700156574014,7.342790603637695
2.745769909533195,3.621410369873047
2.53362859007723,3.1156816482543945
1.0880788430276551,6.679863929748535
