Score,Pred Score
4.2006804390709,-0.684554934501648
4.76541245752904,2.4985790252685547
5.87221574658101,-0.6713528633117676
-12.955988512618,-18.575031280517578
-14.4061745570978,-30.71945571899414
13.644333664082708,-0.38901954889297485
7.522446474796843,-8.618233680725098
2.858782897786812,-0.788277804851532
-49.8653288018085,-19.081565856933594
-4.029904705212941,-0.7094460725784302
-6.2026319104393295,-23.279582977294922
4.452168509343501,-0.5937663912773132
-16.475900892606802,-0.36149680614471436
-11.03094492075089,-22.950042724609375
-8.08045020128908,-0.3279955983161926
1.39259946716825,0.015948116779327393
-14.885807229381896,-0.4911686182022095
-11.113180908425988,-14.970878601074219
5.506094216928792,0.590566098690033
5.29091659278858,0.16007159650325775
3.42106467876526,-0.37089309096336365
5.162821279449693,-0.38574719429016113
6.020551076354931,-0.6140003204345703
0.8086942897832163,-0.6722705960273743
-8.80546181278599,-7.501652717590332
-7.42349600405968,-17.527847290039062
-14.4731176558811,-0.31174927949905396
-35.5448186771701,-10.860066413879395
-1.657597602265355,1.7858332395553589
-1.930224441335125,-8.78053092956543
-10.398648228661925,-12.6289644241333
-1.6521884315998507,1.0022892951965332
1.3131129859732091,-0.4606729745864868
-0.1240821746904601,-0.7081723213195801
-35.1709788883515,-20.963253021240234
0.6771989561182002,-9.042383193969727
-5.8677981963370005,-2.2056186199188232
0.7982616963508231,4.513003349304199
2.595279020812243,-16.496875762939453
6.9472187772133225,4.3912153244018555
-41.1395198834054,-14.906664848327637
-35.4604736838065,-21.247678756713867
7.87379173269718,-0.38527005910873413
-8.72128086410909,-23.738065719604492
-82.13826531723697,-17.705419540405273
-9.70693692529289,-16.906240463256836
-61.4386715672369,-21.191268920898438
7.10938257895085,-0.39156413078308105
0.4007388327427847,-0.6359617114067078
-0.7455370396145937,-0.40163666009902954
1.674966057420845,-15.934671401977539
11.877856996640997,-0.44788217544555664
-0.9096556467231308,-0.21236789226531982
-1.4680391508473674,-11.157567977905273
15.6414782015599,-5.4607954025268555
-10.35739215730591,-0.3734728693962097
1.926107182225645,-3.6978657245635986
6.99756701325662,-7.535978317260742
3.54836143321337,-2.821939706802368
-7.726553411266567,-18.006994247436523
-48.51478094223695,-21.954509735107422
-3.0453156276270903,-13.350972175598145
-3.454798154796729,-3.444533586502075
9.503977484174175,-7.314921855926514
6.001532732018722,1.002026081085205
1.775572054007981,-16.0649356842041
-2.6871577689602653,1.9483755826950073
-7.920344649869953,-16.10776710510254
2.578081311550471,-0.7945713996887207
-14.434457477598505,-10.295177459716797
-1.338045882914232,-16.09254264831543
-44.1817825469333,-21.17650604248047
2.4314234692194163,-7.1172099113464355
-2.35314836228574,-0.4124366343021393
-2.07036107592124,-1.8998361825942993
-6.560167066336443,-18.533912658691406
-2.54688332955635,-12.600953102111816
-7.940842049461227,-17.3055419921875
-7.789052707582185,-0.39323341846466064
-1.4295761119406232,2.0329813957214355
7.206977941743588,-1.2424039840698242
-4.081394009803599,-1.4264402389526367
-30.167243616457,-10.177830696105957
11.7225687296843,-0.2338629961013794
-0.8984319813221007,0.6787891983985901
10.349523074958825,1.575696349143982
5.42147270471237,-0.44773977994918823
-0.3136273830120112,-0.13767847418785095
4.398848813602776,2.089808464050293
2.099307195887115,-11.675558090209961
-61.6890402284636,-13.422767639160156
-7.08434802004719,-0.6210363507270813
0.6962467393230812,0.3306881785392761
9.0758909366509,6.603111743927002
-1.9263965715605047,-12.553564071655273
-6.262949496708321,-15.945137977600098
-4.739766082030863,-0.5671617388725281
-36.8822022827233,-25.05145835876465
3.24770439300306,3.53873610496521
-2.289513933263135,-0.5928053259849548
1.41805545618482,1.2690274715423584
-24.4432878855492,-5.096595764160156
-24.96156751119129,-22.863388061523438
-7.734574598544068,-15.60600757598877
2.79124989437018,-5.955249309539795
-5.17831154550348,-11.974464416503906
1.5275640312561216,-0.40141767263412476
3.682989905065457,-0.4198291301727295
-10.8237586662752,-19.476083755493164
-6.929951553081727,16.086835861206055
-27.96215708599589,-16.675743103027344
-2.88087637063392,-0.4929191470146179
-5.960419628776203,-1.2860561609268188
-37.189874708633695,-16.5059814453125
1.1496085756031087,-11.425830841064453
-12.7137936794919,-10.481231689453125
8.398744223780918,-14.543391227722168
-33.3004252633332,-21.62896156311035
9.144089281431205,-0.40959158539772034
4.065326821312747,-1.4638010263442993
-41.9047429025821,-25.991710662841797
7.383552345763623,-1.7197246551513672
6.364261125349779,-0.24748700857162476
4.841793570156368,-1.7177493572235107
1.6198341998494314,-0.21864810585975647
4.179707781567577,1.807725191116333
-14.7229944429405,-1.328150749206543
7.078924552126015,4.877218723297119
-12.898019313824,-7.828630447387695
-70.8116033690518,-17.674854278564453
12.7359625054994,-0.37641820311546326
5.586124430090477,-0.37093302607536316
3.028467183462371,-0.3790634572505951
-5.830142578087577,-16.263248443603516
-22.6841489367301,-15.898778915405273
-1.51657819068512,-4.072664260864258
-81.52648016021857,-1.319459319114685
-3.36903782007548,1.234134316444397
-18.707844022,-13.552151679992676
-34.48768519828235,-14.467283248901367
-39.7169735486916,-18.081279754638672
-1.593720937577549,0.34318310022354126
-23.2954444871652,-4.065092086791992
-45.30258920076982,-12.979190826416016
12.5056328567953,-14.374695777893066
-11.9299972333177,-0.36155277490615845
-37.9495035857927,-0.31102925539016724
0.7001962140772594,-0.9741318225860596
4.49418879319923,-10.723564147949219
-39.0646563811545,-20.52094268798828
-9.09730633851708,-15.595137596130371
-17.5589533745204,-16.517698287963867
-4.92782811871599,-0.3489266633987427
-8.2299173561342,-15.14658260345459
2.60625970962018,-0.4179466962814331
2.726862934921635,1.5794029235839844
4.071661498679735,1.0366891622543335
-13.2494383747796,-4.742471218109131
-11.9154244975033,-1.8066492080688477
0.9090871567987184,-10.405933380126953
7.92708077877978,-0.13978630304336548
-3.119647295186995,-16.051952362060547
-2.248378586620203,-17.76250457763672
1.6646916021852596,6.601193428039551
0.1590569364430157,-0.4514320194721222
-77.3623903172369,-22.48635482788086
15.8859560938761,-0.2189284861087799
-3.11888044241469,-7.428552150726318
-2.7468186065138984,-3.9545676708221436
2.77922195660905,-15.679207801818848
4.052279150357491,-8.433703422546387
-4.03806373695381,-13.786772727966309
-2.4461467814868523,-18.915870666503906
-0.1639564470097907,-0.37059563398361206
0.8542168432631491,-14.923357963562012
5.84905996845087,-2.179929256439209
-5.77665564868809,-0.6007304191589355
-3.7008288999313423,-0.22694575786590576
-7.18713065449027,-11.560165405273438
-0.9529303605806088,-0.3669252395629883
-15.902118442879,-14.445889472961426
-28.0636361890057,-11.454610824584961
-26.912205886836706,-20.343563079833984
8.596988309863011,-0.36399537324905396
0.2877587512502297,-15.83123779296875
3.3899996482015826,-5.265384674072266
-20.5869014386951,-17.53754997253418
-9.341800010912078,-17.23961639404297
0.1692077246922899,-0.3726634979248047
-1.857666460494741,-0.9886748790740967
-13.2752747780792,-13.200780868530273
0.7445982178878973,-0.16406482458114624
4.49646859469848,-2.081278085708618
3.60913262992784,-3.9824838638305664
-5.653435188749545,-0.2674821615219116
1.51502173443586,-2.2960081100463867
8.143116180793372,-4.387110233306885
-8.36164856265281,-18.330509185791016
-1.130678948105339,-6.995228290557861
-4.349210006555943,0.8035703897476196
0.2594141505344826,-18.393096923828125
-32.1283374054069,-19.26412582397461
-1.9051378030600723,-0.19333311915397644
4.768047800449637,-0.19952505826950073
2.264898495983479,-15.932180404663086
-6.47138721063866,-0.6060399413108826
4.93167956005568,-15.203831672668457
2.4851768276660025,2.3358843326568604
-3.930469946192945,-16.298913955688477
11.923948375295712,-0.08399966359138489
11.616605850275496,-0.7283905744552612
10.41580460128629,-16.0439510345459
-8.700462669667385,-6.849236488342285
13.1991243046288,-0.5804383158683777
-4.75101729862813,-0.598145604133606
-1.4230966237807086,-16.86884880065918
-2.07861348348741,-4.404842853546143
10.292368565007404,-0.10289071500301361
1.9007667723773176,-0.5775958299636841
17.1612744381531,-0.3018738329410553
-0.1428452494230792,-3.567185401916504
2.4933992323843923,-11.36535358428955
-13.861300672159,-0.10257679224014282
-1.7943154401891548,0.14563347399234772
-4.15624175439773,-7.108471870422363
-14.277645616907492,-15.224963188171387
2.713132201978397,-2.1751534938812256
-13.315456279797685,-18.235376358032227
-5.36204355968609,-15.005413055419922
-1.4872271509121793,-0.6480101346969604
0.31232235517322,-0.4581831693649292
3.0307168501552093,-16.17881202697754
3.4484762474106,-0.37419673800468445
-34.0729170807354,-16.997882843017578
-25.0659802428987,-0.46135851740837097
0.86771933446589,-1.319137454032898
-11.996919710325,-15.383292198181152
17.2594267615487,-0.4291500747203827
-56.2560888739038,-19.391611099243164
-12.7386491421071,-18.66132164001465
-3.520787796436005,-6.007084846496582
-0.8014467498558491,-14.450798988342285
-34.7812340468876,-15.092167854309082
7.158235365631607,-17.402482986450195
3.29681579894721,-6.953455924987793
0.046018285265003,1.030442714691162
2.046344769010002,0.012616455554962158
4.25403099118957,-0.6359951496124268
3.7804230286959792,-17.844999313354492
-3.773219093074008,-13.060859680175781
-9.722403045722997,-3.9154868125915527
2.81101468536903,-9.748353004455566
-23.7494411406013,-18.088228225708008
-75.56229656723696,-20.15890121459961
4.366245372711767,-0.8272981643676758
9.94612085382829,0.05655616521835327
-8.207132148775708,-13.223180770874023
-3.09775596823669,-0.8061894178390503
3.77256113899207,-0.8209050297737122
0.2016574678685985,-3.637727975845337
4.38808277416547,-8.309258460998535
3.7092867134231,-10.321891784667969
1.6740112862957208,-1.1599208116531372
-5.472376660417956,-11.895796775817871
12.283123760680592,-5.466670989990234
4.417989059347175,-10.408806800842285
1.907333647224608,-10.2728910446167
-3.73521146317182,-1.8504146337509155
7.837521570550837,-0.3518860340118408
4.82455755953161,-7.682828903198242
-0.6472060937938101,1.7162889242172241
-8.237956686764985,-6.564792156219482
7.36579899286375,-0.4191634953022003
7.859716520666763,-8.592414855957031
2.765011277030255,-4.354480743408203
4.62415639298937,1.2800533771514893
6.430237727930085,-0.26382505893707275
2.44728958086436,-14.267875671386719
-1.93656353174353,-3.4604756832122803
-33.7845903951132,-8.431979179382324
10.960301672714698,-0.2947527766227722
6.147225205740463,2.0187201499938965
2.4659746492236927,-3.183166742324829
18.2642273209106,-5.948426246643066
7.656482330373112,-1.1694892644882202
-63.2346715672369,-18.90673828125
-22.9610154952969,-20.590288162231445
4.39789099231211,-5.7890801429748535
-46.587141393021525,-16.18743324279785
-12.281506448986304,-0.36110201478004456
5.220668557811489,-1.5898706912994385
-1.4412632820262703,0.1044510006904602
-35.163016426576704,-19.60688018798828
-31.380009974583203,-23.649709701538086
-40.7258600860177,-4.2034077644348145
-35.3994683825842,-18.16236686706543
-10.968565079401992,-15.568570137023926
15.384553292915324,-17.471147537231445
-0.4271227388875901,-0.7226576209068298
-7.69948364751984,-0.14337220788002014
-26.6822467124322,-12.946908950805664
-0.2823200449385875,-16.812496185302734
-3.8453528225106623,-22.218713760375977
-2.4599041427842496,-0.28455907106399536
-12.7315114055493,-4.333959579467773
1.418014053180695,-0.40288153290748596
-3.4922781726655696,-14.81530475616455
9.58062385928767,-0.4326849579811096
-17.5801214502402,-17.421022415161133
-49.5120706514507,-16.66364288330078
-0.4503474699443348,-14.86600112915039
2.332279780348585,-4.359085559844971
-42.2483635713802,-15.91338062286377
-5.00028834575103,-0.8243327140808105
-5.14141487663266,-15.587430000305176
-19.923371510770203,-0.7714025378227234
4.28301459624688,-1.191098928451538
0.3224388648416145,-1.3864295482635498
6.795393661635613,-0.3635912537574768
6.720388221210122,-0.11552178859710693
-20.7558388881914,-12.245155334472656
-12.5922662394529,-9.516956329345703
-5.19085420781142,-3.5661215782165527
-27.3858072066324,-22.099536895751953
6.488490212037078,-0.5759018659591675
-12.5233171201947,-5.550935745239258
0.996650643215182,-12.73771858215332
3.27144637329635,-1.6609026193618774
1.203208947199059,-13.549093246459961
4.5031585012656095,-0.3227655589580536
-46.6686841099013,-16.665475845336914
3.600655729290548,0.034018680453300476
-2.7077151362496297,-6.97560453414917
-42.936846127142296,-15.244701385498047
2.679404112105611,1.0199732780456543
-23.975827854410426,-16.380775451660156
-24.4869919201538,-12.639505386352539
-6.22433036882608,-4.015647888183594
-24.992167376126925,-10.617049217224121
-9.742168339465294,-11.13939380645752
0.1235817830644999,-4.036313533782959
-11.607028837624,-12.544958114624023
5.321680837772678,1.1576218605041504
3.3452637215970498,-0.43442481756210327
13.015759276594096,0.8673528432846069
-6.13466459150186,-11.950465202331543
3.0897024917955025,0.0456879585981369
3.557691046156,-13.077451705932617
2.0008593011464906,-14.11897087097168
-1.2671721747064446,-15.511316299438477
-2.989164004622407,-13.558728218078613
-2.43808381047612,-10.337811470031738
-11.30813578108209,-9.53794002532959
-9.619042312244815,-15.25464916229248
-4.01456885639382,-5.790745735168457
-4.853312003098937,-12.987525939941406
2.78743688363977,-0.8678550720214844
3.6035536346157695,-5.192296504974365
6.09033976794457,0.1858997642993927
-5.89266438028177,-2.3303451538085938
4.780848076735348,-0.503126323223114
-20.7592210135025,-12.144051551818848
-3.637071869773312,-11.350078582763672
-4.396710286499547,-3.901824474334717
9.04709717330502,-10.894024848937988
1.69213972357191,0.8147655725479126
-27.068723822751306,-9.284749031066895
0.2886204877907422,-0.70562744140625
-0.592182005541919,-4.347647666931152
-4.736229867816737,-0.6266590356826782
7.877641553655238,-0.1514538675546646
-2.588665914009158,-7.219276428222656
4.72846919446815,-16.525253295898438
3.42669038506664,-12.984208106994629
-10.274169876330886,-3.063472270965576
-1.289264920121349,-13.435248374938965
-6.9648772325347394,-10.754066467285156
-1.2236747050651609,-9.427488327026367
-12.208208404490907,-11.801255226135254
4.40921359309415,0.3075125217437744
16.4171583068458,-0.32021790742874146
-15.991582533821994,-3.0497915744781494
7.809600001042748,-0.3244897127151489
-3.0331069492891496,-0.3319578170776367
2.603164662477901,-12.759588241577148
-24.2572199033326,-25.037948608398438
13.667582002208905,-0.08437302708625793
8.19307228691883,-14.34559154510498
0.4664503305112299,-2.7566890716552734
-6.46133524603972,-14.578057289123535
-19.7520332208299,-22.4630126953125
-7.75971004909346,3.7422409057617188
7.66334596528203,-13.798907279968262
-27.64770126959135,-17.08509635925293
2.125547882163602,-0.4654090106487274
-1.8239337240231768,-8.832898139953613
3.3696784995100426,-0.4484120011329651
5.265272900492549,-8.940580368041992
6.753311816554961,-0.5389835834503174
0.9434331950199416,-4.627180099487305
2.13745295521649,-0.8745934963226318
2.76912169862866,-0.309895396232605
2.409764321136161,-0.14558476209640503
3.7606671418030695,-13.944039344787598
0.555665600488549,-0.38369786739349365
-89.04756219223692,-17.314054489135742
6.987950206462267,-5.299135208129883
-10.09410467002709,-15.806729316711426
8.16191414696451,4.74423360824585
-10.731303688850904,-18.9916934967041
7.588764503474316,-0.25473108887672424
-5.25293160621848,-0.8659918308258057
2.3065604778561424,0.8335805535316467
-3.8022266666193874,-14.951624870300293
3.22816419080692,-11.898626327514648
1.1941842843275,-0.20428869128227234
9.772192422094813,-16.651123046875
-2.489313079893845,-0.3081530034542084
-13.547300817594484,-14.402629852294922
-1.5403494549472296,-12.601466178894043
-5.139364658294922,-0.339747816324234
-1.32131943338233,-0.9325665831565857
-0.5284321769112605,-9.2105131149292
0.1119561526876595,0.08840720355510712
14.8508222506114,-0.31512975692749023
-0.0918051514147744,-6.056984901428223
-1.7237618714553775,-0.31981897354125977
-1.5699354762224491,1.9754018783569336
1.5718362711845366,-0.6665180921554565
3.58036180553514,-0.3088463246822357
7.45084701577923,-14.265312194824219
-7.378812419643663,-0.3320426940917969
-33.1832620874725,-16.89083480834961
-6.066411004621831,-0.34858739376068115
-16.4910721624856,-17.764686584472656
0.8267526169764301,-14.78894329071045
-9.762453719841735,-13.428964614868164
8.07102955700163,-0.33094021677970886
1.741670982094262,-0.3364720940589905
-0.0053525606393112,-3.8070547580718994
-51.4043293278057,-17.699382781982422
14.9415296965116,-0.2162945717573166
8.70853787657841,-13.607842445373535
-2.149900469098629,-14.146933555603027
14.8229623836697,-0.3360845446586609
-0.0379657812584102,2.4717745780944824
-15.3173389528898,-1.6454647779464722
-1.7663441991754285,-4.0006866455078125
-6.708306328674888,-0.3363165557384491
-78.7451798053926,-7.725610256195068
-0.5413656534735456,-12.244377136230469
9.625121597198186,-0.4401676654815674
-3.15562863494722,-0.6438484191894531
9.60447820177431,-3.914140462875366
-3.31847606547329,-2.8099751472473145
-4.12581810820042,-1.0485671758651733
1.7706121017107803,-1.0626602172851562
0.5117341060036625,-0.7496260404586792
2.63157412115867,-11.470866203308105
-4.763634360062484,-13.007109642028809
-11.18181257464061,-1.0198798179626465
-39.4932668903457,-14.786005020141602
9.206200380526292,-0.06000755354762077
-2.93911844531118,-10.967378616333008
-28.13472322157985,-28.382831573486328
9.62907409316032,-1.7708091735839844
-7.042636248773623,-3.653353691101074
-4.03025121975644,-7.282825946807861
3.42951329804928,-0.20999421179294586
2.5565427438131976,-0.45629170536994934
2.8513084033656,-0.19618618488311768
-5.5623675139736175,-13.709861755371094
16.9968892380515,-0.20105214416980743
-4.144685584269085,-9.755508422851562
-11.221818720505304,-1.0695817470550537
-2.111656589218961,1.8026747703552246
-1.626797120535592,-1.6334501504898071
0.7652624054000594,-1.1251578330993652
-21.5531296050118,-13.318872451782227
-13.053772031257305,-21.424402236938477
5.42509465390903,-0.6813076734542847
-5.5186956836840375,-13.082948684692383
-2.260381023139061,-0.04091517627239227
-30.3377383335249,-7.84896993637085
7.380729755239978,-11.405183792114258
-4.172986764275874,-9.789494514465332
-1.2036514942358316,-0.25661224126815796
-35.2906329121599,-35.538394927978516
-2.54595208771381,-13.7111234664917
-10.901275449743116,-11.007564544677734
-17.0078420331655,-13.758532524108887
-17.0314498829154,-0.4147545099258423
-11.9784507557909,-22.76728057861328
-19.469018973061075,-21.599727630615234
-3.2142130797467816,-0.02139151096343994
-0.5663484394051013,0.3736453950405121
-21.2195468929047,-19.48644256591797
8.077984978184695,-7.4811201095581055
-17.0119321722455,-5.552009582519531
4.67424026120176,-0.4216848611831665
-47.9875704511971,-15.807504653930664
4.316615136301563,-0.20979814231395721
11.2728180991378,-0.4780570864677429
-3.5546157663424616,-9.774127006530762
-3.15887949932979,-11.739950180053711
-1.6422791314174887,0.26880672574043274
-3.448025235667948,-15.255895614624023
-13.5632540546311,-14.58210563659668
0.8825935384285006,-0.02772343158721924
3.27100049685324,-0.7562717795372009
-0.7762273913233743,0.02689838409423828
1.026942322157092,-0.26984670758247375
9.859104788483815,-8.981523513793945
-1.9977872313530125,-3.4861106872558594
-13.1809903671301,-0.2329472303390503
-35.1782981083837,-17.5321044921875
-35.8337806803641,-17.10303497314453
-7.639409008216227,-0.22936579585075378
-15.746453943284,-16.51893424987793
1.055995951979529,0.8208105564117432
3.987299411465438,1.0894312858581543
-37.0930621901092,-0.8946509957313538
16.694612728237402,-11.946247100830078
-4.527979888097892,-2.896486520767212
14.6352674345898,-6.44074821472168
5.034618319433818,-12.891767501831055
-3.77133000272187,-0.812874436378479
-1.61504571199055,-0.46276453137397766
-56.3663437951974,-18.17290687561035
10.088450856398616,-6.419631004333496
-14.285610883283098,-16.207847595214844
2.6210618799141923,-1.508714199066162
-2.308732762121495,-18.853490829467773
-83.9761260280997,-16.416488647460938
-1.03656181464744,-0.4108370840549469
10.16232173056559,-0.4942309558391571
-3.12013961477547,-0.30694156885147095
3.010752586641185,-15.700303077697754
-1.5178355576616795,1.793976068496704
-2.60072537807549,2.222316026687622
-2.367312137177082,-3.346238613128662
6.075310726130807,-3.3543787002563477
2.24572304437811,6.798361778259277
0.2044267191685782,-13.382133483886719
3.85944773684647,-0.2695717513561249
-14.409506408843407,-18.078500747680664
-2.683955047842884,-0.815815806388855
-0.0075038478591599,-13.517522811889648
7.190050317883171,-0.11785386502742767
-2.1691769605730515,-13.952712059020996
-7.910003358009165,-0.7369709014892578
-69.1366966634013,-18.066570281982422
1.437241653553571,-16.765636444091797
-20.7409218490905,-13.985074043273926
3.78247800369874,0.38487544655799866
7.909526276907584,-13.735995292663574
6.097122298913325,-13.728866577148438
24.5800902168924,-0.20189037919044495
-9.979741434164584,-4.675579071044922
3.1327986373042376,3.9251766204833984
-8.393586343504198,-0.06905123591423035
8.678125432705007,4.790674209594727
20.7428439693387,-18.337825775146484
-1.511416195100045,-16.03229522705078
-23.3725501337939,-14.994787216186523
4.69437535963172,-15.45783805847168
8.24149319055937,-3.291546106338501
-0.2898522089969393,-3.818631649017334
-7.19378137939456,-17.10592269897461
1.0271109700113177,-0.36923229694366455
-14.564555056626377,-13.465444564819336
-9.657849716236,-12.012682914733887
-0.7280966227290082,0.005504682660102844
-21.8962191024866,-15.711544036865234
-40.2614734397264,-14.932530403137207
-1.77750068778882,0.15678751468658447
-28.3488859938485,-19.17191505432129
-8.184373188662292,-7.436790466308594
-6.135426654744688,-3.9168481826782227
-3.270422191581055,-12.687199592590332
-6.055427015859325,-1.4735486507415771
-34.3143130117107,-24.084714889526367
-50.4820483838523,-18.028369903564453
-4.639593570653838,-0.5250192880630493
-21.0606958753072,-17.128114700317383
8.747205755218493,-0.3689436912536621
0.6884341878779402,2.900973320007324
0.300408103033295,-2.6458864212036133
-2.6184282494780104,-5.772590160369873
-37.3999740396079,-15.344563484191895
-10.594900847222812,-19.6680908203125
-23.227454082363305,-18.92366600036621
-15.4814292943448,-27.254169464111328
-6.89310310865277,-1.2573795318603516
-11.7962452523223,0.18909414112567902
-0.3887710448227697,-0.6414971351623535
-4.0896099478500325,-0.2971176505088806
-42.6579269422049,-20.428817749023438
-2.095241650043551,-0.24350008368492126
8.45389840526827,-0.3599931597709656
-15.5157954828953,-17.25497817993164
-1.9802660997523944,-0.1662137359380722
1.8368511005450223,-16.693552017211914
2.11900133622217,-0.5889917016029358
-38.4962238749225,-20.346750259399414
0.8069046214032297,-6.017864227294922
-1.73607437190069,1.2467050552368164
-8.46093254820262,-0.5761638283729553
-0.0780407432645869,14.06425666809082
5.009535132419683,-0.6459143757820129
-74.9399761386801,-16.757959365844727
2.806732553915905,0.21325066685676575
-10.415057364934407,-0.4135991334915161
-4.81834176383161,-0.6231213808059692
-1.4920816076829602,-1.3869643211364746
-0.003939288658445,0.031393736600875854
5.86288473591452,-3.4449679851531982
0.4443344011282492,-2.418860912322998
5.72263802046558,-1.2399307489395142
5.46583466116103,-15.131760597229004
5.05355462238675,0.017561227083206177
-17.190033530139498,0.02341058850288391
-10.1192188918475,-0.8397026658058167
-10.539071528779305,-2.199502944946289
0.2492257167476033,-1.412611484527588
5.35198813185094,0.3926536440849304
14.9823899147147,-0.45796865224838257
1.7336328627834918,-16.524751663208008
3.2582764286422226,1.4869530200958252
1.1615369027166365,-0.24650464951992035
-42.4099588259267,-25.276344299316406
-38.7823663998969,-25.82322883605957
7.99575647038201,-0.14755147695541382
11.644495901203598,-0.48511049151420593
-39.0956747424042,-0.1326524317264557
-38.6438610292767,-21.539697647094727
-40.5029244010595,-19.30641746520996
-22.8644313188967,-3.4540672302246094
-0.897066728281827,0.8838032484054565
-17.6830733389949,-5.776272296905518
-0.0084306638066775,0.19319820404052734
0.5394390329931549,-0.1960614025592804
-21.61387508166409,-0.9019155502319336
5.053393098685065,-13.507143020629883
-15.7834934865799,-16.533323287963867
-58.40351531723695,-10.790111541748047
8.86280218600469,0.46375951170921326
1.888243484494037,-3.555325746536255
8.99923705482913,0.05433518812060356
4.133325903305868,-0.015563547611236572
4.774357664359128,-0.17078541219234467
7.418770080750715,-9.433234214782715
-2.25262466719878,0.8876063823699951
-7.071587649042333,-1.4825167655944824
4.398742241377427,-0.3542247414588928
-8.692928400841772,-0.5633506178855896
2.334382802629,-14.513346672058105
2.8274240704709,0.1120215579867363
2.1747311895065486,0.18956321477890015
-11.9965988914421,0.2740364670753479
2.776867734737273,-0.3501919209957123
-12.4595255596924,-0.1825617104768753
18.5317724911246,-0.37815308570861816
6.86106163750481,-1.2359355688095093
-19.1693792779686,-2.071936845779419
-4.20883890972707,-3.2540736198425293
-0.3530077955256401,-11.762373924255371
-1.6020246929696491,-19.595294952392578
-7.57557880794988,-19.3145809173584
13.9692836454661,-0.8675343990325928
1.289294757415069,-5.839805603027344
-20.3746494688195,-17.16937255859375
-8.044482691931467,-2.41316294670105
2.51340467963473,-6.6412034034729
11.0282847349576,-0.972377359867096
-1.3944922949507652,-2.7061102390289307
-26.2706781913698,-7.932900428771973
-71.7765711158932,-21.4930419921875
-44.2857422252861,-7.704564094543457
-3.057699221935841,0.29661840200424194
10.116767222520318,-0.19326649606227875
-46.9980356488569,-18.11685562133789
-8.677497573270493,-16.769065856933594
-25.781275563237,-14.196991920471191
-2.941164138388841,-3.3244845867156982
-26.5692742661385,-14.97673225402832
1.2555345380058751,2.2594823837280273
-0.810306898238276,-1.5929616689682007
0.2404076931068699,-18.055591583251953
-2.5590885431480426,-0.003021448850631714
-11.9846830308257,-21.030113220214844
-5.775806690181939,-4.62188196182251
1.9806048133258944,3.623764991760254
16.618750626525,-0.22600103914737701
8.204494762209066,-15.206753730773926
6.80321923705408,-3.1198525428771973
11.710679650337616,-5.948397636413574
3.181253849239128,0.7955909967422485
0.90894434552881,-0.36550816893577576
3.547124544521316,-21.2476806640625
-2.202886656443709,-9.924571990966797
-11.133669865203094,-8.98314094543457
9.328533024448705,-0.4587346315383911
-0.7012610501602399,-4.603425979614258
-0.3170472839931941,-3.7050061225891113
-2.3458288386735573,-0.8541250228881836
-26.1191329979098,-24.816814422607422
-2.33292598982445,-0.5457032322883606
2.461922216333884,-5.412553310394287
3.73205068567752,0.2279014140367508
-22.4462583852743,-20.659786224365234
16.899113604615202,-0.19864289462566376
-2.85382252753121,-12.224865913391113
1.2705701336207027,-0.38052383065223694
7.960789166364423,-0.3781927227973938
2.71808902854303,-0.46442586183547974
5.5273920092716775,-14.508537292480469
-4.11149235653684,-16.095172882080078
-20.9676231329802,0.021651417016983032
-0.89184437235696,1.7461479902267456
-1.2816619609782416,1.1531916856765747
4.85634828411675,-0.3733922839164734
6.429854346358795,0.42425888776779175
4.71112087372323,-13.231863975524902
-30.7199022255615,-13.706002235412598
-3.8590388668775,-0.9243259429931641
-10.6557437737239,-0.36459797620773315
-13.4460672849668,-13.333702087402344
-5.527709296795018,-2.6943130493164062
-1.876637029070265,-13.013148307800293
10.2532613363299,-0.4691409170627594
3.00680128293027,-7.686631202697754
19.33685959748449,-0.44635146856307983
-0.1058882282985149,-0.6989412307739258
14.3436638764016,0.3207504153251648
-16.1535771788668,-5.945470809936523
0.9480162028997956,-0.7698352932929993
-18.5891767455387,-18.723600387573242
13.309934514349203,-0.379848837852478
6.02246857213521,-0.842535138130188
5.16750826555368,-10.008818626403809
-1.0190872666435924,-14.52319622039795
-19.100904418149,-14.786229133605957
4.743603615290096,-1.0312705039978027
-13.8157551615103,-15.295796394348145
-3.802611775309477,-0.2838604152202606
4.30511943579503,-0.8214174509048462
-22.482844278002705,-18.470291137695312
0.60779733849738,-10.419730186462402
17.8138573048897,-2.037600517272949
-38.4626262988146,-20.903892517089844
-0.6089836493556324,1.7738556861877441
0.8617451361473882,-7.300350189208984
-2.40000424902785,-4.817657470703125
3.7078671714499096,-0.33726003766059875
-2.390619984667185,-0.7023085355758667
-15.559462368784592,-6.622437000274658
-13.790764753514,-2.687716245651245
-9.325981865786185,-9.62026596069336
-58.4491138315396,-20.465436935424805
9.550892694239591,-0.16335231065750122
4.435147085081137,-0.40053343772888184
-2.3538192484503564,-3.2294654846191406
-5.83438093189622,-13.473254203796387
-7.10827059552493,-13.758261680603027
-12.414939844598162,-14.129695892333984
6.6154810826822,-0.3901306390762329
1.3155747227446202,-16.50654411315918
-2.56542276271332,-0.32138028740882874
-13.546032832554804,-14.523857116699219
-16.600339428286603,-15.498590469360352
2.9737175212081803,-0.12694692611694336
6.167862854629888,-4.658513069152832
-40.922076323723,-18.870506286621094
16.9349100756105,-0.21567857265472412
-12.24911226903676,-20.370725631713867
4.867927463076468,-1.7907084226608276
-21.6327950573002,-17.93120574951172
7.11033993521173,0.22690840065479279
-9.59094984812801,-19.10036849975586
4.92186081619874,0.3204212784767151
-7.815562497274902,0.8916181325912476
-2.20364176327536,-0.2945631444454193
-19.6754058911438,-20.434749603271484
-91.8886792382854,-13.748151779174805
-20.9507978903398,1.645695686340332
-17.8084408175675,-13.514878273010254
-62.9612541332419,-15.818571090698242
5.598134989920393,-0.37188681960105896
-7.283890318199592,0.5916597843170166
6.1026124307435,-1.382628321647644
7.42840635595139,-0.2206503301858902
-5.179391847578812,-9.194025039672852
-4.873152982370568,-0.11433100700378418
7.276768036701751,0.0865371823310852
-10.739322929783883,-1.7628233432769775
-22.9219832537164,-20.357528686523438
1.5259403537211615,-0.2132578194141388
-44.7886924625105,-3.6311864852905273
-3.72583443525641,-0.8290972113609314
-14.57002364123529,-22.444421768188477
-10.128266274366498,-37.160858154296875
-28.0249952668106,-20.159847259521484
-26.24662901330595,-10.293700218200684
-40.3645652505015,-14.396395683288574
-30.8056950922951,-6.842564105987549
-3.9552380984537248,-4.114301681518555
-2.1789667599796294,-2.231114387512207
-0.5734820606807138,-2.4789578914642334
-1.1617148968623687,-0.3804933726787567
3.42848617073407,0.2019299864768982
-17.4030551064212,-15.156920433044434
3.88109013796494,-0.37120744585990906
9.400493271217616,0.8771501183509827
-11.302161927872188,-13.3740234375
-13.3709137252944,-6.600841522216797
-6.79658968512302,0.315007746219635
4.509456424718162,1.384513258934021
5.45103123545738,-0.01311291754245758
8.149714042401495,-0.4075871407985687
-12.909180343140196,-0.32545506954193115
-6.61979034735207,-12.95976448059082
11.9978624338519,-16.076974868774414
-12.53254789251529,-0.21872007846832275
-8.36198121766124,-4.36583137512207
-4.361976736345532,-9.755640983581543
-0.1898191226144924,-14.850101470947266
2.3166834950764685,-0.6185330152511597
-12.6203596574975,-19.437728881835938
-1.207429910073891,3.5213236808776855
-29.7403775200217,-13.242158889770508
5.31082796058257,-0.3527439832687378
2.97844031586002,-5.131721496582031
-12.533050119535002,-11.437766075134277
-5.8684323426223,-0.7233645915985107
2.391980620215489,-0.31157153844833374
7.73570234615748,-14.117878913879395
1.166748445159433,-0.17953358590602875
6.093529951556334,-0.7189075350761414
17.709922444879297,-0.3134217858314514
11.779516260068313,-2.437636375427246
2.4866177573815964,-0.36906132102012634
-30.89708550466269,-18.871654510498047
-9.231606713935047,-4.202980995178223
-13.4089268865456,-30.039081573486328
-9.06573754635488,-20.9320011138916
9.30630078585379,-0.23137594759464264
-7.156550033865472,-15.6100435256958
-10.5414716495377,-15.78803539276123
-27.8178569354009,-19.035341262817383
5.3817717725564,-1.2297122478485107
-35.155236696245,-12.66565227508545
-21.4141717786538,-17.45047950744629
-2.6053130644292946,-4.029454708099365
-9.953220777101093,-2.8237383365631104
-8.798237091769485,-4.708096504211426
-27.6920167541674,-12.37752914428711
8.017093587799739,-0.3357003331184387
-0.3550158381598589,-0.46322500705718994
-1.19024715514191,0.172099307179451
-3.2855896341823474,-24.039400100708008
1.844566842421384,-0.5642666220664978
-30.7366736665872,-18.069068908691406
-11.338238855350506,-12.425887107849121
-1.059512617215007,-0.3027512729167938
-33.7712071062874,-17.988924026489258
3.812227003524945,-0.5845664143562317
-2.8472026300298463,-17.077861785888672
-21.5871320482388,0.016857996582984924
1.845960760756301,-1.168352484703064
9.06213659212517,-0.26277440786361694
-13.950148061363093,-26.77859878540039
-15.1006814359747,1.6333096027374268
-8.65496498210776,-13.8792724609375
-31.18852367408345,-17.790653228759766
2.35160533891099,-16.856060028076172
-7.06329362397977,-8.220381736755371
-11.299328727708405,-0.34331101179122925
-5.73967918172164,-1.8335798978805542
-4.062121175440552,-0.6157487630844116
3.62056380925444,-12.042370796203613
-6.512385872303066,-16.489742279052734
-17.2817979072755,-19.452102661132812
5.79128728304933,-3.3558189868927
3.7921116228684086,1.0945093631744385
0.51700222845629,-15.469320297241211
1.0966146270020711,-0.3453173041343689
-6.613686761665703,-18.359403610229492
-39.873530292237,-20.56058692932129
-35.0272315856836,-18.18684959411621
0.2475632146873464,2.5628368854522705
5.59963570142504,-12.763370513916016
5.29419053806362,-15.019166946411133
6.457932781589695,-0.37746044993400574
6.4251548431743295,-14.662869453430176
-19.7885249955934,-13.911659240722656
-2.4097304318056905,-12.993762969970703
7.543407488617369,-1.6821715831756592
1.83593808226401,-0.4432675242424011
-1.5082203021212124,-2.633854627609253
5.99108205682079,-3.5757617950439453
-18.1797235112709,-0.2914413511753082
-12.840088322870097,-14.156282424926758
-2.23616712442702,-0.9408078193664551
-4.662511414401839,-14.18624496459961
3.41802282280863,-8.280017852783203
-12.0320822507053,-17.17865753173828
-25.9801803981754,-19.16132926940918
-5.97419023328963,-0.4033116102218628
15.4186986077963,-1.9402090311050415
4.480465220149085,-1.9137003421783447
-13.2363849677504,-16.816415786743164
-9.362863686069195,-15.95401382446289
4.128157012788561,-0.32511430978775024
2.26767773086615,-12.862663269042969
-24.1634597090208,-16.635669708251953
10.013204486477417,-0.20793867111206055
-31.934070451053,-4.710202217102051
-22.9515728231767,-0.5209540128707886
-11.219410776078313,-7.074726104736328
6.00089213826483,-0.30960512161254883
-28.9638748432599,-7.189746856689453
3.11049964318654,-1.2786240577697754
-1.073248118887358,-5.020165920257568
-10.249148139079496,-21.05210304260254
-13.14009076535719,-19.409408569335938
0.7364260970712593,1.5347040891647339
-44.9949251983702,-0.20437893271446228
-5.159519294761907,-16.663780212402344
1.869241020829697,-5.148203372955322
-55.54568697318505,-17.027742385864258
0.3065104335081801,-3.067960739135742
-10.386374558578522,-0.6238642930984497
-3.0345245902191325,-3.3400845527648926
-57.144820014625296,-16.38669776916504
2.85060083445348,-4.573472023010254
2.446050707651698,-4.535289764404297
5.50221601830175,1.5173087120056152
3.455876052191651,-3.630119562149048
-14.6157572128631,-15.648826599121094
-0.874105623616695,0.45895862579345703
-1.378759213278819,-7.236423969268799
1.350733135180331,0.21929672360420227
-1.94666134980912,-0.5578539371490479
-3.36735139960915,-0.9423038959503174
0.8319171014720902,-12.976332664489746
-40.2101205720394,0.012903720140457153
-24.577379709126298,-17.407745361328125
-18.6292132467089,-8.052204132080078
-46.39510994896701,-20.016752243041992
-2.487076105276776,-1.448499321937561
-4.752960817423343,-18.528411865234375
-0.1160299782726794,-0.4248654842376709
-18.5277286275242,-12.736021041870117
-14.1325019191809,-14.328795433044434
10.909208084253878,-0.47478729486465454
1.30779520720034,-17.730985641479492
-5.77436797253085,-0.4499255418777466
3.986867952152618,-0.3301396071910858
-21.7936206120663,-18.138898849487305
-2.643556292002,-1.2258331775665283
11.0853991753379,-3.121952533721924
-12.9397422629832,-24.634199142456055
-0.190891674386513,-0.3991602063179016
-6.32558602127377,-0.7794727087020874
5.391699208755202,-0.8977166414260864
-8.998840630677615,-2.069549798965454
-1.6005087696864486,-8.179159164428711
7.5482379424635875,-0.29443806409835815
-7.642910278690365,-1.714918851852417
3.719171936095444,-4.92305326461792
-0.8981307679622897,-0.32193857431411743
7.06032809637297,-2.746344566345215
-3.134999611446543,-0.44930893182754517
-5.94174589421185,-2.5003786087036133
-17.7883076547542,-14.08754825592041
-25.2381267145584,-14.13580322265625
-27.5445722402187,-12.797791481018066
2.6678241356197647,-0.6209505796432495
5.02066543392875,-1.4836844205856323
-1.67197513843126,-16.797544479370117
6.58117049992555,-0.9357430338859558
3.12612254618191,-0.9895159602165222
-2.1147225087047508,-1.445225477218628
-76.9668504799361,-12.723062515258789
10.11870938841209,-3.897287368774414
4.755697845162629,1.0829672813415527
16.5479703149859,-0.42055660486221313
4.001938538520379,-21.494327545166016
-14.1813773041305,-14.89592456817627
0.7709161631446207,-0.42715832591056824
-24.2508933717269,-22.366619110107422
-22.3071231538392,-15.529462814331055
7.2595381633228,1.4185482263565063
11.555346181601609,-0.26997753977775574
-26.258782255785,-17.891597747802734
10.3189652047012,-0.5665410757064819
0.809697096857583,-3.097954750061035
-18.5255095356289,-16.56660270690918
-1.0680791130593923,1.344187617301941
-3.5390830989045075,-8.274736404418945
10.468583156479704,-0.7388189435005188
-10.613183176373598,-1.036165475845337
-6.40442742836347,-3.761312961578369
7.196532980977684,-10.582568168640137
-10.586292641023492,-0.2979903817176819
-26.79502671025515,-15.012566566467285
-7.187555808667961,-0.6138607263565063
5.4465900456679694,-0.17509488761425018
3.1988276731025875,-0.1865973025560379
7.827394642815597,-0.10209929943084717
3.887422638441485,-0.42893433570861816
-3.41466344580097,-0.2724282145500183
2.667044757168528,-0.6553775668144226
1.0590749185315824,-6.3164215087890625
-3.9965921287470247,-0.447327196598053
10.982614675109394,0.4956304728984833
0.4076170529080399,-11.326608657836914
2.71319811317338,-0.8155308961868286
8.652061852316729,0.1428861767053604
-0.6579761516790089,-7.177310466766357
-51.6773231694491,-15.762792587280273
-2.8325461302865187,1.2531012296676636
2.12749125232924,-16.282882690429688
3.562549470771905,-0.07557199895381927
-16.517773128145326,-12.006738662719727
6.874655354673765,-0.2749951481819153
0.2047767843086013,-0.6071348190307617
-2.698758931910008,-0.3749789297580719
1.8601156760560384,-10.899078369140625
-22.2455703021075,-15.3901948928833
2.4288820651169605,1.3867045640945435
-16.8307740899425,-0.4613072872161865
20.7191486697607,-0.456200510263443
-30.7261055182573,-16.72188377380371
-38.4849400567448,-20.778898239135742
-14.3103126367969,-21.353519439697266
0.7860328468455551,-0.5256293416023254
-48.3858044800915,-17.68551254272461
-3.21662088766757,-0.2099410593509674
1.675245639565673,-12.34129810333252
-90.3299705619704,-16.757049560546875
-9.28527551691871,-2.6350204944610596
-1.2293411329062325,-2.791555881500244
-4.534682244798708,-22.722335815429688
-68.1959205924323,-18.233299255371094
-24.5242345195019,-21.545549392700195
-2.77042962989298,-2.2315638065338135
3.8009101564042025,-0.4286777973175049
8.933703319425492,-3.8530187606811523
-11.341527235964405,-0.2673393487930298
6.71098989067457,-0.09216974675655365
4.54734483862441,-0.30573704838752747
-5.16341129781556,-20.430875778198242
-49.062306315025,-19.584821701049805
5.26551760771767,-0.30163878202438354
3.33951124606136,1.1745940446853638
5.006519903780723,-13.69447135925293
4.05485944970297,-13.361417770385742
2.283405953189745,1.0256094932556152
-2.66483863280114,-14.24371337890625
12.566471603210276,-0.25550878047943115
-27.9020155354992,-19.752195358276367
8.88265541550952,0.7210749387741089
0.1652887870268324,-13.89944076538086
15.4985727759109,-0.31907767057418823
9.014890317831036,-0.6166213750839233
1.4803529144374856,-2.070119619369507
18.1939100849816,-0.4246014356613159
-2.6304973605131474,-2.3941829204559326
-5.493763326806099,-6.355351448059082
-0.6715208179901364,-0.9594478607177734
-36.7383193130824,-28.954072952270508
5.062784719364307,-6.26988410949707
-12.026803679110706,-10.966382026672363
-3.01321716593974,-5.068663597106934
8.35813394800668,1.6972124576568604
-3.60075442831331,-0.26866382360458374
-9.509135784465323,-1.3564306497573853
-19.6175855102284,-15.404431343078613
-27.8629509568953,-4.405043125152588
1.74273211890989,-2.61049747467041
-2.19578977406709,-0.5764615535736084
2.42002639701588,-0.35865330696105957
-25.55316918036869,-18.570310592651367
5.635020609606415,-6.2754058837890625
-34.727836669101,-18.854982376098633
4.4516036428765,-0.6562198996543884
4.967381413305823,-0.3854956030845642
-6.81516141534704,-1.960329294204712
-24.3954295810688,-4.721976280212402
8.658679095048068,-0.37435877323150635
3.7347243087796,0.25023776292800903
-12.909633143366396,-21.278812408447266
-60.49569009623433,-13.821784019470215
-3.790702882666694,-0.48621371388435364
-12.41068356063,-16.038162231445312
2.76740193393285,-1.204606056213379
-18.9061714872788,-0.2777506113052368
-3.681083449701528,-16.517118453979492
8.13893448615947,0.896178126335144
-51.402683514636095,-19.655872344970703
-3.0703466753296,-0.1929231882095337
0.4646043967887734,0.44372281432151794
5.989492839405608,-9.35283374786377
8.833837192566008,-0.08466613292694092
-26.1965705632023,-1.1964521408081055
0.0804428699766095,-0.3685552775859833
10.229168329440906,0.04326951503753662
2.12042655289975,-6.708896636962891
3.88810032819938,-2.350167989730835
-31.515616413872173,-18.510820388793945
2.28163515100639,0.7099951505661011
-9.633163292669298,-25.898765563964844
2.63206586722876,-0.3035914897918701
0.3189015990893598,-15.640819549560547
-6.31868596379813,-0.33812057971954346
-6.4648984000359935,-22.2568359375
8.91646092056966,-3.7114014625549316
-42.637521131086125,-25.929868698120117
-89.5439156156453,-19.022884368896484
9.179556151687803,-0.5129190683364868
8.754663680824095,-0.9883458614349365
0.8838679103249854,-0.40046292543411255
4.338369925074482,-0.3032532334327698
-18.23432595343749,-16.650856018066406
6.92534745147092,0.5893376469612122
-1.768261666543676,-10.0408935546875
-7.87226820943855,-14.7855224609375
-12.0847368637308,-11.324287414550781
-4.4222229386498375,-4.260691165924072
6.63109301847755,-3.0150294303894043
1.675381804264854,-4.558533191680908
-6.897600670415837,-0.8480781316757202
-12.2774867069717,-9.343873977661133
-3.963646539183849,-0.9154472351074219
-2.552277046947741,-16.45948600769043
-10.78700495517378,-0.7049205303192139
-6.426376983867103,0.3826417028903961
8.2142562177934,-3.540194272994995
-16.967828162594074,-0.12933525443077087
6.07843040491799,1.3578405380249023
3.08443697315444,-1.100656270980835
-1.3811964732242277,-12.906717300415039
-4.51305804704249,-14.599244117736816
-9.93375477053989,-4.404725074768066
-0.6581754288220045,-1.4166027307510376
-7.952166005584182,-11.545198440551758
-13.563015982384195,-18.08855628967285
-47.9957157156951,-17.951120376586914
4.96190002222477,-0.3152785003185272
-2.0240269290899,-13.928506851196289
3.47166270740147,-2.4868125915527344
-5.2815921348029296,-2.5985665321350098
2.369358494612781,-0.22817789018154144
-4.214346026907057,-14.673734664916992
-23.8934551543691,-22.140657424926758
-1.0659561461183158,-0.002432584762573242
3.126169348435272,-12.982267379760742
2.35164464781062,-0.3735561966896057
-1.79502295092813,0.4165652096271515
-15.957982665262508,-14.80925178527832
-64.65676531723692,-17.374521255493164
-27.8195558011628,-19.016475677490234
-10.480511156242285,-23.121902465820312
-6.18357684414468,-4.844787120819092
-6.75960002722117,-5.4994797706604
4.4105627388370605,-3.708805561065674
5.58846482112586,-0.6943480968475342
-16.8483709423333,-9.11533260345459
16.1850033157246,-0.3824595808982849
-3.34531377329845,-0.7635473608970642
5.893700156574014,-15.730649948120117
2.745769909533195,0.45527082681655884
2.53362859007723,-0.32097721099853516
1.0880788430276551,1.5978261232376099
