Score,Pred Score
4.2006804390709,-0.5629492998123169
4.76541245752904,2.6125741004943848
5.87221574658101,-0.9986323714256287
-12.955988512618,-20.203054428100586
-14.4061745570978,-29.927814483642578
13.644333664082708,-0.26346760988235474
7.522446474796843,-9.404078483581543
2.858782897786812,-0.834160566329956
-49.8653288018085,-20.377758026123047
-4.029904705212941,-0.110054612159729
-6.2026319104393295,-24.482194900512695
4.452168509343501,-0.3824152946472168
-16.475900892606802,0.12315116822719574
-11.03094492075089,-24.363113403320312
-8.08045020128908,-0.1181149035692215
1.39259946716825,0.07572400569915771
-14.885807229381896,-0.3336893916130066
-11.113180908425988,-12.89653205871582
5.506094216928792,-0.004527546465396881
5.29091659278858,0.4205712378025055
3.42106467876526,-0.3146398663520813
5.162821279449693,-0.3192932903766632
6.020551076354931,-0.4299774467945099
0.8086942897832163,-0.9834980964660645
-8.80546181278599,-7.423332214355469
-7.42349600405968,-15.676998138427734
-14.4731176558811,-0.2553899884223938
-35.5448186771701,-9.442544937133789
-1.657597602265355,0.8709546327590942
-1.930224441335125,-9.566890716552734
-10.398648228661925,-13.373197555541992
-1.6521884315998507,0.7948703765869141
1.3131129859732091,-0.4322674572467804
-0.1240821746904601,-0.5883456468582153
-35.1709788883515,-19.198986053466797
0.6771989561182002,-10.07160472869873
-5.8677981963370005,-1.5591647624969482
0.7982616963508231,4.074131965637207
2.595279020812243,-17.10670280456543
6.9472187772133225,6.085483074188232
-41.1395198834054,-13.108261108398438
-35.4604736838065,-17.852140426635742
7.87379173269718,-0.3258677124977112
-8.72128086410909,-23.27920150756836
-82.13826531723697,-18.484649658203125
-9.70693692529289,-14.717594146728516
-61.4386715672369,-21.89056968688965
7.10938257895085,-0.3297525644302368
0.4007388327427847,-0.8284956216812134
-0.7455370396145937,-0.28655263781547546
1.674966057420845,-16.50983428955078
11.877856996640997,-0.38979101181030273
-0.9096556467231308,-0.232748880982399
-1.4680391508473674,-11.718269348144531
15.6414782015599,-5.338956832885742
-10.35739215730591,-0.19634172320365906
1.926107182225645,-3.3241958618164062
6.99756701325662,-6.01085090637207
3.54836143321337,-2.544372081756592
-7.726553411266567,-17.415428161621094
-48.51478094223695,-23.251110076904297
-3.0453156276270903,-12.401349067687988
-3.454798154796729,-2.609933614730835
9.503977484174175,-5.6682586669921875
6.001532732018722,0.9576109051704407
1.775572054007981,-15.890682220458984
-2.6871577689602653,1.882370114326477
-7.920344649869953,-16.451133728027344
2.578081311550471,-0.9044162034988403
-14.434457477598505,-8.549440383911133
-1.338045882914232,-15.437582015991211
-44.1817825469333,-21.95771598815918
2.4314234692194163,-6.070162773132324
-2.35314836228574,-0.06155173107981682
-2.07036107592124,-1.1994439363479614
-6.560167066336443,-16.661550521850586
-2.54688332955635,-12.283777236938477
-7.940842049461227,-16.750329971313477
-7.789052707582185,-0.31023848056793213
-1.4295761119406232,2.4668056964874268
7.206977941743588,-1.4931483268737793
-4.081394009803599,-1.8568087816238403
-30.167243616457,-20.486021041870117
11.7225687296843,-0.1685846745967865
-0.8984319813221007,1.0368818044662476
10.349523074958825,1.8772014379501343
5.42147270471237,-0.35047227144241333
-0.3136273830120112,-0.07350808382034302
4.398848813602776,1.748889446258545
2.099307195887115,-9.50533676147461
-61.6890402284636,-11.988901138305664
-7.08434802004719,-0.426932156085968
0.6962467393230812,0.02042841911315918
9.0758909366509,9.896775245666504
-1.9263965715605047,-12.864315032958984
-6.262949496708321,-13.006393432617188
-4.739766082030863,-0.7596847414970398
-36.8822022827233,-25.34930419921875
3.24770439300306,3.4337005615234375
-2.289513933263135,-0.46225273609161377
1.41805545618482,2.3566715717315674
-24.4432878855492,-5.00014066696167
-24.96156751119129,-24.002344131469727
-7.734574598544068,-6.95930290222168
2.79124989437018,-4.261310577392578
-5.17831154550348,-12.627304077148438
1.5275640312561216,-0.3206934928894043
3.682989905065457,-0.33659255504608154
-10.8237586662752,-16.88239097595215
-6.929951553081727,19.05640411376953
-27.96215708599589,-15.296098709106445
-2.88087637063392,-0.44292372465133667
-5.960419628776203,-0.8887180685997009
-37.189874708633695,-16.354202270507812
1.1496085756031087,-10.51437759399414
-12.7137936794919,-10.542808532714844
8.398744223780918,-12.872228622436523
-33.3004252633332,-21.484947204589844
9.144089281431205,-0.3119652271270752
4.065326821312747,-2.2090506553649902
-41.9047429025821,-24.84708023071289
7.383552345763623,-1.044753909111023
6.364261125349779,-0.19432033598423004
4.841793570156368,-2.696133613586426
1.6198341998494314,-0.11208274215459824
4.179707781567577,1.8122586011886597
-14.7229944429405,-1.418152928352356
7.078924552126015,5.307535171508789
-12.898019313824,-9.337646484375
-70.8116033690518,-17.920705795288086
12.7359625054994,-0.28201383352279663
5.586124430090477,-0.27697089314460754
3.028467183462371,-0.28946560621261597
-5.830142578087577,-16.059539794921875
-22.6841489367301,-24.722185134887695
-1.51657819068512,-3.145385265350342
-81.52648016021857,-1.9683549404144287
-3.36903782007548,2.3053653240203857
-18.707844022,-15.582788467407227
-34.48768519828235,-14.154666900634766
-39.7169735486916,-18.282630920410156
-1.593720937577549,0.26864391565322876
-23.2954444871652,-3.5535495281219482
-45.30258920076982,-12.74411678314209
12.5056328567953,-13.938579559326172
-11.9299972333177,-0.2731863558292389
-37.9495035857927,-0.2130620777606964
0.7001962140772594,-0.5346129536628723
4.49418879319923,-10.694232940673828
-39.0646563811545,-20.882003784179688
-9.09730633851708,-15.469380378723145
-17.5589533745204,-15.0846529006958
-4.92782811871599,-0.26641279458999634
-8.2299173561342,-15.721553802490234
2.60625970962018,-0.3769581913948059
2.726862934921635,1.6968696117401123
4.071661498679735,1.3705462217330933
-13.2494383747796,-4.091385364532471
-11.9154244975033,-1.8584566116333008
0.9090871567987184,-10.903392791748047
7.92708077877978,-0.3068195581436157
-3.119647295186995,-16.232452392578125
-2.248378586620203,-18.24028968811035
1.6646916021852596,7.639576435089111
0.1590569364430157,-0.32611846923828125
-77.3623903172369,-22.94427490234375
15.8859560938761,-0.1571035534143448
-3.11888044241469,-6.118658542633057
-2.7468186065138984,-0.6058871746063232
2.77922195660905,-15.48963737487793
4.052279150357491,-8.934234619140625
-4.03806373695381,-13.662858963012695
-2.4461467814868523,-18.39944076538086
-0.1639564470097907,-0.2900133430957794
0.8542168432631491,-15.319090843200684
5.84905996845087,-1.378343105316162
-5.77665564868809,-0.4766390323638916
-3.7008288999313423,-0.4185602068901062
-7.18713065449027,-17.989233016967773
-0.9529303605806088,-0.2687574028968811
-15.902118442879,-13.56092643737793
-28.0636361890057,-9.921148300170898
-26.912205886836706,-19.447967529296875
8.596988309863011,-0.26996147632598877
0.2877587512502297,-15.691845893859863
3.3899996482015826,-3.4646055698394775
-20.5869014386951,-17.62302017211914
-9.341800010912078,-16.609697341918945
0.1692077246922899,-0.2800392508506775
-1.857666460494741,-1.5384951829910278
-13.2752747780792,-11.397666931152344
0.7445982178878973,-0.04149386286735535
4.49646859469848,-2.4071223735809326
3.60913262992784,-1.9393246173858643
-5.653435188749545,0.0415809229016304
1.51502173443586,1.05255126953125
8.143116180793372,-3.5798239707946777
-8.36164856265281,-18.658065795898438
-1.130678948105339,-5.550594329833984
-4.349210006555943,0.8589432239532471
0.2594141505344826,-16.169511795043945
-32.1283374054069,-19.234668731689453
-1.9051378030600723,-0.23925957083702087
4.768047800449637,-0.2920382022857666
2.264898495983479,-16.235780715942383
-6.47138721063866,-0.5548297166824341
4.93167956005568,-15.310063362121582
2.4851768276660025,2.81962513923645
-3.930469946192945,-15.149123191833496
11.923948375295712,0.003804415464401245
11.616605850275496,-0.5956413745880127
10.41580460128629,-14.890795707702637
-8.700462669667385,-7.38350248336792
13.1991243046288,-0.5657612085342407
-4.75101729862813,-0.2635623812675476
-1.4230966237807086,-17.398954391479492
-2.07861348348741,-3.5968587398529053
10.292368565007404,-0.09622427821159363
1.9007667723773176,-0.44562530517578125
17.1612744381531,-0.30565130710601807
-0.1428452494230792,-2.111379861831665
2.4933992323843923,-10.577203750610352
-13.861300672159,-0.07501333951950073
-1.7943154401891548,-0.03270749747753143
-4.15624175439773,-3.8048667907714844
-14.277645616907492,-15.551511764526367
2.713132201978397,-1.0230658054351807
-13.315456279797685,-18.529680252075195
-5.36204355968609,-14.152819633483887
-1.4872271509121793,-0.47015461325645447
0.31232235517322,-0.3627063035964966
3.0307168501552093,-16.53171157836914
3.4484762474106,-0.2803491950035095
-34.0729170807354,-17.128416061401367
-25.0659802428987,-0.5924962759017944
0.86771933446589,-1.9194453954696655
-11.996919710325,-15.511144638061523
17.2594267615487,-0.3421572744846344
-56.2560888739038,-19.80574607849121
-12.7386491421071,-18.4295711517334
-3.520787796436005,-3.546323537826538
-0.8014467498558491,-14.242773056030273
-34.7812340468876,-20.259429931640625
7.158235365631607,-16.33514404296875
3.29681579894721,-5.269604682922363
0.046018285265003,2.563938617706299
2.046344769010002,0.11600109934806824
4.25403099118957,-0.4561628997325897
3.7804230286959792,-16.7136287689209
-3.773219093074008,-12.304123878479004
-9.722403045722997,-2.102522850036621
2.81101468536903,-10.397216796875
-23.7494411406013,-18.18381690979004
-75.56229656723696,-20.85152244567871
4.366245372711767,-0.6350735425949097
9.94612085382829,-0.011851415038108826
-8.207132148775708,-13.903254508972168
-3.09775596823669,-0.7688632011413574
3.77256113899207,-0.7151549458503723
0.2016574678685985,-1.7503103017807007
4.38808277416547,-7.895864486694336
3.7092867134231,-10.596247673034668
1.6740112862957208,-1.5771325826644897
-5.472376660417956,-12.076210021972656
12.283123760680592,-4.152525901794434
4.417989059347175,-9.937702178955078
1.907333647224608,-11.023146629333496
-3.73521146317182,-1.6723254919052124
7.837521570550837,-0.28858745098114014
4.82455755953161,-6.021361351013184
-0.6472060937938101,1.7981233596801758
-8.237956686764985,-7.646317958831787
7.36579899286375,-0.32131361961364746
7.859716520666763,-8.406759262084961
2.765011277030255,-5.473320484161377
4.62415639298937,1.0255153179168701
6.430237727930085,-0.179029181599617
2.44728958086436,-14.920021057128906
-1.93656353174353,-2.6656107902526855
-33.7845903951132,-6.968441486358643
10.960301672714698,-0.2163640558719635
6.147225205740463,2.453622579574585
2.4659746492236927,-2.5936262607574463
18.2642273209106,-5.373669147491455
7.656482330373112,-0.7596120834350586
-63.2346715672369,-19.830615997314453
-22.9610154952969,-20.797122955322266
4.39789099231211,-5.395724773406982
-46.587141393021525,-16.68375587463379
-12.281506448986304,-0.20608748495578766
5.220668557811489,-0.8121435642242432
-1.4412632820262703,0.2512591481208801
-35.163016426576704,-25.344419479370117
-31.380009974583203,-22.812644958496094
-40.7258600860177,1.2864185571670532
-35.3994683825842,-20.995059967041016
-10.968565079401992,-16.230838775634766
15.384553292915324,-18.29310417175293
-0.4271227388875901,-0.5706201791763306
-7.69948364751984,-0.09810957312583923
-26.6822467124322,-13.501350402832031
-0.2823200449385875,-16.63547706604004
-3.8453528225106623,-23.89061737060547
-2.4599041427842496,-0.20399831235408783
-12.7315114055493,-1.8775043487548828
1.418014053180695,-0.4618595242500305
-3.4922781726655696,-15.90023422241211
9.58062385928767,-0.2625128924846649
-17.5801214502402,-18.140411376953125
-49.5120706514507,-17.333173751831055
-0.4503474699443348,-15.323650360107422
2.332279780348585,-2.7265143394470215
-42.2483635713802,-14.573225021362305
-5.00028834575103,-0.949616551399231
-5.14141487663266,-16.423933029174805
-19.923371510770203,-0.6760830879211426
4.28301459624688,-1.3255969285964966
0.3224388648416145,-1.242256760597229
6.795393661635613,-0.27829939126968384
6.720388221210122,-0.22082054615020752
-20.7558388881914,-12.71097183227539
-12.5922662394529,-10.3057861328125
-5.19085420781142,-3.136636734008789
-27.3858072066324,-19.700265884399414
6.488490212037078,-0.43826258182525635
-12.5233171201947,-6.207028865814209
0.996650643215182,-13.190512657165527
3.27144637329635,-0.574532151222229
1.203208947199059,-14.102173805236816
4.5031585012656095,-0.24238340556621552
-46.6686841099013,-17.187469482421875
3.600655729290548,-0.20822685956954956
-2.7077151362496297,-7.6846418380737305
-42.936846127142296,-16.296772003173828
2.679404112105611,0.9712103605270386
-23.975827854410426,-17.16704750061035
-24.4869919201538,-13.567197799682617
-6.22433036882608,-2.5995001792907715
-24.992167376126925,-10.936680793762207
-9.742168339465294,-10.893136978149414
0.1235817830644999,-3.404874563217163
-11.607028837624,-12.954516410827637
5.321680837772678,1.3389835357666016
3.3452637215970498,-0.5091331005096436
13.015759276594096,0.8442604541778564
-6.13466459150186,-12.742830276489258
3.0897024917955025,0.12099935114383698
3.557691046156,-12.976881980895996
2.0008593011464906,-13.968317985534668
-1.2671721747064446,-16.081178665161133
-2.989164004622407,-12.999787330627441
-2.43808381047612,-10.527334213256836
-11.30813578108209,-10.112262725830078
-9.619042312244815,-15.866349220275879
-4.01456885639382,-4.6212286949157715
-4.853312003098937,-13.552176475524902
2.78743688363977,-1.0840659141540527
3.6035536346157695,-5.191267967224121
6.09033976794457,0.11801494657993317
-5.89266438028177,-1.3968892097473145
4.780848076735348,-0.3346385955810547
-20.7592210135025,-12.398890495300293
-3.637071869773312,-12.962949752807617
-4.396710286499547,-3.4478626251220703
9.04709717330502,-6.116778373718262
1.69213972357191,1.1056362390518188
-27.068723822751306,-8.730831146240234
0.2886204877907422,-0.5642004013061523
-0.592182005541919,-3.8054614067077637
-4.736229867816737,-0.5776107907295227
7.877641553655238,-0.09263144433498383
-2.588665914009158,-5.353975772857666
4.72846919446815,-15.945426940917969
3.42669038506664,-13.43799877166748
-10.274169876330886,-2.7773256301879883
-1.289264920121349,-13.978023529052734
-6.9648772325347394,-11.109527587890625
-1.2236747050651609,-8.880721092224121
-12.208208404490907,-12.081533432006836
4.40921359309415,0.47328466176986694
16.4171583068458,-0.2367381751537323
-15.991582533821994,-2.4485151767730713
7.809600001042748,-0.24859778583049774
-3.0331069492891496,-0.2610318064689636
2.603164662477901,-13.27262020111084
-24.2572199033326,-22.476917266845703
13.667582002208905,-0.02469988912343979
8.19307228691883,-13.77480697631836
0.4664503305112299,-1.2599719762802124
-6.46133524603972,-14.840985298156738
-19.7520332208299,-20.17965316772461
-7.75971004909346,4.891167640686035
7.66334596528203,-14.698899269104004
-27.64770126959135,-16.8533992767334
2.125547882163602,-0.36771973967552185
-1.8239337240231768,-8.835338592529297
3.3696784995100426,-0.36437880992889404
5.265272900492549,-9.236520767211914
6.753311816554961,-0.410518079996109
0.9434331950199416,-3.0406503677368164
2.13745295521649,-0.7606494426727295
2.76912169862866,-0.22948509454727173
2.409764321136161,-0.08718040585517883
3.7606671418030695,-14.779911041259766
0.555665600488549,-0.299428790807724
-89.04756219223692,-17.3135929107666
6.987950206462267,-3.8232550621032715
-10.09410467002709,-15.951866149902344
8.16191414696451,5.88368034362793
-10.731303688850904,-20.720508575439453
7.588764503474316,-0.16646574437618256
-5.25293160621848,-0.6769946813583374
2.3065604778561424,0.859238862991333
-3.8022266666193874,-16.755329132080078
3.22816419080692,-12.396584510803223
1.1941842843275,-0.2343471199274063
9.772192422094813,-17.721858978271484
-2.489313079893845,-0.21751171350479126
-13.547300817594484,-15.162918090820312
-1.5403494549472296,-13.22574234008789
-5.139364658294922,-0.25028908252716064
-1.32131943338233,-1.63389253616333
-0.5284321769112605,-9.000527381896973
0.1119561526876595,0.19557887315750122
14.8508222506114,-0.22088973224163055
-0.0918051514147744,-5.07948112487793
-1.7237618714553775,-0.23040419816970825
-1.5699354762224491,3.5441203117370605
1.5718362711845366,-0.4770212173461914
3.58036180553514,-0.18547981977462769
7.45084701577923,-13.685550689697266
-7.378812419643663,-0.24850524961948395
-33.1832620874725,-18.060327529907227
-6.066411004621831,-0.2327190339565277
-16.4910721624856,-17.59406089782715
0.8267526169764301,-14.11105728149414
-9.762453719841735,-14.007881164550781
8.07102955700163,-0.23787322640419006
1.741670982094262,-0.23925648629665375
-0.0053525606393112,-3.998835563659668
-51.4043293278057,-19.02739715576172
14.9415296965116,-0.151594340801239
8.70853787657841,-14.557994842529297
-2.149900469098629,-15.300798416137695
14.8229623836697,-0.23783724009990692
-0.0379657812584102,7.545933246612549
-15.3173389528898,-1.3849623203277588
-1.7663441991754285,-4.4805684089660645
-6.708306328674888,-0.2860974371433258
-78.7451798053926,-7.556020259857178
-0.5413656534735456,-13.472168922424316
9.625121597198186,-0.29027247428894043
-3.15562863494722,-1.1777511835098267
9.60447820177431,-4.0912675857543945
-3.31847606547329,-2.5105044841766357
-4.12581810820042,-0.6964794397354126
1.7706121017107803,-0.681503415107727
0.5117341060036625,-0.5382024049758911
2.63157412115867,-11.812297821044922
-4.763634360062484,-15.038900375366211
-11.18181257464061,-0.675227165222168
-39.4932668903457,-14.363189697265625
9.206200380526292,0.0275261253118515
-2.93911844531118,-11.447924613952637
-28.13472322157985,-30.701534271240234
9.62907409316032,-1.9471615552902222
-7.042636248773623,-2.83138108253479
-4.03025121975644,-6.898110866546631
3.42951329804928,-0.15261587500572205
2.5565427438131976,-0.2921234369277954
2.8513084033656,-0.15369108319282532
-5.5623675139736175,-12.034700393676758
16.9968892380515,-0.1326018124818802
-4.144685584269085,-9.9340238571167
-11.221818720505304,-0.8907663822174072
-2.111656589218961,1.4066131114959717
-1.626797120535592,-1.5416033267974854
0.7652624054000594,-1.6432983875274658
-21.5531296050118,-13.7864990234375
-13.053772031257305,-22.781564712524414
5.42509465390903,-0.5663553476333618
-5.5186956836840375,-12.909353256225586
-2.260381023139061,-0.07369829714298248
-30.3377383335249,-7.454492092132568
7.380729755239978,-12.106218338012695
-4.172986764275874,-10.224458694458008
-1.2036514942358316,-0.2035321593284607
-35.2906329121599,-32.044559478759766
-2.54595208771381,-12.296594619750977
-10.901275449743116,-11.734322547912598
-17.0078420331655,-14.824934005737305
-17.0314498829154,-0.34095364809036255
-11.9784507557909,-21.799638748168945
-19.469018973061075,-24.905235290527344
-3.2142130797467816,0.1199592649936676
-0.5663484394051013,0.38091525435447693
-21.2195468929047,-20.666847229003906
8.077984978184695,-6.834441661834717
-17.0119321722455,-6.497339725494385
4.67424026120176,-0.707076370716095
-47.9875704511971,-17.331851959228516
4.316615136301563,-0.14232322573661804
11.2728180991378,-0.12897300720214844
-3.5546157663424616,-9.903960227966309
-3.15887949932979,-12.537493705749512
-1.6422791314174887,0.19576220214366913
-3.448025235667948,-16.8554744720459
-13.5632540546311,-15.391037940979004
0.8825935384285006,0.11507666110992432
3.27100049685324,-0.6912364959716797
-0.7762273913233743,-0.010962679982185364
1.026942322157092,-0.21713024377822876
9.859104788483815,-8.681550025939941
-1.9977872313530125,-1.9955819845199585
-13.1809903671301,-0.1609542816877365
-35.1782981083837,-18.60536003112793
-35.8337806803641,-17.459228515625
-7.639409008216227,-0.15847089886665344
-15.746453943284,-16.087039947509766
1.055995951979529,0.8677954077720642
3.987299411465438,1.067785620689392
-37.0930621901092,-0.5305952429771423
16.694612728237402,-12.244405746459961
-4.527979888097892,-3.207247018814087
14.6352674345898,-7.564168930053711
5.034618319433818,-13.141040802001953
-3.77133000272187,-0.6949380040168762
-1.61504571199055,-0.35664182901382446
-56.3663437951974,-19.944374084472656
10.088450856398616,-5.720426082611084
-14.285610883283098,-16.975698471069336
2.6210618799141923,-1.4551746845245361
-2.308732762121495,-18.741880416870117
-83.9761260280997,-17.111412048339844
-1.03656181464744,-0.5786235332489014
10.16232173056559,-0.5632152557373047
-3.12013961477547,-0.21373899281024933
3.010752586641185,-17.154296875
-1.5178355576616795,1.2719409465789795
-2.60072537807549,2.1024680137634277
-2.367312137177082,-3.700193405151367
6.075310726130807,-3.1213011741638184
2.24572304437811,10.77850341796875
0.2044267191685782,-13.765127182006836
3.85944773684647,-0.19590933620929718
-14.409506408843407,-17.574724197387695
-2.683955047842884,-1.8012373447418213
-0.0075038478591599,-13.490674018859863
7.190050317883171,-0.20413760840892792
-2.1691769605730515,-14.590386390686035
-7.910003358009165,-0.5936870574951172
-69.1366966634013,-19.02054786682129
1.437241653553571,-17.59326171875
-20.7409218490905,-13.635819435119629
3.78247800369874,0.4440436065196991
7.909526276907584,-14.27984619140625
6.097122298913325,-14.24333381652832
24.5800902168924,-0.13508960604667664
-9.979741434164584,-4.219827651977539
3.1327986373042376,5.175534248352051
-8.393586343504198,0.029754474759101868
8.678125432705007,5.877571105957031
20.7428439693387,-16.71242904663086
-1.511416195100045,-16.771520614624023
-23.3725501337939,-15.706009864807129
4.69437535963172,-16.19007110595703
8.24149319055937,-3.236710786819458
-0.2898522089969393,-3.706301689147949
-7.19378137939456,-16.88237762451172
1.0271109700113177,-0.3521960973739624
-14.564555056626377,-14.080741882324219
-9.657849716236,-12.18842887878418
-0.7280966227290082,-0.012912154197692871
-21.8962191024866,-16.37268829345703
-40.2614734397264,-16.40890884399414
-1.77750068778882,2.6101460456848145
-28.3488859938485,-20.823949813842773
-8.184373188662292,-6.004188537597656
-6.135426654744688,-4.110353469848633
-3.270422191581055,-14.455451011657715
-6.055427015859325,-2.434126853942871
-34.3143130117107,-21.837873458862305
-50.4820483838523,-18.74276351928711
-4.639593570653838,-0.3673332631587982
-21.0606958753072,-21.176668167114258
8.747205755218493,-0.2629855275154114
0.6884341878779402,6.672640800476074
0.300408103033295,-3.0102052688598633
-2.6184282494780104,-3.6142873764038086
-37.3999740396079,-16.201583862304688
-10.594900847222812,-20.94992446899414
-23.227454082363305,-19.46962547302246
-15.4814292943448,-24.195581436157227
-6.89310310865277,-0.7708213925361633
-11.7962452523223,0.35051941871643066
-0.3887710448227697,-0.7741339802742004
-4.0896099478500325,-0.2072868049144745
-42.6579269422049,-21.18931007385254
-2.095241650043551,-0.16418617963790894
8.45389840526827,-0.3079124391078949
-15.5157954828953,-24.179943084716797
-1.9802660997523944,-0.25691723823547363
1.8368511005450223,-15.929885864257812
2.11900133622217,-0.4305914342403412
-38.4962238749225,-21.686683654785156
0.8069046214032297,-5.196290016174316
-1.73607437190069,1.7901753187179565
-8.46093254820262,-0.44286054372787476
-0.0780407432645869,20.672155380249023
5.009535132419683,-0.5181896686553955
-74.9399761386801,-17.110492706298828
2.806732553915905,0.3898048996925354
-10.415057364934407,-0.330203652381897
-4.81834176383161,-0.7011517286300659
-1.4920816076829602,-0.878952145576477
-0.003939288658445,0.32622915506362915
5.86288473591452,-1.662886381149292
0.4443344011282492,-0.7997617721557617
5.72263802046558,-1.7372270822525024
5.46583466116103,-15.392539978027344
5.05355462238675,0.022852778434753418
-17.190033530139498,0.09771162271499634
-10.1192188918475,-0.7116743922233582
-10.539071528779305,-1.7298139333724976
0.2492257167476033,-2.3653576374053955
5.35198813185094,1.4862985610961914
14.9823899147147,-0.3113196790218353
1.7336328627834918,-17.172664642333984
3.2582764286422226,1.4462380409240723
1.1615369027166365,-0.16672907769680023
-42.4099588259267,-22.91292953491211
-38.7823663998969,-24.073902130126953
7.99575647038201,-0.10200707614421844
11.644495901203598,-1.1864405870437622
-39.0956747424042,0.009175742045044899
-38.6438610292767,-21.209413528442383
-40.5029244010595,-19.8389949798584
-22.8644313188967,-2.9274768829345703
-0.897066728281827,0.8128621578216553
-17.6830733389949,-6.126857757568359
-0.0084306638066775,3.223483085632324
0.5394390329931549,-0.14011576771736145
-21.61387508166409,3.9239559173583984
5.053393098685065,-13.245854377746582
-15.7834934865799,-16.139591217041016
-58.40351531723695,-10.198202133178711
8.86280218600469,0.5988996624946594
1.888243484494037,-1.9422574043273926
8.99923705482913,0.20974953472614288
4.133325903305868,1.4378459453582764
4.774357664359128,-0.14539816975593567
7.418770080750715,-10.341086387634277
-2.25262466719878,0.8155633211135864
-7.071587649042333,-1.5672709941864014
4.398742241377427,-0.2865641117095947
-8.692928400841772,-0.5390604138374329
2.334382802629,-14.484357833862305
2.8274240704709,0.2803819179534912
2.1747311895065486,0.18864423036575317
-11.9965988914421,0.1919735223054886
2.776867734737273,-0.2542532682418823
-12.4595255596924,-0.020268797874450684
18.5317724911246,-0.27681195735931396
6.86106163750481,-1.657691240310669
-19.1693792779686,-0.9534348249435425
-4.20883890972707,-0.3668713867664337
-0.3530077955256401,-11.79807186126709
-1.6020246929696491,-19.7720890045166
-7.57557880794988,-18.36983871459961
13.9692836454661,-0.8465994596481323
1.289294757415069,-5.814642906188965
-20.3746494688195,-17.5568904876709
-8.044482691931467,-1.8026282787322998
2.51340467963473,-0.1577664613723755
11.0282847349576,-0.9090358018875122
-1.3944922949507652,-2.0672380924224854
-26.2706781913698,-8.439111709594727
-71.7765711158932,-22.137474060058594
-44.2857422252861,-8.167584419250488
-3.057699221935841,0.2592739462852478
10.116767222520318,-0.14728373289108276
-46.9980356488569,-17.760316848754883
-8.677497573270493,-16.984722137451172
-25.781275563237,-14.119522094726562
-2.941164138388841,-0.32180947065353394
-26.5692742661385,-14.498058319091797
1.2555345380058751,2.151841163635254
-0.810306898238276,-0.7652661204338074
0.2404076931068699,-18.521190643310547
-2.5590885431480426,0.2589765191078186
-11.9846830308257,-22.655324935913086
-5.775806690181939,-2.7595102787017822
1.9806048133258944,6.748652935028076
16.618750626525,-0.159774050116539
8.204494762209066,-15.47260856628418
6.80321923705408,-4.441275596618652
11.710679650337616,-5.957388401031494
3.181253849239128,0.3224450349807739
0.90894434552881,-0.2819020450115204
3.547124544521316,-19.23290252685547
-2.202886656443709,-8.671807289123535
-11.133669865203094,-9.285261154174805
9.328533024448705,-0.9897543787956238
-0.7012610501602399,-3.4011611938476562
-0.3170472839931941,-3.515044689178467
-2.3458288386735573,-1.8337229490280151
-26.1191329979098,-24.1368408203125
-2.33292598982445,-0.7452285885810852
2.461922216333884,-5.016401290893555
3.73205068567752,0.24187159538269043
-22.4462583852743,-22.180156707763672
16.899113604615202,-0.16087883710861206
-2.85382252753121,-10.99612045288086
1.2705701336207027,-0.31437110900878906
7.960789166364423,-0.3074581027030945
2.71808902854303,-0.21016517281532288
5.5273920092716775,-14.456388473510742
-4.11149235653684,-16.97055435180664
-20.9676231329802,0.020737424492836
-0.89184437235696,1.7150046825408936
-1.2816619609782416,0.8566277623176575
4.85634828411675,-0.2618192732334137
6.429854346358795,0.4719788432121277
4.71112087372323,-13.589739799499512
-30.7199022255615,-12.458954811096191
-3.8590388668775,-0.8455370664596558
-10.6557437737239,-0.3003098964691162
-13.4460672849668,-14.390717506408691
-5.527709296795018,-2.176996946334839
-1.876637029070265,-14.019511222839355
10.2532613363299,-0.3923632502555847
3.00680128293027,-6.884658336639404
19.33685959748449,-0.3814573287963867
-0.1058882282985149,-0.5748565793037415
14.3436638764016,0.25007694959640503
-16.1535771788668,-6.017721652984619
0.9480162028997956,-0.6731419563293457
-18.5891767455387,-18.35453987121582
13.309934514349203,-0.30879682302474976
6.02246857213521,-0.8006215691566467
5.16750826555368,-9.741596221923828
-1.0190872666435924,-11.264991760253906
-19.100904418149,-12.479048728942871
4.743603615290096,-0.8972193598747253
-13.8157551615103,-15.398077964782715
-3.802611775309477,-0.27572309970855713
4.30511943579503,-1.5920228958129883
-22.482844278002705,-19.519046783447266
0.60779733849738,-9.910660743713379
17.8138573048897,-1.787792682647705
-38.4626262988146,-19.31618309020996
-0.6089836493556324,1.8459476232528687
0.8617451361473882,-6.891722202301025
-2.40000424902785,-3.3605892658233643
3.7078671714499096,-0.31568971276283264
-2.390619984667185,-0.962505042552948
-15.559462368784592,-6.990750312805176
-13.790764753514,-2.323307991027832
-9.325981865786185,-9.635933876037598
-58.4491138315396,-21.651485443115234
9.550892694239591,-0.09359024465084076
4.435147085081137,-0.32333940267562866
-2.3538192484503564,-2.4540469646453857
-5.83438093189622,-13.9776611328125
-7.10827059552493,-12.515295028686523
-12.414939844598162,-14.513540267944336
6.6154810826822,-0.3181660771369934
1.3155747227446202,-16.87101173400879
-2.56542276271332,-0.23790159821510315
-13.546032832554804,-14.786053657531738
-16.600339428286603,-15.220236778259277
2.9737175212081803,-0.04696088284254074
6.167862854629888,-3.9650745391845703
-40.922076323723,-19.39208984375
16.9349100756105,-0.15147632360458374
-12.24911226903676,-20.11513900756836
4.867927463076468,-0.8503607511520386
-21.6327950573002,-20.530473709106445
7.11033993521173,0.02112501859664917
-9.59094984812801,-19.66983985900879
4.92186081619874,0.394639790058136
-7.815562497274902,1.1229678392410278
-2.20364176327536,0.8150621652603149
-19.6754058911438,-20.363624572753906
-91.8886792382854,-14.190078735351562
-20.9507978903398,8.056673049926758
-17.8084408175675,-13.167760848999023
-62.9612541332419,-16.484281539916992
5.598134989920393,-0.2847446799278259
-7.283890318199592,0.8344870805740356
6.1026124307435,0.5589324235916138
7.42840635595139,-0.16099652647972107
-5.179391847578812,-6.740996837615967
-4.873152982370568,-0.28786420822143555
7.276768036701751,0.17979148030281067
-10.739322929783883,-0.71611088514328
-22.9219832537164,-21.408687591552734
1.5259403537211615,-0.1519804149866104
-44.7886924625105,-2.615896701812744
-3.72583443525641,-1.6701817512512207
-14.57002364123529,-23.57785415649414
-10.128266274366498,-34.730621337890625
-28.0249952668106,-21.044780731201172
-26.24662901330595,-9.210315704345703
-40.3645652505015,-14.035785675048828
-30.8056950922951,-7.080106735229492
-3.9552380984537248,-4.0076422691345215
-2.1789667599796294,-3.253845691680908
-0.5734820606807138,-1.7594479322433472
-1.1617148968623687,-0.37205174565315247
3.42848617073407,-0.07282543182373047
-17.4030551064212,-14.986237525939941
3.88109013796494,-0.27879035472869873
9.400493271217616,0.8263643980026245
-11.302161927872188,-12.678999900817871
-13.3709137252944,-7.303682804107666
-6.79658968512302,0.45133113861083984
4.509456424718162,1.2028414011001587
5.45103123545738,0.20254844427108765
8.149714042401495,-0.32176315784454346
-12.909180343140196,-0.2376290112733841
-6.61979034735207,-11.707969665527344
11.9978624338519,-16.040325164794922
-12.53254789251529,-0.1358385682106018
-8.36198121766124,-2.6566944122314453
-4.361976736345532,-10.270556449890137
-0.1898191226144924,-15.492664337158203
2.3166834950764685,-1.465571641921997
-12.6203596574975,-19.09012222290039
-1.207429910073891,7.987566947937012
-29.7403775200217,-12.519487380981445
5.31082796058257,-0.2580420970916748
2.97844031586002,-5.480772018432617
-12.533050119535002,-12.027681350708008
-5.8684323426223,-0.5953585505485535
2.391980620215489,-0.2219829261302948
7.73570234615748,-14.180316925048828
1.166748445159433,-0.2515687048435211
6.093529951556334,-0.034383177757263184
17.709922444879297,-0.21792197227478027
11.779516260068313,-0.7171597480773926
2.4866177573815964,-0.27483177185058594
-30.89708550466269,-18.840396881103516
-9.231606713935047,-2.4821925163269043
-13.4089268865456,-26.608009338378906
-9.06573754635488,-21.82416343688965
9.30630078585379,-0.14803019165992737
-7.156550033865472,-15.540292739868164
-10.5414716495377,-15.617244720458984
-27.8178569354009,-20.73649787902832
5.3817717725564,-1.6708792448043823
-35.155236696245,-12.297281265258789
-21.4141717786538,-17.149513244628906
-2.6053130644292946,-3.4270501136779785
-9.953220777101093,-2.68074893951416
-8.798237091769485,-5.188152313232422
-27.6920167541674,-13.447046279907227
8.017093587799739,-0.24107971787452698
-0.3550158381598589,-0.3733466863632202
-1.19024715514191,-1.4955379962921143
-3.2855896341823474,-19.948036193847656
1.844566842421384,-0.3958008289337158
-30.7366736665872,-18.47913360595703
-11.338238855350506,-11.171003341674805
-1.059512617215007,-0.21327587962150574
-33.7712071062874,-18.590715408325195
3.812227003524945,-1.2112174034118652
-2.8472026300298463,-17.195070266723633
-21.5871320482388,0.11592353880405426
1.845960760756301,-1.9304677248001099
9.06213659212517,-0.20851461589336395
-13.950148061363093,-25.531803131103516
-15.1006814359747,1.7292845249176025
-8.65496498210776,-12.901008605957031
-31.18852367408345,-18.26360321044922
2.35160533891099,-17.30060577392578
-7.06329362397977,-7.015052795410156
-11.299328727708405,-0.2406909167766571
-5.73967918172164,-0.2088201940059662
-4.062121175440552,-0.15466901659965515
3.62056380925444,-11.537426948547363
-6.512385872303066,-16.25869369506836
-17.2817979072755,-18.536771774291992
5.79128728304933,-2.440479278564453
3.7921116228684086,1.0514264106750488
0.51700222845629,-14.931857109069824
1.0966146270020711,-0.25580480694770813
-6.613686761665703,-18.623062133789062
-39.873530292237,-20.82033920288086
-35.0272315856836,-18.322166442871094
0.2475632146873464,2.6177656650543213
5.59963570142504,-12.52426815032959
5.29419053806362,-15.165667533874512
6.457932781589695,-0.4408242106437683
6.4251548431743295,-14.813263893127441
-19.7885249955934,-12.610562324523926
-2.4097304318056905,-13.05785083770752
7.543407488617369,-1.6123206615447998
1.83593808226401,-0.3420199751853943
-1.5082203021212124,-3.7554526329040527
5.99108205682079,-1.0728120803833008
-18.1797235112709,-0.17883923649787903
-12.840088322870097,-15.454790115356445
-2.23616712442702,-0.8507711887359619
-4.662511414401839,-15.00985336303711
3.41802282280863,-8.128217697143555
-12.0320822507053,-16.713294982910156
-25.9801803981754,-31.037620544433594
-5.97419023328963,-2.1682815551757812
15.4186986077963,-3.7271597385406494
4.480465220149085,-2.6397526264190674
-13.2363849677504,-17.493501663208008
-9.362863686069195,-17.88170623779297
4.128157012788561,-0.22856947779655457
2.26767773086615,-13.354400634765625
-24.1634597090208,-17.477561950683594
10.013204486477417,-0.09831342101097107
-31.934070451053,-5.1783952713012695
-22.9515728231767,-1.38735032081604
-11.219410776078313,-13.759227752685547
6.00089213826483,-0.20686714351177216
-28.9638748432599,-14.448368072509766
3.11049964318654,-0.8364056348800659
-1.073248118887358,-3.8011107444763184
-10.249148139079496,-23.971233367919922
-13.14009076535719,-20.190292358398438
0.7364260970712593,1.6765410900115967
-44.9949251983702,-0.05903777480125427
-5.159519294761907,-16.15850067138672
1.869241020829697,-6.34011697769165
-55.54568697318505,-17.91203498840332
0.3065104335081801,-4.149471282958984
-10.386374558578522,-0.4899381995201111
-3.0345245902191325,-0.7842406630516052
-57.144820014625296,-17.296133041381836
2.85060083445348,-4.153438568115234
2.446050707651698,-5.245419025421143
5.50221601830175,1.6042057275772095
3.455876052191651,-3.527601480484009
-14.6157572128631,-16.452672958374023
-0.874105623616695,6.0538811683654785
-1.378759213278819,-6.160005569458008
1.350733135180331,2.44954252243042
-1.94666134980912,-0.4317583441734314
-3.36735139960915,-0.4384828805923462
0.8319171014720902,-13.408035278320312
-40.2101205720394,-0.0564303994178772
-24.577379709126298,-18.33574104309082
-18.6292132467089,-11.347001075744629
-46.39510994896701,-21.031585693359375
-2.487076105276776,-1.7725101709365845
-4.752960817423343,-20.22598648071289
-0.1160299782726794,-0.33816665410995483
-18.5277286275242,-13.54763412475586
-14.1325019191809,-13.552816390991211
10.909208084253878,-0.29978686571121216
1.30779520720034,-18.635345458984375
-5.77436797253085,-0.3237166106700897
3.986867952152618,-0.22028645873069763
-21.7936206120663,-19.377613067626953
-2.643556292002,-2.0640995502471924
11.0853991753379,-5.1109185218811035
-12.9397422629832,-21.456584930419922
-0.190891674386513,0.46607187390327454
-6.32558602127377,-0.8251670002937317
5.391699208755202,-1.3079218864440918
-8.998840630677615,-2.8419971466064453
-1.6005087696864486,-9.565828323364258
7.5482379424635875,-0.27597299218177795
-7.642910278690365,-2.338397741317749
3.719171936095444,-3.123013734817505
-0.8981307679622897,-0.9815781116485596
7.06032809637297,0.7355992794036865
-3.134999611446543,-0.3802032470703125
-5.94174589421185,-2.8653512001037598
-17.7883076547542,-19.220932006835938
-25.2381267145584,-19.45475959777832
-27.5445722402187,-17.393444061279297
2.6678241356197647,-2.9002723693847656
5.02066543392875,-1.0544875860214233
-1.67197513843126,-21.28569221496582
6.58117049992555,-0.22047273814678192
3.12612254618191,-2.8864283561706543
-2.1147225087047508,-1.6322846412658691
-76.9668504799361,-14.974725723266602
10.11870938841209,-2.725302219390869
4.755697845162629,0.8408176898956299
16.5479703149859,-0.27684590220451355
4.001938538520379,-18.395357131958008
-14.1813773041305,-19.465822219848633
0.7709161631446207,-0.32173603773117065
-24.2508933717269,-20.1979923248291
-22.3071231538392,-20.297760009765625
7.2595381633228,1.9851698875427246
11.555346181601609,-0.24805407226085663
-26.258782255785,-14.963749885559082
10.3189652047012,-1.517858624458313
0.809697096857583,-3.9661107063293457
-18.5255095356289,-21.38896369934082
-1.0680791130593923,1.7508201599121094
-3.5390830989045075,-4.412815093994141
10.468583156479704,-0.5179591774940491
-10.613183176373598,-2.0459749698638916
-6.40442742836347,-4.754713535308838
7.196532980977684,-11.794336318969727
-10.586292641023492,-0.2901698052883148
-26.79502671025515,-20.347707748413086
-7.187555808667961,-0.5804736018180847
5.4465900456679694,-0.03501565754413605
3.1988276731025875,0.016396820545196533
7.827394642815597,-0.05523198843002319
3.887422638441485,-0.2729165256023407
-3.41466344580097,-0.26929181814193726
2.667044757168528,-1.2849910259246826
1.0590749185315824,-4.152892589569092
-3.9965921287470247,-0.1458972692489624
10.982614675109394,1.0381429195404053
0.4076170529080399,-13.998490333557129
2.71319811317338,-0.7756657600402832
8.652061852316729,0.49639612436294556
-0.6579761516790089,-7.48274040222168
-51.6773231694491,-19.914539337158203
-2.8325461302865187,1.6141257286071777
2.12749125232924,-21.523487091064453
3.562549470771905,-0.05552114546298981
-16.517773128145326,-12.665088653564453
6.874655354673765,-0.25731825828552246
0.2047767843086013,-0.9110907316207886
-2.698758931910008,-0.10600026696920395
1.8601156760560384,-11.909441947937012
-22.2455703021075,-20.036739349365234
2.4288820651169605,2.1306846141815186
-16.8307740899425,-0.3986879885196686
20.7191486697607,-0.32218819856643677
-30.7261055182573,-22.3024845123291
-38.4849400567448,-23.412445068359375
-14.3103126367969,-24.307493209838867
0.7860328468455551,-0.8386320471763611
-48.3858044800915,-23.599252700805664
-3.21662088766757,-0.22117221355438232
1.675245639565673,-15.455571174621582
-90.3299705619704,-22.55797576904297
-9.28527551691871,-3.6419456005096436
-1.2293411329062325,-2.1143243312835693
-4.534682244798708,15.96464729309082
-68.1959205924323,-22.56267547607422
-24.5242345195019,-22.328645706176758
-2.77042962989298,-2.963651418685913
3.8009101564042025,-0.39723101258277893
8.933703319425492,-4.67083215713501
-11.341527235964405,-0.3502105176448822
6.71098989067457,-0.26652854681015015
4.54734483862441,-0.28156596422195435
-5.16341129781556,-15.039791107177734
-49.062306315025,-25.484249114990234
5.26551760771767,-0.2750340700149536
3.33951124606136,1.7963122129440308
5.006519903780723,-16.596086502075195
4.05485944970297,-15.884624481201172
2.283405953189745,2.4419138431549072
-2.66483863280114,-18.209423065185547
12.566471603210276,-0.16454263031482697
-27.9020155354992,-16.80707359313965
8.88265541550952,1.258223295211792
0.1652887870268324,-16.328418731689453
15.4985727759109,-0.23319706320762634
9.014890317831036,-0.5050610899925232
1.4803529144374856,-2.0352697372436523
18.1939100849816,-0.31757134199142456
-2.6304973605131474,-3.4777779579162598
-5.493763326806099,-6.616425037384033
-0.6715208179901364,-1.7551714181900024
-36.7383193130824,-23.106292724609375
5.062784719364307,-7.526917457580566
-12.026803679110706,-14.101737022399902
-3.01321716593974,-6.525277137756348
8.35813394800668,2.145738124847412
-3.60075442831331,-0.2648719847202301
-9.509135784465323,-1.8663878440856934
-19.6175855102284,-10.812108039855957
-27.8629509568953,-5.745734214782715
1.74273211890989,-2.5593550205230713
-2.19578977406709,-0.48160332441329956
2.42002639701588,-0.27269184589385986
-25.55316918036869,-16.09910774230957
5.635020609606415,-6.591838359832764
-34.727836669101,-15.752386093139648
4.4516036428765,-3.0048880577087402
4.967381413305823,-0.44943249225616455
-6.81516141534704,-1.0072786808013916
-24.3954295810688,-4.1668620109558105
8.658679095048068,-0.2697364091873169
3.7347243087796,0.29200634360313416
-12.909633143366396,-22.324573516845703
-60.49569009623433,-12.101661682128906
-3.790702882666694,-0.3331426978111267
-12.41068356063,-15.035633087158203
2.76740193393285,-0.45131605863571167
-18.9061714872788,-0.19297999143600464
-3.681083449701528,-15.854829788208008
8.13893448615947,0.7135477662086487
-51.402683514636095,-19.2603759765625
-3.0703466753296,-0.17889219522476196
0.4646043967887734,0.9191575050354004
5.989492839405608,-9.72969913482666
8.833837192566008,-0.04877874255180359
-26.1965705632023,-1.2218104600906372
0.0804428699766095,-0.29621338844299316
10.229168329440906,-0.10973811149597168
2.12042655289975,-4.473275661468506
3.88810032819938,-1.995017409324646
-31.515616413872173,-18.03572654724121
2.28163515100639,0.7711635828018188
-9.633163292669298,-21.92060661315918
2.63206586722876,-0.2193237841129303
0.3189015990893598,-15.164579391479492
-6.31868596379813,-0.24707257747650146
-6.4648984000359935,-23.557565689086914
8.91646092056966,-3.1190125942230225
-42.637521131086125,-25.220102310180664
-89.5439156156453,-18.692420959472656
9.179556151687803,-0.725698709487915
8.754663680824095,-0.7778302431106567
0.8838679103249854,-0.3271471858024597
4.338369925074482,-0.2124115228652954
-18.23432595343749,-14.7238130569458
6.92534745147092,0.565712571144104
-1.768261666543676,-9.246935844421387
-7.87226820943855,-14.374750137329102
-12.0847368637308,-9.730408668518066
-4.4222229386498375,-2.604081630706787
6.63109301847755,-1.2970070838928223
1.675381804264854,-2.4304542541503906
-6.897600670415837,-0.7276222705841064
-12.2774867069717,-9.726264953613281
-3.963646539183849,-0.7539758682250977
-2.552277046947741,-16.16455078125
-10.78700495517378,-0.6278058886528015
-6.426376983867103,0.30321213603019714
8.2142562177934,-1.1278128623962402
-16.967828162594074,-0.050617069005966187
6.07843040491799,1.1770367622375488
3.08443697315444,-1.8002378940582275
-1.3811964732242277,-11.734576225280762
-4.51305804704249,-14.147831916809082
-9.93375477053989,-2.7150862216949463
-0.6581754288220045,-0.8958454728126526
-7.952166005584182,-6.820694446563721
-13.563015982384195,-17.35519027709961
-47.9957157156951,-17.41730499267578
4.96190002222477,-0.2336920201778412
-2.0240269290899,-13.147848129272461
3.47166270740147,-2.190244674682617
-5.2815921348029296,-0.793119490146637
2.369358494612781,-0.18409863114356995
-4.214346026907057,-12.968955039978027
-23.8934551543691,-21.84112548828125
-1.0659561461183158,0.06921263039112091
3.126169348435272,-12.151578903198242
2.35164464781062,-1.0263307094573975
-1.79502295092813,0.4442368745803833
-15.957982665262508,-13.367448806762695
-64.65676531723692,-17.78668212890625
-27.8195558011628,-19.085012435913086
-10.480511156242285,-23.71011734008789
-6.18357684414468,-4.184412002563477
-6.75960002722117,-5.174975395202637
4.4105627388370605,-2.94616961479187
5.58846482112586,-0.5505355596542358
-16.8483709423333,-8.043667793273926
16.1850033157246,-0.2918738126754761
-3.34531377329845,-0.5721429586410522
5.893700156574014,-11.649832725524902
2.745769909533195,0.6750277280807495
2.53362859007723,-0.19948163628578186
1.0880788430276551,1.7581311464309692
