Score,Pred Score
4.2006804390709,-1.871673583984375
4.76541245752904,0.8180222511291504
5.87221574658101,3.314788818359375
-12.955988512618,-10.56949234008789
-14.4061745570978,-13.504119873046875
13.644333664082708,-2.602349281311035
7.522446474796843,-8.653032302856445
2.858782897786812,-0.5709056854248047
-49.8653288018085,-15.65369701385498
-4.029904705212941,-1.2324562072753906
-6.2026319104393295,-7.604433059692383
4.452168509343501,-1.6252164840698242
-16.475900892606802,38.6465950012207
-11.03094492075089,-14.438420295715332
-8.08045020128908,32.08811569213867
1.39259946716825,-7.430915832519531
-14.885807229381896,-3.5829334259033203
-11.113180908425988,-2.9148406982421875
5.506094216928792,-6.556702613830566
5.29091659278858,-7.5197625160217285
3.42106467876526,-6.410451412200928
5.162821279449693,-1.961462140083313
6.020551076354931,-1.0974531173706055
0.8086942897832163,22.639190673828125
-8.80546181278599,-10.987627983093262
-7.42349600405968,-33.787105560302734
-14.4731176558811,10.517868041992188
-35.5448186771701,-9.034433364868164
-1.657597602265355,-5.926669597625732
-1.930224441335125,-10.63447380065918
-10.398648228661925,-5.703476428985596
-1.6521884315998507,-8.950394630432129
1.3131129859732091,5.8536529541015625
-0.1240821746904601,-6.325891971588135
-35.1709788883515,-22.53495979309082
0.6771989561182002,-2.1774234771728516
-5.8677981963370005,-5.597988605499268
0.7982616963508231,-7.973875999450684
2.595279020812243,-12.364727973937988
6.9472187772133225,17.676109313964844
-41.1395198834054,-8.511883735656738
-35.4604736838065,-11.352025032043457
7.87379173269718,7.684976577758789
-8.72128086410909,-30.178123474121094
-82.13826531723697,-12.327606201171875
-9.70693692529289,-11.737144470214844
-61.4386715672369,-14.985957145690918
7.10938257895085,12.115010261535645
0.4007388327427847,17.204757690429688
-0.7455370396145937,-6.941690444946289
1.674966057420845,-10.491949081420898
11.877856996640997,-6.940434455871582
-0.9096556467231308,8.485136985778809
-1.4680391508473674,-1.9996633529663086
15.6414782015599,-8.799589157104492
-10.35739215730591,25.59233856201172
1.926107182225645,-1.8342597484588623
6.99756701325662,-0.8821783065795898
3.54836143321337,-8.217818260192871
-7.726553411266567,-28.661596298217773
-48.51478094223695,-18.263465881347656
-3.0453156276270903,10.570854187011719
-3.454798154796729,-3.1628599166870117
9.503977484174175,-1.3086786270141602
6.001532732018722,-1.8224372863769531
1.775572054007981,-25.832595825195312
-2.6871577689602653,-10.3963041305542
-7.920344649869953,-5.368377208709717
2.578081311550471,-0.4446258544921875
-14.434457477598505,-8.059577941894531
-1.338045882914232,-15.668806076049805
-44.1817825469333,-12.390920639038086
2.4314234692194163,-2.638356924057007
-2.35314836228574,-13.305026054382324
-2.07036107592124,-11.28133487701416
-6.560167066336443,-3.705524444580078
-2.54688332955635,-7.499565124511719
-7.940842049461227,-22.337261199951172
-7.789052707582185,6.150393486022949
-1.4295761119406232,-24.51171875
7.206977941743588,-10.100318908691406
-4.081394009803599,-9.307952880859375
-30.167243616457,-31.045005798339844
11.7225687296843,-9.71239948272705
-0.8984319813221007,4.958254814147949
10.349523074958825,-7.424899101257324
5.42147270471237,-0.09834039211273193
-0.3136273830120112,-10.384134292602539
4.398848813602776,-9.445326805114746
2.099307195887115,-8.32209300994873
-61.6890402284636,-44.538795471191406
-7.08434802004719,-13.525882720947266
0.6962467393230812,-11.24500560760498
9.0758909366509,-14.899211883544922
-1.9263965715605047,-3.824645519256592
-6.262949496708321,-3.443714141845703
-4.739766082030863,3.290435791015625
-36.8822022827233,-18.149364471435547
3.24770439300306,-9.096346855163574
-2.289513933263135,-12.034035682678223
1.41805545618482,-7.984371662139893
-24.4432878855492,-13.097794532775879
-24.96156751119129,-45.17121124267578
-7.734574598544068,-22.510009765625
2.79124989437018,-15.52043628692627
-5.17831154550348,-13.332002639770508
1.5275640312561216,-9.90328598022461
3.682989905065457,0.6300783157348633
-10.8237586662752,-41.1573600769043
-6.929951553081727,-7.572641372680664
-27.96215708599589,-13.892959594726562
-2.88087637063392,-18.06786346435547
-5.960419628776203,-4.7432708740234375
-37.189874708633695,-18.89553451538086
1.1496085756031087,-8.743217468261719
-12.7137936794919,-15.704670906066895
8.398744223780918,-16.1765193939209
-33.3004252633332,-22.195146560668945
9.144089281431205,-9.951772689819336
4.065326821312747,-23.658775329589844
-41.9047429025821,-22.377103805541992
7.383552345763623,-3.807209014892578
6.364261125349779,-4.594803810119629
4.841793570156368,-8.398268699645996
1.6198341998494314,-11.572306632995605
4.179707781567577,-4.575693130493164
-14.7229944429405,-9.581554412841797
7.078924552126015,-5.360476016998291
-12.898019313824,-0.6440238952636719
-70.8116033690518,-11.529891967773438
12.7359625054994,0.1137080192565918
5.586124430090477,0.21971487998962402
3.028467183462371,3.1835455894470215
-5.830142578087577,-22.83953857421875
-22.6841489367301,-7.667043209075928
-1.51657819068512,-1.3630218505859375
-81.52648016021857,6.462333679199219
-3.36903782007548,30.854381561279297
-18.707844022,2.5188064575195312
-34.48768519828235,-1.086965560913086
-39.7169735486916,0.019626617431640625
-1.593720937577549,-10.599334716796875
-23.2954444871652,-9.779952049255371
-45.30258920076982,-17.08976173400879
12.5056328567953,-4.396298885345459
-11.9299972333177,14.620402336120605
-37.9495035857927,85.04534912109375
0.7001962140772594,-6.892823696136475
4.49418879319923,7.6598663330078125
-39.0646563811545,-8.4476957321167
-9.09730633851708,-11.02576732635498
-17.5589533745204,-17.488033294677734
-4.92782811871599,-2.4035539627075195
-8.2299173561342,-1.7640447616577148
2.60625970962018,31.461395263671875
2.726862934921635,-0.9260482788085938
4.071661498679735,-6.176797866821289
-13.2494383747796,-6.885075569152832
-11.9154244975033,1.2422621250152588
0.9090871567987184,-11.141385078430176
7.92708077877978,-2.0832314491271973
-3.119647295186995,-11.005948066711426
-2.248378586620203,-10.786468505859375
1.6646916021852596,-1.565633773803711
0.1590569364430157,-5.825653076171875
-77.3623903172369,-16.016164779663086
15.8859560938761,2.07525634765625
-3.11888044241469,0.5370612144470215
-2.7468186065138984,-5.041311264038086
2.77922195660905,16.470504760742188
4.052279150357491,-8.029172897338867
-4.03806373695381,-0.21654939651489258
-2.4461467814868523,-33.13877868652344
-0.1639564470097907,-1.6829125881195068
0.8542168432631491,-1.9718971252441406
5.84905996845087,-8.496959686279297
-5.77665564868809,4.782966613769531
-3.7008288999313423,13.652008056640625
-7.18713065449027,0.4508352279663086
-0.9529303605806088,-0.32695508003234863
-15.902118442879,4.171069145202637
-28.0636361890057,-7.828029632568359
-26.912205886836706,-11.661310195922852
8.596988309863011,0.9773411750793457
0.2877587512502297,-6.255948066711426
3.3899996482015826,-10.071810722351074
-20.5869014386951,0.5611295700073242
-9.341800010912078,3.0154342651367188
0.1692077246922899,-4.145388126373291
-1.857666460494741,12.159439086914062
-13.2752747780792,-26.70606231689453
0.7445982178878973,-3.8125698566436768
4.49646859469848,9.130691528320312
3.60913262992784,-0.7414854764938354
-5.653435188749545,-0.4926779270172119
1.51502173443586,-4.274802207946777
8.143116180793372,-7.877828121185303
-8.36164856265281,-3.847419261932373
-1.130678948105339,-5.104259014129639
-4.349210006555943,-1.430105209350586
0.2594141505344826,-8.360198020935059
-32.1283374054069,1.7258148193359375
-1.9051378030600723,-0.646087646484375
4.768047800449637,-6.132906436920166
2.264898495983479,-8.40201473236084
-6.47138721063866,1.216888427734375
4.93167956005568,-8.326180458068848
2.4851768276660025,-0.18422269821166992
-3.930469946192945,-9.016637802124023
11.923948375295712,-1.1698722839355469
11.616605850275496,1.6875224113464355
10.41580460128629,-9.092061996459961
-8.700462669667385,-1.2220344543457031
13.1991243046288,-4.826059341430664
-4.75101729862813,4.670490264892578
-1.4230966237807086,-3.5389938354492188
-2.07861348348741,-5.549511909484863
10.292368565007404,-3.54107666015625
1.9007667723773176,-6.096362113952637
17.1612744381531,2.78708815574646
-0.1428452494230792,2.257689952850342
2.4933992323843923,-1.1225650310516357
-13.861300672159,-1.9286463260650635
-1.7943154401891548,-9.001445770263672
-4.15624175439773,-9.115572929382324
-14.277645616907492,-8.359503746032715
2.713132201978397,8.290800094604492
-13.315456279797685,-7.413708209991455
-5.36204355968609,5.9095916748046875
-1.4872271509121793,4.717840194702148
0.31232235517322,12.122358322143555
3.0307168501552093,-5.553821563720703
3.4484762474106,-2.8813960552215576
-34.0729170807354,-12.203696250915527
-25.0659802428987,26.589431762695312
0.86771933446589,31.40460205078125
-11.996919710325,-1.1653813123703003
17.2594267615487,3.9100303649902344
-56.2560888739038,-12.171387672424316
-12.7386491421071,-8.612005233764648
-3.520787796436005,-10.086199760437012
-0.8014467498558491,-10.735003471374512
-34.7812340468876,1.7332229614257812
7.158235365631607,-9.115142822265625
3.29681579894721,0.13478469848632812
0.046018285265003,-2.607173442840576
2.046344769010002,0.7178643941879272
4.25403099118957,-6.094005107879639
3.7804230286959792,-10.114777565002441
-3.773219093074008,-13.141142845153809
-9.722403045722997,-8.97500991821289
2.81101468536903,-0.19830036163330078
-23.7494411406013,-9.65549087524414
-75.56229656723696,-11.645822525024414
4.366245372711767,0.8084127902984619
9.94612085382829,5.180103302001953
-8.207132148775708,-20.77333641052246
-3.09775596823669,-19.976951599121094
3.77256113899207,-15.96583366394043
0.2016574678685985,1.6026239395141602
4.38808277416547,-3.2872314453125
3.7092867134231,-10.284385681152344
1.6740112862957208,-70.27267456054688
-5.472376660417956,-13.354585647583008
12.283123760680592,-3.295522689819336
4.417989059347175,-9.629573822021484
1.907333647224608,-18.793500900268555
-3.73521146317182,-14.26447582244873
7.837521570550837,-7.137285232543945
4.82455755953161,-20.36862564086914
-0.6472060937938101,-15.111322402954102
-8.237956686764985,-22.402509689331055
7.36579899286375,-12.26941967010498
7.859716520666763,-9.929896354675293
2.765011277030255,-56.184112548828125
4.62415639298937,-7.197324752807617
6.430237727930085,-17.86492156982422
2.44728958086436,-22.0108642578125
-1.93656353174353,-11.813366889953613
-33.7845903951132,-24.268110275268555
10.960301672714698,-4.896275520324707
6.147225205740463,-11.82888412475586
2.4659746492236927,-12.063132286071777
18.2642273209106,-14.958674430847168
7.656482330373112,-7.590127468109131
-63.2346715672369,-10.241043090820312
-22.9610154952969,-16.67882537841797
4.39789099231211,2.7812275886535645
-46.587141393021525,-20.006603240966797
-12.281506448986304,-6.499473571777344
5.220668557811489,-3.037062644958496
-1.4412632820262703,-1.9079151153564453
-35.163016426576704,-47.457767486572266
-31.380009974583203,-24.433216094970703
-40.7258600860177,-3.810676336288452
-35.3994683825842,-20.466264724731445
-10.968565079401992,-5.709657669067383
15.384553292915324,-25.733116149902344
-0.4271227388875901,-12.331087112426758
-7.69948364751984,-4.732236862182617
-26.6822467124322,-18.94698715209961
-0.2823200449385875,-22.043081283569336
-3.8453528225106623,-16.821136474609375
-2.4599041427842496,4.965768814086914
-12.7315114055493,-10.239537239074707
1.418014053180695,-56.03776931762695
-3.4922781726655696,-36.061378479003906
9.58062385928767,-11.116547584533691
-17.5801214502402,-6.732965469360352
-49.5120706514507,-4.057773113250732
-0.4503474699443348,-11.166681289672852
2.332279780348585,-34.469970703125
-42.2483635713802,-17.75345230102539
-5.00028834575103,-13.242006301879883
-5.14141487663266,-22.729394912719727
-19.923371510770203,-9.827632904052734
4.28301459624688,-9.718276977539062
0.3224388648416145,-19.026607513427734
6.795393661635613,-112.2808837890625
6.720388221210122,-13.015116691589355
-20.7558388881914,-13.461372375488281
-12.5922662394529,-11.038522720336914
-5.19085420781142,-10.46646785736084
-27.3858072066324,-18.466449737548828
6.488490212037078,-2.2559995651245117
-12.5233171201947,-13.847513198852539
0.996650643215182,-24.612300872802734
3.27144637329635,3.559934139251709
1.203208947199059,1.9373350143432617
4.5031585012656095,-8.33001708984375
-46.6686841099013,-15.617382049560547
3.600655729290548,-10.734545707702637
-2.7077151362496297,-14.551651000976562
-42.936846127142296,-17.274002075195312
2.679404112105611,-6.283843040466309
-23.975827854410426,-5.674420356750488
-24.4869919201538,-15.015626907348633
-6.22433036882608,-5.780665397644043
-24.992167376126925,-13.015436172485352
-9.742168339465294,-18.17560577392578
0.1235817830644999,-7.230576992034912
-11.607028837624,-13.778159141540527
5.321680837772678,-6.528339385986328
3.3452637215970498,2.4976806640625
13.015759276594096,-7.362361907958984
-6.13466459150186,-13.891616821289062
3.0897024917955025,-4.991629600524902
3.557691046156,-1.6090598106384277
2.0008593011464906,-11.984147071838379
-1.2671721747064446,-16.46636390686035
-2.989164004622407,-15.55542278289795
-2.43808381047612,-11.452520370483398
-11.30813578108209,-26.875625610351562
-9.619042312244815,-44.17292785644531
-4.01456885639382,-16.61865234375
-4.853312003098937,-18.474210739135742
2.78743688363977,-9.982574462890625
3.6035536346157695,-2.2264404296875
6.09033976794457,-1.6188066005706787
-5.89266438028177,-10.86985969543457
4.780848076735348,-3.476144552230835
-20.7592210135025,-15.181998252868652
-3.637071869773312,-12.458932876586914
-4.396710286499547,-7.786694049835205
9.04709717330502,-2.4895334243774414
1.69213972357191,3.5960350036621094
-27.068723822751306,-10.47467041015625
0.2886204877907422,-6.397574424743652
-0.592182005541919,-2.395087718963623
-4.736229867816737,-0.6283645629882812
7.877641553655238,-1.9188499450683594
-2.588665914009158,-5.663812160491943
4.72846919446815,-14.241626739501953
3.42669038506664,-0.9332699775695801
-10.274169876330886,-30.215805053710938
-1.289264920121349,-19.238662719726562
-6.9648772325347394,-2.0721302032470703
-1.2236747050651609,-1.4755620956420898
-12.208208404490907,-12.160158157348633
4.40921359309415,-1.1265215873718262
16.4171583068458,3.0851664543151855
-15.991582533821994,-4.598308563232422
7.809600001042748,-0.1693589687347412
-3.0331069492891496,5.474348068237305
2.603164662477901,6.449366092681885
-24.2572199033326,-7.027779579162598
13.667582002208905,2.955608367919922
8.19307228691883,-9.826108932495117
0.4664503305112299,0.26012611389160156
-6.46133524603972,11.983983993530273
-19.7520332208299,-10.972816467285156
-7.75971004909346,32.097984313964844
7.66334596528203,-8.63070011138916
-27.64770126959135,-8.112410545349121
2.125547882163602,-2.940185308456421
-1.8239337240231768,4.283302307128906
3.3696784995100426,5.049078941345215
5.265272900492549,-8.646817207336426
6.753311816554961,-6.401699066162109
0.9434331950199416,13.679512023925781
2.13745295521649,1.0913925170898438
2.76912169862866,10.22431755065918
2.409764321136161,-1.4574322700500488
3.7606671418030695,-8.693292617797852
0.555665600488549,-0.6132594347000122
-89.04756219223692,3.2524337768554688
6.987950206462267,-8.522198677062988
-10.09410467002709,-0.2521514892578125
8.16191414696451,2.4406185150146484
-10.731303688850904,-7.784609317779541
7.588764503474316,-1.9979584217071533
-5.25293160621848,-11.9052734375
2.3065604778561424,0.30886173248291016
-3.8022266666193874,-8.869489669799805
3.22816419080692,-10.145549774169922
1.1941842843275,-2.3505451679229736
9.772192422094813,-0.48209238052368164
-2.489313079893845,-0.04230308532714844
-13.547300817594484,-5.622391700744629
-1.5403494549472296,-7.007131099700928
-5.139364658294922,8.352529525756836
-1.32131943338233,21.981834411621094
-0.5284321769112605,0.9487338066101074
0.1119561526876595,2.0015268325805664
14.8508222506114,12.168936729431152
-0.0918051514147744,-18.698165893554688
-1.7237618714553775,-4.215062618255615
-1.5699354762224491,13.452829360961914
1.5718362711845366,0.5210772752761841
3.58036180553514,-5.58211088180542
7.45084701577923,-8.250279426574707
-7.378812419643663,12.85225772857666
-33.1832620874725,-9.43735122680664
-6.066411004621831,-4.169956684112549
-16.4910721624856,-0.9823684692382812
0.8267526169764301,-10.407099723815918
-9.762453719841735,-9.831820487976074
8.07102955700163,13.155858039855957
1.741670982094262,3.8368215560913086
-0.0053525606393112,48.00892639160156
-51.4043293278057,-10.877320289611816
14.9415296965116,-1.626190185546875
8.70853787657841,-9.104326248168945
-2.149900469098629,-15.373299598693848
14.8229623836697,1.9561924934387207
-0.0379657812584102,37.28825378417969
-15.3173389528898,3.1916067600250244
-1.7663441991754285,26.111801147460938
-6.708306328674888,-4.387531757354736
-78.7451798053926,-12.347450256347656
-0.5413656534735456,-9.108734130859375
9.625121597198186,3.468210458755493
-3.15562863494722,5.630523681640625
9.60447820177431,21.16240692138672
-3.31847606547329,-5.688546180725098
-4.12581810820042,-3.5229532718658447
1.7706121017107803,-6.095624923706055
0.5117341060036625,-8.721699714660645
2.63157412115867,-11.976022720336914
-4.763634360062484,-15.649101257324219
-11.18181257464061,-4.106706142425537
-39.4932668903457,-0.11322021484375
9.206200380526292,-2.0245723724365234
-2.93911844531118,-9.817493438720703
-28.13472322157985,-18.94781494140625
9.62907409316032,2.9067840576171875
-7.042636248773623,-0.3889799118041992
-4.03025121975644,3.5994982719421387
3.42951329804928,9.32758903503418
2.5565427438131976,8.046120643615723
2.8513084033656,2.719633102416992
-5.5623675139736175,-0.8371710777282715
16.9968892380515,2.2879366874694824
-4.144685584269085,-2.6412246227264404
-11.221818720505304,-0.9687137603759766
-2.111656589218961,-5.475376605987549
-1.626797120535592,-0.06101274490356445
0.7652624054000594,19.537322998046875
-21.5531296050118,-12.539251327514648
-13.053772031257305,-8.415833473205566
5.42509465390903,-5.133764266967773
-5.5186956836840375,8.362058639526367
-2.260381023139061,-0.6319079399108887
-30.3377383335249,-1.7488765716552734
7.380729755239978,-8.243454933166504
-4.172986764275874,-10.373872756958008
-1.2036514942358316,-5.969703674316406
-35.2906329121599,1.6459808349609375
-2.54595208771381,-1.7031245231628418
-10.901275449743116,-11.27085018157959
-17.0078420331655,-12.350893020629883
-17.0314498829154,-6.5903425216674805
-11.9784507557909,-0.5237331390380859
-19.469018973061075,-0.502406120300293
-3.2142130797467816,-0.8117735385894775
-0.5663484394051013,-2.1464080810546875
-21.2195468929047,-10.240327835083008
8.077984978184695,-7.248528480529785
-17.0119321722455,-9.54637336730957
4.67424026120176,3.385345458984375
-47.9875704511971,-12.6220121383667
4.316615136301563,6.524200439453125
11.2728180991378,0.1167750358581543
-3.5546157663424616,-9.907132148742676
-3.15887949932979,-13.414271354675293
-1.6422791314174887,-0.5865375995635986
-3.448025235667948,-11.856348037719727
-13.5632540546311,-10.021434783935547
0.8825935384285006,-5.263477325439453
3.27100049685324,-3.7331457138061523
-0.7762273913233743,-6.172351360321045
1.026942322157092,-5.629423141479492
9.859104788483815,-13.496733665466309
-1.9977872313530125,9.050392150878906
-13.1809903671301,5.403790473937988
-35.1782981083837,-12.693620681762695
-35.8337806803641,-5.360426425933838
-7.639409008216227,6.1643476486206055
-15.746453943284,-11.578843116760254
1.055995951979529,-10.276934623718262
3.987299411465438,-20.30267333984375
-37.0930621901092,-2.395470142364502
16.694612728237402,-11.363739013671875
-4.527979888097892,-11.528531074523926
14.6352674345898,-12.135530471801758
5.034618319433818,-12.666049003601074
-3.77133000272187,-48.91454315185547
-1.61504571199055,11.668153762817383
-56.3663437951974,-25.994930267333984
10.088450856398616,-14.678689956665039
-14.285610883283098,-14.028940200805664
2.6210618799141923,18.84642791748047
-2.308732762121495,-9.396586418151855
-83.9761260280997,-12.714698791503906
-1.03656181464744,-19.86811065673828
10.16232173056559,-8.751843452453613
-3.12013961477547,-5.514425754547119
3.010752586641185,-34.25140380859375
-1.5178355576616795,-7.580633163452148
-2.60072537807549,-0.7503995895385742
-2.367312137177082,-3.152993679046631
6.075310726130807,-3.16702938079834
2.24572304437811,-13.9566650390625
0.2044267191685782,-14.487422943115234
3.85944773684647,3.4901981353759766
-14.409506408843407,-15.347333908081055
-2.683955047842884,-19.500579833984375
-0.0075038478591599,-12.372562408447266
7.190050317883171,-9.936880111694336
-2.1691769605730515,-14.560169219970703
-7.910003358009165,-4.782418727874756
-69.1366966634013,-16.269733428955078
1.437241653553571,-16.248424530029297
-20.7409218490905,-11.239723205566406
3.78247800369874,-2.378511428833008
7.909526276907584,-11.95320987701416
6.097122298913325,-22.322261810302734
24.5800902168924,-5.08586311340332
-9.979741434164584,-5.049585342407227
3.1327986373042376,-6.767584800720215
-8.393586343504198,-2.1844167709350586
8.678125432705007,-5.5068559646606445
20.7428439693387,-1.9452698230743408
-1.511416195100045,-16.390214920043945
-23.3725501337939,-14.954258918762207
4.69437535963172,-14.914971351623535
8.24149319055937,-2.593151569366455
-0.2898522089969393,-7.402997016906738
-7.19378137939456,-19.101606369018555
1.0271109700113177,-13.511631965637207
-14.564555056626377,-32.561702728271484
-9.657849716236,-15.660099029541016
-0.7280966227290082,-19.949180603027344
-21.8962191024866,-12.61819839477539
-40.2614734397264,-29.83380889892578
-1.77750068778882,-14.224447250366211
-28.3488859938485,-31.993385314941406
-8.184373188662292,-12.110468864440918
-6.135426654744688,-1.18060302734375
-3.270422191581055,-12.391036033630371
-6.055427015859325,-12.715385437011719
-34.3143130117107,-2.6982650756835938
-50.4820483838523,-12.730080604553223
-4.639593570653838,-6.417409420013428
-21.0606958753072,6.276519775390625
8.747205755218493,-3.619718313217163
0.6884341878779402,10.526695251464844
0.300408103033295,9.660598754882812
-2.6184282494780104,-5.818553924560547
-37.3999740396079,-3.1353511810302734
-10.594900847222812,-7.055896759033203
-23.227454082363305,-12.743814468383789
-15.4814292943448,-10.248669624328613
-6.89310310865277,-7.156169414520264
-11.7962452523223,-8.212749481201172
-0.3887710448227697,-1.1442718505859375
-4.0896099478500325,-8.018841743469238
-42.6579269422049,-21.16181755065918
-2.095241650043551,-7.6368608474731445
8.45389840526827,-6.091064453125
-15.5157954828953,-2.967010498046875
-1.9802660997523944,-10.977627754211426
1.8368511005450223,-8.67270278930664
2.11900133622217,6.7128143310546875
-38.4962238749225,-22.356143951416016
0.8069046214032297,-13.776935577392578
-1.73607437190069,-4.3679704666137695
-8.46093254820262,-7.9741740226745605
-0.0780407432645869,-3.9351119995117188
5.009535132419683,-11.2506103515625
-74.9399761386801,-14.858366966247559
2.806732553915905,-7.498267650604248
-10.415057364934407,-2.434209108352661
-4.81834176383161,16.805450439453125
-1.4920816076829602,-8.58922004699707
-0.003939288658445,-1.3412237167358398
5.86288473591452,-5.8891682624816895
0.4443344011282492,4.468679428100586
5.72263802046558,14.732765197753906
5.46583466116103,-1.8167266845703125
5.05355462238675,-15.485845565795898
-17.190033530139498,-0.7199506759643555
-10.1192188918475,-2.398740291595459
-10.539071528779305,-1.8104065656661987
0.2492257167476033,-48.342529296875
5.35198813185094,-9.085111618041992
14.9823899147147,-4.65509033203125
1.7336328627834918,-23.646512985229492
3.2582764286422226,-9.319637298583984
1.1615369027166365,-8.922866821289062
-42.4099588259267,-29.76276397705078
-38.7823663998969,-18.132884979248047
7.99575647038201,-7.059538841247559
11.644495901203598,13.726104736328125
-39.0956747424042,-0.30350303649902344
-38.6438610292767,-7.174037933349609
-40.5029244010595,-13.34772777557373
-22.8644313188967,-7.668221473693848
-0.897066728281827,-7.137485504150391
-17.6830733389949,-0.039745330810546875
-0.0084306638066775,-4.6334991455078125
0.5394390329931549,-9.912605285644531
-21.61387508166409,-22.85679054260254
5.053393098685065,-20.915260314941406
-15.7834934865799,-17.876468658447266
-58.40351531723695,-24.635643005371094
8.86280218600469,-7.79273796081543
1.888243484494037,-12.301094055175781
8.99923705482913,-4.927727222442627
4.133325903305868,-26.684268951416016
4.774357664359128,-4.45920991897583
7.418770080750715,-15.546418190002441
-2.25262466719878,-14.830897331237793
-7.071587649042333,-26.62088394165039
4.398742241377427,-76.89825439453125
-8.692928400841772,-96.517333984375
2.334382802629,-20.505407333374023
2.8274240704709,-12.265654563903809
2.1747311895065486,-13.669513702392578
-11.9965988914421,-15.09305477142334
2.776867734737273,-12.109325408935547
-12.4595255596924,-9.851887702941895
18.5317724911246,-6.866562843322754
6.86106163750481,-16.095458984375
-19.1693792779686,-14.446033477783203
-4.20883890972707,-13.70180892944336
-0.3530077955256401,-6.7223920822143555
-1.6020246929696491,-24.900033950805664
-7.57557880794988,-6.5836896896362305
13.9692836454661,-4.4660749435424805
1.289294757415069,-6.066287994384766
-20.3746494688195,-23.940454483032227
-8.044482691931467,-12.525874137878418
2.51340467963473,-3.3458473682403564
11.0282847349576,-7.571161270141602
-1.3944922949507652,-11.88572883605957
-26.2706781913698,-38.19039535522461
-71.7765711158932,-21.123531341552734
-44.2857422252861,-37.11354064941406
-3.057699221935841,-7.5628180503845215
10.116767222520318,-7.378101348876953
-46.9980356488569,-19.653711318969727
-8.677497573270493,-17.378196716308594
-25.781275563237,-12.478975296020508
-2.941164138388841,-13.974830627441406
-26.5692742661385,-15.77816390991211
1.2555345380058751,-6.410867691040039
-0.810306898238276,-17.227624893188477
0.2404076931068699,-19.96039581298828
-2.5590885431480426,-14.001709938049316
-11.9846830308257,-18.67567253112793
-5.775806690181939,-10.486391067504883
1.9806048133258944,-10.305803298950195
16.618750626525,-18.801361083984375
8.204494762209066,-18.676599502563477
6.80321923705408,-39.460052490234375
11.710679650337616,-16.907758712768555
3.181253849239128,-24.16851806640625
0.90894434552881,-14.645086288452148
3.547124544521316,-63.3491096496582
-2.202886656443709,-46.03144073486328
-11.133669865203094,-20.136341094970703
9.328533024448705,-55.17017364501953
-0.7012610501602399,-3.940274953842163
-0.3170472839931941,-8.536191940307617
-2.3458288386735573,-8.066650390625
-26.1191329979098,-16.9153995513916
-2.33292598982445,-15.200736999511719
2.461922216333884,-2.435070037841797
3.73205068567752,2.3765857219696045
-22.4462583852743,-51.22534942626953
16.899113604615202,-0.8924465179443359
-2.85382252753121,-13.286689758300781
1.2705701336207027,4.935603141784668
7.960789166364423,-5.426081657409668
2.71808902854303,-8.478720664978027
5.5273920092716775,-17.935291290283203
-4.11149235653684,-3.195888042449951
-20.9676231329802,40.2320556640625
-0.89184437235696,-10.37755012512207
-1.2816619609782416,-8.915546417236328
4.85634828411675,-0.6759017705917358
6.429854346358795,-1.2468035221099854
4.71112087372323,-16.97050666809082
-30.7199022255615,-10.731392860412598
-3.8590388668775,1.2766151428222656
-10.6557437737239,9.56838321685791
-13.4460672849668,-4.783388614654541
-5.527709296795018,-10.85271167755127
-1.876637029070265,-5.9534077644348145
10.2532613363299,7.78525447845459
3.00680128293027,11.586273193359375
19.33685959748449,-2.141265869140625
-0.1058882282985149,-12.039915084838867
14.3436638764016,-8.888969421386719
-16.1535771788668,-4.36616325378418
0.9480162028997956,17.815704345703125
-18.5891767455387,-15.022122383117676
13.309934514349203,-1.7015271186828613
6.02246857213521,10.901924133300781
5.16750826555368,-14.029725074768066
-1.0190872666435924,42.28692626953125
-19.100904418149,-16.05420684814453
4.743603615290096,-22.231124877929688
-13.8157551615103,-18.46930503845215
-3.802611775309477,-0.38095664978027344
4.30511943579503,3.809234619140625
-22.482844278002705,-3.6603245735168457
0.60779733849738,-1.4156510829925537
17.8138573048897,-3.277103900909424
-38.4626262988146,-18.325862884521484
-0.6089836493556324,-8.89721393585205
0.8617451361473882,2.8529205322265625
-2.40000424902785,-3.897193193435669
3.7078671714499096,-11.391376495361328
-2.390619984667185,-10.117294311523438
-15.559462368784592,-13.930493354797363
-13.790764753514,-7.264927864074707
-9.325981865786185,-7.687587261199951
-58.4491138315396,-17.010278701782227
9.550892694239591,-6.118642807006836
4.435147085081137,3.188882350921631
-2.3538192484503564,-8.027966499328613
-5.83438093189622,-15.655546188354492
-7.10827059552493,-7.510578155517578
-12.414939844598162,-16.27824592590332
6.6154810826822,-5.553019046783447
1.3155747227446202,-16.01719856262207
-2.56542276271332,-9.982891082763672
-13.546032832554804,-16.628520965576172
-16.600339428286603,-15.939738273620605
2.9737175212081803,-10.211604118347168
6.167862854629888,-15.949037551879883
-40.922076323723,-4.407385349273682
16.9349100756105,-8.344367980957031
-12.24911226903676,-15.383971214294434
4.867927463076468,-10.05390739440918
-21.6327950573002,-7.338035583496094
7.11033993521173,-5.888157367706299
-9.59094984812801,-21.906639099121094
4.92186081619874,-0.060418128967285156
-7.815562497274902,-9.704596519470215
-2.20364176327536,-1.2175207138061523
-19.6754058911438,-19.24929428100586
-91.8886792382854,-2.516876697540283
-20.9507978903398,-18.137914657592773
-17.8084408175675,-13.971622467041016
-62.9612541332419,-14.270417213439941
5.598134989920393,-5.330570220947266
-7.283890318199592,-11.584199905395508
6.1026124307435,-11.28631591796875
7.42840635595139,-3.6856307983398438
-5.179391847578812,-2.550935745239258
-4.873152982370568,-5.035071849822998
7.276768036701751,-4.813007831573486
-10.739322929783883,-14.988504409790039
-22.9219832537164,-19.86345672607422
1.5259403537211615,-10.616477966308594
-44.7886924625105,-18.353492736816406
-3.72583443525641,-20.93749237060547
-14.57002364123529,-19.728742599487305
-10.128266274366498,-17.368558883666992
-28.0249952668106,-15.436450958251953
-26.24662901330595,-18.965944290161133
-40.3645652505015,-32.801979064941406
-30.8056950922951,-14.016334533691406
-3.9552380984537248,-1.2912251949310303
-2.1789667599796294,-19.14719009399414
-0.5734820606807138,-4.433802604675293
-1.1617148968623687,-16.001501083374023
3.42848617073407,-13.800891876220703
-17.4030551064212,-17.582590103149414
3.88109013796494,1.9852361679077148
9.400493271217616,-7.401993274688721
-11.302161927872188,-15.916831016540527
-13.3709137252944,-17.234027862548828
-6.79658968512302,-12.089284896850586
4.509456424718162,-7.012542724609375
5.45103123545738,-9.015793800354004
8.149714042401495,-11.808752059936523
-12.909180343140196,-3.7600784301757812
-6.61979034735207,-7.723806381225586
11.9978624338519,-13.422834396362305
-12.53254789251529,-11.814083099365234
-8.36198121766124,-26.938196182250977
-4.361976736345532,-8.050705909729004
-0.1898191226144924,-12.571593284606934
2.3166834950764685,-18.21609878540039
-12.6203596574975,-60.035972595214844
-1.207429910073891,4.769874572753906
-29.7403775200217,-1.2175168991088867
5.31082796058257,-4.443785667419434
2.97844031586002,0.19836974143981934
-12.533050119535002,-12.468170166015625
-5.8684323426223,-2.831218719482422
2.391980620215489,-5.514247417449951
7.73570234615748,-10.325117111206055
1.166748445159433,7.741934776306152
6.093529951556334,-0.4801676273345947
17.709922444879297,-0.12769508361816406
11.779516260068313,-0.5123293399810791
2.4866177573815964,16.226551055908203
-30.89708550466269,-13.927834510803223
-9.231606713935047,-7.13594913482666
-13.4089268865456,-6.368659019470215
-9.06573754635488,-9.758089065551758
9.30630078585379,1.8497161865234375
-7.156550033865472,-13.143561363220215
-10.5414716495377,-0.01623058319091797
-27.8178569354009,-8.728973388671875
5.3817717725564,44.47972106933594
-35.155236696245,-14.721593856811523
-21.4141717786538,-23.335067749023438
-2.6053130644292946,0.18958663940429688
-9.953220777101093,0.283477783203125
-8.798237091769485,-10.224719047546387
-27.6920167541674,-11.354185104370117
8.017093587799739,53.0938720703125
-0.3550158381598589,5.158166885375977
-1.19024715514191,10.778728485107422
-3.2855896341823474,2.919330596923828
1.844566842421384,-9.426841735839844
-30.7366736665872,-17.50942611694336
-11.338238855350506,-9.507513046264648
-1.059512617215007,11.55958366394043
-33.7712071062874,-4.492214202880859
3.812227003524945,45.74290466308594
-2.8472026300298463,-14.138693809509277
-21.5871320482388,0.5341825485229492
1.845960760756301,33.37101745605469
9.06213659212517,1.0629229545593262
-13.950148061363093,-6.453707218170166
-15.1006814359747,-0.34264278411865234
-8.65496498210776,-2.631958484649658
-31.18852367408345,13.038803100585938
2.35160533891099,-15.588555335998535
-7.06329362397977,-11.405526161193848
-11.299328727708405,-13.1688814163208
-5.73967918172164,-0.9470624923706055
-4.062121175440552,-5.001170635223389
3.62056380925444,-5.674203872680664
-6.512385872303066,-15.051992416381836
-17.2817979072755,-5.360195159912109
5.79128728304933,24.127120971679688
3.7921116228684086,-5.465777397155762
0.51700222845629,5.304904937744141
1.0966146270020711,11.866713523864746
-6.613686761665703,-26.72693634033203
-39.873530292237,-2.802431106567383
-35.0272315856836,-13.226116180419922
0.2475632146873464,0.37757420539855957
5.59963570142504,3.5072011947631836
5.29419053806362,-0.052947044372558594
6.457932781589695,3.5584888458251953
6.4251548431743295,-10.61349868774414
-19.7885249955934,-9.225914001464844
-2.4097304318056905,-12.93316650390625
7.543407488617369,-4.682857513427734
1.83593808226401,-4.597803115844727
-1.5082203021212124,-13.04620361328125
5.99108205682079,-13.942215919494629
-18.1797235112709,6.039000988006592
-12.840088322870097,-14.838357925415039
-2.23616712442702,-2.4326400756835938
-4.662511414401839,-22.712329864501953
3.41802282280863,-6.980032920837402
-12.0320822507053,-26.365076065063477
-25.9801803981754,-14.826889038085938
-5.97419023328963,-8.10784912109375
15.4186986077963,6.329193115234375
4.480465220149085,-9.634479522705078
-13.2363849677504,-1.4186360836029053
-9.362863686069195,-12.470515251159668
4.128157012788561,-8.709002494812012
2.26767773086615,-35.49028015136719
-24.1634597090208,-2.3900556564331055
10.013204486477417,-7.401828765869141
-31.934070451053,-14.382540702819824
-22.9515728231767,-13.90399169921875
-11.219410776078313,-13.76329231262207
6.00089213826483,-12.243326187133789
-28.9638748432599,-16.356298446655273
3.11049964318654,-0.6037654876708984
-1.073248118887358,8.707324981689453
-10.249148139079496,-14.315383911132812
-13.14009076535719,-2.9696383476257324
0.7364260970712593,-8.518616676330566
-44.9949251983702,-1.01328706741333
-5.159519294761907,-2.0652713775634766
1.869241020829697,-16.350269317626953
-55.54568697318505,-16.58456039428711
0.3065104335081801,-11.073471069335938
-10.386374558578522,-11.319995880126953
-3.0345245902191325,-18.803024291992188
-57.144820014625296,-5.77398157119751
2.85060083445348,-1.0168914794921875
2.446050707651698,-7.3371734619140625
5.50221601830175,-24.071369171142578
3.455876052191651,-7.119494915008545
-14.6157572128631,-16.50897789001465
-0.874105623616695,2.5238380432128906
-1.378759213278819,-13.348884582519531
1.350733135180331,-12.343441009521484
-1.94666134980912,-8.57375717163086
-3.36735139960915,-8.69389820098877
0.8319171014720902,-13.187314987182617
-40.2101205720394,-0.7557525634765625
-24.577379709126298,-30.51061248779297
-18.6292132467089,-13.044610023498535
-46.39510994896701,-17.065536499023438
-2.487076105276776,-11.761688232421875
-4.752960817423343,-28.492042541503906
-0.1160299782726794,-12.111686706542969
-18.5277286275242,-0.8904209136962891
-14.1325019191809,-13.980703353881836
10.909208084253878,-6.7044219970703125
1.30779520720034,-1.988107681274414
-5.77436797253085,-8.853747367858887
3.986867952152618,-6.672613143920898
-21.7936206120663,-25.17807388305664
-2.643556292002,10.348731994628906
11.0853991753379,1.2548675537109375
-12.9397422629832,-8.437321662902832
-0.190891674386513,13.145889282226562
-6.32558602127377,-3.3995494842529297
5.391699208755202,34.50213623046875
-8.998840630677615,12.703472137451172
-1.6005087696864486,-10.205240249633789
7.5482379424635875,3.113790512084961
-7.642910278690365,8.407917022705078
3.719171936095444,2.1538829803466797
-0.8981307679622897,-0.34295654296875
7.06032809637297,-0.05361175537109375
-3.134999611446543,-6.221832752227783
-5.94174589421185,-13.502197265625
-17.7883076547542,-10.57443618774414
-25.2381267145584,-8.127840042114258
-27.5445722402187,-1.1464080810546875
2.6678241356197647,-21.071943283081055
5.02066543392875,7.317890167236328
-1.67197513843126,-12.06405258178711
6.58117049992555,0.9105749130249023
3.12612254618191,-6.731289863586426
-2.1147225087047508,1.30694580078125
-76.9668504799361,0.8581094741821289
10.11870938841209,-6.860263824462891
4.755697845162629,1.2493085861206055
16.5479703149859,4.748604774475098
4.001938538520379,-2.6448521614074707
-14.1813773041305,-10.159250259399414
0.7709161631446207,-6.2004499435424805
-24.2508933717269,-9.197412490844727
-22.3071231538392,-12.525656700134277
7.2595381633228,-1.2972164154052734
11.555346181601609,0.4114198684692383
-26.258782255785,-8.095268249511719
10.3189652047012,17.61614990234375
0.809697096857583,-6.992267608642578
-18.5255095356289,-19.7236385345459
-1.0680791130593923,-6.233551979064941
-3.5390830989045075,-9.156747817993164
10.468583156479704,1.7632923126220703
-10.613183176373598,14.490371704101562
-6.40442742836347,1.3272953033447266
7.196532980977684,-8.547162055969238
-10.586292641023492,-1.9589588642120361
-26.79502671025515,-3.5774993896484375
-7.187555808667961,-0.78179931640625
5.4465900456679694,2.5784459114074707
3.1988276731025875,-13.101489067077637
7.827394642815597,-0.045932769775390625
3.887422638441485,1.8942222595214844
-3.41466344580097,14.987860679626465
2.667044757168528,-0.78216552734375
1.0590749185315824,-1.675485610961914
-3.9965921287470247,-4.102357864379883
10.982614675109394,-0.901572585105896
0.4076170529080399,11.250083923339844
2.71319811317338,-7.834482192993164
8.652061852316729,35.10052490234375
-0.6579761516790089,24.972137451171875
-51.6773231694491,-20.692405700683594
-2.8325461302865187,2.64456844329834
2.12749125232924,-12.937322616577148
3.562549470771905,7.693760395050049
-16.517773128145326,-12.627596855163574
6.874655354673765,-2.7021894454956055
0.2047767843086013,-0.2093665599822998
-2.698758931910008,-10.451560974121094
1.8601156760560384,-12.268216133117676
-22.2455703021075,-15.704171180725098
2.4288820651169605,-25.25023651123047
-16.8307740899425,-2.077016830444336
20.7191486697607,-0.8199329376220703
-30.7261055182573,-13.813955307006836
-38.4849400567448,-13.344501495361328
-14.3103126367969,-11.465339660644531
0.7860328468455551,12.83221435546875
-48.3858044800915,-13.862085342407227
-3.21662088766757,7.76832389831543
1.675245639565673,-12.155847549438477
-90.3299705619704,-13.593589782714844
-9.28527551691871,-2.638957977294922
-1.2293411329062325,1.649219036102295
-4.534682244798708,-6.393680095672607
-68.1959205924323,-28.51368522644043
-24.5242345195019,-6.147452354431152
-2.77042962989298,-11.129621505737305
3.8009101564042025,-3.0016345977783203
8.933703319425492,-3.3428516387939453
-11.341527235964405,-11.826797485351562
6.71098989067457,-6.6894989013671875
4.54734483862441,-11.036019325256348
-5.16341129781556,-9.767093658447266
-49.062306315025,-32.73384094238281
5.26551760771767,-18.489883422851562
3.33951124606136,6.824589729309082
5.006519903780723,-11.236332893371582
4.05485944970297,-2.822009801864624
2.283405953189745,-27.768245697021484
-2.66483863280114,-12.213224411010742
12.566471603210276,-1.797332763671875
-27.9020155354992,-13.184420585632324
8.88265541550952,-5.132028579711914
0.1652887870268324,-15.093021392822266
15.4985727759109,-5.122749328613281
9.014890317831036,-9.746664047241211
1.4803529144374856,-5.436557769775391
18.1939100849816,-8.732650756835938
-2.6304973605131474,-9.581280708312988
-5.493763326806099,-8.922797203063965
-0.6715208179901364,-8.685761451721191
-36.7383193130824,-5.636568069458008
5.062784719364307,-5.519954204559326
-12.026803679110706,-13.85355281829834
-3.01321716593974,-1.297607660293579
8.35813394800668,-2.615689277648926
-3.60075442831331,4.471014022827148
-9.509135784465323,-17.375244140625
-19.6175855102284,-7.041608810424805
-27.8629509568953,-13.379955291748047
1.74273211890989,-6.539492130279541
-2.19578977406709,-11.179850578308105
2.42002639701588,-8.743476867675781
-25.55316918036869,-11.182327270507812
5.635020609606415,-9.042644500732422
-34.727836669101,-20.407930374145508
4.4516036428765,-8.118624687194824
4.967381413305823,20.235198974609375
-6.81516141534704,-2.191649913787842
-24.3954295810688,-7.2710113525390625
8.658679095048068,-2.113903045654297
3.7347243087796,8.109016418457031
-12.909633143366396,-0.9419240951538086
-60.49569009623433,-11.897321701049805
-3.790702882666694,-10.860613822937012
-12.41068356063,-2.669036865234375
2.76740193393285,1.7347348928451538
-18.9061714872788,14.591897964477539
-3.681083449701528,-15.346123695373535
8.13893448615947,-1.7576167583465576
-51.402683514636095,-14.306049346923828
-3.0703466753296,9.156612396240234
0.4646043967887734,-7.665220737457275
5.989492839405608,-5.206228733062744
8.833837192566008,-2.3093032836914062
-26.1965705632023,22.430286407470703
0.0804428699766095,-7.114432334899902
10.229168329440906,-5.167543888092041
2.12042655289975,10.906692504882812
3.88810032819938,-6.557302951812744
-31.515616413872173,-8.829183578491211
2.28163515100639,-14.149260520935059
-9.633163292669298,-15.521450996398926
2.63206586722876,-5.07439661026001
0.3189015990893598,-12.196294784545898
-6.31868596379813,12.669330596923828
-6.4648984000359935,-11.270341873168945
8.91646092056966,0.1124277114868164
-42.637521131086125,-19.606647491455078
-89.5439156156453,-9.637334823608398
9.179556151687803,-2.64788818359375
8.754663680824095,-0.07924842834472656
0.8838679103249854,2.288769245147705
4.338369925074482,-8.319442749023438
-18.23432595343749,-13.494476318359375
6.92534745147092,1.2442057132720947
-1.768261666543676,-13.405214309692383
-7.87226820943855,-11.752498626708984
-12.0847368637308,-11.427740097045898
-4.4222229386498375,5.763239860534668
6.63109301847755,-8.185712814331055
1.675381804264854,-13.002140998840332
-6.897600670415837,1.3979682922363281
-12.2774867069717,-5.681072235107422
-3.963646539183849,4.612144470214844
-2.552277046947741,-11.247398376464844
-10.78700495517378,46.625518798828125
-6.426376983867103,-1.4346508979797363
8.2142562177934,-4.004920959472656
-16.967828162594074,-7.359823703765869
6.07843040491799,-5.755002021789551
3.08443697315444,8.717185974121094
-1.3811964732242277,-1.8127021789550781
-4.51305804704249,-12.32857894897461
-9.93375477053989,6.229291915893555
-0.6581754288220045,-1.9426259994506836
-7.952166005584182,-16.6644287109375
-13.563015982384195,-0.9319519996643066
-47.9957157156951,-12.350225448608398
4.96190002222477,11.934905052185059
-2.0240269290899,-9.013550758361816
3.47166270740147,-6.13846492767334
-5.2815921348029296,5.854757308959961
2.369358494612781,-24.423904418945312
-4.214346026907057,-18.853496551513672
-23.8934551543691,-36.224159240722656
-1.0659561461183158,-21.698848724365234
3.126169348435272,-31.2993106842041
2.35164464781062,-63.09478759765625
-1.79502295092813,-19.089527130126953
-15.957982665262508,-18.86235809326172
-64.65676531723692,-20.82459259033203
-27.8195558011628,-23.35863494873047
-10.480511156242285,-10.417404174804688
-6.18357684414468,-13.387640953063965
-6.75960002722117,-18.380638122558594
4.4105627388370605,-17.58721923828125
5.58846482112586,-2.3420448303222656
-16.8483709423333,-48.99018859863281
16.1850033157246,4.28533935546875
-3.34531377329845,-14.717620849609375
5.893700156574014,-11.201282501220703
2.745769909533195,-8.298864364624023
2.53362859007723,-13.858203887939453
1.0880788430276551,-18.500633239746094
