Score,Pred Score
-13.812973987503693,-398.87371826171875
-14.6311710829416,-120.67245483398438
-15.020937907067507,-45.763736724853516
5.61896917638109,-180.53125
0.1461877509898399,105.36578369140625
3.59745169898486,24.28485107421875
-6.72144892291601,-15.953697204589844
4.304204520484877,-208.52734375
3.37898618824583,-1309.759033203125
3.939818822274421,86.6689453125
13.9953943577381,204.43914794921875
-5.39913759737588,-3473.67578125
-2.204579993178592,-113.20257568359375
8.829561804598438,-26.891632080078125
6.01696699102072,262.46337890625
-6.376202369524528,-71.24951171875
-6.50906463316165,107.62353515625
-60.92137282626391,-124.064697265625
1.99934019108803,-78.478515625
2.188685633501576,-36.77500915527344
4.07090957771029,363.83251953125
0.5211206139658471,-2166.333984375
12.5580583918003,-157.0821533203125
3.320229681965675,114.414306640625
-0.4381862293696001,55.165496826171875
0.1752112379752922,-57.3238525390625
4.123908949931413,1188.09814453125
-14.2382866820043,-115.11795043945312
12.966325580978296,371.55462646484375
7.692941411907634,60.738739013671875
-62.9031214125763,-64.31707763671875
-5.800670766453999,-34.90728759765625
-11.705366535732304,-22.200088500976562
-4.786538605318405,-141.70877075195312
-82.4887013651952,-107.4000244140625
-8.251107402184557,-26.312530517578125
1.61677665352485,-126.98513793945312
-11.916211326129387,-52.701690673828125
-45.634880019414,-35.121482849121094
-0.568998602339841,461.19158935546875
-12.147399114840605,151.10662841796875
-27.4476544011683,220.0110626220703
-2.306526469902426,34.92463684082031
-0.4835459876036119,-36.669677734375
-8.39479061793487,-153.42782592773438
-46.862925671502296,-22.223770141601562
0.3837795244341289,-10.32708740234375
7.184930267876617,-1097.97607421875
2.8348518495029404,-48.43601989746094
-9.859535687586003,325.0537109375
-6.00025755794808,92.25540161132812
-4.764629840066975,-1468.47509765625
-2.377061578670744,281.8414306640625
-2.0585753436264698,67.06723022460938
1.1848602197973823,27.89794921875
4.97603191479674,-420.8200988769531
4.27399441028646,-98.9267807006836
-46.2372447228831,-15.789337158203125
-31.4759298257721,90.54541015625
-50.1674018945849,-147.0363006591797
0.9601515747159592,-274.822998046875
-11.864177458483407,625.662353515625
-0.538262620928304,-65.014892578125
-0.6920482116816997,1.2335205078125
-1.5184696160120892,-163.99615478515625
-3.0836644409391925,-30.423553466796875
11.316750179392892,86.9022216796875
-11.183106529127476,-57.17254638671875
3.59102041590596,-634.27978515625
4.55602013063716,29.707504272460938
11.579228393987275,-63.59613037109375
2.3067635611900137,35.53492736816406
10.480393919522983,-100.7934799194336
-2.698100773809443,31.197174072265625
3.776985072333982,131.0765380859375
-11.773766374328297,-51.420928955078125
8.681027307740193,751.41162109375
-1.1091988250418725,-22.808547973632812
4.484288991501213,303.09814453125
0.0548896546292299,50.9488525390625
0.1118559290339978,-73.71466064453125
3.9797293996962297,-84.09664916992188
-22.42608065327665,47.05400085449219
7.37064384347005,-28.258377075195312
-0.2642143205483515,-48.46662902832031
5.344594984386832,284.1246337890625
-1.2497809936708242,71.69549560546875
13.71198107208239,141.08901977539062
0.5045482395984724,95.369873046875
2.86709961553106,-122.66448974609375
0.4423212163888063,-194.0892333984375
-3.724573545179619,83.25077819824219
0.2570808252882703,-97.78369140625
-70.65073406723695,-27.304168701171875
-33.9587360563784,43.013580322265625
9.2088386022025,-15.4818115234375
1.3318185914773402,256.724365234375
-9.176001953270983,-37.2313232421875
-10.497767159210698,97.70944213867188
-0.4402086584014632,-3.40692138671875
2.1560784090827942,-81.37214660644531
-27.1636490162131,-74.16397094726562
-0.670930828719279,6.79046630859375
-22.794043146736,-37.033782958984375
0.8105828534072201,-350.4046630859375
1.2287673509824204,-4.4167022705078125
-0.6435038581465955,12.3173828125
8.474782023793379,54.5136833190918
-9.601847091024196,-140.8125
-1.6610011043127195,-77.88629913330078
-0.1091636509260827,108.76168823242188
7.570838092245207,11.950325012207031
-7.211196994815285,-28.50189208984375
9.090654061652296,81.89401245117188
-26.6651088566214,-84.32107543945312
-17.309192174305,38.342529296875
4.14054171285972,-72.2117919921875
4.097668935846943,300.6600341796875
-0.29408409265346,36.883235931396484
-35.8165916579592,-87.74409484863281
10.898098675545494,-176.4298095703125
-1.6552655274048038,-214.55624389648438
1.6729502580778592,-40.63299560546875
-6.42491227706334,-24.8580322265625
-15.4752611754195,131.82000732421875
-0.6907348474047925,-3.80712890625
-21.3629045873375,21.831298828125
4.219145585451182,-43.44873046875
-3.019531285218114,747.074951171875
4.25311060075082,-40.62762451171875
-15.0412339008878,4388.96484375
-8.237627320974727,-54.388641357421875
-1.0683487237199796,-415.99951171875
-1.7174251595272625,322.21142578125
4.069163600073605,-26.619369506835938
-10.162041561092582,42.523193359375
-5.97248436581227,-0.2052764892578125
6.120538767403939,-160.19012451171875
-0.8028238008287005,-37.04656982421875
-23.6042929930625,19.957427978515625
-0.1777753404752198,410.1878662109375
-5.785469568057495,-161.03530883789062
-0.0556983764780604,-72.644775390625
-25.4508968849616,1753.91015625
-5.3185412482723295,-179.47181701660156
9.1356503291117,-27.813568115234375
4.020569536845237,292.2860412597656
-58.5527340809363,63.99053955078125
-6.291328737399075,42.472415924072266
4.187869588752649,-198.90682983398438
8.922207576391518,18.220062255859375
22.7414116448382,-324.19757080078125
-44.6057608529879,-44.07159423828125
-26.5129077898497,4.4520111083984375
-2.13735826282737,174.04083251953125
-1.14890133483728,-100.96575927734375
-15.2234416939723,37.18846130371094
0.369316059642221,632.20068359375
-0.6884117876070912,299.3630676269531
-5.8772631055401,454.605712890625
3.6053774296538297,-130.92041015625
5.07108724357905,51.0731201171875
1.292753014965791,-92.57095336914062
8.440986836263871,7.720008850097656
-3.43040335892423,620.7923583984375
0.7651079053562314,90.13232421875
-37.13962469223695,13.884353637695312
-5.822632503482525,130.83169555664062
-6.879472048396067,117.84640502929688
2.11024229353816,-105.40234375
-7.1526743450051855,-146.40066528320312
-1.122073026503361,55.91462707519531
0.3302260274555297,-66.76224517822266
-1.178255647098801,2162.275390625
-2.99361591491145,-379.62841796875
-18.1070051290659,-6.7186279296875
-3.0332808194811403,-158.077880859375
2.6303171850506604,444.124755859375
-9.72499716390718,51.60528564453125
0.2729453578388601,627.781982421875
-21.4503408223732,8.660919189453125
-4.99755531471552,244.9322509765625
-18.0018409950579,-91.18598175048828
4.00031385473591,-23.196441650390625
12.0378145652987,-95.0504379272461
14.1235470599023,-34.33291244506836
6.55729051148795,1561.563720703125
11.19992297656359,-57.96417236328125
-7.81388191369781,-42.731937408447266
-2.924593214648255,432.651611328125
3.7667366885646025,5.3590087890625
-6.68253431604433,-17.7322998046875
0.7345204104922589,-36.01666259765625
-10.626155896203898,-50.02623748779297
8.106852576346123,-142.0922393798828
-58.24412469223692,-76.9173583984375
1.4955767028094,239.2835693359375
-17.6906096863185,-17.653594970703125
-4.813871520282443,-157.0952606201172
-11.8973420493851,584.175048828125
-2.67676896274171,120.83038330078125
-3.9331393974605526,293.67718505859375
8.756217929094177,-142.0460205078125
-29.2662792150344,17.39813232421875
1.7249239205326918,-63.15673828125
-6.686975812883663,59.1517333984375
11.10272802991041,-233.22027587890625
-10.956818171714705,-50.53277587890625
-6.3500959185649,-42.618316650390625
0.6681105368389735,-1160.925537109375
-12.500029270357295,192.15576171875
-2.591242863373206,42.387821197509766
5.954690473588823,63.45912170410156
-43.929359067237,7.003623962402344
-17.4841411730512,33.08549499511719
3.61441892535489,14.283676147460938
2.1112971208509976,42.4329833984375
-41.8026500314277,-59.31169128417969
7.028135642932115,264.8140869140625
8.463248256721428,-404.7449951171875
-13.037072413777096,-2.121124267578125
-1.6307504375632549,207.89208984375
-0.3284521577656807,59.163360595703125
0.4685622181175212,65.40658569335938
-5.316952415477393,31.54052734375
4.584421564331302,-170.18478393554688
-20.3593816575191,317.911865234375
3.67041582610247,445.8169250488281
2.204062447972561,14.42608642578125
-4.666937653128132,-144.044677734375
-12.3781694316975,-39.455955505371094
7.06923762363823,-834.17822265625
-37.2883298194418,70.07098388671875
6.442434166934048,24.07220458984375
-12.2162083245621,-88.6106185913086
-20.3623076046531,-56.749755859375
-5.45440876641342,32.96242904663086
3.1416241584890576,-51.439544677734375
-4.96580172718434,8.63946533203125
-37.4061766871973,-49.749595642089844
6.46185690649625,79.22589111328125
0.5403453062071405,-1106.443359375
8.656689402528613,-102.08734893798828
12.331931266595111,-128.44873046875
2.75380173901167,-64.14048767089844
-2.8447496930443927,-916.32861328125
0.0285872237409883,119.50146484375
-73.5286754265322,91.0870361328125
7.285509446842615,48.280364990234375
6.72046542688671,-22.82269287109375
-6.19730890695259,121.19287109375
-16.4599719883519,54.9752197265625
-10.288292260688207,430.43701171875
-10.285920522724917,-64.34820556640625
-30.8171784242839,42.35353088378906
-4.65691689928222,663.840087890625
-37.1716279374795,29.507080078125
-36.50577458359941,-113.5653076171875
0.7942566624333496,-62.4794921875
-34.8552692363716,-46.67481994628906
-2.491707941339629,90.00802612304688
1.7387039934851498,61.99980163574219
18.9715733525152,194.9494171142578
-13.8996269060666,107.94586181640625
4.17561229224804,-76.90046691894531
4.7680640763497,45.903411865234375
-6.745372906074374,209.152099609375
7.262818938793504,-592.3359375
-55.7541546140486,-3.7658843994140625
8.453421074249384,93.57816314697266
-5.85807143580148,28.947021484375
-52.7336020518746,40.577327728271484
-1.995826789875676,697.6416015625
-1.3326443092463092,-41.54779052734375
5.029017096161708,-127.76177978515625
-0.71117494174041,-110.9359359741211
8.243548509216069,42.587982177734375
5.81602235619721,-40.36353302001953
5.978124919049687,-34.304412841796875
-2.8859593337581737,1247.68994140625
-26.0047332498617,-19.288726806640625
-1.5220929784942658,-173.3109893798828
-3.195242757261453,251.8644561767578
-15.0089303719363,152.9322052001953
-1.757118944268968,31.914772033691406
-13.5091075877696,-64.02294921875
-4.0681667574955,36.916717529296875
4.43276114617859,-117.31051635742188
-4.665207913971671,51.906639099121094
7.33919324558513,47.18035888671875
-11.69780882660921,-5.2261962890625
5.960801203295765,-243.2296142578125
-29.9162730471743,-129.76048278808594
-5.331847529263395,-95.545166015625
4.2006804390709,-466.533447265625
4.76541245752904,-182.93759155273438
5.87221574658101,-548.520751953125
-12.955988512618,-181.9732208251953
-14.4061745570978,42.51673889160156
13.644333664082708,-153.05172729492188
7.522446474796843,-299.5228271484375
2.858782897786812,-158.5302734375
-49.8653288018085,-74.72500610351562
-4.029904705212941,277.356689453125
-6.2026319104393295,-47.40350341796875
4.452168509343501,-60.1864013671875
-16.475900892606802,455.52734375
-11.03094492075089,-63.983612060546875
-8.08045020128908,-56.449462890625
1.39259946716825,-87.43450927734375
-14.885807229381896,-41.42156982421875
-11.113180908425988,34.264892578125
5.506094216928792,4.2721710205078125
5.29091659278858,-38.73597717285156
3.42106467876526,-262.8302001953125
5.162821279449693,-91.66033935546875
6.020551076354931,79.22567749023438
0.8086942897832163,-1172.65478515625
-8.80546181278599,46.000267028808594
-7.42349600405968,109.65701293945312
-14.4731176558811,112.7845458984375
-35.5448186771701,209.10147094726562
-1.657597602265355,-88.240478515625
-1.930224441335125,202.15020751953125
-10.398648228661925,104.57180786132812
-1.6521884315998507,-62.22369384765625
1.3131129859732091,450.005615234375
-0.1240821746904601,66.85061645507812
-35.1709788883515,57.441162109375
0.6771989561182002,191.17315673828125
-5.8677981963370005,131.34664916992188
0.7982616963508231,-70.04312133789062
2.595279020812243,29.163921356201172
6.9472187772133225,71.9097900390625
-41.1395198834054,204.26443481445312
-35.4604736838065,21.04205322265625
7.87379173269718,-193.7145233154297
-8.72128086410909,-6.827972412109375
-82.13826531723697,40.515098571777344
-9.70693692529289,-43.33147430419922
-61.4386715672369,-79.51589965820312
7.10938257895085,4.643310546875
0.4007388327427847,274.4208984375
-0.7455370396145937,96.51063537597656
1.674966057420845,79.0648193359375
11.877856996640997,10.841049194335938
-0.9096556467231308,197.47943115234375
-1.4680391508473674,125.31521606445312
15.6414782015599,-116.82710266113281
-10.35739215730591,588.30224609375
1.926107182225645,-140.95260620117188
6.99756701325662,56.692413330078125
3.54836143321337,-27.696304321289062
-7.726553411266567,87.83511352539062
-48.51478094223695,-95.3358154296875
-3.0453156276270903,-45.75341796875
-3.454798154796729,123.01275634765625
9.503977484174175,70.35833740234375
6.001532732018722,-56.839927673339844
1.775572054007981,176.082275390625
-2.6871577689602653,13.581329345703125
-7.920344649869953,73.1337890625
2.578081311550471,164.743408203125
-14.434457477598505,-16.848182678222656
-1.338045882914232,-35.63561248779297
-44.1817825469333,-100.34349060058594
2.4314234692194163,-51.96240234375
-2.35314836228574,47.11610412597656
-2.07036107592124,-67.65886688232422
-6.560167066336443,-8.7584228515625
-2.54688332955635,224.3624267578125
-7.940842049461227,58.0216064453125
-7.789052707582185,173.78309631347656
-1.4295761119406232,61.67431640625
7.206977941743588,291.74853515625
-4.081394009803599,431.7257080078125
-30.167243616457,530.91552734375
11.7225687296843,88.1658935546875
-0.8984319813221007,132.61135864257812
10.349523074958825,18.389572143554688
5.42147270471237,64.15239715576172
-0.3136273830120112,-74.5394287109375
4.398848813602776,49.493743896484375
2.099307195887115,14.078598022460938
-61.6890402284636,-395.706787109375
-7.08434802004719,-254.4546356201172
0.6962467393230812,-157.18496704101562
9.0758909366509,-276.46728515625
-1.9263965715605047,113.35893249511719
-6.262949496708321,-74.16339111328125
-4.739766082030863,-1367.15380859375
-36.8822022827233,-55.30303955078125
3.24770439300306,-21.700057983398438
-2.289513933263135,-11.3294677734375
1.41805545618482,-207.78646850585938
-24.4432878855492,-135.22486877441406
-24.96156751119129,-120.80078125
-7.734574598544068,-548.2421875
2.79124989437018,-74.47119140625
-5.17831154550348,-74.10910034179688
1.5275640312561216,-228.10052490234375
3.682989905065457,-322.2700500488281
-10.8237586662752,15.807037353515625
-6.929951553081727,-54.82330322265625
-27.96215708599589,238.19979858398438
-2.88087637063392,259.0609130859375
-5.960419628776203,-343.7215576171875
-37.189874708633695,-65.47295379638672
1.1496085756031087,95.0533447265625
-12.7137936794919,-144.5589599609375
8.398744223780918,-47.85890197753906
-33.3004252633332,-123.83828735351562
9.144089281431205,-44.818572998046875
4.065326821312747,553.184326171875
-41.9047429025821,89.39862060546875
7.383552345763623,-522.283203125
6.364261125349779,-212.96697998046875
4.841793570156368,-76.46014404296875
1.6198341998494314,-48.89286804199219
4.179707781567577,-124.69766235351562
-14.7229944429405,-286.75537109375
7.078924552126015,-260.9151611328125
-12.898019313824,56.6483154296875
-70.8116033690518,-59.470497131347656
12.7359625054994,-94.15095520019531
5.586124430090477,-284.61920166015625
3.028467183462371,-9.77337646484375
-5.830142578087577,61.36871337890625
-22.6841489367301,-151.91281127929688
-1.51657819068512,251.06982421875
-81.52648016021857,-636.17529296875
-3.36903782007548,-175.724365234375
-18.707844022,-584.81982421875
-34.48768519828235,93.78573608398438
-39.7169735486916,-25.853240966796875
-1.593720937577549,-3.615814208984375
-23.2954444871652,33.344573974609375
-45.30258920076982,86.63995361328125
12.5056328567953,377.1230773925781
-11.9299972333177,-149.4628143310547
-37.9495035857927,2359.07421875
0.7001962140772594,-75.71366882324219
4.49418879319923,220.57568359375
-39.0646563811545,10.319526672363281
-9.09730633851708,89.52456665039062
-17.5589533745204,-43.688720703125
-4.92782811871599,-140.23355102539062
-8.2299173561342,-208.64105224609375
2.60625970962018,826.3702392578125
2.726862934921635,-32.51275634765625
4.071661498679735,60.05335998535156
-13.2494383747796,-9.551528930664062
-11.9154244975033,-183.0867919921875
0.9090871567987184,106.01748657226562
7.92708077877978,-64.01559448242188
-3.119647295186995,-25.405540466308594
-2.248378586620203,42.8348388671875
1.6646916021852596,152.82501220703125
0.1590569364430157,-28.608352661132812
-77.3623903172369,-93.79766845703125
15.8859560938761,55.73863220214844
-3.11888044241469,50.10113525390625
-2.7468186065138984,11.026351928710938
2.77922195660905,-245.91949462890625
4.052279150357491,-126.40621185302734
-4.03806373695381,-9.777099609375
-2.4461467814868523,266.56494140625
-0.1639564470097907,-79.78659057617188
0.8542168432631491,77.012939453125
5.84905996845087,-2.91357421875
-5.77665564868809,-339.5757141113281
-3.7008288999313423,-1161.9228515625
-7.18713065449027,-50.823486328125
-0.9529303605806088,-15.635993957519531
-15.902118442879,-98.2481689453125
-28.0636361890057,43.5181884765625
-26.912205886836706,42.024742126464844
8.596988309863011,-97.2197265625
0.2877587512502297,77.07296752929688
3.3899996482015826,11.30255126953125
-20.5869014386951,-14.810302734375
-9.341800010912078,77.874267578125
0.1692077246922899,-39.06916809082031
-1.857666460494741,-257.616455078125
-13.2752747780792,-24.36920166015625
0.7445982178878973,-33.69673156738281
4.49646859469848,235.943115234375
3.60913262992784,-138.8947296142578
-5.653435188749545,-99.29910278320312
1.51502173443586,-90.08563232421875
8.143116180793372,15.823501586914062
-8.36164856265281,-141.09231567382812
-1.130678948105339,48.01422119140625
-4.349210006555943,-0.3751068115234375
0.2594141505344826,33.89087677001953
-32.1283374054069,434.641845703125
-1.9051378030600723,33.5853271484375
4.768047800449637,60.76116943359375
2.264898495983479,48.759063720703125
-6.47138721063866,-2059.3046875
4.93167956005568,88.49533081054688
2.4851768276660025,-35.970611572265625
-3.930469946192945,109.68516540527344
11.923948375295712,-39.75215148925781
11.616605850275496,26.590591430664062
10.41580460128629,53.543243408203125
-8.700462669667385,-19.481689453125
13.1991243046288,-155.503662109375
-4.75101729862813,-83.7105712890625
-1.4230966237807086,-140.4549560546875
-2.07861348348741,186.53762817382812
10.292368565007404,25.5966796875
1.9007667723773176,59.953025817871094
17.1612744381531,41.58341979980469
-0.1428452494230792,27.872344970703125
2.4933992323843923,46.60321044921875
-13.861300672159,-66.23245239257812
-1.7943154401891548,47.214019775390625
-4.15624175439773,-50.00802230834961
-14.277645616907492,21.83099365234375
2.713132201978397,147.1259765625
-13.315456279797685,-78.30813598632812
-5.36204355968609,-220.398681640625
-1.4872271509121793,-237.78631591796875
0.31232235517322,-10.205322265625
3.0307168501552093,34.82344436645508
3.4484762474106,-148.38723754882812
-34.0729170807354,-36.176666259765625
-25.0659802428987,190.6162109375
0.86771933446589,228.7763671875
-11.996919710325,10.93701171875
17.2594267615487,-130.13714599609375
-56.2560888739038,57.3875732421875
-12.7386491421071,130.043212890625
-3.520787796436005,1.7609405517578125
-0.8014467498558491,46.00352478027344
-34.7812340468876,79.91796875
7.158235365631607,-26.917999267578125
3.29681579894721,177.90603637695312
0.046018285265003,135.51727294921875
2.046344769010002,41.4775390625
4.25403099118957,-61.294464111328125
3.7804230286959792,-107.64187622070312
-3.773219093074008,-49.575592041015625
-9.722403045722997,-20.961578369140625
2.81101468536903,130.90158081054688
-23.7494411406013,27.9971923828125
-75.56229656723696,-33.17106628417969
4.366245372711767,-42.43959045410156
9.94612085382829,85.90438842773438
-8.207132148775708,-28.568859100341797
-3.09775596823669,285.208251953125
3.77256113899207,-30.177139282226562
0.2016574678685985,9.3338623046875
4.38808277416547,256.98046875
3.7092867134231,82.84811401367188
1.6740112862957208,-207.263671875
-5.472376660417956,26.684326171875
12.283123760680592,-243.8426055908203
4.417989059347175,73.44563293457031
1.907333647224608,19.89208221435547
-3.73521146317182,-48.29816436767578
7.837521570550837,-170.89239501953125
4.82455755953161,-72.6464614868164
-0.6472060937938101,-139.27325439453125
-8.237956686764985,10.547271728515625
7.36579899286375,197.77044677734375
7.859716520666763,-185.05184936523438
2.765011277030255,-51.099609375
4.62415639298937,-241.05584716796875
6.430237727930085,-30.01070785522461
2.44728958086436,-26.593795776367188
-1.93656353174353,-17.484451293945312
-33.7845903951132,-47.63440704345703
10.960301672714698,-97.74853515625
6.147225205740463,-43.408203125
2.4659746492236927,-109.59591674804688
18.2642273209106,35.961456298828125
7.656482330373112,-36.387664794921875
-63.2346715672369,33.76618957519531
-22.9610154952969,-294.19140625
4.39789099231211,144.59246826171875
-46.587141393021525,37.407386779785156
-12.281506448986304,15.50689697265625
5.220668557811489,113.04376220703125
-1.4412632820262703,-110.37223815917969
-35.163016426576704,-1855.25
-31.380009974583203,117.25784301757812
-40.7258600860177,166.0051727294922
-35.3994683825842,-85.96249389648438
-10.968565079401992,-241.86285400390625
15.384553292915324,-47.141883850097656
-0.4271227388875901,-111.07455444335938
-7.69948364751984,-287.1746520996094
-26.6822467124322,73.16248321533203
-0.2823200449385875,-551.7932739257812
-3.8453528225106623,-93.66270446777344
-2.4599041427842496,-164.69989013671875
-12.7315114055493,-173.23680114746094
1.418014053180695,-1368.072998046875
-3.4922781726655696,-855.8748779296875
9.58062385928767,-69.35462951660156
-17.5801214502402,-211.72930908203125
-49.5120706514507,-50.85040283203125
-0.4503474699443348,-434.044921875
2.332279780348585,-1224.78759765625
-42.2483635713802,-127.52731323242188
-5.00028834575103,48.874366760253906
-5.14141487663266,-97.9075927734375
-19.923371510770203,-80.59854125976562
4.28301459624688,-1314.57421875
0.3224388648416145,41.74420166015625
6.795393661635613,-220.6796875
6.720388221210122,19.00494384765625
-20.7558388881914,-1196.1881103515625
-12.5922662394529,112.42843627929688
-5.19085420781142,-81.00224304199219
-27.3858072066324,49.5528564453125
6.488490212037078,-15.149261474609375
-12.5233171201947,41.0123291015625
0.996650643215182,68.98907470703125
3.27144637329635,-33.47026062011719
1.203208947199059,183.07260131835938
4.5031585012656095,-438.296875
-46.6686841099013,-118.44985961914062
3.600655729290548,103.50811767578125
-2.7077151362496297,-1766.5166015625
-42.936846127142296,-58.93353271484375
2.679404112105611,-29.739822387695312
-23.975827854410426,-24.762863159179688
-24.4869919201538,-4.953407287597656
-6.22433036882608,7.34490966796875
-24.992167376126925,100.58883666992188
-9.742168339465294,-768.42626953125
0.1235817830644999,-76.6572265625
-11.607028837624,127.54617309570312
5.321680837772678,-167.10540771484375
3.3452637215970498,-483.531005859375
13.015759276594096,49.34149169921875
-6.13466459150186,-993.36669921875
3.0897024917955025,-120.61421966552734
3.557691046156,127.85611724853516
2.0008593011464906,41.753334045410156
-1.2671721747064446,-50.937713623046875
-2.989164004622407,-70.00462341308594
-2.43808381047612,-135.18788146972656
-11.30813578108209,-1089.7353515625
-9.619042312244815,2.1787109375
-4.01456885639382,281.902587890625
-4.853312003098937,-38.7886962890625
2.78743688363977,-1133.973388671875
3.6035536346157695,271.556640625
6.09033976794457,-124.01213836669922
-5.89266438028177,-48.81446838378906
4.780848076735348,-158.5914306640625
-20.7592210135025,-41.51002502441406
-3.637071869773312,123.38916015625
-4.396710286499547,76.70219421386719
9.04709717330502,-114.26214599609375
1.69213972357191,296.98681640625
-27.068723822751306,-113.57275390625
0.2886204877907422,136.81976318359375
-0.592182005541919,-212.06982421875
-4.736229867816737,181.64401245117188
7.877641553655238,-24.62152099609375
-2.588665914009158,45.62092590332031
4.72846919446815,99.65249633789062
3.42669038506664,31.981964111328125
-10.274169876330886,931.4833984375
-1.289264920121349,134.72964477539062
-6.9648772325347394,245.44107055664062
-1.2236747050651609,-4.270111083984375
-12.208208404490907,-66.01296997070312
4.40921359309415,0.7711181640625
16.4171583068458,19.354873657226562
-15.991582533821994,-157.7882080078125
7.809600001042748,-108.3769760131836
-3.0331069492891496,281.5306091308594
2.603164662477901,144.0589599609375
-24.2572199033326,189.1603546142578
13.667582002208905,89.34432983398438
8.19307228691883,108.03669738769531
0.4664503305112299,88.53033447265625
-6.46133524603972,208.779296875
-19.7520332208299,59.99571228027344
-7.75971004909346,-538.5773315429688
7.66334596528203,33.22119140625
-27.64770126959135,120.10194396972656
2.125547882163602,-164.0264129638672
-1.8239337240231768,118.38551330566406
3.3696784995100426,-4.97601318359375
5.265272900492549,57.226261138916016
6.753311816554961,26.99420166015625
0.9434331950199416,-160.119384765625
2.13745295521649,-51.153472900390625
2.76912169862866,393.8232727050781
2.409764321136161,-109.05438995361328
3.7606671418030695,67.49624633789062
0.555665600488549,-98.59281921386719
-89.04756219223692,435.145263671875
6.987950206462267,-153.51412963867188
-10.09410467002709,502.7685546875
8.16191414696451,-236.2183837890625
-10.731303688850904,-8.18701171875
7.588764503474316,-178.10308837890625
-5.25293160621848,77.99325561523438
2.3065604778561424,-248.42483520507812
-3.8022266666193874,-79.11557006835938
3.22816419080692,14.88797378540039
1.1941842843275,-2.8568572998046875
9.772192422094813,-17.92022705078125
-2.489313079893845,808.069091796875
-13.547300817594484,-68.41539001464844
-1.5403494549472296,100.53779602050781
-5.139364658294922,-21.85411834716797
-1.32131943338233,527.128662109375
-0.5284321769112605,70.12150573730469
0.1119561526876595,-69.46600341796875
14.8508222506114,176.10870361328125
-0.0918051514147744,-158.69403076171875
-1.7237618714553775,-116.45291900634766
-1.5699354762224491,101.175048828125
1.5718362711845366,-37.8782958984375
3.58036180553514,-62.98516845703125
7.45084701577923,84.05682373046875
-7.378812419643663,277.1773681640625
-33.1832620874725,-66.61738586425781
-6.066411004621831,24.75324249267578
-16.4910721624856,171.970458984375
0.8267526169764301,45.4610595703125
-9.762453719841735,56.3096923828125
8.07102955700163,43.80265808105469
1.741670982094262,-43.983367919921875
-0.0053525606393112,679.24462890625
-51.4043293278057,40.342769622802734
14.9415296965116,-160.27197265625
8.70853787657841,36.88800048828125
-2.149900469098629,21.080078125
14.8229623836697,-96.2525634765625
-0.0379657812584102,115.45263671875
-15.3173389528898,374.97698974609375
-1.7663441991754285,-372.189453125
-6.708306328674888,-68.90200805664062
-78.7451798053926,-85.18753051757812
-0.5413656534735456,516.514892578125
9.625121597198186,190.4927215576172
-3.15562863494722,2687.806640625
9.60447820177431,420.9832763671875
-3.31847606547329,-133.98873901367188
-4.12581810820042,29.58902359008789
1.7706121017107803,-74.79348754882812
0.5117341060036625,10.186309814453125
2.63157412115867,-0.723480224609375
-4.763634360062484,268.8203125
-11.18181257464061,-117.53750610351562
-39.4932668903457,217.474365234375
9.206200380526292,102.19917297363281
-2.93911844531118,88.73757934570312
-28.13472322157985,-6.104949951171875
9.62907409316032,-528.3885498046875
-7.042636248773623,-79.240478515625
-4.03025121975644,212.6297607421875
3.42951329804928,-69.45050048828125
2.5565427438131976,307.664306640625
2.8513084033656,-155.91317749023438
-5.5623675139736175,233.0684814453125
16.9968892380515,-37.68287658691406
-4.144685584269085,10.361106872558594
-11.221818720505304,267.9383850097656
-2.111656589218961,-57.5831298828125
-1.626797120535592,161.36605834960938
0.7652624054000594,-412.45263671875
-21.5531296050118,-50.138458251953125
-13.053772031257305,64.52806091308594
5.42509465390903,-2.2700042724609375
-5.5186956836840375,118.3914794921875
-2.260381023139061,-367.72625732421875
-30.3377383335249,-7.96185302734375
7.380729755239978,61.94609069824219
-4.172986764275874,-6.4737396240234375
-1.2036514942358316,-156.71792602539062
-35.2906329121599,-165.0869140625
-2.54595208771381,186.38232421875
-10.901275449743116,98.15155029296875
-17.0078420331655,-34.244598388671875
-17.0314498829154,-6.550384521484375
-11.9784507557909,-95.67343139648438
-19.469018973061075,-118.33453369140625
-3.2142130797467816,-85.36831665039062
-0.5663484394051013,-88.78311157226562
-21.2195468929047,-1.2138748168945312
8.077984978184695,-33.4840087890625
-17.0119321722455,16.164031982421875
4.67424026120176,-369.50799560546875
-47.9875704511971,-121.1209716796875
4.316615136301563,198.24981689453125
11.2728180991378,-3.440643310546875
-3.5546157663424616,-84.51695251464844
-3.15887949932979,-36.191009521484375
-1.6422791314174887,-76.96324157714844
-3.448025235667948,9.657829284667969
-13.5632540546311,-37.018035888671875
0.8825935384285006,-35.07637023925781
3.27100049685324,4.74993896484375
-0.7762273913233743,-39.881683349609375
1.026942322157092,-121.92523193359375
9.859104788483815,10.078094482421875
-1.9977872313530125,-84.8271484375
-13.1809903671301,115.48818969726562
-35.1782981083837,-128.5579376220703
-35.8337806803641,-71.41476440429688
-7.639409008216227,94.80755615234375
-15.746453943284,-129.70452880859375
1.055995951979529,-42.46893310546875
3.987299411465438,10.545089721679688
-37.0930621901092,-169.7884521484375
16.694612728237402,43.669586181640625
-4.527979888097892,99.19110107421875
14.6352674345898,182.2508544921875
5.034618319433818,158.25677490234375
-3.77133000272187,-332.69921875
-1.61504571199055,96.28271484375
-56.3663437951974,-190.340576171875
10.088450856398616,17.010040283203125
-14.285610883283098,-110.13429260253906
2.6210618799141923,-170.2381591796875
-2.308732762121495,47.12568664550781
-83.9761260280997,-78.67337036132812
-1.03656181464744,-217.23687744140625
10.16232173056559,79.751708984375
-3.12013961477547,-15.731918334960938
3.010752586641185,-450.9478759765625
-1.5178355576616795,-73.02607727050781
-2.60072537807549,61.98750305175781
-2.367312137177082,-46.03424072265625
6.075310726130807,177.33184814453125
2.24572304437811,-828.9501953125
0.2044267191685782,113.822021484375
3.85944773684647,-56.841522216796875
-14.409506408843407,15.878002166748047
-2.683955047842884,1106.588134765625
-0.0075038478591599,175.7818603515625
7.190050317883171,-77.72200012207031
-2.1691769605730515,51.630584716796875
-7.910003358009165,-62.95941162109375
-69.1366966634013,-70.41400146484375
1.437241653553571,-104.39910888671875
-20.7409218490905,-39.39653015136719
3.78247800369874,-18.59228515625
7.909526276907584,30.000396728515625
6.097122298913325,90.80966186523438
24.5800902168924,21.78546142578125
-9.979741434164584,116.67645263671875
3.1327986373042376,-75.05514526367188
-8.393586343504198,-55.25807189941406
8.678125432705007,-5.53167724609375
20.7428439693387,-37.40240478515625
-1.511416195100045,-109.25288391113281
-23.3725501337939,56.19781494140625
4.69437535963172,-41.149749755859375
8.24149319055937,177.2408447265625
-0.2898522089969393,54.8739013671875
-7.19378137939456,415.170166015625
1.0271109700113177,-5.143218994140625
-14.564555056626377,476.69482421875
-9.657849716236,-52.66349792480469
-0.7280966227290082,1037.541015625
-21.8962191024866,-110.8642807006836
-40.2614734397264,-153.95361328125
-1.77750068778882,650.0009765625
-28.3488859938485,1567.423828125
-8.184373188662292,-148.68885803222656
-6.135426654744688,780.524658203125
-3.270422191581055,-138.68722534179688
-6.055427015859325,1164.68798828125
-34.3143130117107,672.55029296875
-50.4820483838523,-132.53988647460938
-4.639593570653838,9.19500732421875
-21.0606958753072,1718.376953125
8.747205755218493,-167.38467407226562
0.6884341878779402,-375.845458984375
0.300408103033295,-972.52880859375
-17.2817979072755,173.622314453125
5.79128728304933,34.41259765625
3.7921116228684086,-80.15191650390625
0.51700222845629,301.12939453125
1.0966146270020711,-20.66107177734375
-6.613686761665703,-25.156463623046875
-39.873530292237,318.661865234375
-35.0272315856836,-143.16201782226562
0.2475632146873464,-112.023681640625
5.59963570142504,-19.32354736328125
5.29419053806362,10.9212646484375
6.457932781589695,-109.46644592285156
6.4251548431743295,76.34478759765625
-19.7885249955934,656.96337890625
-2.4097304318056905,20.172283172607422
7.543407488617369,-549.212158203125
1.83593808226401,-105.74177551269531
-1.5082203021212124,179.23193359375
5.99108205682079,-7.7027435302734375
-18.1797235112709,93.20123291015625
-12.840088322870097,-208.2450714111328
-2.23616712442702,-94.3045654296875
-4.662511414401839,18.833099365234375
3.41802282280863,44.38623046875
-12.0320822507053,17.517578125
-25.9801803981754,-778.328125
-5.97419023328963,54.7740478515625
15.4186986077963,665.6632080078125
4.480465220149085,-56.858642578125
-13.2363849677504,-44.10057067871094
-9.362863686069195,-21.55975341796875
4.128157012788561,-175.5802764892578
2.26767773086615,89.25491333007812
-24.1634597090208,52.831298828125
10.013204486477417,-228.3529052734375
-31.934070451053,61.775634765625
-22.9515728231767,198.9375
-11.219410776078313,-192.64306640625
6.00089213826483,-14.242431640625
-28.9638748432599,-32.88224792480469
3.11049964318654,-162.46188354492188
-1.073248118887358,-25.3458251953125
-10.249148139079496,-517.53759765625
-13.14009076535719,-222.60308837890625
0.7364260970712593,-57.04656982421875
-44.9949251983702,-140.58734130859375
-5.159519294761907,2.4129638671875
1.869241020829697,-954.435546875
-55.54568697318505,4.8003082275390625
0.3065104335081801,146.5465087890625
-10.386374558578522,-105.26809692382812
-3.0345245902191325,109.16853332519531
-57.144820014625296,-6.7337646484375
2.85060083445348,143.3572540283203
2.446050707651698,161.6688232421875
5.50221601830175,14.05023193359375
3.455876052191651,95.03680419921875
-14.6157572128631,-106.28787231445312
-0.874105623616695,151.14013671875
-1.378759213278819,162.08392333984375
1.350733135180331,-228.2158203125
-1.94666134980912,-34.319427490234375
-3.36735139960915,143.15615844726562
0.8319171014720902,115.39822387695312
-40.2101205720394,-165.1610107421875
-24.577379709126298,64.80128479003906
-18.6292132467089,21.667804718017578
-46.39510994896701,-1085.270751953125
-2.487076105276776,-990.34228515625
-4.752960817423343,-221.734375
-0.1160299782726794,-641.81884765625
-18.5277286275242,-165.501220703125
-14.1325019191809,-125.69760131835938
10.909208084253878,-215.4818572998047
1.30779520720034,-15.01971435546875
-5.77436797253085,-52.32428741455078
3.986867952152618,41.04328918457031
-21.7936206120663,8.2293701171875
-2.643556292002,517.38720703125
11.0853991753379,121.9228515625
-12.9397422629832,50.87116622924805
-0.190891674386513,-703.61962890625
-6.32558602127377,-110.21220397949219
5.391699208755202,1213.713134765625
-8.998840630677615,1045.689453125
-1.6005087696864486,-16.860809326171875
7.5482379424635875,204.17291259765625
-7.642910278690365,452.15380859375
3.719171936095444,-120.18353271484375
-0.8981307679622897,-589.98095703125
7.06032809637297,13.856414794921875
-3.134999611446543,-59.95166015625
-5.94174589421185,83.048828125
-17.7883076547542,-100.82730102539062
-25.2381267145584,-69.64540100097656
-27.5445722402187,478.26513671875
2.6678241356197647,118.43110656738281
5.02066543392875,28.579833984375
-1.67197513843126,-40.840576171875
6.58117049992555,-23.7974853515625
3.12612254618191,-36.814300537109375
-2.1147225087047508,-118.58816528320312
-76.9668504799361,-2.06829833984375
10.11870938841209,82.49533081054688
4.755697845162629,-15.46002197265625
16.5479703149859,-61.725341796875
4.001938538520379,-72.30426025390625
-14.1813773041305,-137.88711547851562
0.7709161631446207,-45.4742431640625
-24.2508933717269,18.100425720214844
-22.3071231538392,-130.89260864257812
7.2595381633228,-107.45280456542969
11.555346181601609,-91.00167083740234
-26.258782255785,127.18560791015625
10.3189652047012,-1106.4765625
0.809697096857583,-52.164276123046875
-18.5255095356289,23.897735595703125
-1.0680791130593923,74.398193359375
-3.5390830989045075,57.00520324707031
10.468583156479704,-57.24029541015625
-10.613183176373598,2443.270263671875
-6.40442742836347,64.8779296875
7.196532980977684,46.81219482421875
-10.586292641023492,-166.7010955810547
-26.79502671025515,766.77197265625
-7.187555808667961,77.5235595703125
5.4465900456679694,-18.193283081054688
3.1988276731025875,60.376373291015625
7.827394642815597,40.579498291015625
3.887422638441485,-69.0645751953125
-3.41466344580097,-304.9341735839844
2.667044757168528,-54.21630859375
1.0590749185315824,637.0419921875
-3.9965921287470247,44.866241455078125
10.982614675109394,-71.6922607421875
0.4076170529080399,-29.135498046875
2.71319811317338,8.7088623046875
8.652061852316729,-399.404296875
-0.6579761516790089,511.686767578125
-51.6773231694491,-1.0
-2.8325461302865187,-260.11029052734375
2.12749125232924,-8.075851440429688
3.562549470771905,-157.51995849609375
-16.517773128145326,63.663482666015625
6.874655354673765,93.65392303466797
0.2047767843086013,484.4981689453125
-2.698758931910008,30.0546875
1.8601156760560384,8.70147705078125
-22.2455703021075,-48.57435607910156
2.4288820651169605,-54.037109375
-16.8307740899425,-59.11328125
20.7191486697607,-241.86134338378906
-30.7261055182573,-111.86541748046875
-38.4849400567448,16.731201171875
-14.3103126367969,-116.38449096679688
0.7860328468455551,68.165771484375
-48.3858044800915,-212.26051330566406
-3.21662088766757,67.90542602539062
1.675245639565673,256.1168212890625
-90.3299705619704,-96.34808349609375
-9.28527551691871,-198.11514282226562
-1.2293411329062325,-81.77252197265625
-4.534682244798708,60.3978271484375
-68.1959205924323,85.57022094726562
-24.5242345195019,-55.452880859375
-2.77042962989298,2.9663848876953125
3.8009101564042025,-77.03536987304688
8.933703319425492,69.59576416015625
-11.341527235964405,-7.7412109375
6.71098989067457,-180.76878356933594
4.54734483862441,-158.38880920410156
-5.16341129781556,232.11016845703125
-49.062306315025,198.0068359375
5.26551760771767,-240.750244140625
3.33951124606136,123.35861206054688
5.006519903780723,235.53662109375
4.05485944970297,19.34942626953125
2.283405953189745,51.724853515625
-2.66483863280114,2.5954627990722656
12.566471603210276,-335.4268798828125
-27.9020155354992,-101.2169189453125
8.88265541550952,-52.83868408203125
0.1652887870268324,76.18992614746094
15.4985727759109,474.4027404785156
9.014890317831036,-140.6990966796875
1.4803529144374856,-158.69378662109375
18.1939100849816,24.796142578125
-2.6304973605131474,-135.22152709960938
-5.493763326806099,-51.17889404296875
-0.6715208179901364,-141.40176391601562
-36.7383193130824,132.69140625
5.062784719364307,-201.0027618408203
-12.026803679110706,-153.8040771484375
-3.01321716593974,-27.23943328857422
8.35813394800668,-43.48170471191406
-3.60075442831331,186.90557861328125
-9.509135784465323,800.1171875
-19.6175855102284,-200.9054718017578
-27.8629509568953,115.04998779296875
1.74273211890989,-530.2923583984375
-2.19578977406709,-75.6407470703125
2.42002639701588,-107.96713256835938
-25.55316918036869,141.1355438232422
5.635020609606415,-27.309982299804688
-34.727836669101,-4.170989990234375
4.4516036428765,-5.4693603515625
4.967381413305823,-704.9369506835938
-6.81516141534704,5.901405334472656
-24.3954295810688,-101.03901672363281
8.658679095048068,-372.1380615234375
3.7347243087796,-813.228515625
-12.909633143366396,-91.25885009765625
-60.49569009623433,-83.14572143554688
-3.790702882666694,-16.777557373046875
-12.41068356063,-230.052978515625
2.76740193393285,2.8874359130859375
-18.9061714872788,57.776641845703125
-3.681083449701528,-11.792617797851562
8.13893448615947,-78.82720947265625
-51.402683514636095,-7.760231018066406
-3.0703466753296,135.06121826171875
0.4646043967887734,-41.90626525878906
5.989492839405608,-141.64129638671875
8.833837192566008,-224.3917236328125
-26.1965705632023,-349.348876953125
0.0804428699766095,76.07810974121094
10.229168329440906,-81.009033203125
2.12042655289975,2.5462646484375
3.88810032819938,-60.033538818359375
-31.515616413872173,167.4368896484375
2.28163515100639,155.97390747070312
-9.633163292669298,43.440093994140625
2.63206586722876,-94.14889526367188
0.3189015990893598,-14.453727722167969
-6.31868596379813,-561.7413330078125
-6.4648984000359935,18.90625
8.91646092056966,-39.04522705078125
-42.637521131086125,41.473388671875
-89.5439156156453,-83.22314453125
9.179556151687803,-987.3701171875
8.754663680824095,-150.26348876953125
0.8838679103249854,-82.1168212890625
4.338369925074482,44.10475158691406
-18.23432595343749,68.00189208984375
6.92534745147092,89.18560791015625
-1.768261666543676,109.81192016601562
-7.87226820943855,74.71435546875
-12.0847368637308,-55.434844970703125
-4.4222229386498375,-3.1910476684570312
6.63109301847755,8.831222534179688
1.675381804264854,-21.809669494628906
-6.897600670415837,-729.00146484375
-12.2774867069717,-289.53857421875
-3.963646539183849,-185.11285400390625
-2.552277046947741,47.82313537597656
-10.78700495517378,-410.414794921875
-6.426376983867103,114.8523178100586
8.2142562177934,23.050704956054688
-16.967828162594074,32.92253112792969
6.07843040491799,-45.087791442871094
3.08443697315444,-736.2838745117188
-1.3811964732242277,-442.373046875
-4.51305804704249,-827.540771484375
-9.93375477053989,19.010787963867188
-0.6581754288220045,-33.105255126953125
-7.952166005584182,-58.725067138671875
-13.563015982384195,124.35476684570312
-47.9957157156951,-105.85572814941406
4.96190002222477,-457.9971008300781
-2.0240269290899,49.42683410644531
3.47166270740147,-127.154296875
-5.2815921348029296,-302.89031982421875
2.369358494612781,-458.62286376953125
-4.214346026907057,191.23452758789062
-23.8934551543691,403.9522705078125
-1.0659561461183158,100.62326049804688
3.126169348435272,49.09814453125
2.35164464781062,1292.892578125
-1.79502295092813,-85.77734375
-15.957982665262508,-100.60848999023438
-64.65676531723692,201.86474609375
-27.8195558011628,-90.59124755859375
-10.480511156242285,134.26318359375
-6.18357684414468,-20.99529266357422
-6.75960002722117,-789.37060546875
4.4105627388370605,1303.3486328125
5.58846482112586,583.241455078125
-16.8483709423333,-55.4744873046875
16.1850033157246,411.4018249511719
-3.34531377329845,1519.22265625
5.893700156574014,146.28042602539062
2.745769909533195,132.94488525390625
2.53362859007723,-64.5069580078125
1.0880788430276551,-219.03671264648438
