Score,Pred Score
-13.812973987503693,-341.716552734375
-14.6311710829416,-119.05369567871094
-15.020937907067507,-21.655517578125
5.61896917638109,163.11376953125
0.1461877509898399,94.2603759765625
3.59745169898486,22.360198974609375
-6.72144892291601,-24.739776611328125
4.304204520484877,-44.46978759765625
3.37898618824583,-1120.2138671875
3.939818822274421,210.019287109375
13.9953943577381,0.462738037109375
-5.39913759737588,-3069.142578125
-2.204579993178592,-79.35636901855469
8.829561804598438,-35.00019836425781
6.01696699102072,43.20533752441406
-6.376202369524528,-215.550048828125
-6.50906463316165,55.628173828125
-60.92137282626391,-156.03466796875
1.99934019108803,-87.57084655761719
2.188685633501576,-8.1053466796875
4.07090957771029,390.5989990234375
0.5211206139658471,-1399.59765625
12.5580583918003,-103.29960632324219
3.320229681965675,126.7427978515625
-0.4381862293696001,28.05267333984375
0.1752112379752922,-35.321197509765625
4.123908949931413,-195.349609375
-14.2382866820043,-92.95632934570312
12.966325580978296,-18.720184326171875
7.692941411907634,80.83718872070312
-62.9031214125763,-59.180419921875
-5.800670766453999,-68.58950805664062
-11.705366535732304,-10.899032592773438
-4.786538605318405,-121.14093017578125
-82.4887013651952,-107.84173583984375
-8.251107402184557,-22.08816909790039
1.61677665352485,-130.97256469726562
-11.916211326129387,-53.318115234375
-45.634880019414,8.33233642578125
-0.568998602339841,363.5641784667969
-12.147399114840605,176.69244384765625
-27.4476544011683,154.49484252929688
-2.306526469902426,-1.9832305908203125
-0.4835459876036119,-304.7578125
-8.39479061793487,-108.36302947998047
-46.862925671502296,-4.8087310791015625
0.3837795244341289,2.29144287109375
7.184930267876617,-456.167236328125
2.8348518495029404,-38.4337158203125
-9.859535687586003,530.69775390625
-6.00025755794808,37.420623779296875
-4.764629840066975,-1193.26318359375
-2.377061578670744,236.70974731445312
-2.0585753436264698,38.98785400390625
1.1848602197973823,-669.0396118164062
4.97603191479674,-463.842529296875
4.27399441028646,-106.6365966796875
-46.2372447228831,5.176025390625
-31.4759298257721,-57.21630859375
-50.1674018945849,-144.4404296875
0.9601515747159592,-205.29150390625
-11.864177458483407,74.3369140625
-0.538262620928304,-112.48162841796875
-0.6920482116816997,44.513999938964844
-1.5184696160120892,-129.86318969726562
-3.0836644409391925,-43.766693115234375
11.316750179392892,-62.88343811035156
-11.183106529127476,-64.46124267578125
3.59102041590596,-561.144775390625
4.55602013063716,7.4652862548828125
11.579228393987275,-29.345672607421875
2.3067635611900137,34.906036376953125
10.480393919522983,-103.91064453125
-2.698100773809443,47.124908447265625
3.776985072333982,21.6036376953125
-11.773766374328297,-35.909881591796875
8.681027307740193,421.9814453125
-1.1091988250418725,18.167274475097656
4.484288991501213,360.99462890625
0.0548896546292299,183.0699462890625
0.1118559290339978,-71.22239685058594
3.9797293996962297,-60.755340576171875
-22.42608065327665,9.0010986328125
7.37064384347005,-3.7977218627929688
-0.2642143205483515,-29.48858642578125
5.344594984386832,210.09619140625
-1.2497809936708242,48.03204345703125
13.71198107208239,56.736175537109375
0.5045482395984724,39.1080322265625
2.86709961553106,-131.70230102539062
0.4423212163888063,-175.08651733398438
-3.724573545179619,93.51434326171875
0.2570808252882703,66.9677734375
-70.65073406723695,-57.68214416503906
-33.9587360563784,-25.194580078125
9.2088386022025,-12.569534301757812
1.3318185914773402,-334.130126953125
-9.176001953270983,-40.18609619140625
-10.497767159210698,66.37730407714844
-0.4402086584014632,23.540802001953125
2.1560784090827942,-30.07794189453125
-27.1636490162131,-84.86573028564453
-0.670930828719279,-48.931304931640625
-22.794043146736,-23.431182861328125
0.8105828534072201,-302.5152587890625
1.2287673509824204,27.22723388671875
-0.6435038581465955,-545.8701171875
8.474782023793379,47.006683349609375
-9.601847091024196,47.97900390625
-1.6610011043127195,-37.59718322753906
-0.1091636509260827,101.9510498046875
7.570838092245207,43.84709930419922
-7.211196994815285,-16.787353515625
9.090654061652296,55.4161376953125
-26.6651088566214,-85.26324462890625
-17.309192174305,43.706298828125
4.14054171285972,-40.986572265625
4.097668935846943,90.5008544921875
-0.29408409265346,59.95360565185547
-35.8165916579592,-82.29447937011719
10.898098675545494,-138.25112915039062
-1.6552655274048038,-176.09451293945312
1.6729502580778592,-51.40911865234375
-6.42491227706334,4.531524658203125
-15.4752611754195,132.73898315429688
-0.6907348474047925,13.7581787109375
-21.3629045873375,34.21295166015625
4.219145585451182,-88.52978515625
-3.019531285218114,632.42822265625
4.25311060075082,-22.88751220703125
-15.0412339008878,3214.0546875
-8.237627320974727,-52.82867431640625
-1.0683487237199796,-786.53662109375
-1.7174251595272625,49.26318359375
4.069163600073605,2.5388946533203125
-10.162041561092582,53.54875183105469
-5.97248436581227,29.031028747558594
6.120538767403939,-161.6220703125
-0.8028238008287005,0.1234283447265625
-23.6042929930625,-2.7225341796875
-0.1777753404752198,274.70623779296875
-5.785469568057495,-169.74142456054688
-0.0556983764780604,-43.45326232910156
-25.4508968849616,2656.70361328125
-5.3185412482723295,-90.07502746582031
9.1356503291117,-11.912223815917969
4.020569536845237,244.59185791015625
-58.5527340809363,5.839263916015625
-6.291328737399075,51.53968048095703
4.187869588752649,-97.32101440429688
8.922207576391518,2.080078125
22.7414116448382,-228.0196533203125
-44.6057608529879,-61.450469970703125
-26.5129077898497,-27.06763458251953
-2.13735826282737,86.66061401367188
-1.14890133483728,-74.91268920898438
-15.2234416939723,2.6209716796875
0.369316059642221,425.654052734375
-0.6884117876070912,181.418701171875
-5.8772631055401,511.56591796875
3.6053774296538297,-139.361328125
5.07108724357905,-3.0928955078125
1.292753014965791,-44.738037109375
8.440986836263871,7.0355987548828125
-3.43040335892423,185.4368896484375
0.7651079053562314,51.752685546875
-37.13962469223695,88.20195007324219
-5.822632503482525,67.3997802734375
-6.879472048396067,78.3410415649414
2.11024229353816,-90.6864013671875
-7.1526743450051855,-119.62993621826172
-1.122073026503361,18.50274658203125
0.3302260274555297,-40.846839904785156
-1.178255647098801,1203.5732421875
-2.99361591491145,-750.99609375
-18.1070051290659,-30.769989013671875
-3.0332808194811403,-114.87701416015625
2.6303171850506604,215.9793701171875
-9.72499716390718,16.93878173828125
0.2729453578388601,212.293212890625
-21.4503408223732,103.72393798828125
-4.99755531471552,131.15908813476562
-18.0018409950579,-48.982025146484375
4.00031385473591,-55.7852783203125
12.0378145652987,-22.52313995361328
14.1235470599023,2.2421493530273438
6.55729051148795,1749.1710205078125
11.19992297656359,-44.51141357421875
-7.81388191369781,-13.78073501586914
-2.924593214648255,310.5269775390625
3.7667366885646025,-66.700927734375
-6.68253431604433,-83.66204833984375
0.7345204104922589,-88.12045288085938
-10.626155896203898,-23.221763610839844
8.106852576346123,-114.72392272949219
-58.24412469223692,-50.93817138671875
1.4955767028094,125.43634033203125
-17.6906096863185,24.044570922851562
-4.813871520282443,-128.3672637939453
-11.8973420493851,229.9345703125
-2.67676896274171,91.61685180664062
-3.9331393974605526,172.8984375
8.756217929094177,-120.24728393554688
-29.2662792150344,-47.27154541015625
1.7249239205326918,-71.23542785644531
-6.686975812883663,66.01162719726562
11.10272802991041,-142.3941650390625
-10.956818171714705,-28.897613525390625
-6.3500959185649,-54.380615234375
0.6681105368389735,-615.436767578125
-12.500029270357295,134.875
-2.591242863373206,25.307483673095703
5.954690473588823,67.83136749267578
-43.929359067237,51.963653564453125
-17.4841411730512,34.566505432128906
3.61441892535489,-30.34967803955078
2.1112971208509976,72.31253051757812
-41.8026500314277,-55.090087890625
7.028135642932115,279.90594482421875
8.463248256721428,-160.390869140625
-13.037072413777096,-9.17230224609375
-1.6307504375632549,-72.04345703125
-0.3284521577656807,76.18756103515625
0.4685622181175212,96.19500732421875
-5.316952415477393,-44.1561279296875
4.584421564331302,-122.46466064453125
-20.3593816575191,-47.96875
3.67041582610247,329.9346923828125
2.204062447972561,24.036407470703125
-4.666937653128132,-214.82861328125
-12.3781694316975,-22.484535217285156
7.06923762363823,-401.1533203125
-37.2883298194418,48.4942626953125
6.442434166934048,50.33349609375
-12.2162083245621,-84.68696594238281
-20.3623076046531,-83.01556396484375
-5.45440876641342,59.31611633300781
3.1416241584890576,-31.429359436035156
-4.96580172718434,16.810333251953125
-37.4061766871973,-24.906265258789062
6.46185690649625,53.79168701171875
0.5403453062071405,636.44140625
8.656689402528613,-70.40714263916016
12.331931266595111,-81.91816711425781
2.75380173901167,-37.50648498535156
-2.8447496930443927,307.3681640625
0.0285872237409883,-101.113525390625
-73.5286754265322,31.35040283203125
7.285509446842615,21.2955322265625
6.72046542688671,163.017333984375
-6.19730890695259,73.009521484375
-16.4599719883519,18.553955078125
-10.288292260688207,572.342041015625
-10.285920522724917,-46.514617919921875
-30.8171784242839,17.868896484375
-4.65691689928222,229.43310546875
-37.1716279374795,24.71917724609375
-36.50577458359941,-97.17288208007812
0.7942566624333496,-46.41973876953125
-34.8552692363716,-52.18949890136719
-2.491707941339629,63.37080383300781
1.7387039934851498,43.976318359375
18.9715733525152,138.4671630859375
-13.8996269060666,72.4345703125
4.17561229224804,-83.8741455078125
4.7680640763497,14.755462646484375
-6.745372906074374,375.254638671875
7.262818938793504,-281.8203125
-55.7541546140486,22.302978515625
8.453421074249384,96.48686218261719
-5.85807143580148,0.3731689453125
-52.7336020518746,56.643707275390625
-1.995826789875676,710.9736328125
-1.3326443092463092,-42.884559631347656
5.029017096161708,-111.54197692871094
-0.71117494174041,-127.93598937988281
8.243548509216069,-33.31257629394531
5.81602235619721,34.8851432800293
5.978124919049687,10.10150146484375
-2.8859593337581737,722.7333984375
-26.0047332498617,-5.333274841308594
-1.5220929784942658,-163.03443908691406
-3.195242757261453,269.00189208984375
-15.0089303719363,107.91702270507812
-1.757118944268968,45.516632080078125
-13.5091075877696,-37.615234375
-4.0681667574955,11.5001220703125
4.43276114617859,-99.27499389648438
-4.665207913971671,-20.15201187133789
7.33919324558513,14.46356201171875
-11.69780882660921,-30.298614501953125
5.960801203295765,-126.5537109375
-29.9162730471743,-122.98313903808594
-5.331847529263395,-42.33447265625
4.2006804390709,-419.21356201171875
4.76541245752904,-159.63897705078125
5.87221574658101,-371.5361328125
-12.955988512618,-151.47694396972656
-14.4061745570978,51.80615234375
13.644333664082708,-102.45645141601562
7.522446474796843,-190.9601287841797
2.858782897786812,22.7490234375
-49.8653288018085,-40.733184814453125
-4.029904705212941,197.9857177734375
-6.2026319104393295,-36.31591796875
4.452168509343501,-19.8173828125
-16.475900892606802,351.3140869140625
-11.03094492075089,-64.5137939453125
-8.08045020128908,101.1849365234375
1.39259946716825,-92.52072143554688
-14.885807229381896,-52.751922607421875
-11.113180908425988,93.6387939453125
5.506094216928792,-27.382858276367188
5.29091659278858,-59.776275634765625
3.42106467876526,-220.58740234375
5.162821279449693,-62.72261047363281
6.020551076354931,108.93429565429688
0.8086942897832163,-586.47509765625
-8.80546181278599,28.414234161376953
-7.42349600405968,23.897674560546875
-14.4731176558811,38.9912109375
-35.5448186771701,163.00564575195312
-1.657597602265355,-79.68531799316406
-1.930224441335125,116.81747436523438
-10.398648228661925,102.21831512451172
-1.6521884315998507,-55.42445373535156
1.3131129859732091,-0.51861572265625
-0.1240821746904601,37.32603454589844
-35.1709788883515,21.785537719726562
0.6771989561182002,125.35321044921875
-5.8677981963370005,60.32994079589844
0.7982616963508231,-73.97488403320312
2.595279020812243,61.48866271972656
6.9472187772133225,248.9945068359375
-41.1395198834054,158.96536254882812
-35.4604736838065,54.856842041015625
7.87379173269718,-239.44537353515625
-8.72128086410909,-30.460906982421875
-82.13826531723697,80.68627166748047
-9.70693692529289,-8.2713623046875
-61.4386715672369,-24.361984252929688
7.10938257895085,86.93890380859375
0.4007388327427847,50.8193359375
-0.7455370396145937,66.37666320800781
1.674966057420845,29.917724609375
11.877856996640997,-8.023651123046875
-0.9096556467231308,98.77630615234375
-1.4680391508473674,86.125
15.6414782015599,-67.43997955322266
-10.35739215730591,644.741943359375
1.926107182225645,-43.7390022277832
6.99756701325662,33.370452880859375
3.54836143321337,11.146255493164062
-7.726553411266567,50.01519775390625
-48.51478094223695,-61.537567138671875
-3.0453156276270903,97.7568359375
-3.454798154796729,22.04656982421875
9.503977484174175,22.349456787109375
6.001532732018722,-69.38893127441406
1.775572054007981,-65.773681640625
-2.6871577689602653,-8.993896484375
-7.920344649869953,35.725250244140625
2.578081311550471,41.32080078125
-14.434457477598505,-28.609695434570312
-1.338045882914232,-26.75527572631836
-44.1817825469333,-73.61006927490234
2.4314234692194163,-61.78912353515625
-2.35314836228574,48.88861846923828
-2.07036107592124,-59.95531463623047
-6.560167066336443,-27.26385498046875
-2.54688332955635,17.75897216796875
-7.940842049461227,39.968170166015625
-7.789052707582185,69.5627212524414
-1.4295761119406232,-21.29547119140625
7.206977941743588,48.95916748046875
-4.081394009803599,164.5145263671875
-30.167243616457,3.97802734375
11.7225687296843,-40.8773193359375
-0.8984319813221007,154.202392578125
10.349523074958825,-0.9744873046875
5.42147270471237,-1.939352035522461
-0.3136273830120112,-205.28512573242188
4.398848813602776,36.12297058105469
2.099307195887115,18.0416259765625
-61.6890402284636,-16.63525390625
-7.08434802004719,-216.26141357421875
0.6962467393230812,-131.55545043945312
9.0758909366509,170.866943359375
-1.9263965715605047,44.44627380371094
-6.262949496708321,-9.608367919921875
-4.739766082030863,-1182.9599609375
-36.8822022827233,-61.041656494140625
3.24770439300306,-35.25178527832031
-2.289513933263135,-34.45306396484375
1.41805545618482,-189.4925537109375
-24.4432878855492,-112.32893371582031
-24.96156751119129,157.20263671875
-7.734574598544068,-372.181640625
2.79124989437018,-82.79595947265625
-5.17831154550348,-68.90520477294922
1.5275640312561216,-172.3069305419922
3.682989905065457,-163.63656616210938
-10.8237586662752,-61.916229248046875
-6.929951553081727,56.47283935546875
-27.96215708599589,175.50636291503906
-2.88087637063392,392.3348388671875
-5.960419628776203,-35.1341552734375
-37.189874708633695,-73.15816497802734
1.1496085756031087,103.82263946533203
-12.7137936794919,-111.87957763671875
8.398744223780918,-24.327590942382812
-33.3004252633332,-89.586669921875
9.144089281431205,-70.77978515625
4.065326821312747,683.8116455078125
-41.9047429025821,94.01406860351562
7.383552345763623,-506.27783203125
6.364261125349779,-106.42208862304688
4.841793570156368,14.212677001953125
1.6198341998494314,-62.07597351074219
4.179707781567577,-171.62057495117188
-14.7229944429405,-270.6234130859375
7.078924552126015,-121.1348876953125
-12.898019313824,124.29470825195312
-70.8116033690518,-32.15663146972656
12.7359625054994,-50.83911895751953
5.586124430090477,-236.882568359375
3.028467183462371,-5.491180419921875
-5.830142578087577,26.701812744140625
-22.6841489367301,-110.62690734863281
-1.51657819068512,284.9757080078125
-81.52648016021857,-298.21533203125
-3.36903782007548,-427.60498046875
-18.707844022,-464.1552734375
-34.48768519828235,121.51791381835938
-39.7169735486916,10.3900146484375
-1.593720937577549,29.325408935546875
-23.2954444871652,0.07611083984375
-45.30258920076982,67.73495483398438
12.5056328567953,223.25308227539062
-11.9299972333177,-168.55517578125
-37.9495035857927,93.1640625
0.7001962140772594,-62.04962158203125
4.49418879319923,394.9573974609375
-39.0646563811545,-32.15605163574219
-9.09730633851708,46.151824951171875
-17.5589533745204,-32.290802001953125
-4.92782811871599,-100.60763549804688
-8.2299173561342,-127.55755615234375
2.60625970962018,595.3148193359375
2.726862934921635,-62.85528564453125
4.071661498679735,114.29318237304688
-13.2494383747796,-15.084136962890625
-11.9154244975033,-139.52252197265625
0.9090871567987184,75.83181762695312
7.92708077877978,-33.781768798828125
-3.119647295186995,12.106338500976562
-2.248378586620203,46.49693298339844
1.6646916021852596,176.18414306640625
0.1590569364430157,-38.211944580078125
-77.3623903172369,-104.85247802734375
15.8859560938761,13.8760986328125
-3.11888044241469,32.35546875
-2.7468186065138984,-8.322738647460938
2.77922195660905,-247.57733154296875
4.052279150357491,-87.98644256591797
-4.03806373695381,28.442657470703125
-2.4461467814868523,160.7431640625
-0.1639564470097907,-72.89972686767578
0.8542168432631491,55.2476806640625
5.84905996845087,16.312835693359375
-5.77665564868809,-239.0213623046875
-3.7008288999313423,-210.18359375
-7.18713065449027,35.396820068359375
-0.9529303605806088,7.531654357910156
-15.902118442879,-85.65664672851562
-28.0636361890057,52.005157470703125
-26.912205886836706,0.3235321044921875
8.596988309863011,-70.99555206298828
0.2877587512502297,32.77360534667969
3.3899996482015826,7.992156982421875
-20.5869014386951,-11.4884033203125
-9.341800010912078,29.3128662109375
0.1692077246922899,-11.807785034179688
-1.857666460494741,-289.712158203125
-13.2752747780792,-37.06727600097656
0.7445982178878973,-26.455474853515625
4.49646859469848,338.6474609375
3.60913262992784,-66.43666076660156
-5.653435188749545,-44.74430847167969
1.51502173443586,-67.27268981933594
8.143116180793372,6.5014801025390625
-8.36164856265281,-146.42279052734375
-1.130678948105339,8.261276245117188
-4.349210006555943,13.776786804199219
0.2594141505344826,7.347938537597656
-32.1283374054069,385.4033203125
-1.9051378030600723,60.0826416015625
4.768047800449637,101.27888488769531
2.264898495983479,27.1029052734375
-6.47138721063866,58.0908203125
4.93167956005568,52.2691650390625
2.4851768276660025,-0.50982666015625
-3.930469946192945,72.67874908447266
11.923948375295712,-76.85383605957031
11.616605850275496,25.759178161621094
10.41580460128629,37.20350646972656
-8.700462669667385,23.52484130859375
13.1991243046288,-136.51806640625
-4.75101729862813,-58.18321228027344
-1.4230966237807086,-204.185791015625
-2.07861348348741,83.44760131835938
10.292368565007404,32.940185546875
1.9007667723773176,61.910823822021484
17.1612744381531,46.680938720703125
-0.1428452494230792,1.81378173828125
2.4933992323843923,44.70103454589844
-13.861300672159,-23.217437744140625
-1.7943154401891548,76.33377075195312
-4.15624175439773,-29.88543701171875
-14.277645616907492,-9.80594253540039
2.713132201978397,157.5565185546875
-13.315456279797685,-102.9888916015625
-5.36204355968609,-305.7991943359375
-1.4872271509121793,-174.00469970703125
0.31232235517322,-12.2117919921875
3.0307168501552093,-0.4672279357910156
3.4484762474106,-160.19630432128906
-34.0729170807354,-8.42523193359375
-25.0659802428987,-21.473388671875
0.86771933446589,213.73291015625
-11.996919710325,13.51239013671875
17.2594267615487,-98.9785385131836
-56.2560888739038,90.9771728515625
-12.7386491421071,98.8409423828125
-3.520787796436005,-14.70111083984375
-0.8014467498558491,30.964645385742188
-34.7812340468876,5.23486328125
7.158235365631607,-14.476478576660156
3.29681579894721,132.36428833007812
0.046018285265003,113.57867431640625
2.046344769010002,100.8438491821289
4.25403099118957,-61.93443298339844
3.7804230286959792,-74.71211242675781
-3.773219093074008,-28.75665283203125
-9.722403045722997,24.867568969726562
2.81101468536903,113.71875
-23.7494411406013,18.667144775390625
-75.56229656723696,5.7613677978515625
4.366245372711767,-37.03373718261719
9.94612085382829,-36.35105895996094
-8.207132148775708,-28.874210357666016
-3.09775596823669,229.257080078125
3.77256113899207,-12.85882568359375
0.2016574678685985,1.817626953125
4.38808277416547,2.4912109375
3.7092867134231,68.53765869140625
1.6740112862957208,-274.904296875
-5.472376660417956,-9.326873779296875
12.283123760680592,-167.63494873046875
4.417989059347175,49.113067626953125
1.907333647224608,36.61426544189453
-3.73521146317182,-65.98994445800781
7.837521570550837,-125.68936157226562
4.82455755953161,-44.07244873046875
-0.6472060937938101,-119.34384155273438
-8.237956686764985,59.238128662109375
7.36579899286375,123.67525482177734
7.859716520666763,-147.76669311523438
2.765011277030255,-124.96142578125
4.62415639298937,-184.3408966064453
6.430237727930085,-44.060420989990234
2.44728958086436,14.529373168945312
-1.93656353174353,16.952713012695312
-33.7845903951132,-16.874237060546875
10.960301672714698,-86.9365005493164
6.147225205740463,-42.364654541015625
2.4659746492236927,-105.27191162109375
18.2642273209106,5.05712890625
7.656482330373112,-68.52784729003906
-63.2346715672369,70.27668762207031
-22.9610154952969,-63.724365234375
4.39789099231211,96.86929321289062
-46.587141393021525,43.159141540527344
-12.281506448986304,82.39120483398438
5.220668557811489,60.30546569824219
-1.4412632820262703,-74.37593078613281
-35.163016426576704,-657.0078125
-31.380009974583203,106.3359375
-40.7258600860177,120.71029663085938
-35.3994683825842,-54.507171630859375
-10.968565079401992,-95.486083984375
15.384553292915324,-50.581321716308594
-0.4271227388875901,-92.28662109375
-7.69948364751984,-137.82696533203125
-26.6822467124322,25.051361083984375
-0.2823200449385875,-137.4541015625
-3.8453528225106623,-89.52371215820312
-2.4599041427842496,-137.10986328125
-12.7315114055493,-147.7779083251953
1.418014053180695,-440.622802734375
-3.4922781726655696,-215.189453125
9.58062385928767,-82.67044067382812
-17.5801214502402,-119.98980712890625
-49.5120706514507,4.95233154296875
-0.4503474699443348,-313.9461975097656
2.332279780348585,-655.191162109375
-42.2483635713802,-138.22305297851562
-5.00028834575103,-5.636161804199219
-5.14141487663266,-96.04098510742188
-19.923371510770203,-96.25100708007812
4.28301459624688,-202.935546875
0.3224388648416145,40.321441650390625
6.795393661635613,-149.04833984375
6.720388221210122,18.29425048828125
-20.7558388881914,-509.162353515625
-12.5922662394529,66.75326538085938
-5.19085420781142,-63.758148193359375
-27.3858072066324,47.65985107421875
6.488490212037078,31.589691162109375
-12.5233171201947,8.34442138671875
0.996650643215182,11.247283935546875
3.27144637329635,-42.94818115234375
1.203208947199059,172.46734619140625
4.5031585012656095,116.1954345703125
-46.6686841099013,-73.57366943359375
3.600655729290548,140.03062438964844
-2.7077151362496297,-278.5791015625
-42.936846127142296,-0.75091552734375
2.679404112105611,-11.567337036132812
-23.975827854410426,62.13603210449219
-24.4869919201538,13.301856994628906
-6.22433036882608,-32.803794860839844
-24.992167376126925,65.73577880859375
-9.742168339465294,-66.9022216796875
0.1235817830644999,-94.60061645507812
-11.607028837624,76.228271484375
5.321680837772678,-51.19268798828125
3.3452637215970498,255.2626953125
13.015759276594096,103.81430053710938
-6.13466459150186,-311.71142578125
3.0897024917955025,-142.3582000732422
3.557691046156,89.87369537353516
2.0008593011464906,62.083274841308594
-1.2671721747064446,-49.46636962890625
-2.989164004622407,-72.09237670898438
-2.43808381047612,-75.55209350585938
-11.30813578108209,-202.751953125
-9.619042312244815,-18.58251953125
-4.01456885639382,133.256591796875
-4.853312003098937,-32.031341552734375
2.78743688363977,-811.56298828125
3.6035536346157695,88.46795654296875
6.09033976794457,-98.01847839355469
-5.89266438028177,-40.01434326171875
4.780848076735348,-134.5509796142578
-20.7592210135025,-30.338157653808594
-3.637071869773312,81.85696411132812
-4.396710286499547,47.285030364990234
9.04709717330502,-56.537933349609375
1.69213972357191,389.42578125
-27.068723822751306,-140.410888671875
0.2886204877907422,95.88142395019531
-0.592182005541919,-200.39739990234375
-4.736229867816737,148.8258819580078
7.877641553655238,-8.964599609375
-2.588665914009158,44.28474426269531
4.72846919446815,67.80081176757812
3.42669038506664,37.67811584472656
-10.274169876330886,1024.89111328125
-1.289264920121349,106.1470947265625
-6.9648772325347394,210.73696899414062
-1.2236747050651609,-70.11767578125
-12.208208404490907,-84.02053833007812
4.40921359309415,-31.62921142578125
16.4171583068458,41.796722412109375
-15.991582533821994,-150.56234741210938
7.809600001042748,-89.83978271484375
-3.0331069492891496,174.17599487304688
2.603164662477901,86.49267578125
-24.2572199033326,146.84793090820312
13.667582002208905,128.72337341308594
8.19307228691883,78.52700805664062
0.4664503305112299,83.99984741210938
-6.46133524603972,185.6163330078125
-19.7520332208299,31.101104736328125
-7.75971004909346,-354.79864501953125
7.66334596528203,26.03057861328125
-27.64770126959135,80.76969909667969
2.125547882163602,-79.27554321289062
-1.8239337240231768,70.7100830078125
3.3696784995100426,55.06787109375
5.265272900492549,73.34736633300781
6.753311816554961,50.19744873046875
0.9434331950199416,-222.32177734375
2.13745295521649,-14.809539794921875
2.76912169862866,268.6810302734375
2.409764321136161,-118.09466552734375
3.7606671418030695,30.3092041015625
0.555665600488549,-74.30382537841797
-89.04756219223692,322.28369140625
6.987950206462267,-203.22671508789062
-10.09410467002709,338.90380859375
8.16191414696451,-165.7311553955078
-10.731303688850904,-21.158416748046875
7.588764503474316,-141.0242919921875
-5.25293160621848,66.31787109375
2.3065604778561424,-188.77743530273438
-3.8022266666193874,-14.27850341796875
3.22816419080692,29.941017150878906
1.1941842843275,34.096031188964844
9.772192422094813,-83.4298095703125
-2.489313079893845,911.2105712890625
-13.547300817594484,-54.07577133178711
-1.5403494549472296,76.75325775146484
-5.139364658294922,-60.391998291015625
-1.32131943338233,157.181884765625
-0.5284321769112605,-3.631103515625
0.1119561526876595,-85.74124145507812
14.8508222506114,163.3423309326172
-0.0918051514147744,-119.720947265625
-1.7237618714553775,-82.87925720214844
-1.5699354762224491,-126.8875732421875
1.5718362711845366,23.332313537597656
3.58036180553514,-71.53085327148438
7.45084701577923,66.00230407714844
-7.378812419643663,177.38201904296875
-33.1832620874725,-67.14533996582031
-6.066411004621831,14.7747802734375
-16.4910721624856,-126.440673828125
0.8267526169764301,32.78538513183594
-9.762453719841735,31.3511962890625
8.07102955700163,26.935546875
1.741670982094262,-20.615875244140625
-0.0053525606393112,-180.3349609375
-51.4043293278057,49.99517822265625
14.9415296965116,-173.88543701171875
8.70853787657841,16.62908935546875
-2.149900469098629,-10.63818359375
14.8229623836697,-75.5782241821289
-0.0379657812584102,-46.626953125
-15.3173389528898,256.5963134765625
-1.7663441991754285,-874.9853515625
-6.708306328674888,-80.30072021484375
-78.7451798053926,-77.33334350585938
-0.5413656534735456,-282.22314453125
9.625121597198186,146.2979736328125
-3.15562863494722,2223.84375
9.60447820177431,268.47454833984375
-3.31847606547329,-104.04373168945312
-4.12581810820042,3.800527572631836
1.7706121017107803,-56.68522644042969
0.5117341060036625,29.482208251953125
2.63157412115867,39.358726501464844
-4.763634360062484,-401.439697265625
-11.18181257464061,-97.34779357910156
-39.4932668903457,-48.91357421875
9.206200380526292,90.94386291503906
-2.93911844531118,38.269256591796875
-28.13472322157985,-33.4310302734375
9.62907409316032,-232.86968994140625
-7.042636248773623,-84.521240234375
-4.03025121975644,104.06402587890625
3.42951329804928,-52.89118194580078
2.5565427438131976,263.6513366699219
2.8513084033656,-131.91299438476562
-5.5623675139736175,125.45343017578125
16.9968892380515,-30.4512939453125
-4.144685584269085,31.856956481933594
-11.221818720505304,114.75189208984375
-2.111656589218961,-55.016204833984375
-1.626797120535592,107.36807250976562
0.7652624054000594,-42.5234375
-21.5531296050118,-25.63983154296875
-13.053772031257305,42.4693603515625
5.42509465390903,-2.8488388061523438
-5.5186956836840375,189.94012451171875
-2.260381023139061,-304.5737609863281
-30.3377383335249,33.364166259765625
7.380729755239978,40.0638427734375
-4.172986764275874,12.509597778320312
-1.2036514942358316,-109.95606231689453
-35.2906329121599,130.341552734375
-2.54595208771381,172.9796142578125
-10.901275449743116,75.72433471679688
-17.0078420331655,-39.47203063964844
-17.0314498829154,8.619140625
-11.9784507557909,-8.1611328125
-19.469018973061075,-14.86566162109375
-3.2142130797467816,-62.58470153808594
-0.5663484394051013,-135.28524780273438
-21.2195468929047,-9.097938537597656
8.077984978184695,-90.50823974609375
-17.0119321722455,41.69038009643555
4.67424026120176,143.7462158203125
-47.9875704511971,-99.18634033203125
4.316615136301563,99.13623046875
11.2728180991378,-4.1885833740234375
-3.5546157663424616,-76.10171508789062
-3.15887949932979,-17.040679931640625
-1.6422791314174887,-31.753768920898438
-3.448025235667948,-18.65880584716797
-13.5632540546311,-48.48728942871094
0.8825935384285006,-40.55824279785156
3.27100049685324,57.56353759765625
-0.7762273913233743,-30.650985717773438
1.026942322157092,-89.84208679199219
9.859104788483815,23.544540405273438
-1.9977872313530125,154.889892578125
-13.1809903671301,-4.210906982421875
-35.1782981083837,-110.24211120605469
-35.8337806803641,-3.766632080078125
-7.639409008216227,89.58404541015625
-15.746453943284,-119.78872680664062
1.055995951979529,-27.065536499023438
3.987299411465438,-19.143341064453125
-37.0930621901092,-127.38177490234375
16.694612728237402,27.427032470703125
-4.527979888097892,82.64247131347656
14.6352674345898,143.28427124023438
5.034618319433818,119.53585815429688
-3.77133000272187,-375.01904296875
-1.61504571199055,74.10699462890625
-56.3663437951974,-16.601806640625
10.088450856398616,46.523681640625
-14.285610883283098,-70.85116577148438
2.6210618799141923,-82.953369140625
-2.308732762121495,26.660186767578125
-83.9761260280997,-72.84053039550781
-1.03656181464744,-127.317138671875
10.16232173056559,11.7904052734375
-3.12013961477547,-16.744003295898438
3.010752586641185,-91.2633056640625
-1.5178355576616795,-64.99671173095703
-2.60072537807549,31.310806274414062
-2.367312137177082,-54.2763671875
6.075310726130807,98.3189697265625
2.24572304437811,85.3857421875
0.2044267191685782,81.649658203125
3.85944773684647,-50.03437042236328
-14.409506408843407,-5.509712219238281
-2.683955047842884,62.980712890625
-0.0075038478591599,183.2137451171875
7.190050317883171,-54.93019104003906
-2.1691769605730515,36.46502685546875
-7.910003358009165,-67.72627258300781
-69.1366966634013,-68.24488830566406
1.437241653553571,-68.03302764892578
-20.7409218490905,4.106903076171875
3.78247800369874,-36.73193359375
7.909526276907584,10.35498046875
6.097122298913325,70.24038696289062
24.5800902168924,-41.19012451171875
-9.979741434164584,36.556610107421875
3.1327986373042376,-66.54669189453125
-8.393586343504198,-15.103309631347656
8.678125432705007,-17.995223999023438
20.7428439693387,-31.208831787109375
-1.511416195100045,-97.90017700195312
-23.3725501337939,34.234649658203125
4.69437535963172,-26.600860595703125
8.24149319055937,83.30194091796875
-0.2898522089969393,73.24284362792969
-7.19378137939456,43.032470703125
1.0271109700113177,15.151992797851562
-14.564555056626377,-5.2593994140625
-9.657849716236,-62.309814453125
-0.7280966227290082,249.01220703125
-21.8962191024866,-113.44598388671875
-40.2614734397264,-134.0400390625
-1.77750068778882,303.3828125
-28.3488859938485,304.1318359375
-8.184373188662292,-140.36196899414062
-6.135426654744688,240.06103515625
-3.270422191581055,-102.96370697021484
-6.055427015859325,373.93701171875
-34.3143130117107,364.9873046875
-50.4820483838523,-124.36766052246094
-4.639593570653838,-21.484649658203125
-21.0606958753072,1233.4140625
8.747205755218493,-126.59161376953125
0.6884341878779402,-230.427734375
0.300408103033295,-1002.9140625
-17.2817979072755,-171.0037841796875
5.79128728304933,-501.2880859375
3.7921116228684086,-68.04608154296875
0.51700222845629,-12.525146484375
1.0966146270020711,-34.7313232421875
-6.613686761665703,-23.404449462890625
-39.873530292237,22.245849609375
-35.0272315856836,-94.66815185546875
0.2475632146873464,-78.59681701660156
5.59963570142504,-28.943771362304688
5.29419053806362,-12.4205322265625
6.457932781589695,-46.27813720703125
6.4251548431743295,49.559356689453125
-19.7885249955934,166.60498046875
-2.4097304318056905,-32.807334899902344
7.543407488617369,-524.9095458984375
1.83593808226401,-75.52395629882812
-1.5082203021212124,136.2166748046875
5.99108205682079,4.495582580566406
-18.1797235112709,24.848114013671875
-12.840088322870097,-185.03773498535156
-2.23616712442702,-134.7472686767578
-4.662511414401839,-26.1556396484375
3.41802282280863,50.974273681640625
-12.0320822507053,10.943115234375
-25.9801803981754,-447.771484375
-5.97419023328963,24.54400634765625
15.4186986077963,374.24560546875
4.480465220149085,-35.133056640625
-13.2363849677504,-22.450393676757812
-9.362863686069195,-10.998870849609375
4.128157012788561,-130.410888671875
2.26767773086615,29.33355712890625
-24.1634597090208,74.63311767578125
10.013204486477417,-245.909423828125
-31.934070451053,50.5986328125
-22.9515728231767,369.11865234375
-11.219410776078313,-29.73486328125
6.00089213826483,-18.91455078125
-28.9638748432599,-22.03461456298828
3.11049964318654,-118.52569580078125
-1.073248118887358,-38.314208984375
-10.249148139079496,-232.775390625
-13.14009076535719,-155.996826171875
0.7364260970712593,-53.34257507324219
-44.9949251983702,-110.90573120117188
-5.159519294761907,97.425048828125
1.869241020829697,-536.41015625
-55.54568697318505,15.064445495605469
0.3065104335081801,203.58526611328125
-10.386374558578522,-77.78617858886719
-3.0345245902191325,94.29170227050781
-57.144820014625296,-41.5902099609375
2.85060083445348,158.58233642578125
2.446050707651698,243.9237060546875
5.50221601830175,-9.61083984375
3.455876052191651,114.14341735839844
-14.6157572128631,-95.81069946289062
-0.874105623616695,147.2186279296875
-1.378759213278819,2.170684814453125
1.350733135180331,-143.1689453125
-1.94666134980912,-36.33074951171875
-3.36735139960915,15.769607543945312
0.8319171014720902,81.33177185058594
-40.2101205720394,-114.51943969726562
-24.577379709126298,10.796371459960938
-18.6292132467089,13.485420227050781
-46.39510994896701,-911.18701171875
-2.487076105276776,-816.589599609375
-4.752960817423343,-119.972900390625
-0.1160299782726794,-224.8623046875
-18.5277286275242,-134.3311309814453
-14.1325019191809,-116.05331420898438
10.909208084253878,-219.61106872558594
1.30779520720034,31.3253173828125
-5.77436797253085,-21.38690185546875
3.986867952152618,59.27394104003906
-21.7936206120663,-17.1002197265625
-2.643556292002,87.4765625
11.0853991753379,83.9088134765625
-12.9397422629832,63.43636703491211
-0.190891674386513,-787.74169921875
-6.32558602127377,-75.17149353027344
5.391699208755202,475.6060791015625
-8.998840630677615,515.277099609375
-1.6005087696864486,12.201675415039062
7.5482379424635875,116.36775207519531
-7.642910278690365,149.347412109375
3.719171936095444,-146.87057495117188
-0.8981307679622897,-131.6064453125
7.06032809637297,-54.06610107421875
-3.134999611446543,-65.04252624511719
-5.94174589421185,500.026611328125
-17.7883076547542,-94.26870727539062
-25.2381267145584,-80.43190002441406
-27.5445722402187,13.145263671875
2.6678241356197647,74.91758728027344
5.02066543392875,229.32275390625
-1.67197513843126,-40.49873352050781
6.58117049992555,-56.92572021484375
3.12612254618191,-36.76542663574219
-2.1147225087047508,-133.21527099609375
-76.9668504799361,-54.57733154296875
10.11870938841209,-38.214813232421875
4.755697845162629,-88.1942138671875
16.5479703149859,-32.55719757080078
4.001938538520379,-67.64895629882812
-14.1813773041305,-129.6687469482422
0.7709161631446207,-46.443389892578125
-24.2508933717269,56.8214111328125
-22.3071231538392,-125.44680786132812
7.2595381633228,-76.17749786376953
11.555346181601609,-63.15745544433594
-26.258782255785,91.0853271484375
10.3189652047012,-1698.9921875
0.809697096857583,-53.81907653808594
-18.5255095356289,-2.5894927978515625
-1.0680791130593923,35.92964172363281
-3.5390830989045075,33.62272644042969
10.468583156479704,-89.648193359375
-10.613183176373598,1089.5830078125
-6.40442742836347,45.615020751953125
7.196532980977684,-2.43670654296875
-10.586292641023492,-133.00128173828125
-26.79502671025515,127.818115234375
-7.187555808667961,-143.9432373046875
5.4465900456679694,-6.8656005859375
3.1988276731025875,53.0953369140625
7.827394642815597,-19.6072998046875
3.887422638441485,-74.213134765625
-3.41466344580097,-207.35629272460938
2.667044757168528,35.16064453125
1.0590749185315824,427.30078125
-3.9965921287470247,20.626113891601562
10.982614675109394,-57.864776611328125
0.4076170529080399,-221.6015625
2.71319811317338,18.031097412109375
8.652061852316729,-293.5244140625
-0.6579761516790089,178.063720703125
-51.6773231694491,1.014556884765625
-2.8325461302865187,-203.79763793945312
2.12749125232924,-17.370590209960938
3.562549470771905,-93.37591552734375
-16.517773128145326,22.081016540527344
6.874655354673765,70.49203491210938
0.2047767843086013,367.467041015625
-2.698758931910008,59.59326171875
1.8601156760560384,-21.95343017578125
-22.2455703021075,-63.86170959472656
2.4288820651169605,37.833251953125
-16.8307740899425,-51.1356201171875
20.7191486697607,-151.83067321777344
-30.7261055182573,-111.67770385742188
-38.4849400567448,-11.06829833984375
-14.3103126367969,-88.73783874511719
0.7860328468455551,-94.401611328125
-48.3858044800915,-180.72048950195312
-3.21662088766757,-17.617279052734375
1.675245639565673,170.79217529296875
-90.3299705619704,-99.06417846679688
-9.28527551691871,-121.53662109375
-1.2293411329062325,-115.56280517578125
-4.534682244798708,41.5179443359375
-68.1959205924323,52.26165771484375
-24.5242345195019,44.10888671875
-2.77042962989298,26.270858764648438
3.8009101564042025,-5.9774169921875
8.933703319425492,79.85678100585938
-11.341527235964405,-41.1162109375
6.71098989067457,-129.92811584472656
4.54734483862441,-119.57597351074219
-5.16341129781556,170.69239807128906
-49.062306315025,89.2335205078125
5.26551760771767,-165.127197265625
3.33951124606136,52.585205078125
5.006519903780723,146.8924560546875
4.05485944970297,16.687530517578125
2.283405953189745,-104.96435546875
-2.66483863280114,-14.935050964355469
12.566471603210276,-237.43313598632812
-27.9020155354992,-81.06900787353516
8.88265541550952,-26.801544189453125
0.1652887870268324,54.576080322265625
15.4985727759109,420.0379333496094
9.014890317831036,-137.58238220214844
1.4803529144374856,-56.764404296875
18.1939100849816,-12.0511474609375
-2.6304973605131474,-94.69915771484375
-5.493763326806099,-16.54559326171875
-0.6715208179901364,-69.1998291015625
-36.7383193130824,193.0198974609375
5.062784719364307,-203.03720092773438
-12.026803679110706,-143.3943634033203
-3.01321716593974,-26.46063232421875
8.35813394800668,-41.63007354736328
-3.60075442831331,93.2440185546875
-9.509135784465323,445.2633056640625
-19.6175855102284,-101.36978149414062
-27.8629509568953,164.06951904296875
1.74273211890989,-402.49835205078125
-2.19578977406709,-51.265525817871094
2.42002639701588,-91.65716552734375
-25.55316918036869,100.21896362304688
5.635020609606415,9.055267333984375
-34.727836669101,14.008392333984375
4.4516036428765,-10.837997436523438
4.967381413305823,-311.16119384765625
-6.81516141534704,-33.2430419921875
-24.3954295810688,-70.62718963623047
8.658679095048068,-321.3424072265625
3.7347243087796,-275.21240234375
-12.909633143366396,-53.857177734375
-60.49569009623433,-82.09454345703125
-3.790702882666694,-8.970428466796875
-12.41068356063,-89.4295654296875
2.76740193393285,-5.14434814453125
-18.9061714872788,6.244964599609375
-3.681083449701528,0.82879638671875
8.13893448615947,-55.07086181640625
-51.402683514636095,-37.510215759277344
-3.0703466753296,49.416656494140625
0.4646043967887734,-56.959716796875
5.989492839405608,-43.36163330078125
8.833837192566008,-104.26959228515625
-26.1965705632023,-106.23828125
0.0804428699766095,64.97771453857422
10.229168329440906,-87.63075256347656
2.12042655289975,-1.03485107421875
3.88810032819938,-37.59326171875
-31.515616413872173,118.82164001464844
2.28163515100639,154.4986572265625
-9.633163292669298,64.44081115722656
2.63206586722876,-82.07652282714844
0.3189015990893598,12.019737243652344
-6.31868596379813,-387.89520263671875
-6.4648984000359935,-13.457901000976562
8.91646092056966,-11.011337280273438
-42.637521131086125,26.5946044921875
-89.5439156156453,-116.87486267089844
9.179556151687803,-242.6025390625
8.754663680824095,-74.792236328125
0.8838679103249854,21.77215576171875
4.338369925074482,16.182228088378906
-18.23432595343749,65.13802337646484
6.92534745147092,107.63198852539062
-1.768261666543676,81.1624755859375
-7.87226820943855,27.093780517578125
-12.0847368637308,-55.38970947265625
-4.4222229386498375,6.288543701171875
6.63109301847755,1.391021728515625
1.675381804264854,6.2439117431640625
-6.897600670415837,-490.4779052734375
-12.2774867069717,-121.36962890625
-3.963646539183849,-75.06529235839844
-2.552277046947741,75.32281494140625
-10.78700495517378,-74.199951171875
-6.426376983867103,69.68881225585938
8.2142562177934,-8.377975463867188
-16.967828162594074,4.7647857666015625
6.07843040491799,-42.925621032714844
3.08443697315444,-449.727783203125
-1.3811964732242277,-260.9024658203125
-4.51305804704249,-477.60498046875
-9.93375477053989,20.68260955810547
-0.6581754288220045,-34.7940673828125
-7.952166005584182,-39.38116455078125
-13.563015982384195,136.3472900390625
-47.9957157156951,-102.84918212890625
4.96190002222477,-309.73431396484375
-2.0240269290899,11.086326599121094
3.47166270740147,-149.55242919921875
-5.2815921348029296,-201.950927734375
2.369358494612781,-444.992919921875
-4.214346026907057,132.37196350097656
-23.8934551543691,185.3841552734375
-1.0659561461183158,107.034912109375
3.126169348435272,-261.897705078125
2.35164464781062,262.60546875
-1.79502295092813,-81.38619995117188
-15.957982665262508,-41.26519775390625
-64.65676531723692,129.19692993164062
-27.8195558011628,-102.94891357421875
-10.480511156242285,70.14871215820312
-6.18357684414468,-5.873664855957031
-6.75960002722117,-796.5782470703125
4.4105627388370605,1248.1531982421875
5.58846482112586,334.1748046875
-16.8483709423333,-269.79052734375
16.1850033157246,383.1625061035156
-3.34531377329845,635.357421875
5.893700156574014,-30.046051025390625
2.745769909533195,-84.91473388671875
2.53362859007723,2.4034881591796875
1.0880788430276551,-152.34759521484375
