Score,Pred Score
-13.812973987503693,-0.38262149691581726
-14.6311710829416,-1.8235642910003662
-15.020937907067507,-21.314790725708008
5.61896917638109,-1.8458269834518433
0.1461877509898399,-1.8083406686782837
3.59745169898486,-0.9059455394744873
-6.72144892291601,-10.98006820678711
4.304204520484877,-1.6936070919036865
3.37898618824583,-1.851776361465454
3.939818822274421,-1.6946580410003662
13.9953943577381,-1.5533339977264404
-5.39913759737588,-1.7731318473815918
-2.204579993178592,-1.194962978363037
8.829561804598438,-1.5953271389007568
6.01696699102072,0.5107103586196899
-6.376202369524528,-1.8020635843276978
-6.50906463316165,-1.7732863426208496
-60.92137282626391,-1.6317685842514038
1.99934019108803,-1.7400047779083252
2.188685633501576,-1.8125660419464111
4.07090957771029,-1.8168567419052124
0.5211206139658471,-2.1719601154327393
12.5580583918003,1.6482592821121216
3.320229681965675,-1.8602452278137207
-0.4381862293696001,-1.8302428722381592
0.1752112379752922,-5.723365783691406
4.123908949931413,-1.6162924766540527
-14.2382866820043,-1.9088168144226074
12.966325580978296,-1.7301143407821655
7.692941411907634,-1.6388959884643555
-62.9031214125763,-1.806609869003296
-5.800670766453999,-5.5670881271362305
-11.705366535732304,-0.9985509514808655
-4.786538605318405,-1.8251601457595825
-82.4887013651952,-1.8342645168304443
-8.251107402184557,-1.817122459411621
1.61677665352485,-6.907258987426758
-11.916211326129387,-1.8019649982452393
-45.634880019414,-1.8281757831573486
-0.568998602339841,-1.4275479316711426
-12.147399114840605,-2.0988693237304688
-27.4476544011683,-1.6164565086364746
-2.306526469902426,-0.977545440196991
-0.4835459876036119,1.6233241558074951
-8.39479061793487,-19.34291648864746
-46.862925671502296,-1.7755628824234009
0.3837795244341289,-1.6120851039886475
7.184930267876617,-1.8589226007461548
2.8348518495029404,-1.834498405456543
-9.859535687586003,-1.6689960956573486
-6.00025755794808,-1.8091835975646973
-4.764629840066975,-1.6104187965393066
-2.377061578670744,-1.5438261032104492
-2.0585753436264698,-1.8660221099853516
1.1848602197973823,-1.613915205001831
4.97603191479674,-1.8978441953659058
4.27399441028646,-1.8309880495071411
-46.2372447228831,-1.7073869705200195
-31.4759298257721,-1.718158483505249
-50.1674018945849,-1.8576455116271973
0.9601515747159592,-1.4863157272338867
-11.864177458483407,-1.4750895500183105
-0.538262620928304,-1.6113358736038208
-0.6920482116816997,-1.1904871463775635
-1.5184696160120892,-1.0299341678619385
-3.0836644409391925,-1.4865994453430176
11.316750179392892,-1.507682204246521
-11.183106529127476,-0.9330240488052368
3.59102041590596,-1.52885103225708
4.55602013063716,-1.4053748846054077
11.579228393987275,1.0847758054733276
2.3067635611900137,-1.3768041133880615
10.480393919522983,-1.5021328926086426
-2.698100773809443,-1.4855263233184814
3.776985072333982,-1.4130980968475342
-11.773766374328297,-1.0692782402038574
8.681027307740193,-1.27705717086792
-1.1091988250418725,-1.5203746557235718
4.484288991501213,-1.4370864629745483
0.0548896546292299,-1.2345428466796875
0.1118559290339978,-1.3788785934448242
3.9797293996962297,-1.4348986148834229
-22.42608065327665,-1.4911503791809082
7.37064384347005,-1.1036590337753296
-0.2642143205483515,-0.12920749187469482
5.344594984386832,-1.4895164966583252
-1.2497809936708242,-1.5245928764343262
13.71198107208239,-1.416166067123413
0.5045482395984724,-5.463860511779785
2.86709961553106,-1.3971290588378906
0.4423212163888063,-1.4016810655593872
-3.724573545179619,-1.3352611064910889
0.2570808252882703,-1.4896231889724731
-70.65073406723695,-1.4938311576843262
-33.9587360563784,-1.473169207572937
9.2088386022025,-1.1093080043792725
1.3318185914773402,4.211424827575684
-9.176001953270983,2.436309337615967
-10.497767159210698,-0.861386775970459
-0.4402086584014632,-4.0930938720703125
2.1560784090827942,-1.2166879177093506
-27.1636490162131,-1.5214931964874268
-0.670930828719279,-6.627567291259766
-22.794043146736,-1.4863513708114624
0.8105828534072201,-1.2689309120178223
1.2287673509824204,-1.4813323020935059
-0.6435038581465955,-1.462539553642273
8.474782023793379,-1.4538254737854004
-9.601847091024196,-1.438412070274353
-1.6610011043127195,-1.1224031448364258
-0.1091636509260827,-0.973042905330658
7.570838092245207,-1.2321045398712158
-7.211196994815285,-0.8103234171867371
9.090654061652296,-1.4837486743927002
-26.6651088566214,-4.340777397155762
-17.309192174305,-0.03763212263584137
4.14054171285972,-1.5300378799438477
4.097668935846943,-5.090267658233643
-0.29408409265346,-1.531261920928955
-35.8165916579592,-1.5263917446136475
10.898098675545494,-1.5029165744781494
-1.6552655274048038,-1.5083513259887695
1.6729502580778592,-6.608442306518555
-6.42491227706334,-1.5204780101776123
-15.4752611754195,-7.246200084686279
-0.6907348474047925,-1.4708083868026733
-21.3629045873375,-13.69112777709961
4.219145585451182,-1.1530885696411133
-3.019531285218114,-1.412994384765625
4.25311060075082,-1.7002352476119995
-15.0412339008878,-5.093051433563232
-8.237627320974727,-1.7176756858825684
-1.0683487237199796,-1.5554523468017578
-1.7174251595272625,-1.7840023040771484
4.069163600073605,-1.6635851860046387
-10.162041561092582,-0.950654923915863
-5.97248436581227,-1.6957616806030273
6.120538767403939,-1.6915371417999268
-0.8028238008287005,-1.7235697507858276
-23.6042929930625,-1.6805858612060547
-0.1777753404752198,-1.6526762247085571
-5.785469568057495,-1.6716833114624023
-0.0556983764780604,-1.7267494201660156
-25.4508968849616,-4.893773555755615
-5.3185412482723295,-1.5744911432266235
9.1356503291117,-1.722421646118164
4.020569536845237,0.18746954202651978
-58.5527340809363,-1.1267635822296143
-6.291328737399075,-1.681351900100708
4.187869588752649,-1.6027956008911133
8.922207576391518,-1.7192010879516602
22.7414116448382,-1.2323626279830933
-44.6057608529879,-1.7057926654815674
-26.5129077898497,-11.37887954711914
-2.13735826282737,-1.5220634937286377
-1.14890133483728,-1.7177610397338867
-15.2234416939723,-6.614292621612549
0.369316059642221,-1.3130149841308594
-0.6884117876070912,-13.888132095336914
-5.8772631055401,-1.687983512878418
3.6053774296538297,0.5447742938995361
5.07108724357905,-1.7015185356140137
1.292753014965791,-3.1235623359680176
8.440986836263871,12.614280700683594
-3.43040335892423,-1.413200855255127
0.7651079053562314,-1.6581757068634033
-37.13962469223695,-1.6034269332885742
-5.822632503482525,-1.1771138906478882
-6.879472048396067,-11.66214370727539
2.11024229353816,-1.0849279165267944
-7.1526743450051855,-17.797420501708984
-1.122073026503361,-1.769716739654541
0.3302260274555297,-1.722254991531372
-1.178255647098801,-1.669804573059082
-2.99361591491145,-1.4729156494140625
-18.1070051290659,-1.061729907989502
-3.0332808194811403,-1.5540051460266113
2.6303171850506604,-0.7229330539703369
-9.72499716390718,-1.723698616027832
0.2729453578388601,-1.5041184425354004
-21.4503408223732,-1.1503245830535889
-4.99755531471552,-1.6876463890075684
-18.0018409950579,-1.6789900064468384
4.00031385473591,-1.727237582206726
12.0378145652987,-1.7086461782455444
14.1235470599023,-1.5060676336288452
6.55729051148795,-1.667694091796875
11.19992297656359,-1.2017465829849243
-7.81388191369781,-2.0495879650115967
-2.924593214648255,-0.47975480556488037
3.7667366885646025,-13.026996612548828
-6.68253431604433,-0.4461718797683716
0.7345204104922589,-1.5891542434692383
-10.626155896203898,-1.2160282135009766
8.106852576346123,0.4547247886657715
-58.24412469223692,-1.623241901397705
1.4955767028094,-1.3428645133972168
-17.6906096863185,-1.78950834274292
-4.813871520282443,-1.8524954319000244
-11.8973420493851,-1.4536597728729248
-2.67676896274171,-1.4817876815795898
-3.9331393974605526,-1.586312174797058
8.756217929094177,-1.6361314058303833
-29.2662792150344,-7.035545349121094
1.7249239205326918,-10.187702178955078
-6.686975812883663,-1.1097025871276855
11.10272802991041,-1.2269322872161865
-10.956818171714705,-1.7072622776031494
-6.3500959185649,-0.7032214403152466
0.6681105368389735,-1.6973127126693726
-12.500029270357295,-21.168018341064453
-2.591242863373206,-1.7447494268417358
5.954690473588823,-1.773011565208435
-43.929359067237,-1.7360618114471436
-17.4841411730512,-16.621475219726562
3.61441892535489,-1.7428605556488037
2.1112971208509976,1.1687133312225342
-41.8026500314277,-1.7930959463119507
7.028135642932115,-1.7610652446746826
8.463248256721428,-1.4333522319793701
-13.037072413777096,-10.784675598144531
-1.6307504375632549,-10.576526641845703
-0.3284521577656807,-1.7930794954299927
0.4685622181175212,-1.8206617832183838
-5.316952415477393,-5.008419036865234
4.584421564331302,-1.6899666786193848
-20.3593816575191,-0.9016185998916626
3.67041582610247,-1.7872742414474487
2.204062447972561,-1.7941657304763794
-4.666937653128132,-1.5530529022216797
-12.3781694316975,-21.35407829284668
7.06923762363823,-1.4948806762695312
-37.2883298194418,-1.0287683010101318
6.442434166934048,-1.5321141481399536
-12.2162083245621,-19.83524513244629
-20.3623076046531,-0.4967358112335205
-5.45440876641342,-1.3324666023254395
3.1416241584890576,-1.497446894645691
-4.96580172718434,-1.7540829181671143
-37.4061766871973,-1.5144071578979492
6.46185690649625,-7.153273105621338
0.5403453062071405,-1.3439610004425049
8.656689402528613,-1.7496984004974365
12.331931266595111,-1.7128719091415405
2.75380173901167,-1.7939746379852295
-2.8447496930443927,-4.311161041259766
0.0285872237409883,-1.8089101314544678
-73.5286754265322,-1.8607537746429443
7.285509446842615,-1.7866628170013428
6.72046542688671,-1.2941415309906006
-6.19730890695259,-1.7641992568969727
-16.4599719883519,8.635499000549316
-10.288292260688207,-1.408397912979126
-10.285920522724917,-1.7598158121109009
-30.8171784242839,-1.153956413269043
-4.65691689928222,-1.7582647800445557
-37.1716279374795,-1.6383565664291382
-36.50577458359941,-7.546082496643066
0.7942566624333496,-1.420751690864563
-34.8552692363716,-0.9300960302352905
-2.491707941339629,-1.737314224243164
1.7387039934851498,-0.5543407797813416
18.9715733525152,-1.7445478439331055
-13.8996269060666,-1.6128569841384888
4.17561229224804,2.7703804969787598
4.7680640763497,-19.725217819213867
-6.745372906074374,-1.7485535144805908
7.262818938793504,-1.4995262622833252
-55.7541546140486,-1.693000316619873
8.453421074249384,-1.7113171815872192
-5.85807143580148,-1.664373755455017
-52.7336020518746,-1.644051194190979
-1.995826789875676,-1.0326437950134277
-1.3326443092463092,-1.630959391593933
5.029017096161708,-1.5787653923034668
-0.71117494174041,-1.7654547691345215
8.243548509216069,-1.6776947975158691
5.81602235619721,-1.5461997985839844
5.978124919049687,-1.6133863925933838
-2.8859593337581737,-1.5353655815124512
-26.0047332498617,-1.7170627117156982
-1.5220929784942658,-7.258937835693359
-3.195242757261453,-1.623884677886963
-15.0089303719363,-1.6245938539505005
-1.757118944268968,-1.2684513330459595
-13.5091075877696,-1.6991446018218994
-4.0681667574955,-1.7315031290054321
4.43276114617859,-1.7457022666931152
-4.665207913971671,-1.692562222480774
7.33919324558513,-1.70247220993042
-11.69780882660921,-7.39234733581543
5.960801203295765,-1.424917459487915
-29.9162730471743,-1.8224672079086304
-5.331847529263395,-1.6238547563552856
4.2006804390709,-0.3688651919364929
4.76541245752904,-1.702484369277954
5.87221574658101,-1.6410810947418213
-12.955988512618,-1.752156138420105
-14.4061745570978,-12.757039070129395
13.644333664082708,-1.687916874885559
7.522446474796843,-15.062864303588867
2.858782897786812,-1.5857146978378296
-49.8653288018085,-1.7019867897033691
-4.029904705212941,-1.490537405014038
-6.2026319104393295,-4.798489093780518
4.452168509343501,10.391512870788574
-16.475900892606802,-1.0184823274612427
-11.03094492075089,-1.7116172313690186
-8.08045020128908,-1.2367422580718994
1.39259946716825,-7.989177227020264
-14.885807229381896,-0.8949774503707886
-11.113180908425988,-23.948701858520508
5.506094216928792,-4.85396146774292
5.29091659278858,-1.083479881286621
3.42106467876526,-1.728663682937622
5.162821279449693,-1.691697597503662
6.020551076354931,-0.04186058044433594
0.8086942897832163,-1.605520248413086
-8.80546181278599,-10.903829574584961
-7.42349600405968,-1.7088673114776611
-14.4731176558811,-1.6908740997314453
-35.5448186771701,-13.248306274414062
-1.657597602265355,3.4158713817596436
-1.930224441335125,-11.667305946350098
-10.398648228661925,-1.675126314163208
-1.6521884315998507,-1.243693232536316
1.3131129859732091,-1.4621872901916504
-0.1240821746904601,1.490607738494873
-35.1709788883515,-15.944355010986328
0.6771989561182002,-1.568960428237915
-5.8677981963370005,-1.6612133979797363
0.7982616963508231,-1.2483296394348145
2.595279020812243,-1.604679822921753
6.9472187772133225,-1.4384808540344238
-41.1395198834054,-16.841548919677734
-35.4604736838065,2.7630887031555176
7.87379173269718,-1.652145504951477
-8.72128086410909,-1.6468474864959717
-82.13826531723697,-1.6800305843353271
-9.70693692529289,2.561188220977783
-61.4386715672369,-1.6830716133117676
7.10938257895085,-1.2442660331726074
0.4007388327427847,-1.5742523670196533
-0.7455370396145937,-1.4604341983795166
1.674966057420845,-1.644911527633667
11.877856996640997,-1.4334324598312378
-0.9096556467231308,-1.4338629245758057
-1.4680391508473674,-1.338183879852295
15.6414782015599,8.103374481201172
-10.35739215730591,-1.1953418254852295
1.926107182225645,-1.4083917140960693
6.99756701325662,-1.6704564094543457
3.54836143321337,-1.686751127243042
-7.726553411266567,-1.6455564498901367
-48.51478094223695,-1.6437009572982788
-3.0453156276270903,-1.6923892498016357
-3.454798154796729,-1.2208383083343506
9.503977484174175,-1.5679543018341064
6.001532732018722,-1.6150916814804077
1.775572054007981,-1.5460083484649658
-2.6871577689602653,-1.0191482305526733
-7.920344649869953,-1.6577885150909424
2.578081311550471,-1.5229542255401611
-14.434457477598505,-1.6766998767852783
-1.338045882914232,-1.633915662765503
-44.1817825469333,-1.6077275276184082
2.4314234692194163,-0.44744277000427246
-2.35314836228574,-0.9912909269332886
-2.07036107592124,-1.6823396682739258
-6.560167066336443,-12.782833099365234
-2.54688332955635,-1.6333444118499756
-7.940842049461227,-1.6486904621124268
-7.789052707582185,-1.5156255960464478
-1.4295761119406232,-1.2262133359909058
7.206977941743588,-1.3711910247802734
-4.081394009803599,-1.5363318920135498
-30.167243616457,-11.691070556640625
11.7225687296843,-0.5314053297042847
-0.8984319813221007,-1.1223119497299194
10.349523074958825,-1.1278049945831299
5.42147270471237,-2.2335667610168457
-0.3136273830120112,-1.0548688173294067
4.398848813602776,-1.4896129369735718
2.099307195887115,-1.5867445468902588
-61.6890402284636,-1.8607927560806274
-7.08434802004719,-1.8616218566894531
0.6962467393230812,-8.26208782196045
9.0758909366509,-1.5526068210601807
-1.9263965715605047,-1.741769552230835
-6.262949496708321,-11.111124992370605
-4.739766082030863,-1.5520286560058594
-36.8822022827233,-1.8590267896652222
3.24770439300306,-5.666877746582031
-2.289513933263135,-1.295423150062561
1.41805545618482,-1.7685468196868896
-24.4432878855492,-1.9263286590576172
-24.96156751119129,-1.4724704027175903
-7.734574598544068,-1.5082265138626099
2.79124989437018,-1.8612273931503296
-5.17831154550348,-20.80257797241211
1.5275640312561216,-1.810633659362793
3.682989905065457,-1.794838547706604
-10.8237586662752,-1.8322227001190186
-6.929951553081727,7.1617631912231445
-27.96215708599589,-16.82452392578125
-2.88087637063392,-1.5481997728347778
-5.960419628776203,-1.8046507835388184
-37.189874708633695,-1.8460986614227295
1.1496085756031087,-1.8540918827056885
-12.7137936794919,-14.758485794067383
8.398744223780918,-1.6767386198043823
-33.3004252633332,-1.8259798288345337
9.144089281431205,-1.7628247737884521
4.065326821312747,-1.781343698501587
-41.9047429025821,-22.15477752685547
7.383552345763623,-0.9034678936004639
6.364261125349779,-1.4522418975830078
4.841793570156368,-1.8001585006713867
1.6198341998494314,-1.6868127584457397
4.179707781567577,-3.010495662689209
-14.7229944429405,-1.8628664016723633
7.078924552126015,4.511577129364014
-12.898019313824,-1.6099903583526611
-70.8116033690518,-1.8501038551330566
12.7359625054994,-1.891467809677124
5.586124430090477,-1.8644461631774902
3.028467183462371,-1.8075435161590576
-5.830142578087577,-1.8269031047821045
-22.6841489367301,-11.42670726776123
-1.51657819068512,-1.6032905578613281
-81.52648016021857,-1.2254326343536377
-3.36903782007548,-0.8840672969818115
-18.707844022,-1.2833836078643799
-34.48768519828235,-7.677299499511719
-39.7169735486916,-0.7344563007354736
-1.593720937577549,-1.500596523284912
-23.2954444871652,-14.251603126525879
-45.30258920076982,-16.847091674804688
12.5056328567953,-1.644012212753296
-11.9299972333177,-1.6073429584503174
-37.9495035857927,-5.152656555175781
0.7001962140772594,-1.8498311042785645
4.49418879319923,-1.873618245124817
-39.0646563811545,-1.4538072347640991
-9.09730633851708,-1.8605313301086426
-17.5589533745204,-21.76757049560547
-4.92782811871599,-1.7116066217422485
-8.2299173561342,1.075155258178711
2.60625970962018,-1.5027613639831543
2.726862934921635,5.654457092285156
4.071661498679735,-2.374993324279785
-13.2494383747796,3.2528908252716064
-11.9154244975033,-7.226789474487305
0.9090871567987184,-18.072019577026367
7.92708077877978,-1.654895305633545
-3.119647295186995,-1.7320504188537598
-2.248378586620203,-1.7011537551879883
1.6646916021852596,-0.1683543175458908
0.1590569364430157,-1.1852900981903076
-77.3623903172369,-1.6888744831085205
15.8859560938761,-1.7154709100723267
-3.11888044241469,-1.6903197765350342
-2.7468186065138984,-2.114291191101074
2.77922195660905,-1.5801987648010254
4.052279150357491,-11.273889541625977
-4.03806373695381,-2.5750656127929688
-2.4461467814868523,-1.7404439449310303
-0.1639564470097907,-1.2824745178222656
0.8542168432631491,-1.521941900253296
5.84905996845087,-1.727210283279419
-5.77665564868809,-0.2686120569705963
-3.7008288999313423,-1.2161720991134644
-7.18713065449027,-10.861920356750488
-0.9529303605806088,-1.7462563514709473
-15.902118442879,-16.733016967773438
-28.0636361890057,-1.7045344114303589
-26.912205886836706,-1.5199859142303467
8.596988309863011,0.305337131023407
0.2877587512502297,-1.7141759395599365
3.3899996482015826,-1.7368848323822021
-20.5869014386951,-5.3412604331970215
-9.341800010912078,-1.431231141090393
0.1692077246922899,-1.4962928295135498
-1.857666460494741,-1.6117353439331055
-13.2752747780792,-1.6956288814544678
0.7445982178878973,-9.335736274719238
4.49646859469848,-1.5987725257873535
3.60913262992784,-1.6894423961639404
-5.653435188749545,-6.52931547164917
1.51502173443586,-1.6399264335632324
8.143116180793372,-1.7224774360656738
-8.36164856265281,-1.7068966627120972
-1.130678948105339,-1.6935895681381226
-4.349210006555943,-4.49288272857666
0.2594141505344826,-1.5160675048828125
-32.1283374054069,-17.816490173339844
-1.9051378030600723,0.42668867111206055
4.768047800449637,-1.55025053024292
2.264898495983479,-1.7401061058044434
-6.47138721063866,-1.2220327854156494
4.93167956005568,-1.7430628538131714
2.4851768276660025,-3.62979793548584
-3.930469946192945,-1.5202200412750244
11.923948375295712,-1.9621659517288208
11.616605850275496,-4.50595760345459
10.41580460128629,-1.727698564529419
-8.700462669667385,-11.419477462768555
13.1991243046288,-1.721916675567627
-4.75101729862813,-1.4497044086456299
-1.4230966237807086,-1.6640427112579346
-2.07861348348741,-1.6906987428665161
10.292368565007404,-1.0711898803710938
1.9007667723773176,-1.2926992177963257
17.1612744381531,-1.7600597143173218
-0.1428452494230792,-1.5615090131759644
2.4933992323843923,-1.7802517414093018
-13.861300672159,-4.760661602020264
-1.7943154401891548,-1.6498401165008545
-4.15624175439773,-1.7177265882492065
-14.277645616907492,-0.810550332069397
2.713132201978397,-1.5983076095581055
-13.315456279797685,-1.7671884298324585
-5.36204355968609,-1.7967357635498047
-1.4872271509121793,-1.4395546913146973
0.31232235517322,-1.6635463237762451
3.0307168501552093,-1.504513144493103
3.4484762474106,-1.7397305965423584
-34.0729170807354,-1.6620792150497437
-25.0659802428987,-1.6280996799468994
0.86771933446589,-1.5706610679626465
-11.996919710325,-1.7589633464813232
17.2594267615487,-1.7680110931396484
-56.2560888739038,-1.7420867681503296
-12.7386491421071,-18.529043197631836
-3.520787796436005,-1.660861849784851
-0.8014467498558491,-20.143203735351562
-34.7812340468876,-13.13723087310791
7.158235365631607,-1.6605123281478882
3.29681579894721,-4.374245643615723
0.046018285265003,-0.16336287558078766
2.046344769010002,-7.393168926239014
4.25403099118957,-1.4407036304473877
3.7804230286959792,-1.6516234874725342
-3.773219093074008,-1.7469192743301392
-9.722403045722997,-1.7523974180221558
2.81101468536903,-0.622952401638031
-23.7494411406013,-4.277205467224121
-75.56229656723696,-1.7877261638641357
4.366245372711767,-1.7829673290252686
9.94612085382829,-0.636116623878479
-8.207132148775708,-1.7593016624450684
-3.09775596823669,-1.242186188697815
3.77256113899207,-1.7887623310089111
0.2016574678685985,-1.3342864513397217
4.38808277416547,-1.6474652290344238
3.7092867134231,-1.1978704929351807
1.6740112862957208,-1.4552574157714844
-5.472376660417956,-1.8467119932174683
12.283123760680592,-0.9563847780227661
4.417989059347175,-1.5581119060516357
1.907333647224608,4.458060264587402
-3.73521146317182,-4.160768032073975
7.837521570550837,-1.764611005783081
4.82455755953161,-1.6607309579849243
-0.6472060937938101,-1.7062044143676758
-8.237956686764985,-4.630561828613281
7.36579899286375,-1.628300666809082
7.859716520666763,-1.7876031398773193
2.765011277030255,-1.795560598373413
4.62415639298937,-1.3177450895309448
6.430237727930085,-1.7180471420288086
2.44728958086436,-1.7871158123016357
-1.93656353174353,-1.795064091682434
-33.7845903951132,-1.7840394973754883
10.960301672714698,-1.778632402420044
6.147225205740463,0.08716201782226562
2.4659746492236927,-1.567073106765747
18.2642273209106,-1.585427165031433
7.656482330373112,3.7711915969848633
-63.2346715672369,-1.5619817972183228
-22.9610154952969,-1.319936990737915
4.39789099231211,-1.5483155250549316
-46.587141393021525,-1.3439464569091797
-12.281506448986304,-0.7441263198852539
5.220668557811489,-0.15918046236038208
-1.4412632820262703,3.4279236793518066
-35.163016426576704,-17.774234771728516
-31.380009974583203,-1.47810697555542
-40.7258600860177,0.9049811363220215
-35.3994683825842,-13.902067184448242
-10.968565079401992,-13.015644073486328
15.384553292915324,-1.5964183807373047
-0.4271227388875901,-1.5833508968353271
-7.69948364751984,-0.9909749031066895
-26.6822467124322,-1.5488190650939941
-0.2823200449385875,-1.3015133142471313
-3.8453528225106623,-12.524267196655273
-2.4599041427842496,-1.3948153257369995
-12.7315114055493,-1.4528409242630005
1.418014053180695,-1.5521678924560547
-3.4922781726655696,-1.4249553680419922
9.58062385928767,-1.189673900604248
-17.5801214502402,-0.20922952890396118
-49.5120706514507,-1.4425160884857178
-0.4503474699443348,-7.289506912231445
2.332279780348585,-1.4618933200836182
-42.2483635713802,-1.5894410610198975
-5.00028834575103,0.5456297397613525
-5.14141487663266,-1.5625190734863281
-19.923371510770203,-1.2158703804016113
4.28301459624688,-1.5267486572265625
0.3224388648416145,3.568908452987671
6.795393661635613,-1.556414008140564
6.720388221210122,-0.20027640461921692
-20.7558388881914,-1.3924835920333862
-12.5922662394529,-16.37276840209961
-5.19085420781142,-1.660290002822876
-27.3858072066324,-11.348100662231445
6.488490212037078,-1.006646752357483
-12.5233171201947,-13.439445495605469
0.996650643215182,-1.566768765449524
3.27144637329635,-1.597005009651184
1.203208947199059,-1.5430259704589844
4.5031585012656095,-1.612065076828003
-46.6686841099013,-1.5622777938842773
3.600655729290548,-1.403483271598816
-2.7077151362496297,-12.383965492248535
-42.936846127142296,-1.5637060403823853
2.679404112105611,-1.4307632446289062
-23.975827854410426,-1.5326120853424072
-24.4869919201538,3.3928914070129395
-6.22433036882608,-1.5096104145050049
-24.992167376126925,-13.548199653625488
-9.742168339465294,-1.4902153015136719
0.1235817830644999,-1.2928448915481567
-11.607028837624,-1.608292818069458
5.321680837772678,5.115217208862305
3.3452637215970498,-1.5437543392181396
13.015759276594096,-0.1911776065826416
-6.13466459150186,-1.399619698524475
3.0897024917955025,-9.044212341308594
3.557691046156,-1.4904639720916748
2.0008593011464906,-1.6848347187042236
-1.2671721747064446,-1.6707476377487183
-2.989164004622407,-1.6814846992492676
-2.43808381047612,-1.6334149837493896
-11.30813578108209,-1.6823060512542725
-9.619042312244815,-1.6858313083648682
-4.01456885639382,-1.4526212215423584
-4.853312003098937,-1.6350195407867432
2.78743688363977,-1.5265555381774902
3.6035536346157695,-1.627261757850647
6.09033976794457,-1.6764459609985352
-5.89266438028177,-1.677207350730896
4.780848076735348,-1.4756413698196411
-20.7592210135025,-1.6044775247573853
-3.637071869773312,-14.706192970275879
-4.396710286499547,-1.494372844696045
9.04709717330502,0.4789464771747589
1.69213972357191,-0.017862975597381592
-27.068723822751306,-1.208741545677185
0.2886204877907422,-1.6719123125076294
-0.592182005541919,-1.4045828580856323
-4.736229867816737,-1.2367470264434814
7.877641553655238,-1.2198841571807861
-2.588665914009158,-1.6698572635650635
4.72846919446815,-19.688926696777344
3.42669038506664,0.0013554096221923828
-10.274169876330886,-1.637225866317749
-1.289264920121349,-1.6399576663970947
-6.9648772325347394,-1.2296085357666016
-1.2236747050651609,-4.649984359741211
-12.208208404490907,-1.6710307598114014
4.40921359309415,-7.470422744750977
16.4171583068458,-1.6884663105010986
-15.991582533821994,-1.7237980365753174
7.809600001042748,-1.6527504920959473
-3.0331069492891496,-1.6214191913604736
2.603164662477901,-1.210249900817871
-24.2572199033326,-12.306628227233887
13.667582002208905,-1.2093052864074707
8.19307228691883,-1.564894437789917
0.4664503305112299,-1.4603888988494873
-6.46133524603972,-1.3862509727478027
-19.7520332208299,-17.061141967773438
-7.75971004909346,-1.1486380100250244
7.66334596528203,-1.6848914623260498
-27.64770126959135,-1.5660696029663086
2.125547882163602,-1.451876163482666
-1.8239337240231768,-1.7070798873901367
3.3696784995100426,-1.475581407546997
5.265272900492549,-1.5153799057006836
6.753311816554961,-1.1455349922180176
0.9434331950199416,-1.5011579990386963
2.13745295521649,-0.9520725607872009
2.76912169862866,-1.52632737159729
2.409764321136161,-10.746990203857422
3.7606671418030695,-1.6806519031524658
0.555665600488549,-1.4922106266021729
-89.04756219223692,-1.472764015197754
6.987950206462267,-1.6720590591430664
-10.09410467002709,-1.533745288848877
8.16191414696451,-4.627567291259766
-10.731303688850904,-20.13092041015625
7.588764503474316,-1.7378828525543213
-5.25293160621848,-1.4177026748657227
2.3065604778561424,-1.0188865661621094
-3.8022266666193874,-16.222110748291016
3.22816419080692,-1.6519439220428467
1.1941842843275,-1.736590027809143
9.772192422094813,-1.0295608043670654
-2.489313079893845,-1.636784315109253
-13.547300817594484,-1.4626412391662598
-1.5403494549472296,-1.7326833009719849
-5.139364658294922,-1.667603850364685
-1.32131943338233,-1.4227869510650635
-0.5284321769112605,-0.8517709970474243
0.1119561526876595,-6.802764892578125
14.8508222506114,-1.648787021636963
-0.0918051514147744,-1.6884002685546875
-1.7237618714553775,-1.7711381912231445
-1.5699354762224491,-1.3864576816558838
1.5718362711845366,-1.6503690481185913
3.58036180553514,-1.5045818090438843
7.45084701577923,-1.6189405918121338
-7.378812419643663,-1.6356806755065918
-33.1832620874725,-1.742543339729309
-6.066411004621831,-1.5298361778259277
-16.4910721624856,-1.6251444816589355
0.8267526169764301,-1.7304394245147705
-9.762453719841735,-1.6870405673980713
8.07102955700163,-1.6273177862167358
1.741670982094262,-1.690506935119629
-0.0053525606393112,-1.6849390268325806
-51.4043293278057,-1.537440299987793
14.9415296965116,-1.4595482349395752
8.70853787657841,-1.7047195434570312
-2.149900469098629,-1.682788372039795
14.8229623836697,-1.6733404397964478
-0.0379657812584102,-1.6667588949203491
-15.3173389528898,-0.8954772353172302
-1.7663441991754285,-1.6412534713745117
-6.708306328674888,-1.5272412300109863
-78.7451798053926,-1.7189278602600098
-0.5413656534735456,-1.6892039775848389
9.625121597198186,-1.7224819660186768
-3.15562863494722,-1.1627038717269897
9.60447820177431,-1.5502171516418457
-3.31847606547329,-1.7600383758544922
-4.12581810820042,-1.7057816982269287
1.7706121017107803,-1.6952698230743408
0.5117341060036625,-1.6955101490020752
2.63157412115867,-1.6865063905715942
-4.763634360062484,-1.7321406602859497
-11.18181257464061,-1.6989644765853882
-39.4932668903457,-1.6693148612976074
9.206200380526292,-1.144162893295288
-2.93911844531118,-1.7157411575317383
-28.13472322157985,-12.674224853515625
9.62907409316032,-1.9142082929611206
-7.042636248773623,-1.4986622333526611
-4.03025121975644,-1.720760703086853
3.42951329804928,-1.6294825077056885
2.5565427438131976,-1.7148820161819458
2.8513084033656,-1.6779963970184326
-5.5623675139736175,-1.5775058269500732
16.9968892380515,-1.6834497451782227
-4.144685584269085,-1.674625277519226
-11.221818720505304,-0.8359386920928955
-2.111656589218961,-1.7474291324615479
-1.626797120535592,-2.8066329956054688
0.7652624054000594,-1.552361249923706
-21.5531296050118,-1.6258213520050049
-13.053772031257305,-17.171422958374023
5.42509465390903,-1.6281328201293945
-5.5186956836840375,-1.2684521675109863
-2.260381023139061,-1.288421869277954
-30.3377383335249,-3.409424304962158
7.380729755239978,-1.6690698862075806
-4.172986764275874,-1.5441242456436157
-1.2036514942358316,-1.6345585584640503
-35.2906329121599,-1.3810501098632812
-2.54595208771381,-1.6305445432662964
-10.901275449743116,-1.6206111907958984
-17.0078420331655,-1.6548876762390137
-17.0314498829154,-1.0055105686187744
-11.9784507557909,-11.572822570800781
-19.469018973061075,-11.55732536315918
-3.2142130797467816,-1.667288064956665
-0.5663484394051013,-0.9444135427474976
-21.2195468929047,-0.8313523530960083
8.077984978184695,-1.6565747261047363
-17.0119321722455,-15.592924118041992
4.67424026120176,-1.5994278192520142
-47.9875704511971,-1.6046544313430786
4.316615136301563,-1.5551724433898926
11.2728180991378,0.4438188076019287
-3.5546157663424616,-1.6603484153747559
-3.15887949932979,-1.6099004745483398
-1.6422791314174887,-1.6708989143371582
-3.448025235667948,-1.5772736072540283
-13.5632540546311,-1.6328212022781372
0.8825935384285006,1.0359718799591064
3.27100049685324,-1.191149353981018
-0.7762273913233743,-1.623966932296753
1.026942322157092,-1.6147019863128662
9.859104788483815,-1.6495283842086792
-1.9977872313530125,-1.3559969663619995
-13.1809903671301,-1.3411095142364502
-35.1782981083837,-1.6180016994476318
-35.8337806803641,-17.073837280273438
-7.639409008216227,-1.708752989768982
-15.746453943284,-1.6075780391693115
1.055995951979529,-1.5284857749938965
3.987299411465438,-1.1870014667510986
-37.0930621901092,-4.91740608215332
16.694612728237402,-1.645211100578308
-4.527979888097892,-14.930481910705566
14.6352674345898,-11.827621459960938
5.034618319433818,-1.5888179540634155
-3.77133000272187,-1.5861812829971313
-1.61504571199055,-1.597583293914795
-56.3663437951974,-1.4673290252685547
10.088450856398616,-1.6180598735809326
-14.285610883283098,-1.6308784484863281
2.6210618799141923,-1.356621265411377
-2.308732762121495,-1.4885618686676025
-83.9761260280997,-1.6198856830596924
-1.03656181464744,-1.415283441543579
10.16232173056559,-1.0163745880126953
-3.12013961477547,-1.4262876510620117
3.010752586641185,-1.6274806261062622
-1.5178355576616795,-12.089988708496094
-2.60072537807549,-1.0963082313537598
-2.367312137177082,-13.342899322509766
6.075310726130807,-1.7669858932495117
2.24572304437811,-1.5163993835449219
0.2044267191685782,-1.7626128196716309
3.85944773684647,-1.6962089538574219
-14.409506408843407,-19.153831481933594
-2.683955047842884,-1.7644009590148926
-0.0075038478591599,-1.7507209777832031
7.190050317883171,-1.7312326431274414
-2.1691769605730515,-1.8025776147842407
-7.910003358009165,-1.616934061050415
-69.1366966634013,-1.7870409488677979
1.437241653553571,-19.192171096801758
-20.7409218490905,-1.6453711986541748
3.78247800369874,-1.4962985515594482
7.909526276907584,-1.7872638702392578
6.097122298913325,-1.750255823135376
24.5800902168924,-1.3046566247940063
-9.979741434164584,-1.6553094387054443
3.1327986373042376,-1.3813591003417969
-8.393586343504198,-1.7175884246826172
8.678125432705007,-1.7189257144927979
20.7428439693387,4.117391109466553
-1.511416195100045,-1.8611774444580078
-23.3725501337939,-1.7949802875518799
4.69437535963172,-1.7613604068756104
8.24149319055937,-1.106104850769043
-0.2898522089969393,-1.758819818496704
-7.19378137939456,-1.6273599863052368
1.0271109700113177,-1.7813477516174316
-14.564555056626377,-1.799665093421936
-9.657849716236,-1.7905014753341675
-0.7280966227290082,-3.7162466049194336
-21.8962191024866,-18.838865280151367
-40.2614734397264,-14.468160629272461
-1.77750068778882,-1.2587084770202637
-28.3488859938485,-1.7521946430206299
-8.184373188662292,-1.7844808101654053
-6.135426654744688,-1.761012077331543
-3.270422191581055,-16.02911376953125
-6.055427015859325,-1.6904103755950928
-34.3143130117107,-15.861942291259766
-50.4820483838523,-1.7851643562316895
-4.639593570653838,-1.5761730670928955
-21.0606958753072,-1.6627674102783203
8.747205755218493,-1.7582809925079346
0.6884341878779402,-1.5690202713012695
0.300408103033295,-1.4895601272583008
-2.6184282494780104,2.0686402320861816
-37.3999740396079,-1.2822754383087158
-10.594900847222812,-1.7447140216827393
-23.227454082363305,-1.7982101440429688
-15.4814292943448,-12.274932861328125
-6.89310310865277,-1.7599784135818481
-11.7962452523223,17.181251525878906
-0.3887710448227697,-1.4471938610076904
-4.0896099478500325,-1.652593970298767
-42.6579269422049,-1.752916693687439
-2.095241650043551,-1.556931495666504
8.45389840526827,-1.8042128086090088
-15.5157954828953,-16.80537223815918
-1.9802660997523944,-1.594307541847229
1.8368511005450223,-1.4603545665740967
2.11900133622217,-1.2053582668304443
-38.4962238749225,-1.577377438545227
0.8069046214032297,-1.6718369722366333
-1.73607437190069,1.5497932434082031
-8.46093254820262,-1.1961082220077515
-0.0780407432645869,-1.533808708190918
5.009535132419683,-1.6297099590301514
-74.9399761386801,-1.6304835081100464
2.806732553915905,15.751751899719238
-10.415057364934407,-1.4220876693725586
-4.81834176383161,-1.5681228637695312
-1.4920816076829602,-1.6350557804107666
-0.003939288658445,1.3031744956970215
5.86288473591452,-1.5966330766677856
0.4443344011282492,-1.5818783044815063
5.72263802046558,-1.270159125328064
5.46583466116103,-11.510563850402832
5.05355462238675,-2.3335750102996826
-17.190033530139498,-8.650887489318848
-10.1192188918475,-1.5958828926086426
-10.539071528779305,-0.9197771549224854
0.2492257167476033,-1.2453536987304688
5.35198813185094,-1.1276499032974243
14.9823899147147,-4.07098388671875
1.7336328627834918,-1.5865517854690552
3.2582764286422226,-1.4926507472991943
1.1615369027166365,-1.4299319982528687
-42.4099588259267,-13.641794204711914
-38.7823663998969,-1.5013747215270996
7.99575647038201,-4.066577911376953
11.644495901203598,-1.5712294578552246
-39.0956747424042,8.824953079223633
-38.6438610292767,-1.274820327758789
-40.5029244010595,-1.5659213066101074
-22.8644313188967,-42.04031753540039
-0.897066728281827,-1.456815481185913
-17.6830733389949,-1.3574812412261963
-0.0084306638066775,-1.5751760005950928
0.5394390329931549,-1.86629319190979
-21.61387508166409,-1.5740658044815063
5.053393098685065,-1.584517240524292
-15.7834934865799,-16.25668716430664
-58.40351531723695,-1.6242413520812988
8.86280218600469,1.277965784072876
1.888243484494037,-1.597859501838684
8.99923705482913,-5.25970458984375
4.133325903305868,-1.3415117263793945
4.774357664359128,-0.8120317459106445
7.418770080750715,-10.109172821044922
-2.25262466719878,-1.4073266983032227
-7.071587649042333,-4.679407119750977
4.398742241377427,-1.574427843093872
-8.692928400841772,-3.199634552001953
2.334382802629,-1.6210575103759766
2.8274240704709,15.272720336914062
2.1747311895065486,-0.8939396142959595
-11.9965988914421,-1.2891511917114258
2.776867734737273,-1.5787317752838135
-12.4595255596924,8.98204231262207
18.5317724911246,-1.5977375507354736
6.86106163750481,-0.9738908410072327
-19.1693792779686,-1.202844500541687
-4.20883890972707,1.370011329650879
-0.3530077955256401,-1.8052867650985718
-1.6020246929696491,-1.819238305091858
-7.57557880794988,-7.24296760559082
13.9692836454661,-3.1682682037353516
1.289294757415069,-1.773317813873291
-20.3746494688195,-1.8021161556243896
-8.044482691931467,-1.6131843328475952
2.51340467963473,-11.219353675842285
11.0282847349576,-1.2811613082885742
-1.3944922949507652,-1.3218275308609009
-26.2706781913698,-11.976882934570312
-71.7765711158932,-1.7968931198120117
-44.2857422252861,-8.791816711425781
-3.057699221935841,-1.8288776874542236
10.116767222520318,-1.5390119552612305
-46.9980356488569,-1.8407469987869263
-8.677497573270493,-4.514831066131592
-25.781275563237,-1.7755613327026367
-2.941164138388841,-3.474195957183838
-26.5692742661385,-21.192930221557617
1.2555345380058751,0.5199650526046753
-0.810306898238276,-1.8166000843048096
0.2404076931068699,-21.4588565826416
-2.5590885431480426,-8.063333511352539
-11.9846830308257,-18.587764739990234
-5.775806690181939,-1.8001389503479004
1.9806048133258944,-0.4857301712036133
16.618750626525,-1.123910903930664
8.204494762209066,-1.8232228755950928
6.80321923705408,-1.7581239938735962
11.710679650337616,-4.33393669128418
3.181253849239128,-2.911097764968872
0.90894434552881,-1.8350917100906372
3.547124544521316,-1.782381534576416
-2.202886656443709,-1.8242270946502686
-11.133669865203094,-9.137951850891113
9.328533024448705,-1.7864453792572021
-0.7012610501602399,-1.7113648653030396
-0.3170472839931941,-1.8116592168807983
-2.3458288386735573,-1.7813438177108765
-26.1191329979098,-15.086394309997559
-2.33292598982445,-1.4456392526626587
2.461922216333884,-4.415073871612549
3.73205068567752,-1.8159046173095703
-22.4462583852743,-1.7421778440475464
16.899113604615202,-1.5409955978393555
-2.85382252753121,-1.7695691585540771
1.2705701336207027,-1.59272301197052
7.960789166364423,-1.817838191986084
2.71808902854303,-1.6260157823562622
5.5273920092716775,-1.8270869255065918
-4.11149235653684,-2.938870906829834
-20.9676231329802,-7.191457748413086
-0.89184437235696,-1.5720901489257812
-1.2816619609782416,-7.829520225524902
4.85634828411675,-1.884673833847046
6.429854346358795,-1.8516476154327393
4.71112087372323,-1.8258318901062012
-30.7199022255615,-19.72769546508789
-3.8590388668775,-1.4533171653747559
-10.6557437737239,-1.5766265392303467
-13.4460672849668,-1.3316617012023926
-5.527709296795018,-1.8484381437301636
-1.876637029070265,-1.9525856971740723
10.2532613363299,-1.827376127243042
3.00680128293027,-1.5100425481796265
19.33685959748449,-3.4768567085266113
-0.1058882282985149,-7.699330806732178
14.3436638764016,-1.6606040000915527
-16.1535771788668,-4.195827484130859
0.9480162028997956,-1.7120122909545898
-18.5891767455387,-1.7907878160476685
13.309934514349203,-1.8395429849624634
6.02246857213521,-1.7452285289764404
5.16750826555368,-1.8459728956222534
-1.0190872666435924,12.998960494995117
-19.100904418149,-1.7159526348114014
4.743603615290096,-1.1780599355697632
-13.8157551615103,-1.7865135669708252
-3.802611775309477,-8.615517616271973
4.30511943579503,-1.625687599182129
-22.482844278002705,-1.3586697578430176
0.60779733849738,-0.719468891620636
17.8138573048897,-1.8087677955627441
-38.4626262988146,-20.044139862060547
-0.6089836493556324,-1.8083853721618652
0.8617451361473882,-1.8158273696899414
-2.40000424902785,-1.6438169479370117
3.7078671714499096,-1.7449290752410889
-2.390619984667185,-8.579028129577637
-15.559462368784592,-13.891033172607422
-13.790764753514,-1.843921184539795
-9.325981865786185,-0.9885978102684021
-58.4491138315396,-1.8442983627319336
9.550892694239591,-1.8571261167526245
4.435147085081137,-1.8493375778198242
-2.3538192484503564,-1.8356313705444336
-5.83438093189622,-1.8015427589416504
-7.10827059552493,-20.080520629882812
-12.414939844598162,-1.8390052318572998
6.6154810826822,-1.8158562183380127
1.3155747227446202,-1.8572380542755127
-2.56542276271332,-1.8524949550628662
-13.546032832554804,-1.7044063806533813
-16.600339428286603,-13.762563705444336
2.9737175212081803,-10.750177383422852
6.167862854629888,-1.8399064540863037
-40.922076323723,-1.1902151107788086
16.9349100756105,-7.40764856338501
-12.24911226903676,-21.46173095703125
4.867927463076468,-1.8484647274017334
-21.6327950573002,-13.99667739868164
7.11033993521173,-1.7213950157165527
-9.59094984812801,-1.8555437326431274
4.92186081619874,-1.5304572582244873
-7.815562497274902,-1.8428751230239868
-2.20364176327536,-1.2514233589172363
-19.6754058911438,-1.869309902191162
-91.8886792382854,-7.732810020446777
-20.9507978903398,-1.7777576446533203
-17.8084408175675,-21.72784423828125
-62.9612541332419,-1.7879350185394287
5.598134989920393,-1.8177372217178345
-7.283890318199592,-1.8479924201965332
6.1026124307435,4.516976356506348
7.42840635595139,1.2803677320480347
-5.179391847578812,-1.8125276565551758
-4.873152982370568,-0.14008456468582153
7.276768036701751,-3.0558204650878906
-10.739322929783883,-1.7300056219100952
-22.9219832537164,-1.6896861791610718
1.5259403537211615,1.2144709825515747
-44.7886924625105,-1.6149483919143677
-3.72583443525641,-1.5965723991394043
-14.57002364123529,-1.700653314590454
-10.128266274366498,-11.070713996887207
-28.0249952668106,-1.6851224899291992
-26.24662901330595,-1.5532805919647217
-40.3645652505015,-17.375322341918945
-30.8056950922951,-1.0079772472381592
-3.9552380984537248,-1.4373449087142944
-2.1789667599796294,-3.1859982013702393
-0.5734820606807138,-1.6790392398834229
-1.1617148968623687,-1.5198795795440674
3.42848617073407,-1.2728374004364014
-17.4030551064212,-1.7451657056808472
3.88109013796494,-1.6614224910736084
9.400493271217616,-1.421523094177246
-11.302161927872188,-18.787559509277344
-13.3709137252944,-14.783903121948242
-6.79658968512302,-1.409845232963562
4.509456424718162,0.09551757574081421
5.45103123545738,-5.359955310821533
8.149714042401495,-1.407444953918457
-12.909180343140196,-0.5319628119468689
-6.61979034735207,-1.6758455038070679
11.9978624338519,-1.6859982013702393
-12.53254789251529,-1.5474002361297607
-8.36198121766124,-1.6695995330810547
-4.361976736345532,-6.713930130004883
-0.1898191226144924,-1.67048978805542
2.3166834950764685,-1.495300054550171
-12.6203596574975,-1.6790211200714111
-1.207429910073891,-1.6362981796264648
-29.7403775200217,-16.59503173828125
5.31082796058257,-1.3732142448425293
2.97844031586002,-1.2452682256698608
-12.533050119535002,-0.8722232580184937
-5.8684323426223,-0.9768011569976807
2.391980620215489,-1.701047658920288
7.73570234615748,-1.7420228719711304
1.166748445159433,-1.697918176651001
6.093529951556334,-1.7199199199676514
17.709922444879297,-0.37239742279052734
11.779516260068313,-1.7084232568740845
2.4866177573815964,-1.5723223686218262
-30.89708550466269,-1.6671764850616455
-9.231606713935047,-1.7109888792037964
-13.4089268865456,-11.035503387451172
-9.06573754635488,-13.767402648925781
9.30630078585379,-0.9587506055831909
-7.156550033865472,-19.523649215698242
-10.5414716495377,-10.083930015563965
-27.8178569354009,-1.6726703643798828
5.3817717725564,-1.4479005336761475
-35.155236696245,-1.7599751949310303
-21.4141717786538,-1.6723244190216064
-2.6053130644292946,-7.418224334716797
-9.953220777101093,-10.694003105163574
-8.798237091769485,-15.97991943359375
-27.6920167541674,-13.763118743896484
8.017093587799739,-1.6648818254470825
-0.3550158381598589,-1.815659523010254
-1.19024715514191,-8.213167190551758
-3.2855896341823474,-1.670259952545166
1.844566842421384,-1.5568490028381348
-30.7366736665872,-1.7690417766571045
-11.338238855350506,-1.0377694368362427
-1.059512617215007,-1.4205589294433594
-33.7712071062874,-1.7322876453399658
3.812227003524945,-1.6387660503387451
-2.8472026300298463,-1.8173878192901611
-21.5871320482388,-8.576825141906738
1.845960760756301,-1.41498601436615
9.06213659212517,-1.8182692527770996
-13.950148061363093,-1.6985054016113281
-15.1006814359747,-1.0695347785949707
-8.65496498210776,-1.8739535808563232
-31.18852367408345,-19.101825714111328
2.35160533891099,-1.7685770988464355
-7.06329362397977,-1.809450387954712
-11.299328727708405,-1.807214617729187
-5.73967918172164,-0.4008300304412842
-4.062121175440552,-1.7597692012786865
3.62056380925444,-1.804325819015503
-6.512385872303066,-1.7928303480148315
