Score,Pred Score
-13.812973987503693,-11.114931106567383
-14.6311710829416,-2.9208693504333496
-15.020937907067507,-16.373653411865234
5.61896917638109,-7.078763484954834
0.1461877509898399,-13.374399185180664
3.59745169898486,-4.44003438949585
-6.72144892291601,-13.54814624786377
4.304204520484877,-3.8174314498901367
3.37898618824583,-3.756492853164673
3.939818822274421,-2.9795477390289307
13.9953943577381,1.7026584148406982
-5.39913759737588,-3.660818338394165
-2.204579993178592,-4.359002113342285
8.829561804598438,-4.326114654541016
6.01696699102072,2.4321820735931396
-6.376202369524528,-10.203788757324219
-6.50906463316165,-3.888885974884033
-60.92137282626391,-25.648834228515625
1.99934019108803,-6.65413236618042
2.188685633501576,-2.878448486328125
4.07090957771029,-5.229191780090332
0.5211206139658471,-5.197667121887207
12.5580583918003,5.219794273376465
3.320229681965675,-5.591955661773682
-0.4381862293696001,-3.3922386169433594
0.1752112379752922,-3.8062314987182617
4.123908949931413,-3.6193180084228516
-14.2382866820043,-3.1614317893981934
12.966325580978296,14.131248474121094
7.692941411907634,-5.376222610473633
-62.9031214125763,-12.243559837341309
-5.800670766453999,-4.931855201721191
-11.705366535732304,-3.1629316806793213
-4.786538605318405,-3.996427059173584
-82.4887013651952,-11.822114944458008
-8.251107402184557,-4.332167148590088
1.61677665352485,-13.336807250976562
-11.916211326129387,-12.460229873657227
-45.634880019414,-14.703706741333008
-0.568998602339841,0.3934677839279175
-12.147399114840605,-18.654586791992188
-27.4476544011683,-10.740524291992188
-2.306526469902426,-2.875180721282959
-0.4835459876036119,5.256359100341797
-8.39479061793487,-19.562538146972656
-46.862925671502296,-12.470470428466797
0.3837795244341289,-2.9272537231445312
7.184930267876617,-3.405374765396118
2.8348518495029404,-3.7374231815338135
-9.859535687586003,-3.676333427429199
-6.00025755794808,-3.8652405738830566
-4.764629840066975,-4.751400947570801
-2.377061578670744,-8.320833206176758
-2.0585753436264698,-12.728535652160645
1.1848602197973823,-4.780662536621094
4.97603191479674,-3.1685988903045654
4.27399441028646,-3.373660087585449
-46.2372447228831,-10.385344505310059
-31.4759298257721,-3.706331729888916
-50.1674018945849,-7.123462677001953
0.9601515747159592,-7.115878582000732
-11.864177458483407,-3.208437919616699
-0.538262620928304,-2.2936015129089355
-0.6920482116816997,-2.560513496398926
-1.5184696160120892,-3.976541042327881
-3.0836644409391925,-10.276412010192871
11.316750179392892,-3.875713348388672
-11.183106529127476,-2.4954371452331543
3.59102041590596,-3.5906479358673096
4.55602013063716,-9.799610137939453
11.579228393987275,0.09234076738357544
2.3067635611900137,-7.475463390350342
10.480393919522983,-2.298234462738037
-2.698100773809443,-9.761130332946777
3.776985072333982,-5.620419979095459
-11.773766374328297,-8.524223327636719
8.681027307740193,-1.3534598350524902
-1.1091988250418725,-0.5754603147506714
4.484288991501213,1.832284927368164
0.0548896546292299,-2.118006467819214
0.1118559290339978,-2.6759183406829834
3.9797293996962297,-2.5182223320007324
-22.42608065327665,-13.919759750366211
7.37064384347005,-7.666149139404297
-0.2642143205483515,-1.556990146636963
5.344594984386832,-14.557106018066406
-1.2497809936708242,-10.029989242553711
13.71198107208239,-2.20097279548645
0.5045482395984724,-5.67224645614624
2.86709961553106,-2.7707738876342773
0.4423212163888063,-4.8336992263793945
-3.724573545179619,-3.337273597717285
0.2570808252882703,-9.807683944702148
-70.65073406723695,-16.490440368652344
-33.9587360563784,-18.471294403076172
9.2088386022025,-4.427059173583984
1.3318185914773402,7.0135087966918945
-9.176001953270983,7.3936662673950195
-10.497767159210698,-8.578909873962402
-0.4402086584014632,-3.945509433746338
2.1560784090827942,-8.998930931091309
-27.1636490162131,-2.9806172847747803
-0.670930828719279,-13.237479209899902
-22.794043146736,-10.144634246826172
0.8105828534072201,-2.8854050636291504
1.2287673509824204,1.2566170692443848
-0.6435038581465955,-2.772812843322754
8.474782023793379,-2.831749439239502
-9.601847091024196,-3.4832351207733154
-1.6610011043127195,-1.600799798965454
-0.1091636509260827,6.478934288024902
7.570838092245207,-7.030187606811523
-7.211196994815285,-12.408086776733398
9.090654061652296,-1.4907209873199463
-26.6651088566214,-7.146800518035889
-17.309192174305,0.7162264585494995
4.14054171285972,-2.1830501556396484
4.097668935846943,-2.981250524520874
-0.29408409265346,-10.283681869506836
-35.8165916579592,-14.679988861083984
10.898098675545494,-2.256390333175659
-1.6552655274048038,-7.92656946182251
1.6729502580778592,-10.689784049987793
-6.42491227706334,-17.64116096496582
-15.4752611754195,-16.38059425354004
-0.6907348474047925,-2.8610827922821045
-21.3629045873375,-12.906721115112305
4.219145585451182,-11.556076049804688
-3.019531285218114,-3.983086347579956
4.25311060075082,-2.5049452781677246
-15.0412339008878,-2.0396084785461426
-8.237627320974727,-13.865047454833984
-1.0683487237199796,-3.490633726119995
-1.7174251595272625,-3.306081771850586
4.069163600073605,-8.502469062805176
-10.162041561092582,-8.978005409240723
-5.97248436581227,-9.982065200805664
6.120538767403939,-2.986780881881714
-0.8028238008287005,-3.5372908115386963
-23.6042929930625,-15.036397933959961
-0.1777753404752198,-5.516980171203613
-5.785469568057495,-12.062063217163086
-0.0556983764780604,-3.2982192039489746
-25.4508968849616,-10.117497444152832
-5.3185412482723295,-3.9065756797790527
9.1356503291117,-2.509453773498535
4.020569536845237,-0.5351556539535522
-58.5527340809363,-12.359530448913574
-6.291328737399075,-3.4494664669036865
4.187869588752649,-7.296319007873535
8.922207576391518,-12.462478637695312
22.7414116448382,5.500123977661133
-44.6057608529879,-11.961519241333008
-26.5129077898497,-11.614439964294434
-2.13735826282737,-2.9547243118286133
-1.14890133483728,-2.7935500144958496
-15.2234416939723,-4.481684684753418
0.369316059642221,-7.524372577667236
-0.6884117876070912,-2.3000435829162598
-5.8772631055401,-3.2474868297576904
3.6053774296538297,-1.920048713684082
5.07108724357905,-9.354161262512207
1.292753014965791,-5.6596221923828125
8.440986836263871,14.11219596862793
-3.43040335892423,-11.526398658752441
0.7651079053562314,-11.116973876953125
-37.13962469223695,-11.61260986328125
-5.822632503482525,-2.462843179702759
-6.879472048396067,-11.988136291503906
2.11024229353816,-9.240381240844727
-7.1526743450051855,-4.466818809509277
-1.122073026503361,-0.882411003112793
0.3302260274555297,-8.77192211151123
-1.178255647098801,-10.894397735595703
-2.99361591491145,-3.4992685317993164
-18.1070051290659,-14.893157005310059
-3.0332808194811403,-2.6120572090148926
2.6303171850506604,-7.523149490356445
-9.72499716390718,-8.700807571411133
0.2729453578388601,-7.125402450561523
-21.4503408223732,-9.758092880249023
-4.99755531471552,-2.7247984409332275
-18.0018409950579,-8.855354309082031
4.00031385473591,-8.872568130493164
12.0378145652987,-3.1277718544006348
14.1235470599023,-16.938135147094727
6.55729051148795,-24.13030433654785
11.19992297656359,-4.4940032958984375
-7.81388191369781,-16.817359924316406
-2.924593214648255,-4.8239545822143555
3.7667366885646025,6.004215240478516
-6.68253431604433,-6.957935333251953
0.7345204104922589,-1.4104688167572021
-10.626155896203898,-5.376914024353027
8.106852576346123,0.26330578327178955
-58.24412469223692,-9.322031021118164
1.4955767028094,-2.8955163955688477
-17.6906096863185,-9.44682502746582
-4.813871520282443,-3.2148241996765137
-11.8973420493851,-3.3987653255462646
-2.67676896274171,-2.3158490657806396
-3.9331393974605526,-3.8021066188812256
8.756217929094177,-3.1534297466278076
-29.2662792150344,-13.547012329101562
1.7249239205326918,-4.770745277404785
-6.686975812883663,10.116937637329102
11.10272802991041,-1.8921273946762085
-10.956818171714705,-15.927505493164062
-6.3500959185649,-6.886814117431641
0.6681105368389735,-2.8412933349609375
-12.500029270357295,-13.65561294555664
-2.591242863373206,-8.857146263122559
5.954690473588823,-1.8257505893707275
-43.929359067237,-10.821002006530762
-17.4841411730512,-16.32176971435547
3.61441892535489,-3.6555376052856445
2.1112971208509976,-5.586661338806152
-41.8026500314277,-13.590377807617188
7.028135642932115,-1.491670846939087
8.463248256721428,-3.183492422103882
-13.037072413777096,-7.167385101318359
-1.6307504375632549,-5.48317289352417
-0.3284521577656807,-6.9354352951049805
0.4685622181175212,-12.724691390991211
-5.316952415477393,-13.771665573120117
4.584421564331302,-15.11890983581543
-20.3593816575191,-5.915801525115967
3.67041582610247,-1.74251127243042
2.204062447972561,-2.3656680583953857
-4.666937653128132,-3.4022574424743652
-12.3781694316975,-17.5549373626709
7.06923762363823,-8.194571495056152
-37.2883298194418,-6.043843746185303
6.442434166934048,-2.6394481658935547
-12.2162083245621,-17.443241119384766
-20.3623076046531,-4.174434661865234
-5.45440876641342,-2.564875364303589
3.1416241584890576,-3.3469669818878174
-4.96580172718434,-3.5980875492095947
-37.4061766871973,-9.065377235412598
6.46185690649625,-3.892224073410034
0.5403453062071405,0.7783775329589844
8.656689402528613,-2.3155574798583984
12.331931266595111,-2.751005172729492
2.75380173901167,-2.353693962097168
-2.8447496930443927,-6.835981369018555
0.0285872237409883,-10.791257858276367
-73.5286754265322,-3.715866804122925
7.285509446842615,-3.2658820152282715
6.72046542688671,-7.59615421295166
-6.19730890695259,-3.022614002227783
-16.4599719883519,-0.6960601806640625
-10.288292260688207,-3.704836368560791
-10.285920522724917,-7.397163391113281
-30.8171784242839,-6.389457702636719
-4.65691689928222,-10.887803077697754
-37.1716279374795,-7.761270999908447
-36.50577458359941,-15.93185043334961
0.7942566624333496,-3.5023412704467773
-34.8552692363716,-7.592335224151611
-2.491707941339629,-9.559141159057617
1.7387039934851498,-1.905191421508789
18.9715733525152,-3.4170126914978027
-13.8996269060666,-2.296799421310425
4.17561229224804,12.404404640197754
4.7680640763497,-17.455095291137695
-6.745372906074374,-3.8312149047851562
7.262818938793504,-7.000314712524414
-55.7541546140486,-8.433804512023926
8.453421074249384,-2.752033233642578
-5.85807143580148,-3.3353986740112305
-52.7336020518746,-2.9199633598327637
-1.995826789875676,-2.055783748626709
-1.3326443092463092,-10.275361061096191
5.029017096161708,-3.04121732711792
-0.71117494174041,-4.077027797698975
8.243548509216069,-2.7294421195983887
5.81602235619721,-8.192525863647461
5.978124919049687,-9.805145263671875
-2.8859593337581737,-11.68571662902832
-26.0047332498617,-3.412271022796631
-1.5220929784942658,-13.221711158752441
-3.195242757261453,-2.373260974884033
-15.0089303719363,-17.471580505371094
-1.757118944268968,-9.541982650756836
-13.5091075877696,-15.160697937011719
-4.0681667574955,-9.723419189453125
4.43276114617859,-2.5958783626556396
-4.665207913971671,-3.2788538932800293
7.33919324558513,-10.108148574829102
-11.69780882660921,-14.240764617919922
5.960801203295765,-4.945376873016357
-29.9162730471743,-10.985157012939453
-5.331847529263395,-12.735716819763184
4.2006804390709,-0.7375581860542297
4.76541245752904,-1.8806270360946655
5.87221574658101,-3.483961582183838
-12.955988512618,-12.143545150756836
-14.4061745570978,-14.88589859008789
13.644333664082708,-2.5391435623168945
7.522446474796843,-7.949933052062988
2.858782897786812,-2.1890363693237305
-49.8653288018085,-12.760704040527344
-4.029904705212941,-3.0805537700653076
-6.2026319104393295,-14.61001968383789
4.452168509343501,-2.937441825866699
-16.475900892606802,-1.1482230424880981
-11.03094492075089,-11.56938362121582
-8.08045020128908,-2.5046820640563965
1.39259946716825,-4.265721321105957
-14.885807229381896,-7.887184143066406
-11.113180908425988,-29.489070892333984
5.506094216928792,-5.046562671661377
5.29091659278858,-8.203654289245605
3.42106467876526,-3.6280808448791504
5.162821279449693,-3.4616222381591797
6.020551076354931,-4.347821235656738
0.8086942897832163,-4.154451370239258
-8.80546181278599,-10.465909957885742
-7.42349600405968,-11.245824813842773
-14.4731176558811,-3.1386325359344482
-35.5448186771701,-15.849358558654785
-1.657597602265355,-2.0158185958862305
-1.930224441335125,-4.315682411193848
-10.398648228661925,-1.3107061386108398
-1.6521884315998507,-3.7233052253723145
1.3131129859732091,-14.83852767944336
-0.1240821746904601,0.07727909088134766
-35.1709788883515,-17.058164596557617
0.6771989561182002,-9.160767555236816
-5.8677981963370005,-2.978304147720337
0.7982616963508231,-3.612260341644287
2.595279020812243,-2.8747150897979736
6.9472187772133225,-2.244401693344116
-41.1395198834054,-12.121044158935547
-35.4604736838065,-15.302062034606934
7.87379173269718,-5.156320571899414
-8.72128086410909,-14.132211685180664
-82.13826531723697,-12.428253173828125
-9.70693692529289,-13.361715316772461
-61.4386715672369,-10.802595138549805
7.10938257895085,-5.702946662902832
0.4007388327427847,-8.00606632232666
-0.7455370396145937,-4.795121192932129
1.674966057420845,-8.930512428283691
11.877856996640997,-1.189091444015503
-0.9096556467231308,-11.364019393920898
-1.4680391508473674,-0.13977980613708496
15.6414782015599,10.282879829406738
-10.35739215730591,2.2051122188568115
1.926107182225645,-6.852407455444336
6.99756701325662,-3.767324924468994
3.54836143321337,-1.9266576766967773
-7.726553411266567,-10.143464088439941
-48.51478094223695,-12.369546890258789
-3.0453156276270903,-3.409532308578491
-3.454798154796729,-1.9331907033920288
9.503977484174175,-5.137546062469482
6.001532732018722,-1.4622845649719238
1.775572054007981,-3.1139137744903564
-2.6871577689602653,-5.6997270584106445
-7.920344649869953,-3.234616756439209
2.578081311550471,-3.975522041320801
-14.434457477598505,-3.2148783206939697
-1.338045882914232,-8.184675216674805
-44.1817825469333,-7.718074798583984
2.4314234692194163,-16.809680938720703
-2.35314836228574,-5.627285957336426
-2.07036107592124,-3.1482908725738525
-6.560167066336443,-16.54595184326172
-2.54688332955635,-7.251860618591309
-7.940842049461227,-3.5531280040740967
-7.789052707582185,-5.81240177154541
-1.4295761119406232,-8.750455856323242
7.206977941743588,-6.683752059936523
-4.081394009803599,-3.343449115753174
-30.167243616457,-14.000238418579102
11.7225687296843,3.678732395172119
-0.8984319813221007,-2.26369571685791
10.349523074958825,-7.722596168518066
5.42147270471237,-2.8057703971862793
-0.3136273830120112,-0.2646775245666504
4.398848813602776,-8.693235397338867
2.099307195887115,-4.614943027496338
-61.6890402284636,-14.468940734863281
-7.08434802004719,-5.794693946838379
0.6962467393230812,-7.77946662902832
9.0758909366509,-2.445615768432617
-1.9263965715605047,-2.1739747524261475
-6.262949496708321,6.60529899597168
-4.739766082030863,-4.902833938598633
-36.8822022827233,-12.659908294677734
3.24770439300306,-3.7157344818115234
-2.289513933263135,-6.693547248840332
1.41805545618482,-5.440810203552246
-24.4432878855492,-3.674136161804199
-24.96156751119129,-11.024158477783203
-7.734574598544068,-18.821929931640625
2.79124989437018,-3.7580020427703857
-5.17831154550348,-11.200736045837402
1.5275640312561216,-3.601670980453491
3.682989905065457,-7.689811706542969
-10.8237586662752,-14.114323616027832
-6.929951553081727,-8.322317123413086
-27.96215708599589,-18.473114013671875
-2.88087637063392,-13.953300476074219
-5.960419628776203,-4.487450122833252
-37.189874708633695,-13.995071411132812
1.1496085756031087,-1.6726834774017334
-12.7137936794919,-14.074960708618164
8.398744223780918,-9.990286827087402
-33.3004252633332,-13.504661560058594
9.144089281431205,-7.508270263671875
4.065326821312747,-4.241879463195801
-41.9047429025821,-21.200450897216797
7.383552345763623,-2.479999542236328
6.364261125349779,-2.370481252670288
4.841793570156368,-9.998424530029297
1.6198341998494314,-5.313564300537109
4.179707781567577,7.0513505935668945
-14.7229944429405,-6.960292339324951
7.078924552126015,1.0717153549194336
-12.898019313824,-9.441400527954102
-70.8116033690518,-11.286872863769531
12.7359625054994,-2.7246832847595215
5.586124430090477,-5.635532379150391
3.028467183462371,-3.6997950077056885
-5.830142578087577,-11.997239112854004
-22.6841489367301,-11.842184066772461
-1.51657819068512,-3.7692737579345703
-81.52648016021857,-8.299354553222656
-3.36903782007548,-2.571290969848633
-18.707844022,-7.547513961791992
-34.48768519828235,-14.81208610534668
-39.7169735486916,-2.439229726791382
-1.593720937577549,-5.692789077758789
-23.2954444871652,-16.41022491455078
-45.30258920076982,-19.8428955078125
12.5056328567953,0.34719300270080566
-11.9299972333177,-1.9278217554092407
-37.9495035857927,-2.2133231163024902
0.7001962140772594,-3.011475086212158
4.49418879319923,-7.407974720001221
-39.0646563811545,-8.242040634155273
-9.09730633851708,-11.68409538269043
-17.5589533745204,-21.438030242919922
-4.92782811871599,-6.204751968383789
-8.2299173561342,1.7137264013290405
2.60625970962018,-14.20736312866211
2.726862934921635,9.359807014465332
4.071661498679735,-3.3994550704956055
-13.2494383747796,-1.8042364120483398
-11.9154244975033,-10.852049827575684
0.9090871567987184,-17.973045349121094
7.92708077877978,-6.3558197021484375
-3.119647295186995,-10.839553833007812
-2.248378586620203,-11.666976928710938
1.6646916021852596,4.457633018493652
0.1590569364430157,-6.125069618225098
-77.3623903172369,-13.247591018676758
15.8859560938761,-2.896376848220825
-3.11888044241469,-3.1910178661346436
-2.7468186065138984,-1.9739422798156738
2.77922195660905,-7.400082111358643
4.052279150357491,-14.604257583618164
-4.03806373695381,-2.69966459274292
-2.4461467814868523,-13.670293807983398
-0.1639564470097907,-4.892050266265869
0.8542168432631491,-14.359966278076172
5.84905996845087,-3.2652266025543213
-5.77665564868809,-20.000633239746094
-3.7008288999313423,-2.307716131210327
-7.18713065449027,-11.462919235229492
-0.9529303605806088,-2.4408888816833496
-15.902118442879,-14.693448066711426
-28.0636361890057,-8.223823547363281
-26.912205886836706,-10.661930084228516
8.596988309863011,-1.4034864902496338
0.2877587512502297,-0.11273777484893799
3.3899996482015826,-3.2791051864624023
-20.5869014386951,-28.234622955322266
-9.341800010912078,-3.1862871646881104
0.1692077246922899,-2.88497257232666
-1.857666460494741,-8.828853607177734
-13.2752747780792,-15.90843391418457
0.7445982178878973,-9.857001304626465
4.49646859469848,-3.1065874099731445
3.60913262992784,-4.995429992675781
-5.653435188749545,-1.995835304260254
1.51502173443586,-5.938114166259766
8.143116180793372,-3.3968639373779297
-8.36164856265281,-10.229759216308594
-1.130678948105339,-2.032754898071289
-4.349210006555943,-0.7911669015884399
0.2594141505344826,-18.991506576538086
-32.1283374054069,-19.831003189086914
-1.9051378030600723,-0.15623259544372559
4.768047800449637,-4.144089221954346
2.264898495983479,-11.285513877868652
-6.47138721063866,-0.3651108145713806
4.93167956005568,-2.007317543029785
2.4851768276660025,4.963984966278076
-3.930469946192945,-0.5877189636230469
11.923948375295712,-0.03375473618507385
11.616605850275496,-2.004610538482666
10.41580460128629,-10.577117919921875
-8.700462669667385,-11.249478340148926
13.1991243046288,-15.5224609375
-4.75101729862813,-2.5967841148376465
-1.4230966237807086,-3.829313278198242
-2.07861348348741,-3.2840538024902344
10.292368565007404,0.4878220558166504
1.9007667723773176,-7.15963077545166
17.1612744381531,-2.6649858951568604
-0.1428452494230792,-2.933133602142334
2.4933992323843923,-1.5745763778686523
-13.861300672159,-13.137566566467285
-1.7943154401891548,-5.32023286819458
-4.15624175439773,-17.691932678222656
-14.277645616907492,-7.400782108306885
2.713132201978397,-3.5997185707092285
-13.315456279797685,-9.165888786315918
-5.36204355968609,-7.668095111846924
-1.4872271509121793,-4.794365882873535
0.31232235517322,-1.6752417087554932
3.0307168501552093,-8.454277038574219
3.4484762474106,-0.5851503610610962
-34.0729170807354,-15.001070022583008
-25.0659802428987,-6.604450225830078
0.86771933446589,-9.562738418579102
-11.996919710325,-1.6463829278945923
17.2594267615487,-2.778529167175293
-56.2560888739038,-14.604440689086914
-12.7386491421071,-16.837696075439453
-3.520787796436005,-17.001554489135742
-0.8014467498558491,-17.5770263671875
-34.7812340468876,-15.203378677368164
7.158235365631607,-19.196861267089844
3.29681579894721,-3.072143077850342
0.046018285265003,-2.4871864318847656
2.046344769010002,-5.570115089416504
4.25403099118957,-4.29720401763916
3.7804230286959792,-17.526222229003906
-3.773219093074008,-12.673785209655762
-9.722403045722997,-10.433867454528809
2.81101468536903,9.566915512084961
-23.7494411406013,-15.64912223815918
-75.56229656723696,-11.091192245483398
4.366245372711767,-3.023068428039551
9.94612085382829,-0.7770956754684448
-8.207132148775708,-3.33900785446167
-3.09775596823669,-0.9462846517562866
3.77256113899207,-3.453606128692627
0.2016574678685985,-3.203545570373535
4.38808277416547,-3.469938039779663
3.7092867134231,5.011412620544434
1.6740112862957208,-2.8575491905212402
-5.472376660417956,-3.5010793209075928
12.283123760680592,-2.9352927207946777
4.417989059347175,-11.126519203186035
1.907333647224608,-3.298656940460205
-3.73521146317182,-2.2392425537109375
7.837521570550837,-2.712505340576172
4.82455755953161,-16.808349609375
-0.6472060937938101,-5.470244407653809
-8.237956686764985,-16.578113555908203
7.36579899286375,-8.222831726074219
7.859716520666763,-3.2815003395080566
2.765011277030255,-7.937579154968262
4.62415639298937,-0.12617230415344238
6.430237727930085,-8.922697067260742
2.44728958086436,-9.893804550170898
-1.93656353174353,-4.001063823699951
-33.7845903951132,-14.066144943237305
10.960301672714698,-1.7632087469100952
6.147225205740463,-1.7809991836547852
2.4659746492236927,-2.9515717029571533
18.2642273209106,0.1690143346786499
7.656482330373112,7.132925987243652
-63.2346715672369,-11.418012619018555
-22.9610154952969,-8.996912956237793
4.39789099231211,-2.818878650665283
-46.587141393021525,-10.930235862731934
-12.281506448986304,-4.128732681274414
5.220668557811489,-1.2950083017349243
-1.4412632820262703,-11.816569328308105
-35.163016426576704,-18.430133819580078
-31.380009974583203,-20.163768768310547
-40.7258600860177,0.42451170086860657
-35.3994683825842,-13.665739059448242
-10.968565079401992,-4.7046003341674805
15.384553292915324,-9.975735664367676
-0.4271227388875901,-3.036578893661499
-7.69948364751984,-7.13773250579834
-26.6822467124322,-3.0915212631225586
-0.2823200449385875,-8.73207950592041
-3.8453528225106623,-11.361414909362793
-2.4599041427842496,-2.5642082691192627
-12.7315114055493,-17.982933044433594
1.418014053180695,-11.188383102416992
-3.4922781726655696,-17.49359130859375
9.58062385928767,-7.7614288330078125
-17.5801214502402,2.382535219192505
-49.5120706514507,-9.924062728881836
-0.4503474699443348,-12.605183601379395
2.332279780348585,-2.8990535736083984
-42.2483635713802,-2.257236957550049
-5.00028834575103,-2.2852425575256348
-5.14141487663266,-12.123260498046875
-19.923371510770203,-1.0043359994888306
4.28301459624688,1.2751059532165527
0.3224388648416145,-0.19698810577392578
6.795393661635613,-15.129490852355957
6.720388221210122,3.663475513458252
-20.7558388881914,-4.68131685256958
-12.5922662394529,-15.988144874572754
-5.19085420781142,-3.0458827018737793
-27.3858072066324,-13.402810096740723
6.488490212037078,1.7952337265014648
-12.5233171201947,-14.050987243652344
0.996650643215182,-3.142404556274414
3.27144637329635,-1.2421987056732178
1.203208947199059,-2.9615485668182373
4.5031585012656095,-3.663419008255005
-46.6686841099013,-12.794540405273438
3.600655729290548,-5.04780387878418
-2.7077151362496297,-14.464832305908203
-42.936846127142296,-10.448028564453125
2.679404112105611,-3.4487345218658447
-23.975827854410426,-11.46396255493164
-24.4869919201538,-11.41108512878418
-6.22433036882608,-2.6075711250305176
-24.992167376126925,-11.007429122924805
-9.742168339465294,-3.1443779468536377
0.1235817830644999,-4.477988243103027
-11.607028837624,-1.8336104154586792
5.321680837772678,13.256409645080566
3.3452637215970498,-3.7120652198791504
13.015759276594096,-0.6666505336761475
-6.13466459150186,-2.9877710342407227
3.0897024917955025,-3.6171817779541016
3.557691046156,-4.623927593231201
2.0008593011464906,-10.99604606628418
-1.2671721747064446,-12.567855834960938
-2.989164004622407,-3.010300636291504
-2.43808381047612,-1.293907642364502
-11.30813578108209,-1.9801504611968994
-9.619042312244815,-14.463785171508789
-4.01456885639382,-3.5682225227355957
-4.853312003098937,-3.240706205368042
2.78743688363977,-9.737913131713867
3.6035536346157695,-3.1779634952545166
6.09033976794457,-2.683274745941162
-5.89266438028177,-3.2343502044677734
4.780848076735348,-5.327818870544434
-20.7592210135025,-14.972145080566406
-3.637071869773312,-13.526185035705566
-4.396710286499547,-2.8417248725891113
9.04709717330502,-3.36161732673645
1.69213972357191,4.432384490966797
-27.068723822751306,-15.851081848144531
0.2886204877907422,-2.7893457412719727
-0.592182005541919,-7.3232622146606445
-4.736229867816737,-1.9626983404159546
7.877641553655238,-0.7518860697746277
-2.588665914009158,-1.49917733669281
4.72846919446815,-17.251426696777344
3.42669038506664,-5.502108573913574
-10.274169876330886,-3.5341906547546387
-1.289264920121349,-3.540543556213379
-6.9648772325347394,-8.097201347351074
-1.2236747050651609,-8.101624488830566
-12.208208404490907,-8.966775894165039
4.40921359309415,-8.904556274414062
16.4171583068458,-1.6329928636550903
-15.991582533821994,-4.687386512756348
7.809600001042748,-3.3147048950195312
-3.0331069492891496,-4.977560997009277
2.603164662477901,-2.9685280323028564
-24.2572199033326,-12.952118873596191
13.667582002208905,-0.14100703597068787
8.19307228691883,-15.95265007019043
0.4664503305112299,-10.022132873535156
-6.46133524603972,-9.025856018066406
-19.7520332208299,-15.949222564697266
-7.75971004909346,-2.785717248916626
7.66334596528203,-10.246725082397461
-27.64770126959135,-18.433273315429688
2.125547882163602,-8.385452270507812
-1.8239337240231768,-3.1665143966674805
3.3696784995100426,-4.345951080322266
5.265272900492549,-3.072356700897217
6.753311816554961,-6.897870063781738
0.9434331950199416,-3.7021098136901855
2.13745295521649,-4.472172737121582
2.76912169862866,-2.1040751934051514
2.409764321136161,-3.3697218894958496
3.7606671418030695,-10.398703575134277
0.555665600488549,-3.5868775844573975
-89.04756219223692,-12.290569305419922
6.987950206462267,-10.827682495117188
-10.09410467002709,-3.6006970405578613
8.16191414696451,-5.905385971069336
-10.731303688850904,-18.455299377441406
7.588764503474316,-3.7480978965759277
-5.25293160621848,-9.515103340148926
2.3065604778561424,-1.3598730564117432
-3.8022266666193874,-16.731130599975586
3.22816419080692,-8.26722526550293
1.1941842843275,-4.763217926025391
9.772192422094813,-1.2811517715454102
-2.489313079893845,-2.1591742038726807
-13.547300817594484,-7.487222671508789
-1.5403494549472296,-6.388418674468994
-5.139364658294922,-2.9764811992645264
-1.32131943338233,-0.4970797896385193
-0.5284321769112605,6.223189830780029
0.1119561526876595,-2.547553539276123
14.8508222506114,-2.710879325866699
-0.0918051514147744,-10.23153018951416
-1.7237618714553775,-3.512747287750244
-1.5699354762224491,-2.9473824501037598
1.5718362711845366,-14.602494239807129
3.58036180553514,-5.095078468322754
7.45084701577923,-14.989692687988281
-7.378812419643663,-4.860840320587158
-33.1832620874725,-13.491902351379395
-6.066411004621831,-5.083286285400391
-16.4910721624856,-20.27410125732422
0.8267526169764301,-12.475542068481445
-9.762453719841735,-3.985915184020996
8.07102955700163,-2.6036722660064697
1.741670982094262,-2.4937875270843506
-0.0053525606393112,-3.5922293663024902
-51.4043293278057,-8.462292671203613
14.9415296965116,-2.990788698196411
8.70853787657841,-8.164069175720215
-2.149900469098629,-12.875186920166016
14.8229623836697,-2.797264575958252
-0.0379657812584102,-3.8698368072509766
-15.3173389528898,-2.7687675952911377
-1.7663441991754285,-3.6040666103363037
-6.708306328674888,-4.111001968383789
-78.7451798053926,-13.224040985107422
-0.5413656534735456,-9.01669692993164
9.625121597198186,-6.847672462463379
-3.15562863494722,3.8834099769592285
9.60447820177431,-2.7353780269622803
-3.31847606547329,-3.095123291015625
-4.12581810820042,-3.1658096313476562
1.7706121017107803,-2.662055015563965
0.5117341060036625,-7.607386589050293
2.63157412115867,-5.3844194412231445
-4.763634360062484,-7.880007743835449
-11.18181257464061,-3.5479226112365723
-39.4932668903457,-9.803180694580078
9.206200380526292,-2.9527151584625244
-2.93911844531118,-7.576815605163574
-28.13472322157985,-10.505826950073242
9.62907409316032,-3.6462173461914062
-7.042636248773623,-3.06282901763916
-4.03025121975644,-1.8312177658081055
3.42951329804928,-3.006474256515503
2.5565427438131976,-6.742041110992432
2.8513084033656,-2.4801409244537354
-5.5623675139736175,-16.42909049987793
16.9968892380515,-2.7606077194213867
-4.144685584269085,-3.8950586318969727
-11.221818720505304,-2.0670664310455322
-2.111656589218961,-4.303913116455078
-1.626797120535592,-2.6123549938201904
0.7652624054000594,-8.141923904418945
-21.5531296050118,-3.2276458740234375
-13.053772031257305,-15.548531532287598
5.42509465390903,-3.0983335971832275
-5.5186956836840375,-2.907797336578369
-2.260381023139061,-1.8625192642211914
-30.3377383335249,-15.759246826171875
7.380729755239978,-2.972482681274414
-4.172986764275874,-9.094911575317383
-1.2036514942358316,-7.964727878570557
-35.2906329121599,-39.39551544189453
-2.54595208771381,-3.307831048965454
-10.901275449743116,-7.629681587219238
-17.0078420331655,-13.12979793548584
-17.0314498829154,-8.427499771118164
-11.9784507557909,-25.584941864013672
-19.469018973061075,-19.79009246826172
-3.2142130797467816,-3.8360135555267334
-0.5663484394051013,-1.5019147396087646
-21.2195468929047,-5.853788375854492
8.077984978184695,-1.8034509420394897
-17.0119321722455,-13.219809532165527
4.67424026120176,-2.6735992431640625
-47.9875704511971,-9.503904342651367
4.316615136301563,-2.3577914237976074
11.2728180991378,-1.55873703956604
-3.5546157663424616,-2.0143914222717285
-3.15887949932979,-3.3673934936523438
-1.6422791314174887,-3.605034351348877
-3.448025235667948,-14.3119478225708
-13.5632540546311,-12.16325569152832
0.8825935384285006,14.114496231079102
3.27100049685324,-4.602518081665039
-0.7762273913233743,-4.498035907745361
1.026942322157092,-7.353549003601074
9.859104788483815,-2.9193031787872314
-1.9977872313530125,-5.579547882080078
-13.1809903671301,-0.15108799934387207
-35.1782981083837,-8.078166961669922
-35.8337806803641,-12.821956634521484
-7.639409008216227,-4.156477928161621
-15.746453943284,-11.876076698303223
1.055995951979529,-3.3500051498413086
3.987299411465438,-5.301747798919678
-37.0930621901092,-26.626741409301758
16.694612728237402,-0.3298921585083008
-4.527979888097892,-3.8710074424743652
14.6352674345898,-11.491006851196289
5.034618319433818,-8.149740219116211
-3.77133000272187,-4.317033767700195
-1.61504571199055,-7.063924789428711
-56.3663437951974,-21.132505416870117
10.088450856398616,-2.5884170532226562
-14.285610883283098,-15.106119155883789
2.6210618799141923,-2.3769819736480713
-2.308732762121495,-27.4819278717041
-83.9761260280997,-13.368982315063477
-1.03656181464744,-9.036676406860352
10.16232173056559,-2.304126262664795
-3.12013961477547,-3.3341715335845947
3.010752586641185,-12.508079528808594
-1.5178355576616795,-0.1811835765838623
-2.60072537807549,-0.18192243576049805
-2.367312137177082,-9.363399505615234
6.075310726130807,-4.866793632507324
2.24572304437811,-2.961635112762451
0.2044267191685782,-10.122115135192871
3.85944773684647,-2.62735652923584
-14.409506408843407,-19.70261001586914
-2.683955047842884,-3.2421422004699707
-0.0075038478591599,-10.87089729309082
7.190050317883171,-6.825873374938965
-2.1691769605730515,-10.699222564697266
-7.910003358009165,-3.0439558029174805
-69.1366966634013,-13.65001106262207
1.437241653553571,-17.262008666992188
-20.7409218490905,-6.9208197593688965
3.78247800369874,-5.678097724914551
7.909526276907584,-12.226696014404297
6.097122298913325,-11.273770332336426
24.5800902168924,-3.549454689025879
-9.979741434164584,-13.326055526733398
3.1327986373042376,-6.751309394836426
-8.393586343504198,-3.7071213722229004
8.678125432705007,-3.3595383167266846
20.7428439693387,-10.227476119995117
-1.511416195100045,-11.478434562683105
-23.3725501337939,-12.046748161315918
4.69437535963172,-3.0093722343444824
8.24149319055937,-6.524298191070557
-0.2898522089969393,-0.5498812794685364
-7.19378137939456,-13.34663200378418
1.0271109700113177,-3.4550225734710693
-14.564555056626377,-3.424919843673706
-9.657849716236,-9.750728607177734
-0.7280966227290082,-3.738854169845581
-21.8962191024866,-16.510053634643555
-40.2614734397264,-25.478382110595703
-1.77750068778882,-13.661855697631836
-28.3488859938485,-13.999446868896484
-8.184373188662292,-13.868250846862793
-6.135426654744688,-3.529296398162842
-3.270422191581055,-18.3528995513916
-6.055427015859325,-10.210497856140137
-34.3143130117107,-18.961685180664062
-50.4820483838523,-13.898481369018555
-4.639593570653838,-4.862925052642822
-21.0606958753072,-16.89642333984375
8.747205755218493,-12.417215347290039
0.6884341878779402,-3.4987165927886963
0.300408103033295,-2.9934964179992676
-2.6184282494780104,-1.069455623626709
-37.3999740396079,-7.088895797729492
-10.594900847222812,-14.24133586883545
-23.227454082363305,-12.957052230834961
-15.4814292943448,-12.559148788452148
-6.89310310865277,-3.0786616802215576
-11.7962452523223,11.585448265075684
-0.3887710448227697,-2.3627800941467285
-4.0896099478500325,-6.508843898773193
-42.6579269422049,-3.6228747367858887
-2.095241650043551,-4.544687271118164
8.45389840526827,-4.149954795837402
-15.5157954828953,-20.143722534179688
-1.9802660997523944,-0.9497336745262146
1.8368511005450223,-8.517066955566406
2.11900133622217,-2.9503517150878906
-38.4962238749225,-11.662628173828125
0.8069046214032297,-3.1075949668884277
-1.73607437190069,-2.22688627243042
-8.46093254820262,-3.3948662281036377
-0.0780407432645869,-0.2676328420639038
5.009535132419683,-4.912629127502441
-74.9399761386801,-10.482348442077637
2.806732553915905,11.272073745727539
-10.415057364934407,-4.519249439239502
-4.81834176383161,-3.2902345657348633
-1.4920816076829602,-3.776573657989502
-0.003939288658445,-0.21413660049438477
5.86288473591452,-3.7532010078430176
0.4443344011282492,0.21588492393493652
5.72263802046558,-6.704958915710449
5.46583466116103,20.411361694335938
5.05355462238675,-1.9041728973388672
-17.190033530139498,-13.629631996154785
-10.1192188918475,-2.711902618408203
-10.539071528779305,-2.362499475479126
0.2492257167476033,-2.339165449142456
5.35198813185094,-9.470733642578125
14.9823899147147,-8.485381126403809
1.7336328627834918,-3.361610174179077
3.2582764286422226,-3.0356197357177734
1.1615369027166365,-4.923852443695068
-42.4099588259267,-19.088871002197266
-38.7823663998969,-19.436893463134766
7.99575647038201,-3.2344110012054443
11.644495901203598,-2.4705634117126465
-39.0956747424042,-7.240227699279785
-38.6438610292767,-12.935379028320312
-40.5029244010595,-8.74404525756836
-22.8644313188967,-7.2143049240112305
-0.897066728281827,-5.36155891418457
-17.6830733389949,-5.220769882202148
-0.0084306638066775,-0.7345889210700989
0.5394390329931549,-4.767144680023193
-21.61387508166409,-10.054060935974121
5.053393098685065,-3.365841865539551
-15.7834934865799,-4.97855806350708
-58.40351531723695,-14.190174102783203
8.86280218600469,-0.08739997446537018
1.888243484494037,-3.697624683380127
8.99923705482913,-4.7399444580078125
4.133325903305868,-2.677231550216675
4.774357664359128,0.3772542476654053
7.418770080750715,-10.14541244506836
-2.25262466719878,-2.957704782485962
-7.071587649042333,-1.2924599647521973
4.398742241377427,-7.343406677246094
-8.692928400841772,-2.989506959915161
2.334382802629,-0.6207137107849121
2.8274240704709,9.529797554016113
2.1747311895065486,3.053452968597412
-11.9965988914421,-0.4518888592720032
2.776867734737273,-7.416784763336182
-12.4595255596924,-5.476094722747803
18.5317724911246,-11.936306953430176
6.86106163750481,2.012448310852051
-19.1693792779686,-3.1872453689575195
-4.20883890972707,0.5227241516113281
-0.3530077955256401,-10.838727951049805
-1.6020246929696491,-12.800363540649414
-7.57557880794988,-18.70325469970703
13.9692836454661,-6.135008335113525
1.289294757415069,1.5446791648864746
-20.3746494688195,-3.6515018939971924
-8.044482691931467,0.19359886646270752
2.51340467963473,-7.546716213226318
11.0282847349576,-1.3499042987823486
-1.3944922949507652,-6.484413146972656
-26.2706781913698,-18.495891571044922
-71.7765711158932,-8.530570983886719
-44.2857422252861,-14.444820404052734
-3.057699221935841,-2.7476298809051514
10.116767222520318,-3.8419394493103027
-46.9980356488569,-14.190433502197266
-8.677497573270493,-12.352718353271484
-25.781275563237,-2.9972457885742188
-2.941164138388841,-0.8274374008178711
-26.5692742661385,-17.794034957885742
1.2555345380058751,0.3904597759246826
-0.810306898238276,-2.716026782989502
0.2404076931068699,-19.915695190429688
-2.5590885431480426,-3.945561170578003
-11.9846830308257,-16.52081871032715
-5.775806690181939,-0.18098235130310059
1.9806048133258944,-1.3979458808898926
16.618750626525,6.741779804229736
8.204494762209066,-10.337331771850586
6.80321923705408,-3.752840042114258
11.710679650337616,-6.289173126220703
3.181253849239128,-3.092564344406128
0.90894434552881,-3.3060503005981445
3.547124544521316,-14.932476043701172
-2.202886656443709,-12.511137008666992
-11.133669865203094,-13.943795204162598
9.328533024448705,-4.13346004486084
-0.7012610501602399,0.5980756282806396
-0.3170472839931941,-2.576864719390869
-2.3458288386735573,-4.006855487823486
-26.1191329979098,-15.185285568237305
-2.33292598982445,-9.409475326538086
2.461922216333884,-11.532798767089844
3.73205068567752,-6.339483261108398
-22.4462583852743,-22.112369537353516
16.899113604615202,-8.268707275390625
-2.85382252753121,-3.6449575424194336
1.2705701336207027,-2.576659679412842
7.960789166364423,-6.45733642578125
2.71808902854303,-7.5683770179748535
5.5273920092716775,-1.7950994968414307
-4.11149235653684,-11.624835968017578
-20.9676231329802,-15.675565719604492
-0.89184437235696,-10.885530471801758
-1.2816619609782416,-6.000400066375732
4.85634828411675,-25.040491104125977
6.429854346358795,-2.6949727535247803
4.71112087372323,-10.723162651062012
-30.7199022255615,-13.429901123046875
-3.8590388668775,-3.2370753288269043
-10.6557437737239,-1.374393105506897
-13.4460672849668,-11.294675827026367
-5.527709296795018,-4.196794033050537
-1.876637029070265,-12.8731689453125
10.2532613363299,-0.4418296813964844
3.00680128293027,-7.6307783126831055
19.33685959748449,-10.549421310424805
-0.1058882282985149,-5.399585723876953
14.3436638764016,-4.978993892669678
-16.1535771788668,-15.217001914978027
0.9480162028997956,-4.100156784057617
-18.5891767455387,-12.005090713500977
13.309934514349203,-6.315692901611328
6.02246857213521,0.6840472221374512
5.16750826555368,-1.9563782215118408
-1.0190872666435924,-2.80220365524292
-19.100904418149,-18.389511108398438
4.743603615290096,-4.776916980743408
-13.8157551615103,-13.30898666381836
-3.802611775309477,-14.443329811096191
4.30511943579503,-4.401235103607178
-22.482844278002705,-10.180532455444336
0.60779733849738,7.77334451675415
17.8138573048897,-2.851104736328125
-38.4626262988146,-17.388208389282227
-0.6089836493556324,-3.436702251434326
0.8617451361473882,-3.329704761505127
-2.40000424902785,0.9410884380340576
3.7078671714499096,-9.446977615356445
-2.390619984667185,-7.0643696784973145
-15.559462368784592,-15.171422958374023
-13.790764753514,-3.2419190406799316
-9.325981865786185,-11.95859432220459
-58.4491138315396,-3.0288443565368652
9.550892694239591,-5.473686218261719
4.435147085081137,-6.1764984130859375
-2.3538192484503564,-3.283602476119995
-5.83438093189622,-11.456543922424316
-7.10827059552493,-14.840606689453125
-12.414939844598162,-3.2485480308532715
6.6154810826822,-2.5736122131347656
1.3155747227446202,-3.2096781730651855
-2.56542276271332,-4.10411262512207
-13.546032832554804,-12.171197891235352
-16.600339428286603,-16.229196548461914
2.9737175212081803,-6.350014686584473
6.167862854629888,-3.40205979347229
-40.922076323723,-9.574295043945312
16.9349100756105,-13.225496292114258
-12.24911226903676,-15.471353530883789
4.867927463076468,-3.6763834953308105
-21.6327950573002,-19.34056854248047
7.11033993521173,-2.760794162750244
-9.59094984812801,-12.825191497802734
4.92186081619874,-8.430190086364746
-7.815562497274902,-4.677327632904053
-2.20364176327536,-4.069455623626709
-19.6754058911438,-13.786296844482422
-91.8886792382854,-14.363899230957031
-20.9507978903398,-11.541620254516602
-17.8084408175675,-9.111066818237305
-62.9612541332419,-13.050310134887695
5.598134989920393,-0.1552567481994629
-7.283890318199592,-7.269391059875488
6.1026124307435,6.304068565368652
7.42840635595139,4.101143836975098
-5.179391847578812,-16.3843994140625
-4.873152982370568,-4.320504665374756
7.276768036701751,-9.143589973449707
-10.739322929783883,-3.226278066635132
-22.9219832537164,-8.261306762695312
1.5259403537211615,5.013359546661377
-44.7886924625105,-12.770257949829102
-3.72583443525641,-9.817397117614746
-14.57002364123529,-11.979255676269531
-10.128266274366498,-12.738146781921387
-28.0249952668106,-13.380342483520508
-26.24662901330595,-13.894878387451172
-40.3645652505015,-16.422258377075195
-30.8056950922951,-4.584633827209473
-3.9552380984537248,2.208301305770874
-2.1789667599796294,-2.677924871444702
-0.5734820606807138,-3.1436166763305664
-1.1617148968623687,-8.388269424438477
3.42848617073407,-5.4613494873046875
-17.4030551064212,-12.177482604980469
3.88109013796494,-3.0499305725097656
9.400493271217616,-6.055014610290527
-11.302161927872188,-16.347965240478516
-13.3709137252944,-7.61810827255249
-6.79658968512302,-8.469977378845215
4.509456424718162,-0.15709352493286133
5.45103123545738,-2.968336582183838
8.149714042401495,-1.9798908233642578
-12.909180343140196,-4.807164192199707
-6.61979034735207,-3.340240478515625
11.9978624338519,-8.403446197509766
-12.53254789251529,-5.079764366149902
-8.36198121766124,-9.993474960327148
-4.361976736345532,-10.9942626953125
-0.1898191226144924,-3.134401798248291
2.3166834950764685,-14.456729888916016
-12.6203596574975,-3.5783510208129883
-1.207429910073891,-3.139737844467163
-29.7403775200217,-13.598636627197266
5.31082796058257,-3.3947339057922363
2.97844031586002,-7.21487283706665
-12.533050119535002,-6.1750898361206055
-5.8684323426223,-1.118530035018921
2.391980620215489,-9.729058265686035
7.73570234615748,-12.424445152282715
1.166748445159433,-2.0880281925201416
6.093529951556334,-3.1163196563720703
17.709922444879297,5.854384422302246
11.779516260068313,-1.4343092441558838
2.4866177573815964,-3.2776601314544678
-30.89708550466269,-10.225577354431152
-9.231606713935047,-2.971038341522217
-13.4089268865456,-11.182489395141602
-9.06573754635488,-11.342264175415039
9.30630078585379,4.911331653594971
-7.156550033865472,-18.711633682250977
-10.5414716495377,-11.629234313964844
-27.8178569354009,-15.976713180541992
5.3817717725564,-3.0979318618774414
-35.155236696245,-14.413952827453613
-21.4141717786538,-10.417619705200195
-2.6053130644292946,-12.148837089538574
-9.953220777101093,-5.965908527374268
-8.798237091769485,-11.958385467529297
-27.6920167541674,-11.397172927856445
8.017093587799739,-2.8204710483551025
-0.3550158381598589,-2.835789918899536
-1.19024715514191,-6.073319911956787
-3.2855896341823474,-23.28863525390625
1.844566842421384,-4.566915035247803
-30.7366736665872,-11.608667373657227
-11.338238855350506,-8.640718460083008
-1.059512617215007,-2.6090269088745117
-33.7712071062874,-8.818866729736328
3.812227003524945,-3.7395215034484863
-2.8472026300298463,-3.1285195350646973
-21.5871320482388,-14.818371772766113
1.845960760756301,-13.270687103271484
9.06213659212517,-5.2508344650268555
-13.950148061363093,-16.964582443237305
-15.1006814359747,-3.3606386184692383
-8.65496498210776,-5.593196868896484
-31.18852367408345,-18.134235382080078
2.35160533891099,-11.401840209960938
-7.06329362397977,-10.92304801940918
-11.299328727708405,-10.272846221923828
-5.73967918172164,-1.0544867515563965
-4.062121175440552,-2.9904685020446777
3.62056380925444,-0.7281007766723633
-6.512385872303066,-15.964518547058105
