Score,Pred Score
-13.812973987503693,-11.087915420532227
-14.6311710829416,-3.571962833404541
-15.020937907067507,-15.857842445373535
5.61896917638109,-5.601014137268066
0.1461877509898399,-8.474849700927734
3.59745169898486,-4.819042682647705
-6.72144892291601,-12.658623695373535
4.304204520484877,-4.389678955078125
3.37898618824583,-4.043363571166992
3.939818822274421,-4.746679306030273
13.9953943577381,-0.8869106769561768
-5.39913759737588,-4.045506000518799
-2.204579993178592,-3.8868978023529053
8.829561804598438,-3.2211315631866455
6.01696699102072,0.5790662169456482
-6.376202369524528,-11.279956817626953
-6.50906463316165,-5.189589500427246
-60.92137282626391,-19.205522537231445
1.99934019108803,-6.857741355895996
2.188685633501576,-3.145841598510742
4.07090957771029,-8.89373779296875
0.5211206139658471,-7.151371002197266
12.5580583918003,1.9678058624267578
3.320229681965675,-5.102780342102051
-0.4381862293696001,-3.9331305027008057
0.1752112379752922,-3.1228811740875244
4.123908949931413,-7.410942077636719
-14.2382866820043,-3.3817477226257324
12.966325580978296,10.643472671508789
7.692941411907634,-5.832281112670898
-62.9031214125763,-7.695108890533447
-5.800670766453999,-4.101885795593262
-11.705366535732304,-7.401632308959961
-4.786538605318405,-4.175347328186035
-82.4887013651952,-7.7135162353515625
-8.251107402184557,-4.699370384216309
1.61677665352485,-10.545687675476074
-11.916211326129387,-8.051139831542969
-45.634880019414,-8.7830810546875
-0.568998602339841,-1.1969248056411743
-12.147399114840605,-14.447833061218262
-27.4476544011683,-9.580428123474121
-2.306526469902426,-9.982941627502441
-0.4835459876036119,1.8261587619781494
-8.39479061793487,-19.004343032836914
-46.862925671502296,-7.866187572479248
0.3837795244341289,-3.46923565864563
7.184930267876617,-4.111944198608398
2.8348518495029404,-4.068615913391113
-9.859535687586003,-5.915531158447266
-6.00025755794808,-4.279794692993164
-4.764629840066975,-6.70523738861084
-2.377061578670744,-5.88064432144165
-2.0585753436264698,-8.29283618927002
1.1848602197973823,-6.353139877319336
4.97603191479674,-3.9713902473449707
4.27399441028646,-3.8526878356933594
-46.2372447228831,-6.9969329833984375
-31.4759298257721,-5.524794101715088
-50.1674018945849,-5.592323303222656
0.9601515747159592,-7.044301986694336
-11.864177458483407,-4.463683128356934
-0.538262620928304,-2.7408251762390137
-0.6920482116816997,-6.70576286315918
-1.5184696160120892,-3.656458854675293
-3.0836644409391925,-6.762697219848633
11.316750179392892,-5.877753257751465
-11.183106529127476,-0.8469516038894653
3.59102041590596,-3.997502088546753
4.55602013063716,-7.571181297302246
11.579228393987275,-1.29634428024292
2.3067635611900137,-10.32829475402832
10.480393919522983,-3.049198627471924
-2.698100773809443,-6.749755382537842
3.776985072333982,-5.970223903656006
-11.773766374328297,-15.899909973144531
8.681027307740193,-1.8728394508361816
-1.1091988250418725,-2.108701705932617
4.484288991501213,-0.6048685908317566
0.0548896546292299,-2.6225080490112305
0.1118559290339978,-3.2345023155212402
3.9797293996962297,-3.1416025161743164
-22.42608065327665,-7.902551174163818
7.37064384347005,-9.887066841125488
-0.2642143205483515,0.5870242118835449
5.344594984386832,-8.870244979858398
-1.2497809936708242,-6.5925822257995605
13.71198107208239,-2.7337162494659424
0.5045482395984724,-4.06196928024292
2.86709961553106,-3.5622613430023193
0.4423212163888063,-6.819327354431152
-3.724573545179619,-3.3052244186401367
0.2570808252882703,-10.760213851928711
-70.65073406723695,-8.891768455505371
-33.9587360563784,-12.281757354736328
9.2088386022025,-6.234261989593506
1.3318185914773402,4.6641621589660645
-9.176001953270983,0.4965322017669678
-10.497767159210698,-14.140806198120117
-0.4402086584014632,-2.3705227375030518
2.1560784090827942,-12.391286849975586
-27.1636490162131,-3.1103029251098633
-0.670930828719279,-8.931184768676758
-22.794043146736,-6.953120708465576
0.8105828534072201,-3.370713949203491
1.2287673509824204,-1.2027734518051147
-0.6435038581465955,-5.732144832611084
8.474782023793379,-3.534310817718506
-9.601847091024196,-4.749646186828613
-1.6610011043127195,-10.048568725585938
-0.1091636509260827,3.900641918182373
7.570838092245207,-7.153379440307617
-7.211196994815285,-8.025240898132324
9.090654061652296,-2.438408374786377
-26.6651088566214,-1.4406265020370483
-17.309192174305,-3.9156222343444824
4.14054171285972,-3.093393325805664
4.097668935846943,-3.597090244293213
-0.29408409265346,-6.664625644683838
-35.8165916579592,-9.08780574798584
10.898098675545494,-3.035172939300537
-1.6552655274048038,-5.955252170562744
1.6729502580778592,-19.44953155517578
-6.42491227706334,-12.482671737670898
-15.4752611754195,-14.419661521911621
-0.6907348474047925,-3.2635393142700195
-21.3629045873375,-15.108211517333984
4.219145585451182,-18.836383819580078
-3.019531285218114,-4.52510404586792
4.25311060075082,-3.233489513397217
-15.0412339008878,-7.0357279777526855
-8.237627320974727,-8.142045974731445
-1.0683487237199796,-4.884054660797119
-1.7174251595272625,-2.9125349521636963
4.069163600073605,-6.4949116706848145
-10.162041561092582,-4.833542346954346
-5.97248436581227,-6.463091850280762
6.120538767403939,-3.6751179695129395
-0.8028238008287005,-4.172403335571289
-23.6042929930625,-8.231261253356934
-0.1777753404752198,-4.425327301025391
-5.785469568057495,-6.995161533355713
-0.0556983764780604,-3.7731480598449707
-25.4508968849616,-11.279340744018555
-5.3185412482723295,-3.722730875015259
9.1356503291117,-3.9277753829956055
4.020569536845237,1.0146386623382568
-58.5527340809363,-8.557655334472656
-6.291328737399075,-4.094310760498047
4.187869588752649,-7.324237823486328
8.922207576391518,-8.223564147949219
22.7414116448382,3.182222843170166
-44.6057608529879,-7.235360145568848
-26.5129077898497,-11.10359001159668
-2.13735826282737,-3.5966029167175293
-1.14890133483728,-3.442638874053955
-15.2234416939723,-4.72736930847168
0.369316059642221,-10.003402709960938
-0.6884117876070912,-0.3532075881958008
-5.8772631055401,-4.330275535583496
3.6053774296538297,-1.7042827606201172
5.07108724357905,-6.345375061035156
1.292753014965791,-4.738396644592285
8.440986836263871,12.0391263961792
-3.43040335892423,-8.178224563598633
0.7651079053562314,-7.443469524383545
-37.13962469223695,-6.635649681091309
-5.822632503482525,-4.666069984436035
-6.879472048396067,-9.55246639251709
2.11024229353816,-10.789762496948242
-7.1526743450051855,-8.281087875366211
-1.122073026503361,0.22322583198547363
0.3302260274555297,-6.034012794494629
-1.178255647098801,-8.818357467651367
-2.99361591491145,-6.427778244018555
-18.1070051290659,-18.64689826965332
-3.0332808194811403,-3.135812282562256
2.6303171850506604,-8.758689880371094
-9.72499716390718,-6.265682697296143
0.2729453578388601,-8.556663513183594
-21.4503408223732,-9.78138256072998
-4.99755531471552,-3.279710054397583
-18.0018409950579,-5.966582298278809
4.00031385473591,-6.299499988555908
12.0378145652987,-3.7024779319763184
14.1235470599023,-12.4273099899292
6.55729051148795,-15.683012962341309
11.19992297656359,-6.155248165130615
-7.81388191369781,-11.781822204589844
-2.924593214648255,-5.932523727416992
3.7667366885646025,6.70888614654541
-6.68253431604433,-7.346798896789551
0.7345204104922589,-0.4725106954574585
-10.626155896203898,-3.734685182571411
8.106852576346123,-3.2790660858154297
-58.24412469223692,-5.730912208557129
1.4955767028094,-3.2973697185516357
-17.6906096863185,-7.039596080780029
-4.813871520282443,-3.4046998023986816
-11.8973420493851,-6.032437324523926
-2.67676896274171,-2.956775188446045
-3.9331393974605526,-4.559648513793945
8.756217929094177,-3.842656135559082
-29.2662792150344,-10.583866119384766
1.7249239205326918,-4.266953468322754
-6.686975812883663,6.374847412109375
11.10272802991041,-2.2453057765960693
-10.956818171714705,-11.592588424682617
-6.3500959185649,-8.861274719238281
0.6681105368389735,-4.320251941680908
-12.500029270357295,-10.278153419494629
-2.591242863373206,-6.1484832763671875
5.954690473588823,-3.2657582759857178
-43.929359067237,-7.226790428161621
-17.4841411730512,-16.23059844970703
3.61441892535489,-3.8948311805725098
2.1112971208509976,-7.8370208740234375
-41.8026500314277,-8.523372650146484
7.028135642932115,-2.705695152282715
8.463248256721428,-3.7665205001831055
-13.037072413777096,-6.131829738616943
-1.6307504375632549,-5.629213809967041
-0.3284521577656807,-5.476337432861328
0.4685622181175212,-8.418039321899414
-5.316952415477393,-10.41893482208252
4.584421564331302,-13.077224731445312
-20.3593816575191,-8.517522811889648
3.67041582610247,-3.141310930252075
2.204062447972561,-3.482851266860962
-4.666937653128132,-4.097217082977295
-12.3781694316975,-18.711870193481445
7.06923762363823,-8.392034530639648
-37.2883298194418,-7.128871917724609
6.442434166934048,-3.139395236968994
-12.2162083245621,-17.474760055541992
-20.3623076046531,-6.924571990966797
-5.45440876641342,-5.43588399887085
3.1416241584890576,-6.429612159729004
-4.96580172718434,-4.0269856452941895
-37.4061766871973,-6.104558944702148
6.46185690649625,-3.4428277015686035
0.5403453062071405,0.3074237108230591
8.656689402528613,-2.9005937576293945
12.331931266595111,-3.0772624015808105
2.75380173901167,-3.436063289642334
-2.8447496930443927,-8.221681594848633
0.0285872237409883,-7.149654388427734
-73.5286754265322,-4.168651580810547
7.285509446842615,-3.7792856693267822
6.72046542688671,-5.177895545959473
-6.19730890695259,-3.466196060180664
-16.4599719883519,-8.671339988708496
-10.288292260688207,-5.2089667320251465
-10.285920522724917,-6.861225128173828
-30.8171784242839,-10.453633308410645
-4.65691689928222,-9.45384693145752
-37.1716279374795,-11.47314739227295
-36.50577458359941,-17.281513214111328
0.7942566624333496,-3.8537187576293945
-34.8552692363716,-9.660772323608398
-2.491707941339629,-6.9307990074157715
1.7387039934851498,-4.799057960510254
18.9715733525152,-3.7527828216552734
-13.8996269060666,-2.961979389190674
4.17561229224804,12.175424575805664
4.7680640763497,-17.803035736083984
-6.745372906074374,-4.317601203918457
7.262818938793504,-9.190938949584961
-55.7541546140486,-6.9654541015625
8.453421074249384,-3.3822999000549316
-5.85807143580148,-3.7328243255615234
-52.7336020518746,-3.5448927879333496
-1.995826789875676,-2.3824148178100586
-1.3326443092463092,-6.711868762969971
5.029017096161708,-3.6790902614593506
-0.71117494174041,-4.4035515785217285
8.243548509216069,-3.0879242420196533
5.81602235619721,-5.571836471557617
5.978124919049687,-7.93361759185791
-2.8859593337581737,-6.1150221824646
-26.0047332498617,-3.8472390174865723
-1.5220929784942658,-10.459493637084961
-3.195242757261453,-2.7116215229034424
-15.0089303719363,-12.24382209777832
-1.757118944268968,-5.625144958496094
-13.5091075877696,-12.581302642822266
-4.0681667574955,-6.734090805053711
4.43276114617859,-3.4842658042907715
-4.665207913971671,-4.002999782562256
7.33919324558513,-6.667806625366211
-11.69780882660921,-9.840410232543945
5.960801203295765,-6.199411392211914
-29.9162730471743,-7.166821479797363
-5.331847529263395,-9.980131149291992
4.2006804390709,-3.892062187194824
4.76541245752904,-2.4928762912750244
5.87221574658101,-5.405057907104492
-12.955988512618,-7.3888163566589355
-14.4061745570978,-15.771018981933594
13.644333664082708,-2.805011749267578
7.522446474796843,-7.742979049682617
2.858782897786812,-6.174700736999512
-49.8653288018085,-7.507776737213135
-4.029904705212941,-3.432931900024414
-6.2026319104393295,-9.84710693359375
4.452168509343501,-1.1991599798202515
-16.475900892606802,-0.00417017936706543
-11.03094492075089,-8.143148422241211
-8.08045020128908,-3.681903123855591
1.39259946716825,-3.974392890930176
-14.885807229381896,-8.300396919250488
-11.113180908425988,-33.79689407348633
5.506094216928792,-4.668968677520752
5.29091659278858,-10.538002967834473
3.42106467876526,-3.9106247425079346
5.162821279449693,-3.817880630493164
6.020551076354931,-2.1719937324523926
0.8086942897832163,-5.3314008712768555
-8.80546181278599,-7.791075706481934
-7.42349600405968,-7.16253662109375
-14.4731176558811,-3.911379814147949
-35.5448186771701,-14.80467414855957
-1.657597602265355,-0.8663535118103027
-1.930224441335125,-1.548083782196045
-10.398648228661925,-2.6475157737731934
-1.6521884315998507,-8.994965553283691
1.3131129859732091,-11.892536163330078
-0.1240821746904601,2.0651321411132812
-35.1709788883515,-16.239181518554688
0.6771989561182002,-6.37874698638916
-5.8677981963370005,-3.6892528533935547
0.7982616963508231,-9.186614990234375
2.595279020812243,-3.4933743476867676
6.9472187772133225,-2.6589150428771973
-41.1395198834054,-11.221542358398438
-35.4604736838065,-17.64454460144043
7.87379173269718,-4.922100067138672
-8.72128086410909,-8.232564926147461
-82.13826531723697,-8.559392929077148
-9.70693692529289,-15.637920379638672
-61.4386715672369,-6.763399600982666
7.10938257895085,-4.445557594299316
0.4007388327427847,-8.151122093200684
-0.7455370396145937,-5.934741973876953
1.674966057420845,-6.23118782043457
11.877856996640997,-4.261129856109619
-0.9096556467231308,-9.554130554199219
-1.4680391508473674,-1.5495655536651611
15.6414782015599,3.1939659118652344
-10.35739215730591,0.60455322265625
1.926107182225645,-7.593977928161621
6.99756701325662,-4.059596061706543
3.54836143321337,-3.092130184173584
-7.726553411266567,-6.784612655639648
-48.51478094223695,-7.444159030914307
-3.0453156276270903,-3.923006296157837
-3.454798154796729,-2.2726988792419434
9.503977484174175,-4.8525071144104
6.001532732018722,-2.124199390411377
1.775572054007981,-4.756041526794434
-2.6871577689602653,-11.55142593383789
-7.920344649869953,-3.886345148086548
2.578081311550471,-4.800912380218506
-14.434457477598505,-3.724574565887451
-1.338045882914232,-5.965967178344727
-44.1817825469333,-5.542381286621094
2.4314234692194163,-8.137655258178711
-2.35314836228574,-11.5482177734375
-2.07036107592124,-3.7841057777404785
-6.560167066336443,-7.181626319885254
-2.54688332955635,-5.895304203033447
-7.940842049461227,-3.9774532318115234
-7.789052707582185,-7.451467514038086
-1.4295761119406232,-9.757465362548828
7.206977941743588,-5.432254314422607
-4.081394009803599,-4.055334091186523
-30.167243616457,-17.696569442749023
11.7225687296843,2.325485944747925
-0.8984319813221007,-2.703125476837158
10.349523074958825,-11.406368255615234
5.42147270471237,-1.9391307830810547
-0.3136273830120112,1.4608588218688965
4.398848813602776,-8.621301651000977
2.099307195887115,-4.409704208374023
-61.6890402284636,-8.414665222167969
-7.08434802004719,-4.6819047927856445
0.6962467393230812,-6.7773637771606445
9.0758909366509,-3.6578779220581055
-1.9263965715605047,-3.0647568702697754
-6.262949496708321,3.108499526977539
-4.739766082030863,-6.171019077301025
-36.8822022827233,-7.671124458312988
3.24770439300306,-2.411651134490967
-2.289513933263135,-8.995153427124023
1.41805545618482,-4.714405059814453
-24.4432878855492,-4.187401294708252
-24.96156751119129,-9.547985076904297
-7.734574598544068,-18.497819900512695
2.79124989437018,-4.171924591064453
-5.17831154550348,-7.296008586883545
1.5275640312561216,-3.89491868019104
3.682989905065457,-5.675786972045898
-10.8237586662752,-8.322994232177734
-6.929951553081727,-10.308187484741211
-27.96215708599589,-17.525634765625
-2.88087637063392,-11.598418235778809
-5.960419628776203,-4.762458801269531
-37.189874708633695,-8.240156173706055
1.1496085756031087,-3.0905797481536865
-12.7137936794919,-14.435636520385742
8.398744223780918,-6.443453788757324
-33.3004252633332,-8.372276306152344
9.144089281431205,-6.472108364105225
4.065326821312747,-5.535910129547119
-41.9047429025821,-19.31830596923828
7.383552345763623,-2.961520195007324
6.364261125349779,-3.559840440750122
4.841793570156368,-6.748404502868652
1.6198341998494314,-7.13653039932251
4.179707781567577,3.2282726764678955
-14.7229944429405,-5.487303733825684
7.078924552126015,-7.0575785636901855
-12.898019313824,-5.452505111694336
-70.8116033690518,-7.262881755828857
12.7359625054994,-4.044100761413574
5.586124430090477,-4.668961524963379
3.028467183462371,-3.9500572681427
-5.830142578087577,-7.671792507171631
-22.6841489367301,-10.681045532226562
-1.51657819068512,-3.8635454177856445
-81.52648016021857,-13.520851135253906
-3.36903782007548,-3.005382537841797
-18.707844022,-18.020832061767578
-34.48768519828235,-11.59294319152832
-39.7169735486916,-4.219481468200684
-1.593720937577549,-8.865365982055664
-23.2954444871652,-17.567779541015625
-45.30258920076982,-18.450153350830078
12.5056328567953,-0.8222610950469971
-11.9299972333177,-2.405669927597046
-37.9495035857927,-5.001158714294434
0.7001962140772594,-3.661991834640503
4.49418879319923,-5.783100605010986
-39.0646563811545,-5.198515892028809
-9.09730633851708,-7.676573276519775
-17.5589533745204,-20.795597076416016
-4.92782811871599,-4.775865077972412
-8.2299173561342,-1.2220643758773804
2.60625970962018,-11.380661010742188
2.726862934921635,3.517123222351074
4.071661498679735,-2.275507926940918
-13.2494383747796,-2.302377700805664
-11.9154244975033,-12.266172409057617
0.9090871567987184,-17.70318603515625
7.92708077877978,-5.354994297027588
-3.119647295186995,-6.698677062988281
-2.248378586620203,-7.44548225402832
1.6646916021852596,2.6656157970428467
0.1590569364430157,-10.59046459197998
-77.3623903172369,-8.043682098388672
15.8859560938761,-3.7511448860168457
-3.11888044241469,-3.570404052734375
-2.7468186065138984,-0.4034566879272461
2.77922195660905,-6.848258972167969
4.052279150357491,-14.4344482421875
-4.03806373695381,-3.497168779373169
-2.4461467814868523,-8.488210678100586
-0.1639564470097907,-5.879509925842285
0.8542168432631491,-7.105010509490967
5.84905996845087,-3.6773133277893066
-5.77665564868809,-13.607378005981445
-3.7008288999313423,-2.7767372131347656
-7.18713065449027,-11.013955116271973
-0.9529303605806088,-3.846122980117798
-15.902118442879,-15.54959487915039
-28.0636361890057,-15.63546371459961
-26.912205886836706,-7.009527683258057
8.596988309863011,-3.5943098068237305
0.2877587512502297,-1.8506662845611572
3.3899996482015826,-3.5727977752685547
-20.5869014386951,-30.29657745361328
-9.341800010912078,-4.447181701660156
0.1692077246922899,-3.1172568798065186
-1.857666460494741,-8.715226173400879
-13.2752747780792,-8.92497730255127
0.7445982178878973,-9.261211395263672
4.49646859469848,-4.128944396972656
3.60913262992784,-4.272280693054199
-5.653435188749545,-2.3942084312438965
1.51502173443586,-5.131002426147461
8.143116180793372,-3.766498565673828
-8.36164856265281,-7.379565238952637
-1.130678948105339,-2.9665255546569824
-4.349210006555943,-1.6434433460235596
0.2594141505344826,-15.634683609008789
-32.1283374054069,-21.308536529541016
-1.9051378030600723,0.710686206817627
4.768047800449637,-9.799545288085938
2.264898495983479,-7.317729949951172
-6.47138721063866,-1.3374178409576416
4.93167956005568,-3.196667194366455
2.4851768276660025,3.6641106605529785
-3.930469946192945,-0.9280883073806763
11.923948375295712,-1.5942327976226807
11.616605850275496,-2.2280025482177734
10.41580460128629,-7.659932613372803
-8.700462669667385,-10.610045433044434
13.1991243046288,-9.302520751953125
-4.75101729862813,-2.906371593475342
-1.4230966237807086,-8.166363716125488
-2.07861348348741,-3.6204605102539062
10.292368565007404,1.6352601051330566
1.9007667723773176,-9.875060081481934
17.1612744381531,-2.935548782348633
-0.1428452494230792,-3.3450894355773926
2.4933992323843923,-2.8398709297180176
-13.861300672159,-12.143991470336914
-1.7943154401891548,-6.309992790222168
-4.15624175439773,-11.934249877929688
-14.277645616907492,-4.603559970855713
2.713132201978397,-5.188809871673584
-13.315456279797685,-7.160981178283691
-5.36204355968609,-5.722094535827637
-1.4872271509121793,-6.504516124725342
0.31232235517322,-2.2632203102111816
3.0307168501552093,-5.9322357177734375
3.4484762474106,-2.4431991577148438
-34.0729170807354,-8.918758392333984
-25.0659802428987,-6.601016521453857
0.86771933446589,-7.577089309692383
-11.996919710325,-2.7428605556488037
17.2594267615487,-3.2288103103637695
-56.2560888739038,-8.498407363891602
-12.7386491421071,-16.577369689941406
-3.520787796436005,-12.248987197875977
-0.8014467498558491,-17.70572853088379
-34.7812340468876,-19.973621368408203
7.158235365631607,-12.603370666503906
3.29681579894721,-3.6907706260681152
0.046018285265003,0.1668773889541626
2.046344769010002,-5.3215651512146
4.25403099118957,-8.286755561828613
3.7804230286959792,-11.389884948730469
-3.773219093074008,-8.489408493041992
-9.722403045722997,-6.99962854385376
2.81101468536903,7.224199295043945
-23.7494411406013,-19.067174911499023
-75.56229656723696,-6.911592483520508
4.366245372711767,-3.5565524101257324
9.94612085382829,-0.3883126974105835
-8.207132148775708,-3.8861005306243896
-3.09775596823669,-1.8392401933670044
3.77256113899207,-3.863186836242676
0.2016574678685985,-3.705357551574707
4.38808277416547,-4.282794952392578
3.7092867134231,4.984944820404053
1.6740112862957208,-2.9596188068389893
-5.472376660417956,-4.0367865562438965
12.283123760680592,-2.803206205368042
4.417989059347175,-7.690020561218262
1.907333647224608,-0.850682258605957
-3.73521146317182,0.7398674488067627
7.837521570550837,-3.1854088306427
4.82455755953161,-12.984140396118164
-0.6472060937938101,-4.54025936126709
-8.237956686764985,-11.971864700317383
7.36579899286375,-9.879725456237793
7.859716520666763,-3.7094311714172363
2.765011277030255,-5.686099529266357
4.62415639298937,-0.10380339622497559
6.430237727930085,-6.029778003692627
2.44728958086436,-7.249019622802734
-1.93656353174353,-4.121758460998535
-33.7845903951132,-8.791275024414062
10.960301672714698,-2.9390501976013184
6.147225205740463,-1.1749305725097656
2.4659746492236927,-3.523925304412842
18.2642273209106,-1.5892637968063354
7.656482330373112,4.897763252258301
-63.2346715672369,-7.711139678955078
-22.9610154952969,-5.928157806396484
4.39789099231211,-3.58166766166687
-46.587141393021525,-9.404167175292969
-12.281506448986304,-6.3338775634765625
5.220668557811489,-2.9046072959899902
-1.4412632820262703,-17.671972274780273
-35.163016426576704,-26.42379379272461
-31.380009974583203,-11.629331588745117
-40.7258600860177,-1.2160577774047852
-35.3994683825842,-14.041948318481445
-10.968565079401992,-7.980432510375977
15.384553292915324,-6.547504425048828
-0.4271227388875901,-3.336620330810547
-7.69948364751984,-4.7246904373168945
-26.6822467124322,-3.7058615684509277
-0.2823200449385875,-6.0069990158081055
-3.8453528225106623,-12.41385555267334
-2.4599041427842496,-2.9602651596069336
-12.7315114055493,-14.895589828491211
1.418014053180695,-11.485065460205078
-3.4922781726655696,-13.048123359680176
9.58062385928767,-11.139766693115234
-17.5801214502402,-2.3150060176849365
-49.5120706514507,-5.79996395111084
-0.4503474699443348,-11.02554702758789
2.332279780348585,-4.414962291717529
-42.2483635713802,-2.789696216583252
-5.00028834575103,2.0395636558532715
-5.14141487663266,-7.262815475463867
-19.923371510770203,-8.599984169006348
4.28301459624688,-1.8309714794158936
0.3224388648416145,1.5785150527954102
6.795393661635613,-10.407855987548828
6.720388221210122,2.6757922172546387
-20.7558388881914,-6.337912559509277
-12.5922662394529,-16.184803009033203
-5.19085420781142,-3.640937328338623
-27.3858072066324,-12.156044006347656
6.488490212037078,1.399512529373169
-12.5233171201947,-12.107919692993164
0.996650643215182,-3.645587205886841
3.27144637329635,-2.6830406188964844
1.203208947199059,-3.2507314682006836
4.5031585012656095,-4.04374361038208
-46.6686841099013,-8.105462074279785
3.600655729290548,-6.7619757652282715
-2.7077151362496297,-14.891884803771973
-42.936846127142296,-6.838838577270508
2.679404112105611,-3.8404855728149414
-23.975827854410426,-6.7572407722473145
-24.4869919201538,-5.177077293395996
-6.22433036882608,-3.0848426818847656
-24.992167376126925,-10.795005798339844
-9.742168339465294,-5.6151838302612305
0.1235817830644999,-6.277134895324707
-11.607028837624,-2.875910758972168
5.321680837772678,9.281205177307129
3.3452637215970498,-6.731637477874756
13.015759276594096,1.121362566947937
-6.13466459150186,-5.329486846923828
3.0897024917955025,-3.037822723388672
3.557691046156,-3.2797064781188965
2.0008593011464906,-7.510306358337402
-1.2671721747064446,-8.549915313720703
-2.989164004622407,-3.537961483001709
-2.43808381047612,-2.451869487762451
-11.30813578108209,-3.6362857818603516
-9.619042312244815,-8.669330596923828
-4.01456885639382,-5.4496564865112305
-4.853312003098937,-3.680360794067383
2.78743688363977,-11.617742538452148
3.6035536346157695,-5.209558010101318
6.09033976794457,-3.2670907974243164
-5.89266438028177,-3.7122206687927246
4.780848076735348,-8.86214542388916
-20.7592210135025,-9.133391380310059
-3.637071869773312,-14.092011451721191
-4.396710286499547,-3.6211493015289307
9.04709717330502,-1.8769798278808594
1.69213972357191,3.462360382080078
-27.068723822751306,-24.40288734436035
0.2886204877907422,-3.3759002685546875
-0.592182005541919,-4.304222106933594
-4.736229867816737,-2.591120719909668
7.877641553655238,-1.7460212707519531
-2.588665914009158,-2.632051944732666
4.72846919446815,-17.133472442626953
3.42669038506664,-4.438107967376709
-10.274169876330886,-5.104286193847656
-1.289264920121349,-3.889404296875
-6.9648772325347394,-6.1613569259643555
-1.2236747050651609,-10.7251615524292
-12.208208404490907,-7.299520492553711
4.40921359309415,-10.150888442993164
16.4171583068458,-3.0385212898254395
-15.991582533821994,-6.971772193908691
7.809600001042748,-3.6494526863098145
-3.0331069492891496,-4.798562049865723
2.603164662477901,-3.4670166969299316
-24.2572199033326,-11.944454193115234
13.667582002208905,-1.400188684463501
8.19307228691883,-12.824789047241211
0.4664503305112299,-5.864920616149902
-6.46133524603972,-6.1189284324646
-19.7520332208299,-16.592178344726562
-7.75971004909346,-2.2659246921539307
7.66334596528203,-7.085430145263672
-27.64770126959135,-12.380351066589355
2.125547882163602,-8.294343948364258
-1.8239337240231768,-3.6338937282562256
3.3696784995100426,-5.458902359008789
5.265272900492549,-3.745891571044922
6.753311816554961,-9.698019027709961
0.9434331950199416,-4.472508907318115
2.13745295521649,-6.333621025085449
2.76912169862866,-2.59196138381958
2.409764321136161,-2.6371207237243652
3.7606671418030695,-7.244648456573486
0.555665600488549,-4.814595699310303
-89.04756219223692,-7.944640636444092
6.987950206462267,-7.7806549072265625
-10.09410467002709,-4.3051981925964355
8.16191414696451,-4.5002360343933105
-10.731303688850904,-17.015785217285156
7.588764503474316,-3.8350422382354736
-5.25293160621848,-9.798672676086426
2.3065604778561424,-1.7167989015579224
-3.8022266666193874,-16.537643432617188
3.22816419080692,-6.074140548706055
1.1941842843275,-4.9556379318237305
9.772192422094813,0.3751145601272583
-2.489313079893845,-2.6673924922943115
-13.547300817594484,-5.552275657653809
-1.5403494549472296,-4.941598892211914
-5.139364658294922,-3.456536054611206
-1.32131943338233,-5.0420427322387695
-0.5284321769112605,3.1613028049468994
0.1119561526876595,-0.298237681388855
14.8508222506114,-2.9661998748779297
-0.0918051514147744,-6.758196830749512
-1.7237618714553775,-3.7838046550750732
-1.5699354762224491,-3.794442653656006
1.5718362711845366,-8.60819149017334
3.58036180553514,-7.199435234069824
7.45084701577923,-11.839774131774902
-7.378812419643663,-3.5948281288146973
-33.1832620874725,-7.865562438964844
-6.066411004621831,-3.366041421890259
-16.4910721624856,-13.916561126708984
0.8267526169764301,-8.0803804397583
-9.762453719841735,-4.2282609939575195
8.07102955700163,-2.8727502822875977
1.741670982094262,-3.320922374725342
-0.0053525606393112,-5.132534980773926
-51.4043293278057,-6.059994697570801
14.9415296965116,-3.2638702392578125
8.70853787657841,-5.918848991394043
-2.149900469098629,-8.171722412109375
14.8229623836697,-3.163912296295166
-0.0379657812584102,-2.8600101470947266
-15.3173389528898,-3.0201568603515625
-1.7663441991754285,-4.297937870025635
-6.708306328674888,-7.021759986877441
-78.7451798053926,-8.398658752441406
-0.5413656534735456,-7.987283706665039
9.625121597198186,-5.037039756774902
-3.15562863494722,0.7948389053344727
9.60447820177431,-3.1873271465301514
-3.31847606547329,-3.5971810817718506
-4.12581810820042,-3.681697368621826
1.7706121017107803,-3.331554412841797
0.5117341060036625,-5.8552093505859375
2.63157412115867,-5.359485626220703
-4.763634360062484,-6.177729606628418
-11.18181257464061,-3.8165087699890137
-39.4932668903457,-8.99364185333252
9.206200380526292,-4.233410835266113
-2.93911844531118,-5.780294418334961
-28.13472322157985,-9.841227531433105
9.62907409316032,-3.2938761711120605
-7.042636248773623,-3.3494086265563965
-4.03025121975644,-3.020357608795166
3.42951329804928,-3.6441516876220703
2.5565427438131976,-4.953357696533203
2.8513084033656,-3.302042007446289
-5.5623675139736175,-11.529510498046875
16.9968892380515,-3.0481557846069336
-4.144685584269085,-3.933135986328125
-11.221818720505304,-4.316110610961914
-2.111656589218961,-3.025388717651367
-1.626797120535592,-3.4582934379577637
0.7652624054000594,-7.692868232727051
-21.5531296050118,-3.5868515968322754
-13.053772031257305,-15.554496765136719
5.42509465390903,-3.6198930740356445
-5.5186956836840375,-3.543137550354004
-2.260381023139061,-2.4560821056365967
-30.3377383335249,-9.221994400024414
7.380729755239978,-3.4202380180358887
-4.172986764275874,-6.547890663146973
-1.2036514942358316,-6.5250773429870605
-35.2906329121599,-34.73057174682617
-2.54595208771381,-4.15138053894043
-10.901275449743116,-6.888841152191162
-17.0078420331655,-8.64655590057373
-17.0314498829154,-10.256032943725586
-11.9784507557909,-27.83856201171875
-19.469018973061075,-23.03738784790039
-3.2142130797467816,-4.630600929260254
-0.5663484394051013,-1.972867727279663
-21.2195468929047,-7.779059410095215
8.077984978184695,-2.8482415676116943
-17.0119321722455,-14.357501983642578
4.67424026120176,-5.972419738769531
-47.9875704511971,-5.724637985229492
4.316615136301563,-2.926738739013672
11.2728180991378,-3.686014413833618
-3.5546157663424616,-2.733147144317627
-3.15887949932979,-3.720313310623169
-1.6422791314174887,-3.791191577911377
-3.448025235667948,-8.985340118408203
-13.5632540546311,-8.347795486450195
0.8825935384285006,12.815391540527344
3.27100049685324,-8.350801467895508
-0.7762273913233743,-4.234053134918213
1.026942322157092,-6.687621116638184
9.859104788483815,-3.684459924697876
-1.9977872313530125,-4.563290596008301
-13.1809903671301,-4.402862548828125
-35.1782981083837,-5.168588638305664
-35.8337806803641,-12.691588401794434
-7.639409008216227,-4.868370056152344
-15.746453943284,-10.411641120910645
1.055995951979529,-3.405357837677002
3.987299411465438,-9.570470809936523
-37.0930621901092,-47.49958801269531
16.694612728237402,-1.7410295009613037
-4.527979888097892,-6.786770820617676
14.6352674345898,-12.18893051147461
5.034618319433818,-6.091557502746582
-3.77133000272187,-8.095386505126953
-1.61504571199055,-5.054020881652832
-56.3663437951974,-14.551667213439941
10.088450856398616,-3.12800669670105
-14.285610883283098,-9.035614013671875
2.6210618799141923,-2.7785093784332275
-2.308732762121495,-28.46444320678711
-83.9761260280997,-9.733841896057129
-1.03656181464744,-8.288816452026367
10.16232173056559,-2.6531014442443848
-3.12013961477547,-3.2311878204345703
3.010752586641185,-11.184049606323242
-1.5178355576616795,2.4138433933258057
-2.60072537807549,-0.22844529151916504
-2.367312137177082,-10.899723052978516
6.075310726130807,-5.064033031463623
2.24572304437811,-3.432316780090332
0.2044267191685782,-6.675287246704102
3.85944773684647,-2.914246082305908
-14.409506408843407,-17.140968322753906
-2.683955047842884,-5.6390180587768555
-0.0075038478591599,-7.0553789138793945
7.190050317883171,-5.81669282913208
-2.1691769605730515,-7.061982154846191
-7.910003358009165,-3.7086257934570312
-69.1366966634013,-7.972084045410156
1.437241653553571,-18.139759063720703
-20.7409218490905,-11.596014976501465
3.78247800369874,-3.9950742721557617
7.909526276907584,-7.3345232009887695
6.097122298913325,-7.177611351013184
24.5800902168924,-5.484548568725586
-9.979741434164584,-7.517555236816406
3.1327986373042376,-12.110417366027832
-8.393586343504198,-3.982311248779297
8.678125432705007,-3.7381417751312256
20.7428439693387,-0.666698694229126
-1.511416195100045,-7.413119316101074
-23.3725501337939,-7.196588039398193
4.69437535963172,-3.6455981731414795
8.24149319055937,-9.647991180419922
-0.2898522089969393,-2.139446258544922
-7.19378137939456,-9.547883987426758
1.0271109700113177,-3.827171564102173
-14.564555056626377,-4.133611679077148
-9.657849716236,-7.138546943664551
-0.7280966227290082,-2.7616567611694336
-21.8962191024866,-16.34402847290039
-40.2614734397264,-37.871726989746094
-1.77750068778882,-17.63898277282715
-28.3488859938485,-10.498757362365723
-8.184373188662292,-8.51287841796875
-6.135426654744688,-5.951011657714844
-3.270422191581055,-17.726606369018555
-6.055427015859325,-8.947151184082031
-34.3143130117107,-20.446712493896484
-50.4820483838523,-8.23001480102539
-4.639593570653838,-9.432506561279297
-21.0606958753072,-11.929672241210938
8.747205755218493,-8.614904403686523
0.6884341878779402,-4.415136814117432
0.300408103033295,-3.678372383117676
-2.6184282494780104,1.3682732582092285
-37.3999740396079,-4.42412805557251
-10.594900847222812,-10.423723220825195
-23.227454082363305,-7.906362533569336
-15.4814292943448,-11.498250961303711
-6.89310310865277,-3.5928525924682617
-11.7962452523223,11.101144790649414
-0.3887710448227697,-2.8113763332366943
-4.0896099478500325,-5.005089282989502
-42.6579269422049,-3.9846067428588867
-2.095241650043551,-5.5057268142700195
8.45389840526827,-4.35149621963501
-15.5157954828953,-22.93587875366211
-1.9802660997523944,-4.055836200714111
1.8368511005450223,-6.655586242675781
2.11900133622217,-3.2959413528442383
-38.4962238749225,-10.56416130065918
0.8069046214032297,-3.3786745071411133
-1.73607437190069,-0.7215864658355713
-8.46093254820262,-8.675908088684082
-0.0780407432645869,-1.9703049659729004
5.009535132419683,-4.212191581726074
-74.9399761386801,-6.38022518157959
2.806732553915905,12.210744857788086
-10.415057364934407,-7.164680480957031
-4.81834176383161,-5.402490615844727
-1.4920816076829602,-3.7528536319732666
-0.003939288658445,-0.6238409280776978
5.86288473591452,-3.7168688774108887
0.4443344011282492,-2.362358570098877
5.72263802046558,-5.211923599243164
5.46583466116103,14.406017303466797
5.05355462238675,-0.3078756332397461
-17.190033530139498,-15.432912826538086
-10.1192188918475,-3.3030834197998047
-10.539071528779305,-2.600308418273926
0.2492257167476033,-2.8458361625671387
5.35198813185094,-11.410240173339844
14.9823899147147,-7.49079704284668
1.7336328627834918,-3.587912082672119
3.2582764286422226,-3.160015106201172
1.1615369027166365,-6.431768417358398
-42.4099588259267,-17.749916076660156
-38.7823663998969,-11.225137710571289
7.99575647038201,-2.270521640777588
11.644495901203598,-3.4319162368774414
-39.0956747424042,-1.8879618644714355
-38.6438610292767,-7.822288513183594
-40.5029244010595,-5.418842792510986
-22.8644313188967,-11.698017120361328
-0.897066728281827,-6.820382118225098
-17.6830733389949,-9.003711700439453
-0.0084306638066775,-1.8807986974716187
0.5394390329931549,-6.762063980102539
-21.61387508166409,-6.687374114990234
5.053393098685065,-3.803861618041992
-15.7834934865799,-6.433413505554199
-58.40351531723695,-8.655387878417969
8.86280218600469,-0.8875031471252441
1.888243484494037,-3.6774892807006836
8.99923705482913,-3.5968198776245117
4.133325903305868,-2.863130569458008
4.774357664359128,-4.033166408538818
7.418770080750715,-12.248100280761719
-2.25262466719878,-4.609198570251465
-7.071587649042333,0.17554187774658203
4.398742241377427,-6.540430068969727
-8.692928400841772,-5.130785942077637
2.334382802629,-2.0117712020874023
2.8274240704709,9.192283630371094
2.1747311895065486,2.935486316680908
-11.9965988914421,-3.5355775356292725
2.776867734737273,-5.665168285369873
-12.4595255596924,-4.5796685218811035
18.5317724911246,-8.266895294189453
6.86106163750481,-0.37105995416641235
-19.1693792779686,-8.892359733581543
-4.20883890972707,3.2022078037261963
-0.3530077955256401,-7.404574394226074
-1.6020246929696491,-7.867313385009766
-7.57557880794988,-11.910602569580078
13.9692836454661,-5.100478172302246
1.289294757415069,-1.0495061874389648
-20.3746494688195,-3.941476345062256
-8.044482691931467,-0.5252435207366943
2.51340467963473,-8.361103057861328
11.0282847349576,-1.6751943826675415
-1.3944922949507652,-11.700830459594727
-26.2706781913698,-21.45557403564453
-71.7765711158932,-5.338301658630371
-44.2857422252861,-12.214771270751953
-3.057699221935841,-2.9234700202941895
10.116767222520318,-3.8770179748535156
-46.9980356488569,-9.123405456542969
-8.677497573270493,-9.591663360595703
-25.781275563237,-3.482886791229248
-2.941164138388841,0.8347527980804443
-26.5692742661385,-17.472640991210938
1.2555345380058751,7.572082042694092
-0.810306898238276,-3.4232327938079834
0.2404076931068699,-17.99216079711914
-2.5590885431480426,-3.3386788368225098
-11.9846830308257,-16.581342697143555
-5.775806690181939,-1.0502337217330933
1.9806048133258944,-0.768165111541748
16.618750626525,4.097925662994385
8.204494762209066,-7.350013256072998
6.80321923705408,-4.407149791717529
11.710679650337616,-9.652338981628418
3.181253849239128,-4.71768856048584
0.90894434552881,-3.751891613006592
3.547124544521316,-12.468257904052734
-2.202886656443709,-8.090221405029297
-11.133669865203094,-10.298534393310547
9.328533024448705,-6.896978855133057
-0.7012610501602399,-1.2609915733337402
-0.3170472839931941,-3.596848964691162
-2.3458288386735573,-6.186999320983887
-26.1191329979098,-15.795341491699219
-2.33292598982445,-17.68979263305664
2.461922216333884,-10.620426177978516
3.73205068567752,-5.128178596496582
-22.4462583852743,-22.418399810791016
16.899113604615202,-5.347922325134277
-2.85382252753121,-7.747004985809326
1.2705701336207027,-2.9823215007781982
7.960789166364423,-5.204294204711914
2.71808902854303,-11.153318405151367
5.5273920092716775,-2.84877347946167
-4.11149235653684,-7.671485900878906
-20.9676231329802,-19.640666961669922
-0.89184437235696,-7.875849723815918
-1.2816619609782416,-5.119748115539551
4.85634828411675,-16.005937576293945
6.429854346358795,-2.8837976455688477
4.71112087372323,-7.305718421936035
-30.7199022255615,-12.68031120300293
-3.8590388668775,-3.854405403137207
-10.6557437737239,-5.191397190093994
-13.4460672849668,-5.019373893737793
-5.527709296795018,-4.084986209869385
-1.876637029070265,-8.992679595947266
10.2532613363299,-2.0518088340759277
3.00680128293027,-5.986364364624023
19.33685959748449,-9.805519104003906
-0.1058882282985149,-3.6599366664886475
14.3436638764016,-3.361250877380371
-16.1535771788668,-8.86529541015625
0.9480162028997956,-7.329106330871582
-18.5891767455387,-7.787944316864014
13.309934514349203,-5.076488971710205
6.02246857213521,-1.9093992710113525
5.16750826555368,-2.956912040710449
-1.0190872666435924,-8.06805419921875
-19.100904418149,-12.220968246459961
4.743603615290096,-9.405536651611328
-13.8157551615103,-8.859790802001953
-3.802611775309477,-16.07547950744629
4.30511943579503,-5.600889205932617
-22.482844278002705,-6.72654914855957
0.60779733849738,4.720571994781494
17.8138573048897,-3.022254467010498
-38.4626262988146,-16.493257522583008
-0.6089836493556324,-3.913228988647461
0.8617451361473882,-3.7922983169555664
-2.40000424902785,-0.26842665672302246
3.7078671714499096,-7.509347915649414
-2.390619984667185,-6.111419200897217
-15.559462368784592,-12.563409805297852
-13.790764753514,-3.6458606719970703
-9.325981865786185,-5.852667808532715
-58.4491138315396,-3.4294776916503906
9.550892694239591,-4.680002689361572
4.435147085081137,-5.1385111808776855
-2.3538192484503564,-3.839106559753418
-5.83438093189622,-7.576236248016357
-7.10827059552493,-14.063396453857422
-12.414939844598162,-3.5646913051605225
6.6154810826822,-2.803936004638672
1.3155747227446202,-3.637352466583252
-2.56542276271332,-3.759936571121216
-13.546032832554804,-8.281723022460938
-16.600339428286603,-17.986724853515625
2.9737175212081803,-5.817956447601318
6.167862854629888,-3.7913010120391846
-40.922076323723,-5.977863311767578
16.9349100756105,-11.802507400512695
-12.24911226903676,-10.878301620483398
4.867927463076468,-3.852590799331665
-21.6327950573002,-21.10452651977539
7.11033993521173,-2.9856457710266113
-9.59094984812801,-8.245955467224121
4.92186081619874,-4.98081636428833
-7.815562497274902,-5.14516544342041
-2.20364176327536,-5.923916816711426
-19.6754058911438,-8.399864196777344
-91.8886792382854,-10.917364120483398
-20.9507978903398,-7.269225120544434
-17.8084408175675,-9.186424255371094
-62.9612541332419,-8.394050598144531
5.598134989920393,-1.9208743572235107
-7.283890318199592,-9.26915168762207
6.1026124307435,4.464173316955566
7.42840635595139,1.4465501308441162
-5.179391847578812,-11.403502464294434
-4.873152982370568,-6.863791465759277
7.276768036701751,-12.756000518798828
-10.739322929783883,-3.6553585529327393
-22.9219832537164,-4.901851177215576
1.5259403537211615,2.9478108882904053
-44.7886924625105,-9.063348770141602
-3.72583443525641,-9.626622200012207
-14.57002364123529,-7.294037818908691
-10.128266274366498,-10.615394592285156
-28.0249952668106,-8.718799591064453
-26.24662901330595,-8.010435104370117
-40.3645652505015,-17.129377365112305
-30.8056950922951,-8.950769424438477
-3.9552380984537248,-0.7277014255523682
-2.1789667599796294,-0.7824079990386963
-0.5734820606807138,-3.7959070205688477
-1.1617148968623687,-9.045183181762695
3.42848617073407,-12.550882339477539
-17.4030551064212,-7.330465793609619
3.88109013796494,-3.7281172275543213
9.400493271217616,-6.4754157066345215
-11.302161927872188,-16.291479110717773
-13.3709137252944,-7.455540180206299
-6.79658968512302,-10.141084671020508
4.509456424718162,1.1760258674621582
5.45103123545738,-2.8150038719177246
8.149714042401495,-4.125370979309082
-12.909180343140196,-7.107654571533203
-6.61979034735207,-6.595990180969238
11.9978624338519,-6.290897369384766
-12.53254789251529,-7.794712543487549
-8.36198121766124,-6.634438991546631
-4.361976736345532,-11.865948677062988
-0.1898191226144924,-3.486283302307129
2.3166834950764685,-14.006937980651855
-12.6203596574975,-7.008761405944824
-1.207429910073891,-6.102241516113281
-29.7403775200217,-14.55893325805664
5.31082796058257,-3.5737648010253906
2.97844031586002,-4.98195743560791
-12.533050119535002,-7.464471817016602
-5.8684323426223,-1.405627965927124
2.391980620215489,-6.490180015563965
7.73570234615748,-7.476089000701904
1.166748445159433,-2.4104018211364746
6.093529951556334,-3.7414135932922363
17.709922444879297,2.2678987979888916
11.779516260068313,-2.6872243881225586
2.4866177573815964,-3.521341323852539
-30.89708550466269,-8.50916862487793
-9.231606713935047,-3.389885187149048
-13.4089268865456,-10.861956596374512
-9.06573754635488,-10.910172462463379
9.30630078585379,3.0611729621887207
-7.156550033865472,-18.482093811035156
-10.5414716495377,-15.38058853149414
-27.8178569354009,-13.16746711730957
5.3817717725564,-4.495409965515137
-35.155236696245,-8.393359184265137
-21.4141717786538,-6.752567291259766
-2.6053130644292946,-10.684446334838867
-9.953220777101093,-5.463832378387451
-8.798237091769485,-12.773950576782227
-27.6920167541674,-10.876940727233887
8.017093587799739,-3.4578661918640137
-0.3550158381598589,-3.392792224884033
-1.19024715514191,-6.851335525512695
-3.2855896341823474,-19.536962509155273
1.844566842421384,-7.9373860359191895
-30.7366736665872,-7.303057670593262
-11.338238855350506,-13.549846649169922
-1.059512617215007,-3.1957273483276367
-33.7712071062874,-7.226653575897217
3.812227003524945,-5.0369553565979
-2.8472026300298463,-3.758143663406372
-21.5871320482388,-15.97618293762207
1.845960760756301,-9.144513130187988
9.06213659212517,-4.67360782623291
-13.950148061363093,-14.498453140258789
-15.1006814359747,-4.790473937988281
-8.65496498210776,-8.714637756347656
-31.18852367408345,-20.669322967529297
2.35160533891099,-7.252965927124023
-7.06329362397977,-7.6046857833862305
-11.299328727708405,-6.746955871582031
-5.73967918172164,-1.232905387878418
-4.062121175440552,-3.6579134464263916
3.62056380925444,-1.2697625160217285
-6.512385872303066,-9.050407409667969
