Score,Pred Score
-13.812973987503693,-5.3333282470703125
-14.6311710829416,-3.74699330329895
-15.020937907067507,-19.70724868774414
5.61896917638109,-3.691041946411133
0.1461877509898399,-3.647068500518799
3.59745169898486,-2.840988874435425
-6.72144892291601,-9.456507682800293
4.304204520484877,-3.934657096862793
3.37898618824583,-3.767224073410034
3.939818822274421,-5.014983177185059
13.9953943577381,-2.274580717086792
-5.39913759737588,-3.737727642059326
-2.204579993178592,-3.218353271484375
8.829561804598438,-2.4252748489379883
6.01696699102072,-0.30715325474739075
-6.376202369524528,-8.328466415405273
-6.50906463316165,-5.135181427001953
-60.92137282626391,-9.813129425048828
1.99934019108803,-3.746950149536133
2.188685633501576,-3.363215923309326
4.07090957771029,-8.375940322875977
0.5211206139658471,-7.691410064697266
12.5580583918003,0.968213677406311
3.320229681965675,-3.891842842102051
-0.4381862293696001,-3.783541440963745
0.1752112379752922,-1.019667387008667
4.123908949931413,-7.415605545043945
-14.2382866820043,-3.7437424659729004
12.966325580978296,1.0934290885925293
7.692941411907634,-3.1371052265167236
-62.9031214125763,-3.6677308082580566
-5.800670766453999,-2.9122314453125
-11.705366535732304,-3.2466087341308594
-4.786538605318405,-3.6551644802093506
-82.4887013651952,-3.778367519378662
-8.251107402184557,-4.007841110229492
1.61677665352485,-11.221860885620117
-11.916211326129387,-3.7252566814422607
-45.634880019414,-3.6418654918670654
-0.568998602339841,-2.088303565979004
-12.147399114840605,-6.189733505249023
-27.4476544011683,-2.5017316341400146
-2.306526469902426,-5.0568013191223145
-0.4835459876036119,0.8588241338729858
-8.39479061793487,-20.63976287841797
-46.862925671502296,-3.6969685554504395
0.3837795244341289,-3.3378195762634277
7.184930267876617,-3.6189675331115723
2.8348518495029404,-3.7886946201324463
-9.859535687586003,-5.583212375640869
-6.00025755794808,-3.672001600265503
-4.764629840066975,-6.493348121643066
-2.377061578670744,-3.028414726257324
-2.0585753436264698,-3.748684883117676
1.1848602197973823,-7.037562847137451
4.97603191479674,-3.6664657592773438
4.27399441028646,-3.76593279838562
-46.2372447228831,-3.5491058826446533
-31.4759298257721,-5.475945472717285
-50.1674018945849,-3.773358106613159
0.9601515747159592,-2.922185182571411
-11.864177458483407,-4.79185676574707
-0.538262620928304,-2.864356517791748
-0.6920482116816997,-3.420506477355957
-1.5184696160120892,-2.2658233642578125
-3.0836644409391925,-3.0653939247131348
11.316750179392892,-3.717984199523926
-11.183106529127476,1.3044545650482178
3.59102041590596,-4.025579929351807
4.55602013063716,-2.9716908931732178
11.579228393987275,-0.3880678117275238
2.3067635611900137,-5.8886566162109375
10.480393919522983,-2.841994047164917
-2.698100773809443,-3.054079532623291
3.776985072333982,-4.882015228271484
-11.773766374328297,-5.841366767883301
8.681027307740193,-1.8734842538833618
-1.1091988250418725,-3.179738998413086
4.484288991501213,-2.0942487716674805
0.0548896546292299,-2.7355542182922363
0.1118559290339978,-2.883579969406128
3.9797293996962297,-2.7825870513916016
-22.42608065327665,-3.075662612915039
7.37064384347005,-4.615016460418701
-0.2642143205483515,2.088200092315674
5.344594984386832,-4.411019325256348
-1.2497809936708242,-3.2279231548309326
13.71198107208239,-2.8765456676483154
0.5045482395984724,-2.3456919193267822
2.86709961553106,-2.964874267578125
0.4423212163888063,-6.101957321166992
-3.724573545179619,-2.048316240310669
0.2570808252882703,-7.904008865356445
-70.65073406723695,-3.1056058406829834
-33.9587360563784,-5.57634162902832
9.2088386022025,-2.6305923461914062
1.3318185914773402,1.9698662757873535
-9.176001953270983,0.17985320091247559
-10.497767159210698,-4.8278093338012695
-0.4402086584014632,-1.3038504123687744
2.1560784090827942,-5.223871231079102
-27.1636490162131,-3.219959259033203
-0.670930828719279,-10.525609970092773
-22.794043146736,-3.062756061553955
0.8105828534072201,-3.1116623878479004
1.2287673509824204,-2.880079507827759
-0.6435038581465955,-6.356422424316406
8.474782023793379,-2.930704116821289
-9.601847091024196,-5.5915985107421875
-1.6610011043127195,-4.85285758972168
-0.1091636509260827,0.4344305992126465
7.570838092245207,-1.8295700550079346
-7.211196994815285,-2.2424073219299316
9.090654061652296,-3.1768808364868164
-26.6651088566214,0.4225797653198242
-17.309192174305,-2.552231788635254
4.14054171285972,-3.213559150695801
4.097668935846943,-3.386312961578369
-0.29408409265346,-3.2756237983703613
-35.8165916579592,-3.20027756690979
10.898098675545494,-3.038933277130127
-1.6552655274048038,-3.093539237976074
1.6729502580778592,-11.532205581665039
-6.42491227706334,-5.73438024520874
-15.4752611754195,-9.8960599899292
-0.6907348474047925,-2.965742588043213
-21.3629045873375,-10.536543846130371
4.219145585451182,-6.275995254516602
-3.019531285218114,-4.5314741134643555
4.25311060075082,-3.489132881164551
-15.0412339008878,-6.480976104736328
-8.237627320974727,-3.5117738246917725
-1.0683487237199796,-4.986177444458008
-1.7174251595272625,-1.185673475265503
4.069163600073605,-3.311903953552246
-10.162041561092582,-2.745155096054077
-5.97248436581227,-3.4394147396087646
6.120538767403939,-3.2355518341064453
-0.8028238008287005,-3.6941239833831787
-23.6042929930625,-3.4180846214294434
-0.1777753404752198,-3.2527642250061035
-5.785469568057495,-3.480631113052368
-0.0556983764780604,-3.5689706802368164
-25.4508968849616,-7.633634567260742
-5.3185412482723295,-3.229234457015991
9.1356503291117,-3.4428210258483887
4.020569536845237,0.047633588314056396
-58.5527340809363,-2.4534406661987305
-6.291328737399075,-3.658613681793213
4.187869588752649,-3.8850440979003906
8.922207576391518,-3.5109543800354004
22.7414116448382,1.1069815158843994
-44.6057608529879,-3.487698554992676
-26.5129077898497,-10.286312103271484
-2.13735826282737,-2.901583671569824
-1.14890133483728,-3.3474040031433105
-15.2234416939723,-3.5139029026031494
0.369316059642221,12.382476806640625
-0.6884117876070912,-6.735696315765381
-5.8772631055401,-4.641460418701172
3.6053774296538297,-1.4138331413269043
5.07108724357905,-3.463019371032715
1.292753014965791,-3.434089183807373
8.440986836263871,15.215469360351562
-3.43040335892423,-4.479742050170898
0.7651079053562314,-3.2630763053894043
-37.13962469223695,-3.0958220958709717
-5.822632503482525,-2.338451385498047
-6.879472048396067,-11.765752792358398
2.11024229353816,-4.742798805236816
-7.1526743450051855,-15.219950675964355
-1.122073026503361,1.2403931617736816
0.3302260274555297,-3.4041876792907715
-1.178255647098801,-4.81472110748291
-2.99361591491145,-6.6393656730651855
-18.1070051290659,-11.381597518920898
-3.0332808194811403,-3.1406562328338623
2.6303171850506604,-4.902419090270996
-9.72499716390718,-3.463843822479248
0.2729453578388601,-4.413253307342529
-21.4503408223732,-4.44788932800293
-4.99755531471552,-2.924449920654297
-18.0018409950579,-3.327078342437744
4.00031385473591,-3.473515510559082
12.0378145652987,-3.314260959625244
14.1235470599023,-5.097793102264404
6.55729051148795,-5.467375755310059
11.19992297656359,-2.7886910438537598
-7.81388191369781,-4.970478057861328
-2.924593214648255,-4.513977527618408
3.7667366885646025,10.79305648803711
-6.68253431604433,-3.702770709991455
0.7345204104922589,-2.2771735191345215
-10.626155896203898,-2.7148752212524414
8.106852576346123,1.03110933303833
-58.24412469223692,-3.260563850402832
1.4955767028094,-3.312432289123535
-17.6906096863185,-3.5992887020111084
-4.813871520282443,-3.632336139678955
-11.8973420493851,-5.976794242858887
-2.67676896274171,-3.2507405281066895
-3.9331393974605526,-4.296082496643066
8.756217929094177,-3.432903289794922
-29.2662792150344,-11.045833587646484
1.7249239205326918,-7.463450908660889
-6.686975812883663,2.6196818351745605
11.10272802991041,-2.3534481525421143
-10.956818171714705,-5.041821479797363
-6.3500959185649,-0.371113657951355
0.6681105368389735,-3.386331796646118
-12.500029270357295,-25.29747772216797
-2.591242863373206,-3.4594945907592773
5.954690473588823,-3.635413885116577
-43.929359067237,-3.7861788272857666
-17.4841411730512,-16.662887573242188
3.61441892535489,-3.583909511566162
2.1112971208509976,-2.4724371433258057
-41.8026500314277,-3.723078489303589
7.028135642932115,-3.212104082107544
8.463248256721428,-3.4459807872772217
-13.037072413777096,-9.893691062927246
-1.6307504375632549,-8.325563430786133
-0.3284521577656807,-3.670894145965576
0.4685622181175212,-3.8554508686065674
-5.316952415477393,-8.358172416687012
4.584421564331302,-5.568376064300537
-20.3593816575191,-3.486386775970459
3.67041582610247,-3.6371216773986816
2.204062447972561,-3.65681529045105
-4.666937653128132,-3.689974546432495
-12.3781694316975,-19.565799713134766
7.06923762363823,-5.739095687866211
-37.2883298194418,-3.4427249431610107
6.442434166934048,-2.8289084434509277
-12.2162083245621,-18.364864349365234
-20.3623076046531,-4.830827713012695
-5.45440876641342,-3.027235269546509
3.1416241584890576,-4.151130676269531
-4.96580172718434,-3.551938533782959
-37.4061766871973,-3.1715102195739746
6.46185690649625,-6.359255790710449
0.5403453062071405,-0.1535608172416687
8.656689402528613,-3.1803207397460938
12.331931266595111,-2.967609167098999
2.75380173901167,-3.649648904800415
-2.8447496930443927,-5.877101421356201
0.0285872237409883,-3.7358322143554688
-73.5286754265322,-3.863435983657837
7.285509446842615,-3.6802892684936523
6.72046542688671,-2.9739720821380615
-6.19730890695259,-3.609339714050293
-16.4599719883519,-14.779756546020508
-10.288292260688207,-4.880132675170898
-10.285920522724917,-3.4736099243164062
-30.8171784242839,-4.657777309417725
-4.65691689928222,-4.210222244262695
-37.1716279374795,-7.488738059997559
-36.50577458359941,-11.687182426452637
0.7942566624333496,-3.4068548679351807
-34.8552692363716,-4.538642883300781
-2.491707941339629,-3.4992828369140625
1.7387039934851498,-0.03175640106201172
18.9715733525152,-3.3714396953582764
-13.8996269060666,-2.717212200164795
4.17561229224804,6.886368751525879
4.7680640763497,-20.10934829711914
-6.745372906074374,-3.722553014755249
7.262818938793504,-7.53899621963501
-55.7541546140486,-3.2866692543029785
8.453421074249384,-3.189000129699707
-5.85807143580148,-3.311232089996338
-52.7336020518746,-3.1543381214141846
-1.995826789875676,-2.8899073600769043
-1.3326443092463092,-3.4471497535705566
5.029017096161708,-3.1793479919433594
-0.71117494174041,-3.75996732711792
8.243548509216069,-3.3339266777038574
5.81602235619721,-3.0769731998443604
5.978124919049687,-4.132049560546875
-2.8859593337581737,-3.537111759185791
-26.0047332498617,-3.6551313400268555
-1.5220929784942658,-11.144149780273438
-3.195242757261453,-2.906068801879883
-15.0089303719363,-5.423933982849121
-1.757118944268968,-2.891101837158203
-13.5091075877696,-5.01218318939209
-4.0681667574955,-3.5150349140167236
4.43276114617859,-3.5480918884277344
-4.665207913971671,-3.348818778991699
7.33919324558513,-3.452432632446289
-11.69780882660921,-8.807531356811523
5.960801203295765,-3.7374107837677
-29.9162730471743,-3.731186866760254
-5.331847529263395,-4.411046981811523
4.2006804390709,-2.5519492626190186
4.76541245752904,-2.942938804626465
5.87221574658101,-4.143711090087891
-12.955988512618,-3.534883499145508
-14.4061745570978,-14.80177116394043
13.644333664082708,-2.986583948135376
7.522446474796843,-11.775619506835938
2.858782897786812,-2.9422409534454346
-49.8653288018085,-3.4156322479248047
-4.029904705212941,-2.9924049377441406
-6.2026319104393295,-6.628047466278076
4.452168509343501,7.126306533813477
-16.475900892606802,-4.705081939697266
-11.03094492075089,-3.489426851272583
-8.08045020128908,-3.089573860168457
1.39259946716825,-4.989672660827637
-14.885807229381896,-2.5362064838409424
-11.113180908425988,-30.60443878173828
5.506094216928792,-4.361156940460205
5.29091659278858,-4.945539474487305
3.42106467876526,-3.4426636695861816
5.162821279449693,-3.369572639465332
6.020551076354931,-2.596280336380005
0.8086942897832163,-4.289790153503418
-8.80546181278599,-12.29169750213623
-7.42349600405968,-3.416032552719116
-14.4731176558811,-3.541614532470703
-35.5448186771701,-14.361579895019531
-1.657597602265355,3.97414231300354
-1.930224441335125,-10.26636791229248
-10.398648228661925,-3.431314468383789
-1.6521884315998507,-4.265556335449219
1.3131129859732091,-6.14168643951416
-0.1240821746904601,4.7746686935424805
-35.1709788883515,-15.152900695800781
0.6771989561182002,-3.3496994972229004
-5.8677981963370005,-3.2888498306274414
0.7982616963508231,-4.269914627075195
2.595279020812243,-3.5826480388641357
6.9472187772133225,-2.9696764945983887
-41.1395198834054,-16.716651916503906
-35.4604736838065,-7.867453098297119
7.87379173269718,-3.3042173385620117
-8.72128086410909,-3.360353469848633
-82.13826531723697,-3.441329002380371
-9.70693692529289,-9.10888385772705
-61.4386715672369,-3.393826723098755
7.10938257895085,-2.814143657684326
0.4007388327427847,-4.830704689025879
-0.7455370396145937,-3.1541144847869873
1.674966057420845,-3.3831608295440674
11.877856996640997,-4.315755844116211
-0.9096556467231308,-2.2793664932250977
-1.4680391508473674,-1.975287914276123
15.6414782015599,4.089563369750977
-10.35739215730591,-5.062445163726807
1.926107182225645,-4.094264507293701
6.99756701325662,-3.3420302867889404
3.54836143321337,-3.4467968940734863
-7.726553411266567,-3.311628818511963
-48.51478094223695,-3.323668956756592
-3.0453156276270903,-3.4649102687835693
-3.454798154796729,-2.3924803733825684
9.503977484174175,-3.300266981124878
6.001532732018722,-2.8420774936676025
1.775572054007981,-4.137885093688965
-2.6871577689602653,-5.533000469207764
-7.920344649869953,-3.4469759464263916
2.578081311550471,-3.592247724533081
-14.434457477598505,-3.537144184112549
-1.338045882914232,-3.178741931915283
-44.1817825469333,-3.176436424255371
2.4314234692194163,-3.444812297821045
-2.35314836228574,-5.540894508361816
-2.07036107592124,-3.4124021530151367
-6.560167066336443,-5.4762115478515625
-2.54688332955635,-3.434274435043335
-7.940842049461227,-3.362852096557617
-7.789052707582185,-2.3644516468048096
-1.4295761119406232,-5.198091506958008
7.206977941743588,-3.439833641052246
-4.081394009803599,-3.454301357269287
-30.167243616457,-12.149618148803711
11.7225687296843,0.18854905664920807
-0.8984319813221007,-2.984914779663086
10.349523074958825,-4.956023216247559
5.42147270471237,-6.867610931396484
-0.3136273830120112,3.462235450744629
4.398848813602776,-4.099691390991211
2.099307195887115,-3.2139368057250977
-61.6890402284636,-3.7637693881988525
-7.08434802004719,-3.507218837738037
0.6962467393230812,-6.152775287628174
9.0758909366509,-3.654163360595703
-1.9263965715605047,-3.7875421047210693
-6.262949496708321,26.596065521240234
-4.739766082030863,-4.226709842681885
-36.8822022827233,-3.838064193725586
3.24770439300306,-2.3445816040039062
-2.289513933263135,-5.184885501861572
1.41805545618482,-3.4792256355285645
-24.4432878855492,-3.9829962253570557
-24.96156751119129,-4.488319396972656
-7.734574598544068,-7.466093063354492
2.79124989437018,-3.785566568374634
-5.17831154550348,-17.63520050048828
1.5275640312561216,-3.637544631958008
3.682989905065457,-3.443103551864624
-10.8237586662752,-3.6742565631866455
-6.929951553081727,7.8741068840026855
-27.96215708599589,-19.002159118652344
-2.88087637063392,-5.627499580383301
-5.960419628776203,-3.683514356613159
-37.189874708633695,-3.7898764610290527
1.1496085756031087,-3.7658565044403076
-12.7137936794919,-16.037370681762695
8.398744223780918,-3.3670239448547363
-33.3004252633332,-3.6937460899353027
9.144089281431205,-3.5339560508728027
4.065326821312747,-3.733036994934082
-41.9047429025821,-24.337560653686523
7.383552345763623,-0.9367430210113525
6.364261125349779,-3.7082502841949463
4.841793570156368,-3.468090534210205
1.6198341998494314,-4.144649982452393
4.179707781567577,-4.210981369018555
-14.7229944429405,-3.9648776054382324
7.078924552126015,6.4142584800720215
-12.898019313824,-2.5336198806762695
-70.8116033690518,-3.7783336639404297
12.7359625054994,-3.670355796813965
5.586124430090477,-3.685655117034912
3.028467183462371,-3.6075286865234375
-5.830142578087577,-3.6520771980285645
-22.6841489367301,-12.16177749633789
-1.51657819068512,-3.2545294761657715
-81.52648016021857,-6.984528541564941
-3.36903782007548,-2.6459927558898926
-18.707844022,-10.24754524230957
-34.48768519828235,-12.243898391723633
-39.7169735486916,-3.0815346240997314
-1.593720937577549,-5.847073554992676
-23.2954444871652,-17.718475341796875
-45.30258920076982,-18.860027313232422
12.5056328567953,-2.7618978023529053
-11.9299972333177,-2.8400821685791016
-37.9495035857927,-6.941648006439209
0.7001962140772594,-3.763883590698242
4.49418879319923,-3.6954574584960938
-39.0646563811545,-3.229095935821533
-9.09730633851708,-3.7610979080200195
-17.5589533745204,-22.53145408630371
-4.92782811871599,-3.3822433948516846
-8.2299173561342,-1.3381224870681763
2.60625970962018,-6.651158809661865
2.726862934921635,10.162300109863281
4.071661498679735,-0.18385076522827148
-13.2494383747796,3.031160593032837
-11.9154244975033,-8.675617218017578
0.9090871567987184,-18.742107391357422
7.92708077877978,-3.1528501510620117
-3.119647295186995,-3.3202590942382812
-2.248378586620203,-3.4326460361480713
1.6646916021852596,-0.29503944516181946
0.1590569364430157,-5.748570442199707
-77.3623903172369,-3.4784207344055176
15.8859560938761,-3.4288814067840576
-3.11888044241469,-3.526758909225464
-2.7468186065138984,1.6452996730804443
2.77922195660905,-4.612162113189697
4.052279150357491,-13.551229476928711
-4.03806373695381,-3.3079893589019775
-2.4461467814868523,-3.5635457038879395
-0.1639564470097907,-2.9787964820861816
0.8542168432631491,-3.1245346069335938
5.84905996845087,-3.60813307762146
-5.77665564868809,-4.224764823913574
-3.7008288999313423,-3.730290412902832
-7.18713065449027,-10.57703685760498
-0.9529303605806088,-3.510796308517456
-15.902118442879,-15.662293434143066
-28.0636361890057,-7.41574764251709
-26.912205886836706,-3.187056064605713
8.596988309863011,1.3698768615722656
0.2877587512502297,-3.522118091583252
3.3899996482015826,-3.5899312496185303
-20.5869014386951,-21.764545440673828
-9.341800010912078,-4.648294448852539
0.1692077246922899,-3.109194755554199
-1.857666460494741,-5.514675140380859
-13.2752747780792,-3.4693830013275146
0.7445982178878973,-5.250511169433594
4.49646859469848,-3.8244147300720215
3.60913262992784,-3.398026466369629
-5.653435188749545,-5.797543525695801
1.51502173443586,-3.256686210632324
8.143116180793372,-3.6058030128479004
-8.36164856265281,-3.510563373565674
-1.130678948105339,-3.5460524559020996
-4.349210006555943,-3.400076389312744
0.2594141505344826,-5.7545270919799805
-32.1283374054069,-21.554534912109375
-1.9051378030600723,1.1661076545715332
4.768047800449637,-6.5814690589904785
2.264898495983479,-3.5790820121765137
-6.47138721063866,-2.1086671352386475
4.93167956005568,-3.5786843299865723
2.4851768276660025,2.0423521995544434
-3.930469946192945,-3.178684949874878
11.923948375295712,-3.471515655517578
11.616605850275496,-3.4242076873779297
10.41580460128629,-3.5253286361694336
-8.700462669667385,-11.112828254699707
13.1991243046288,-3.5738658905029297
-4.75101729862813,-3.2493529319763184
-1.4230966237807086,-6.825950622558594
-2.07861348348741,-3.6126275062561035
10.292368565007404,3.105116844177246
1.9007667723773176,-4.959066390991211
17.1612744381531,-3.161567211151123
-0.1428452494230792,-3.5182199478149414
2.4933992323843923,-3.620089054107666
-13.861300672159,-2.844010353088379
-1.7943154401891548,-3.2399048805236816
-4.15624175439773,-5.448482990264893
-14.277645616907492,-2.893261432647705
2.713132201978397,-7.0189290046691895
-13.315456279797685,-3.558002471923828
-5.36204355968609,-3.5480425357818604
-1.4872271509121793,-3.605559825897217
0.31232235517322,-2.9688124656677246
3.0307168501552093,-3.2821993827819824
3.4484762474106,-3.404585838317871
-34.0729170807354,-3.313323974609375
-25.0659802428987,-4.7147064208984375
0.86771933446589,-4.896923065185547
-11.996919710325,-3.6120071411132812
17.2594267615487,-3.381683826446533
-56.2560888739038,-3.7611231803894043
-12.7386491421071,-17.859012603759766
-3.520787796436005,-5.874316215515137
-0.8014467498558491,-19.737689971923828
-34.7812340468876,-16.346412658691406
7.158235365631607,-5.413527011871338
3.29681579894721,-3.560230016708374
0.046018285265003,0.40006589889526367
2.046344769010002,-3.314912796020508
4.25403099118957,-6.167824745178223
3.7804230286959792,-5.27725076675415
-3.773219093074008,-3.536046266555786
-9.722403045722997,-3.6397359371185303
2.81101468536903,-0.5652310848236084
-23.7494411406013,-12.086332321166992
-75.56229656723696,-3.451209545135498
4.366245372711767,-3.457524299621582
9.94612085382829,-1.0162909030914307
-8.207132148775708,-3.410562038421631
-3.09775596823669,-2.7771406173706055
3.77256113899207,-3.7191576957702637
0.2016574678685985,-3.029724597930908
4.38808277416547,-4.427940368652344
3.7092867134231,3.8889665603637695
1.6740112862957208,-3.45662260055542
-5.472376660417956,-3.854205846786499
12.283123760680592,-2.1709203720092773
4.417989059347175,-3.5135319232940674
1.907333647224608,3.856966257095337
-3.73521146317182,0.2941703796386719
7.837521570550837,-3.3385071754455566
4.82455755953161,-5.87846040725708
-0.6472060937938101,-3.38590145111084
-8.237956686764985,-9.135172843933105
7.36579899286375,-4.364447593688965
7.859716520666763,-3.675760269165039
2.765011277030255,-3.5485479831695557
4.62415639298937,0.11037302017211914
6.430237727930085,-3.3215854167938232
2.44728958086436,-3.5868635177612305
-1.93656353174353,-3.612616539001465
-33.7845903951132,-3.613509178161621
10.960301672714698,-3.3912644386291504
6.147225205740463,2.625171661376953
2.4659746492236927,-2.9534878730773926
18.2642273209106,-3.264207363128662
7.656482330373112,1.8105266094207764
-63.2346715672369,-3.184243679046631
-22.9610154952969,-3.2199549674987793
4.39789099231211,-3.013131856918335
-46.587141393021525,-2.0572516918182373
-12.281506448986304,-2.0076873302459717
5.220668557811489,0.7818426489830017
-1.4412632820262703,-1.567896842956543
-35.163016426576704,-24.828086853027344
-31.380009974583203,-5.085958480834961
-40.7258600860177,-0.8115845322608948
-35.3994683825842,-13.89976692199707
-10.968565079401992,-10.429603576660156
15.384553292915324,-3.358685255050659
-0.4271227388875901,-3.187021017074585
-7.69948364751984,-1.7237623929977417
-26.6822467124322,-3.0142300128936768
-0.2823200449385875,-3.260828971862793
-3.8453528225106623,-12.680484771728516
-2.4599041427842496,-3.1031060218811035
-12.7315114055493,-5.590503692626953
1.418014053180695,-5.863767623901367
-3.4922781726655696,-5.0714497566223145
9.58062385928767,-4.981355667114258
-17.5801214502402,-1.114144206047058
-49.5120706514507,-2.9216883182525635
-0.4503474699443348,-10.936430931091309
2.332279780348585,-5.401186943054199
-42.2483635713802,-3.304759979248047
-5.00028834575103,6.033154010772705
-5.14141487663266,-3.179828643798828
-19.923371510770203,-4.539119720458984
4.28301459624688,-2.7746636867523193
0.3224388648416145,6.246652126312256
6.795393661635613,-4.105705261230469
6.720388221210122,-0.04147939383983612
-20.7558388881914,-7.495235443115234
-12.5922662394529,-16.214160919189453
-5.19085420781142,-3.5124168395996094
-27.3858072066324,-11.327338218688965
6.488490212037078,1.6601881980895996
-12.5233171201947,-15.235562324523926
0.996650643215182,-3.2077951431274414
3.27144637329635,-3.286886692047119
1.203208947199059,-3.0194244384765625
4.5031585012656095,-3.3628346920013428
-46.6686841099013,-3.1853365898132324
3.600655729290548,-3.785428047180176
-2.7077151362496297,-13.579172134399414
-42.936846127142296,-3.1770517826080322
2.679404112105611,-2.913658618927002
-23.975827854410426,-2.967163562774658
-24.4869919201538,1.2325806617736816
-6.22433036882608,-3.226428508758545
-24.992167376126925,-11.636886596679688
-9.742168339465294,-6.223114013671875
0.1235817830644999,-2.952674388885498
-11.607028837624,-3.316399574279785
5.321680837772678,7.1056132316589355
3.3452637215970498,-5.828428268432617
13.015759276594096,0.2193002998828888
-6.13466459150186,-6.0402021408081055
3.0897024917955025,-4.26068639755249
3.557691046156,-2.186859130859375
2.0008593011464906,-3.690354585647583
-1.2671721747064446,-3.4149484634399414
-2.989164004622407,-3.454695701599121
-2.43808381047612,-3.3423092365264893
-11.30813578108209,-3.4603793621063232
-9.619042312244815,-3.5698745250701904
-4.01456885639382,-6.593479633331299
-4.853312003098937,-3.3474185466766357
2.78743688363977,-5.928483009338379
3.6035536346157695,-5.931829929351807
6.09033976794457,-3.3980023860931396
-5.89266438028177,-3.496443271636963
4.780848076735348,-5.744956970214844
-20.7592210135025,-3.5110456943511963
-3.637071869773312,-15.015684127807617
-4.396710286499547,-3.573869228363037
9.04709717330502,-1.2846291065216064
1.69213972357191,1.0582609176635742
-27.068723822751306,-7.913732528686523
0.2886204877907422,-3.2012381553649902
-0.592182005541919,-2.799704074859619
-4.736229867816737,-2.0127830505371094
7.877641553655238,-1.8963632583618164
-2.588665914009158,-3.43981671333313
4.72846919446815,-18.510086059570312
3.42669038506664,0.6199327707290649
-10.274169876330886,-5.148087024688721
-1.289264920121349,-3.3591861724853516
-6.9648772325347394,-2.7946977615356445
-1.2236747050651609,-7.655463695526123
-12.208208404490907,-3.37062406539917
4.40921359309415,-9.894021034240723
16.4171583068458,-3.2876551151275635
-15.991582533821994,-4.809903144836426
7.809600001042748,-3.324554920196533
-3.0331069492891496,-3.0099399089813232
2.603164662477901,-2.825199842453003
-24.2572199033326,-11.865817070007324
13.667582002208905,-1.8789650201797485
8.19307228691883,-5.6353983879089355
0.4664503305112299,-3.0429553985595703
-6.46133524603972,-3.3783326148986816
-19.7520332208299,-16.852954864501953
-7.75971004909346,-3.5051608085632324
7.66334596528203,-3.4643008708953857
-27.64770126959135,-5.181842803955078
2.125547882163602,-4.165133476257324
-1.8239337240231768,-3.5784225463867188
3.3696784995100426,-3.1088693141937256
5.265272900492549,-3.2101621627807617
6.753311816554961,-4.814725399017334
0.9434331950199416,-5.589803218841553
2.13745295521649,-3.7459490299224854
2.76912169862866,-2.667905330657959
2.409764321136161,-3.9802510738372803
3.7606671418030695,-3.4478254318237305
0.555665600488549,-2.8595142364501953
-89.04756219223692,-3.567262649536133
6.987950206462267,-3.4088916778564453
-10.09410467002709,-4.791643142700195
8.16191414696451,-3.1947708129882812
-10.731303688850904,-20.049591064453125
7.588764503474316,-3.438164234161377
-5.25293160621848,-5.376580238342285
2.3065604778561424,-1.9359501600265503
-3.8022266666193874,-15.663015365600586
3.22816419080692,-3.6703972816467285
1.1941842843275,-3.6470980644226074
9.772192422094813,1.762860894203186
-2.489313079893845,-2.3394181728363037
-13.547300817594484,-3.455142021179199
-1.5403494549472296,-3.317136526107788
-5.139364658294922,-3.391263723373413
-1.32131943338233,-5.5587477684021
-0.5284321769112605,-0.4882991313934326
0.1119561526876595,-1.5753284692764282
14.8508222506114,-3.0241549015045166
-0.0918051514147744,-3.40737247467041
-1.7237618714553775,-3.415459156036377
-1.5699354762224491,-4.31912088394165
1.5718362711845366,-3.7186036109924316
3.58036180553514,-4.166748523712158
7.45084701577923,-5.625815391540527
-7.378812419643663,-3.2830276489257812
-33.1832620874725,-3.590355157852173
-6.066411004621831,-3.056178331375122
-16.4910721624856,-6.926037311553955
0.8267526169764301,-3.536824941635132
-9.762453719841735,-3.4450902938842773
8.07102955700163,-2.9271492958068848
1.741670982094262,-3.403987407684326
-0.0053525606393112,-5.6558074951171875
-51.4043293278057,-3.6629385948181152
14.9415296965116,-2.8606162071228027
8.70853787657841,-3.5125794410705566
-2.149900469098629,-3.439337730407715
14.8229623836697,-3.310729503631592
-0.0379657812584102,-3.2321128845214844
-15.3173389528898,-2.6260080337524414
-1.7663441991754285,-3.9509341716766357
-6.708306328674888,-3.66839861869812
-78.7451798053926,-3.517620086669922
-0.5413656534735456,-5.6388702392578125
9.625121597198186,-3.5841870307922363
-3.15562863494722,-2.575410842895508
9.60447820177431,-3.239034652709961
-3.31847606547329,-3.3918588161468506
-4.12581810820042,-3.539742946624756
1.7706121017107803,-3.524961471557617
0.5117341060036625,-3.4769020080566406
2.63157412115867,-3.376720905303955
-4.763634360062484,-3.5234246253967285
-11.18181257464061,-3.5768866539001465
-39.4932668903457,-5.702091693878174
9.206200380526292,-2.5103795528411865
-2.93911844531118,-3.488827705383301
-28.13472322157985,-10.513948440551758
9.62907409316032,-7.899171829223633
-7.042636248773623,-3.0067315101623535
-4.03025121975644,-3.514280319213867
3.42951329804928,-3.140489101409912
2.5565427438131976,-3.587808847427368
2.8513084033656,-3.361510753631592
-5.5623675139736175,-4.46363639831543
16.9968892380515,-3.318796157836914
-4.144685584269085,-3.183699607849121
-11.221818720505304,-2.883063554763794
-2.111656589218961,-1.9475131034851074
-1.626797120535592,-3.2878193855285645
0.7652624054000594,-5.269900798797607
-21.5531296050118,-3.328123092651367
-13.053772031257305,-16.7728271484375
5.42509465390903,-3.356740951538086
-5.5186956836840375,-3.4086694717407227
-2.260381023139061,-2.135530948638916
-30.3377383335249,-7.692008972167969
7.380729755239978,-3.395864725112915
-4.172986764275874,-3.205404758453369
-1.2036514942358316,-3.218214511871338
-35.2906329121599,-8.28396987915039
-2.54595208771381,-4.324082374572754
-10.901275449743116,-3.232210397720337
-17.0078420331655,-3.2984373569488525
-17.0314498829154,-4.670444965362549
-11.9784507557909,-21.607315063476562
-19.469018973061075,-17.23041534423828
-3.2142130797467816,-3.5237224102020264
-0.5663484394051013,-1.884843111038208
-21.2195468929047,-3.370117425918579
8.077984978184695,-3.3373637199401855
-17.0119321722455,-16.808094024658203
4.67424026120176,-6.481940269470215
-47.9875704511971,-3.1349692344665527
4.316615136301563,-2.834540843963623
11.2728180991378,1.2814197540283203
-3.5546157663424616,-3.344346523284912
-3.15887949932979,-3.2337818145751953
-1.6422791314174887,-3.303929328918457
-3.448025235667948,-2.7151412963867188
-13.5632540546311,-3.294151544570923
0.8825935384285006,1.3632287979125977
3.27100049685324,-4.513663291931152
-0.7762273913233743,-3.0556936264038086
1.026942322157092,-3.2163782119750977
9.859104788483815,-3.1501049995422363
-1.9977872313530125,-3.376807451248169
-13.1809903671301,-2.0824875831604004
-35.1782981083837,-3.2452971935272217
-35.8337806803641,-16.288711547851562
-7.639409008216227,-3.4673380851745605
-15.746453943284,-3.109567880630493
1.055995951979529,-3.1058130264282227
3.987299411465438,-5.723663330078125
-37.0930621901092,-33.18929672241211
16.694612728237402,-3.295772075653076
-4.527979888097892,-13.630281448364258
14.6352674345898,-12.976255416870117
5.034618319433818,-3.08787202835083
-3.77133000272187,-8.645696640014648
-1.61504571199055,-3.090294361114502
-56.3663437951974,-6.9849090576171875
10.088450856398616,-3.423912525177002
-14.285610883283098,-3.3867759704589844
2.6210618799141923,-2.918262481689453
-2.308732762121495,-8.299610137939453
-83.9761260280997,-3.276085615158081
-1.03656181464744,-6.9360761642456055
10.16232173056559,-2.381887912750244
-3.12013961477547,-2.3431928157806396
3.010752586641185,-5.827053070068359
-1.5178355576616795,2.949592351913452
-2.60072537807549,-1.4883217811584473
-2.367312137177082,-14.979171752929688
6.075310726130807,-4.203371047973633
2.24572304437811,-4.858982086181641
0.2044267191685782,-3.52073335647583
3.85944773684647,-2.9511489868164062
-14.409506408843407,-18.579280853271484
-2.683955047842884,-5.039569854736328
-0.0075038478591599,-3.4172778129577637
7.190050317883171,-3.2228753566741943
-2.1691769605730515,-3.5859017372131348
-7.910003358009165,-3.1806743144989014
-69.1366966634013,-3.5671274662017822
1.437241653553571,-18.4239444732666
-20.7409218490905,-6.604249000549316
3.78247800369874,-2.903062105178833
7.909526276907584,-3.5346436500549316
6.097122298913325,-3.4203572273254395
24.5800902168924,-2.651495933532715
-9.979741434164584,-3.49743914604187
3.1327986373042376,-5.169010639190674
-8.393586343504198,-3.1945371627807617
8.678125432705007,-3.7816669940948486
20.7428439693387,6.835529327392578
-1.511416195100045,-3.7236156463623047
-23.3725501337939,-3.5946521759033203
4.69437535963172,-3.3394012451171875
8.24149319055937,-3.701634645462036
-0.2898522089969393,-3.4863386154174805
-7.19378137939456,-4.755744934082031
1.0271109700113177,-3.5909228324890137
-14.564555056626377,-3.6954867839813232
-9.657849716236,-3.4897754192352295
-0.7280966227290082,-3.2056760787963867
-21.8962191024866,-17.16250228881836
-40.2614734397264,-29.27352523803711
-1.77750068778882,-7.343331336975098
-28.3488859938485,-4.889566421508789
-8.184373188662292,-3.5371365547180176
-6.135426654744688,-5.546027183532715
-3.270422191581055,-16.90667724609375
-6.055427015859325,-6.520231246948242
-34.3143130117107,-20.246829986572266
-50.4820483838523,-3.5250816345214844
-4.639593570653838,-5.697999000549316
-21.0606958753072,-5.416830062866211
8.747205755218493,-3.4854931831359863
0.6884341878779402,-4.737001419067383
0.300408103033295,-3.5182785987854004
-2.6184282494780104,3.25663685798645
-37.3999740396079,-2.342327117919922
-10.594900847222812,-4.413962364196777
-23.227454082363305,-3.526189088821411
-15.4814292943448,-11.226886749267578
-6.89310310865277,-3.562978744506836
-11.7962452523223,15.07641887664795
-0.3887710448227697,-3.307929039001465
-4.0896099478500325,-3.1589436531066895
-42.6579269422049,-3.465118646621704
-2.095241650043551,-3.191908836364746
8.45389840526827,-3.611574172973633
-15.5157954828953,-25.572162628173828
-1.9802660997523944,-4.40242862701416
1.8368511005450223,-4.195224761962891
2.11900133622217,-2.6293654441833496
-38.4962238749225,-5.989532947540283
0.8069046214032297,-3.417853355407715
-1.73607437190069,0.20813417434692383
-8.46093254820262,-4.409581184387207
-0.0780407432645869,-2.9659295082092285
5.009535132419683,-3.287116050720215
-74.9399761386801,-3.292083740234375
2.806732553915905,13.943624496459961
-10.415057364934407,-3.5591483116149902
-4.81834176383161,-5.875430107116699
-1.4920816076829602,-3.156088352203369
-0.003939288658445,-1.2783374786376953
5.86288473591452,-3.247344493865967
0.4443344011282492,-3.043254852294922
5.72263802046558,-3.6386961936950684
5.46583466116103,-0.3093385696411133
5.05355462238675,-1.8167285919189453
-17.190033530139498,-12.034432411193848
-10.1192188918475,-2.932582378387451
-10.539071528779305,-2.169663906097412
0.2492257167476033,-4.003354549407959
5.35198813185094,-4.944501876831055
14.9823899147147,-5.5908403396606445
1.7336328627834918,-3.1813478469848633
3.2582764286422226,-2.7003116607666016
1.1615369027166365,-3.7410733699798584
-42.4099588259267,-15.340827941894531
-38.7823663998969,-5.006052494049072
7.99575647038201,-3.3386943340301514
11.644495901203598,-4.53309440612793
-39.0956747424042,9.060955047607422
-38.6438610292767,-3.690537452697754
-40.5029244010595,-2.963932514190674
-22.8644313188967,-14.38326644897461
-0.897066728281827,-3.8601160049438477
-17.6830733389949,-4.4692487716674805
-0.0084306638066775,-3.130375385284424
0.5394390329931549,-4.737630367279053
-21.61387508166409,-3.0884759426116943
5.053393098685065,-3.1827988624572754
-15.7834934865799,-15.430182456970215
-58.40351531723695,-3.2634570598602295
8.86280218600469,-1.336571216583252
1.888243484494037,-3.2656211853027344
8.99923705482913,-4.583979606628418
4.133325903305868,-4.387188911437988
4.774357664359128,-2.3794689178466797
7.418770080750715,-11.593782424926758
-2.25262466719878,-2.160459518432617
-7.071587649042333,-1.656693935394287
4.398742241377427,-4.45777702331543
-8.692928400841772,-5.063148021697998
2.334382802629,-3.2407424449920654
2.8274240704709,14.64530086517334
2.1747311895065486,2.414449691772461
-11.9965988914421,-4.037881851196289
2.776867734737273,-3.1238203048706055
-12.4595255596924,-4.162441253662109
18.5317724911246,-3.23222017288208
6.86106163750481,-1.8157894611358643
-19.1693792779686,-4.435253143310547
-4.20883890972707,2.9804000854492188
-0.3530077955256401,-3.548795461654663
-1.6020246929696491,-3.584334135055542
-7.57557880794988,-5.0829997062683105
13.9692836454661,-3.7947330474853516
1.289294757415069,-3.441241502761841
-20.3746494688195,-3.6054773330688477
-8.044482691931467,-2.9403367042541504
2.51340467963473,-10.197502136230469
11.0282847349576,-0.7730348110198975
-1.3944922949507652,-4.917288780212402
-26.2706781913698,-21.588573455810547
-71.7765711158932,-3.355151653289795
-44.2857422252861,-16.610694885253906
-3.057699221935841,-3.233933448791504
10.116767222520318,-3.0913848876953125
-46.9980356488569,-3.631478786468506
-8.677497573270493,-6.784695625305176
-25.781275563237,-3.5443129539489746
-2.941164138388841,-0.09861230850219727
-26.5692742661385,-19.865135192871094
1.2555345380058751,1.5159564018249512
-0.810306898238276,-3.5952489376068115
0.2404076931068699,-21.645259857177734
-2.5590885431480426,-7.269460678100586
-11.9846830308257,-17.2391414642334
-5.775806690181939,-3.5003652572631836
1.9806048133258944,-1.3711459636688232
16.618750626525,2.80800724029541
8.204494762209066,-3.5479485988616943
6.80321923705408,-4.297218322753906
11.710679650337616,-6.7191009521484375
3.181253849239128,-5.940594673156738
0.90894434552881,-3.486773729324341
3.547124544521316,-6.348438262939453
-2.202886656443709,-3.580345869064331
-11.133669865203094,-10.47716236114502
9.328533024448705,-6.531318664550781
-0.7012610501602399,-3.341815948486328
-0.3170472839931941,-3.591893196105957
-2.3458288386735573,-6.199477672576904
-26.1191329979098,-15.057120323181152
-2.33292598982445,-8.038138389587402
2.461922216333884,-9.150428771972656
3.73205068567752,-3.477792263031006
-22.4462583852743,-9.18993091583252
16.899113604615202,-3.1203653812408447
-2.85382252753121,-3.5214312076568604
1.2705701336207027,-2.8398542404174805
7.960789166364423,-3.461185932159424
2.71808902854303,-4.531093120574951
5.5273920092716775,-3.5810065269470215
-4.11149235653684,-3.8066554069519043
-20.9676231329802,-21.315662384033203
-0.89184437235696,-3.077915668487549
-1.2816619609782416,-5.470262050628662
4.85634828411675,-5.774979114532471
6.429854346358795,-3.2254390716552734
4.71112087372323,-3.5848941802978516
-30.7199022255615,-18.18274688720703
-3.8590388668775,-3.398527145385742
-10.6557437737239,-2.545045852661133
-13.4460672849668,-2.0878396034240723
-5.527709296795018,-3.6382293701171875
-1.876637029070265,-5.152374267578125
10.2532613363299,-3.198621988296509
3.00680128293027,-3.5868515968322754
19.33685959748449,-8.336996078491211
-0.1058882282985149,-3.1280288696289062
14.3436638764016,-2.4834043979644775
-16.1535771788668,-3.6948795318603516
0.9480162028997956,-8.793783187866211
-18.5891767455387,-3.5277657508850098
13.309934514349203,-3.496246814727783
6.02246857213521,-3.0691518783569336
5.16750826555368,-3.621300220489502
-1.0190872666435924,-19.4270076751709
-19.100904418149,-5.376255035400391
4.743603615290096,-5.160759925842285
-13.8157551615103,-3.4825761318206787
-3.802611775309477,-12.442734718322754
4.30511943579503,-5.614694595336914
-22.482844278002705,-2.9911930561065674
0.60779733849738,-0.08522999286651611
17.8138573048897,-3.148192882537842
-38.4626262988146,-18.40104866027832
-0.6089836493556324,-3.25006103515625
0.8617451361473882,-3.6312646865844727
-2.40000424902785,-2.466310739517212
3.7078671714499096,-3.2948451042175293
-2.390619984667185,-4.85252046585083
-15.559462368784592,-14.184185981750488
-13.790764753514,-3.638364315032959
-9.325981865786185,3.4337100982666016
-58.4491138315396,-3.384355068206787
9.550892694239591,-3.5439629554748535
4.435147085081137,-3.5193819999694824
-2.3538192484503564,-3.4104762077331543
-5.83438093189622,-3.53318452835083
-7.10827059552493,-18.509889602661133
-12.414939844598162,-3.637463092803955
6.6154810826822,-3.061631917953491
1.3155747227446202,-3.678765058517456
-2.56542276271332,-3.5438849925994873
-13.546032832554804,-2.951514720916748
-16.600339428286603,-18.994386672973633
2.9737175212081803,-9.287178039550781
6.167862854629888,-3.6572976112365723
-40.922076323723,-2.7868239879608154
16.9349100756105,-10.999425888061523
-12.24911226903676,-13.668375015258789
4.867927463076468,-3.5185933113098145
-21.6327950573002,-23.237380981445312
7.11033993521173,-2.8663530349731445
-9.59094984812801,-3.6517233848571777
4.92186081619874,-2.9214494228363037
-7.815562497274902,-3.7953603267669678
-2.20364176327536,-6.6649088859558105
-19.6754058911438,-3.7144575119018555
-91.8886792382854,-11.76108169555664
-20.9507978903398,-3.30226469039917
-17.8084408175675,-20.157909393310547
-62.9612541332419,-3.490006685256958
5.598134989920393,-3.3443922996520996
-7.283890318199592,-4.6709370613098145
6.1026124307435,4.468373775482178
7.42840635595139,1.0827436447143555
-5.179391847578812,-5.121129512786865
-4.873152982370568,-3.5886054039001465
7.276768036701751,-11.669942855834961
-10.739322929783883,-3.4649295806884766
-22.9219832537164,-3.302496910095215
1.5259403537211615,2.5596837997436523
-44.7886924625105,-3.188070297241211
-3.72583443525641,-7.3103485107421875
-14.57002364123529,-3.2685086727142334
-10.128266274366498,-9.236038208007812
-28.0249952668106,-3.3449556827545166
-26.24662901330595,-3.1457810401916504
-40.3645652505015,-20.299942016601562
-30.8056950922951,-3.5059633255004883
-3.9552380984537248,-2.1330559253692627
-2.1789667599796294,1.8929767608642578
-0.5734820606807138,-3.3233249187469482
-1.1617148968623687,-5.542232036590576
3.42848617073407,-5.192318916320801
-17.4030551064212,-3.4622373580932617
3.88109013796494,-3.1255977153778076
9.400493271217616,-2.051170587539673
-11.302161927872188,-18.012653350830078
-13.3709137252944,-10.120849609375
-6.79658968512302,-5.468408584594727
4.509456424718162,1.612746238708496
5.45103123545738,-4.601230144500732
8.149714042401495,-3.4215872287750244
-12.909180343140196,-2.0808496475219727
-6.61979034735207,-3.1589064598083496
11.9978624338519,-3.3308801651000977
-12.53254789251529,-3.798609733581543
-8.36198121766124,-3.23539137840271
-4.361976736345532,-9.895373344421387
-0.1898191226144924,-3.2730398178100586
2.3166834950764685,-6.444025993347168
-12.6203596574975,-6.616803169250488
-1.207429910073891,-6.276803970336914
-29.7403775200217,-15.33660888671875
5.31082796058257,-2.883636951446533
2.97844031586002,-2.2680444717407227
-12.533050119535002,-3.2253663539886475
-5.8684323426223,-2.073746919631958
2.391980620215489,-3.4390857219696045
7.73570234615748,-3.4322917461395264
1.166748445159433,-2.8360464572906494
6.093529951556334,-3.117192029953003
17.709922444879297,0.1105961799621582
11.779516260068313,-3.3409833908081055
2.4866177573815964,-2.968334913253784
-30.89708550466269,-3.232588052749634
-9.231606713935047,-3.202873945236206
-13.4089268865456,-9.02525520324707
-9.06573754635488,-12.406915664672852
9.30630078585379,2.4457263946533203
-7.156550033865472,-19.263586044311523
-10.5414716495377,-5.282700538635254
-27.8178569354009,-7.013939380645752
5.3817717725564,-4.554485321044922
-35.155236696245,-3.5065770149230957
-21.4141717786538,-3.2449231147766113
-2.6053130644292946,-10.36198616027832
-9.953220777101093,-7.620537757873535
-8.798237091769485,-13.394453048706055
-27.6920167541674,-12.399493217468262
8.017093587799739,-4.3138227462768555
-0.3550158381598589,-3.4681529998779297
-1.19024715514191,-10.123649597167969
-3.2855896341823474,-7.911148548126221
1.844566842421384,-4.957186698913574
-30.7366736665872,-3.3867547512054443
-11.338238855350506,-4.637740612030029
-1.059512617215007,-2.5939252376556396
-33.7712071062874,-3.1841180324554443
3.812227003524945,-5.5625529289245605
-2.8472026300298463,-3.5750021934509277
-21.5871320482388,-11.571706771850586
1.845960760756301,-5.174714088439941
9.06213659212517,-3.444521427154541
-13.950148061363093,-5.5172438621521
-15.1006814359747,-2.206629753112793
-8.65496498210776,-4.728767395019531
-31.18852367408345,-30.302127838134766
2.35160533891099,-3.384908676147461
-7.06329362397977,-3.4764842987060547
-11.299328727708405,-3.5009453296661377
-5.73967918172164,-0.7014147043228149
-4.062121175440552,-3.134744644165039
3.62056380925444,-3.436049699783325
-6.512385872303066,-3.6915574073791504
