Score,Pred Score
-13.812973987503693,-13.961952209472656
-14.6311710829416,-3.2410621643066406
-15.020937907067507,-16.16204071044922
5.61896917638109,-6.6744537353515625
0.1461877509898399,-11.295598983764648
3.59745169898486,-5.307035446166992
-6.72144892291601,-12.855239868164062
4.304204520484877,-4.236750602722168
3.37898618824583,-4.0582733154296875
3.939818822274421,-3.929415702819824
13.9953943577381,0.8667805194854736
-5.39913759737588,-3.7643773555755615
-2.204579993178592,-4.387211799621582
8.829561804598438,-3.6450843811035156
6.01696699102072,2.362287998199463
-6.376202369524528,-12.611749649047852
-6.50906463316165,-4.670550346374512
-60.92137282626391,-23.921279907226562
1.99934019108803,-7.023672580718994
2.188685633501576,-2.887296676635742
4.07090957771029,-7.322620391845703
0.5211206139658471,-6.174257278442383
12.5580583918003,4.761259078979492
3.320229681965675,-5.979390621185303
-0.4381862293696001,-3.832181930541992
0.1752112379752922,-4.1006059646606445
4.123908949931413,-5.563801288604736
-14.2382866820043,-3.066183567047119
12.966325580978296,12.30999755859375
7.692941411907634,-5.596343994140625
-62.9031214125763,-9.628478050231934
-5.800670766453999,-4.696237564086914
-11.705366535732304,-4.194635391235352
-4.786538605318405,-4.074007511138916
-82.4887013651952,-9.776895523071289
-8.251107402184557,-4.718394756317139
1.61677665352485,-12.275644302368164
-11.916211326129387,-10.556415557861328
-45.634880019414,-11.847994804382324
-0.568998602339841,-0.04857039451599121
-12.147399114840605,-16.376636505126953
-27.4476544011683,-9.96275520324707
-2.306526469902426,-5.304433822631836
-0.4835459876036119,4.607123374938965
-8.39479061793487,-19.44186782836914
-46.862925671502296,-10.041793823242188
0.3837795244341289,-3.25966739654541
7.184930267876617,-3.953202724456787
2.8348518495029404,-4.038957118988037
-9.859535687586003,-5.159287452697754
-6.00025755794808,-4.182984352111816
-4.764629840066975,-6.279905796051025
-2.377061578670744,-7.936172008514404
-2.0585753436264698,-10.817996978759766
1.1848602197973823,-5.66326904296875
4.97603191479674,-3.5797388553619385
4.27399441028646,-3.7684388160705566
-46.2372447228831,-8.640512466430664
-31.4759298257721,-4.8827972412109375
-50.1674018945849,-4.810789108276367
0.9601515747159592,-7.366628170013428
-11.864177458483407,-3.6397948265075684
-0.538262620928304,-2.543595314025879
-0.6920482116816997,-4.193101406097412
-1.5184696160120892,-4.051703453063965
-3.0836644409391925,-9.044755935668945
11.316750179392892,-4.428868293762207
-11.183106529127476,-2.3969626426696777
3.59102041590596,-3.8690240383148193
4.55602013063716,-8.43760871887207
11.579228393987275,-0.9595790505409241
2.3067635611900137,-8.636053085327148
10.480393919522983,-2.8527679443359375
-2.698100773809443,-8.58053970336914
3.776985072333982,-6.485248565673828
-11.773766374328297,-10.381032943725586
8.681027307740193,-1.5255626440048218
-1.1091988250418725,-1.372019648551941
4.484288991501213,1.4118692874908447
0.0548896546292299,-2.3133764266967773
0.1118559290339978,-3.0719428062438965
3.9797293996962297,-2.8650007247924805
-22.42608065327665,-11.259553909301758
7.37064384347005,-8.778165817260742
-0.2642143205483515,-0.7409639358520508
5.344594984386832,-12.178058624267578
-1.2497809936708242,-8.800410270690918
13.71198107208239,-2.4154305458068848
0.5045482395984724,-5.510322570800781
2.86709961553106,-3.282252788543701
0.4423212163888063,-6.577467918395996
-3.724573545179619,-3.447105884552002
0.2570808252882703,-12.545866012573242
-70.65073406723695,-12.63446044921875
-33.9587360563784,-14.48146915435791
9.2088386022025,-4.676619529724121
1.3318185914773402,5.667889595031738
-9.176001953270983,6.439522743225098
-10.497767159210698,-9.993382453918457
-0.4402086584014632,-3.6951839923858643
2.1560784090827942,-9.747836112976074
-27.1636490162131,-2.956601619720459
-0.670930828719279,-11.15150260925293
-22.794043146736,-8.92663288116455
0.8105828534072201,-3.2383248805999756
1.2287673509824204,-0.09041953086853027
-0.6435038581465955,-3.752542734146118
8.474782023793379,-3.1809003353118896
-9.601847091024196,-4.1592841148376465
-1.6610011043127195,-4.434357643127441
-0.1091636509260827,6.485507965087891
7.570838092245207,-7.728730201721191
-7.211196994815285,-10.42995834350586
9.090654061652296,-1.8766002655029297
-26.6651088566214,-4.907696723937988
-17.309192174305,-1.2402002811431885
4.14054171285972,-3.0152060985565186
4.097668935846943,-3.4455208778381348
-0.29408409265346,-9.116750717163086
-35.8165916579592,-11.701704025268555
10.898098675545494,-2.510697364807129
-1.6552655274048038,-7.044502258300781
1.6729502580778592,-11.860837936401367
-6.42491227706334,-14.50324821472168
-15.4752611754195,-15.9188814163208
-0.6907348474047925,-3.1763782501220703
-21.3629045873375,-13.609525680541992
4.219145585451182,-14.496102333068848
-3.019531285218114,-4.468814849853516
4.25311060075082,-2.8479928970336914
-15.0412339008878,-5.925989151000977
-8.237627320974727,-10.876383781433105
-1.0683487237199796,-4.3418426513671875
-1.7174251595272625,-3.6160428524017334
4.069163600073605,-7.972078323364258
-10.162041561092582,-6.873625755310059
-5.97248436581227,-8.716292381286621
6.120538767403939,-3.4568562507629395
-0.8028238008287005,-3.998025894165039
-23.6042929930625,-11.445049285888672
-0.1777753404752198,-4.904746055603027
-5.785469568057495,-9.24066162109375
-0.0556983764780604,-3.691372871398926
-25.4508968849616,-10.350946426391602
-5.3185412482723295,-5.196598052978516
9.1356503291117,-3.1349589824676514
4.020569536845237,-0.377038836479187
-58.5527340809363,-10.242646217346191
-6.291328737399075,-3.8324902057647705
4.187869588752649,-6.803159236907959
8.922207576391518,-10.68087387084961
22.7414116448382,4.095600128173828
-44.6057608529879,-9.89438247680664
-26.5129077898497,-11.965922355651855
-2.13735826282737,-3.0796000957489014
-1.14890133483728,-3.164583683013916
-15.2234416939723,-4.454039573669434
0.369316059642221,-10.737571716308594
-0.6884117876070912,0.6316123008728027
-5.8772631055401,-3.92047119140625
3.6053774296538297,-1.9336755275726318
5.07108724357905,-8.294217109680176
1.292753014965791,-5.312969207763672
8.440986836263871,13.652853012084961
-3.43040335892423,-10.668261528015137
0.7651079053562314,-9.098113059997559
-37.13962469223695,-8.85496997833252
-5.822632503482525,-6.406061172485352
-6.879472048396067,-11.73463249206543
2.11024229353816,-9.489264488220215
-7.1526743450051855,-5.1516218185424805
-1.122073026503361,-0.7344033718109131
0.3302260274555297,-7.814579486846924
-1.178255647098801,-9.23914909362793
-2.99361591491145,-5.314996242523193
-18.1070051290659,-15.760943412780762
-3.0332808194811403,-3.025064468383789
2.6303171850506604,-7.820702075958252
-9.72499716390718,-8.023244857788086
0.2729453578388601,-8.285663604736328
-21.4503408223732,-9.121774673461914
-4.99755531471552,-2.8816285133361816
-18.0018409950579,-7.85366153717041
4.00031385473591,-8.124748229980469
12.0378145652987,-3.4211204051971436
14.1235470599023,-14.169957160949707
6.55729051148795,-20.59493637084961
11.19992297656359,-4.6778459548950195
-7.81388191369781,-14.104095458984375
-2.924593214648255,-6.079127788543701
3.7667366885646025,3.4273386001586914
-6.68253431604433,-6.932051658630371
0.7345204104922589,-0.3735646605491638
-10.626155896203898,-4.62708044052124
8.106852576346123,0.37502968311309814
-58.24412469223692,-7.301116466522217
1.4955767028094,-2.9021849632263184
-17.6906096863185,-8.819465637207031
-4.813871520282443,-3.0716352462768555
-11.8973420493851,-4.767276763916016
-2.67676896274171,-2.405536651611328
-3.9331393974605526,-4.22332763671875
8.756217929094177,-3.393871307373047
-29.2662792150344,-12.26849365234375
1.7249239205326918,-5.257234573364258
-6.686975812883663,10.338663101196289
11.10272802991041,-2.162743330001831
-10.956818171714705,-12.58445930480957
-6.3500959185649,-7.488880634307861
0.6681105368389735,-2.9439029693603516
-12.500029270357295,-9.816216468811035
-2.591242863373206,-7.948925971984863
5.954690473588823,-2.651810646057129
-43.929359067237,-9.449729919433594
-17.4841411730512,-16.447221755981445
3.61441892535489,-3.8992409706115723
2.1112971208509976,-7.508185386657715
-41.8026500314277,-11.09713363647461
7.028135642932115,-2.1809487342834473
8.463248256721428,-3.5640292167663574
-13.037072413777096,-6.588470935821533
-1.6307504375632549,-6.4150543212890625
-0.3284521577656807,-7.44213342666626
0.4685622181175212,-10.949155807495117
-5.316952415477393,-12.24429702758789
4.584421564331302,-13.113378524780273
-20.3593816575191,-6.528672218322754
3.67041582610247,-2.623398780822754
2.204062447972561,-3.0779430866241455
-4.666937653128132,-3.860083818435669
-12.3781694316975,-18.11020851135254
7.06923762363823,-9.068548202514648
-37.2883298194418,-6.1363205909729
6.442434166934048,-3.1031436920166016
-12.2162083245621,-17.417339324951172
-20.3623076046531,-5.923933982849121
-5.45440876641342,-3.73687481880188
3.1416241584890576,-5.1394147872924805
-4.96580172718434,-3.8852620124816895
-37.4061766871973,-8.1383638381958
6.46185690649625,-4.312750816345215
0.5403453062071405,1.0910305976867676
8.656689402528613,-2.300811290740967
12.331931266595111,-2.739025115966797
2.75380173901167,-3.045464515686035
-2.8447496930443927,-7.685902118682861
0.0285872237409883,-9.44617748260498
-73.5286754265322,-4.118101119995117
7.285509446842615,-3.636375665664673
6.72046542688671,-6.658092498779297
-6.19730890695259,-3.3732006549835205
-16.4599719883519,1.1522483825683594
-10.288292260688207,-3.540165424346924
-10.285920522724917,-7.781673431396484
-30.8171784242839,-7.618094444274902
-4.65691689928222,-10.045862197875977
-37.1716279374795,-8.68480110168457
-36.50577458359941,-15.748876571655273
0.7942566624333496,-3.746072769165039
-34.8552692363716,-8.154447555541992
-2.491707941339629,-8.843138694763184
1.7387039934851498,-3.891695261001587
18.9715733525152,-3.6533844470977783
-13.8996269060666,-2.5102732181549072
4.17561229224804,12.079812049865723
4.7680640763497,-17.667987823486328
-6.745372906074374,-4.274811744689941
7.262818938793504,-8.308252334594727
-55.7541546140486,-8.348687171936035
8.453421074249384,-3.2190005779266357
-5.85807143580148,-3.721869945526123
-52.7336020518746,-3.293382167816162
-1.995826789875676,-2.1941471099853516
-1.3326443092463092,-8.936105728149414
5.029017096161708,-3.3762621879577637
-0.71117494174041,-4.481925964355469
8.243548509216069,-2.9323549270629883
5.81602235619721,-7.176830291748047
5.978124919049687,-8.76632308959961
-2.8859593337581737,-10.057628631591797
-26.0047332498617,-3.900033712387085
-1.5220929784942658,-13.220365524291992
-3.195242757261453,-2.3672757148742676
-15.0089303719363,-13.784368515014648
-1.757118944268968,-7.126421928405762
-13.5091075877696,-14.525625228881836
-4.0681667574955,-8.692926406860352
4.43276114617859,-3.2759976387023926
-4.665207913971671,-3.7555689811706543
7.33919324558513,-8.863350868225098
-11.69780882660921,-13.113358497619629
5.960801203295765,-5.4506306648254395
-29.9162730471743,-9.609095573425293
-5.331847529263395,-12.439583778381348
4.2006804390709,-0.6312515735626221
4.76541245752904,-1.8074851036071777
5.87221574658101,-4.257563591003418
-12.955988512618,-10.19000244140625
-14.4061745570978,-15.132916450500488
13.644333664082708,-2.5261905193328857
7.522446474796843,-7.9282307624816895
2.858782897786812,-3.632143497467041
-49.8653288018085,-10.517840385437012
-4.029904705212941,-3.434054136276245
-6.2026319104393295,-11.792179107666016
4.452168509343501,-3.7407965660095215
-16.475900892606802,0.31529951095581055
-11.03094492075089,-9.628426551818848
-8.08045020128908,-2.876136302947998
1.39259946716825,-4.876630783081055
-14.885807229381896,-8.120296478271484
-11.113180908425988,-30.009185791015625
5.506094216928792,-5.442332744598389
5.29091659278858,-8.739930152893066
3.42106467876526,-3.7703778743743896
5.162821279449693,-3.7004213333129883
6.020551076354931,-5.0264129638671875
0.8086942897832163,-4.9517292976379395
-8.80546181278599,-10.266867637634277
-7.42349600405968,-9.72401237487793
-14.4731176558811,-3.2404494285583496
-35.5448186771701,-15.735150337219238
-1.657597602265355,-1.8947968482971191
-1.930224441335125,-1.4365720748901367
-10.398648228661925,-2.0647268295288086
-1.6521884315998507,-5.598546028137207
1.3131129859732091,-13.757314682006836
-0.1240821746904601,0.4688751697540283
-35.1709788883515,-16.63115692138672
0.6771989561182002,-8.194911003112793
-5.8677981963370005,-3.4716598987579346
0.7982616963508231,-5.551761150360107
2.595279020812243,-3.218626022338867
6.9472187772133225,-2.1556379795074463
-41.1395198834054,-11.097646713256836
-35.4604736838065,-16.161643981933594
7.87379173269718,-5.360739231109619
-8.72128086410909,-10.993907928466797
-82.13826531723697,-10.619434356689453
-9.70693692529289,-13.816333770751953
-61.4386715672369,-9.105161666870117
7.10938257895085,-5.325182914733887
0.4007388327427847,-8.69908618927002
-0.7455370396145937,-5.54516077041626
1.674966057420845,-8.095697402954102
11.877856996640997,-3.204866409301758
-0.9096556467231308,-10.401310920715332
-1.4680391508473674,-0.5106393098831177
15.6414782015599,7.224949836730957
-10.35739215730591,2.7032248973846436
1.926107182225645,-6.6953959465026855
6.99756701325662,-4.090079307556152
3.54836143321337,-2.654008626937866
-7.726553411266567,-9.012615203857422
-48.51478094223695,-10.304577827453613
-3.0453156276270903,-3.845297336578369
-3.454798154796729,-2.257556915283203
9.503977484174175,-5.218755722045898
6.001532732018722,-1.3713247776031494
1.775572054007981,-3.8882555961608887
-2.6871577689602653,-7.574878692626953
-7.920344649869953,-3.860470771789551
2.578081311550471,-4.430605888366699
-14.434457477598505,-3.6085245609283447
-1.338045882914232,-7.5178375244140625
-44.1817825469333,-7.027858734130859
2.4314234692194163,-12.265480041503906
-2.35314836228574,-7.541927337646484
-2.07036107592124,-3.6246280670166016
-6.560167066336443,-8.988585472106934
-2.54688332955635,-6.928587913513184
-7.940842049461227,-3.8840556144714355
-7.789052707582185,-7.004616737365723
-1.4295761119406232,-9.048954963684082
7.206977941743588,-6.130939483642578
-4.081394009803599,-3.8252086639404297
-30.167243616457,-14.383381843566895
11.7225687296843,3.053856372833252
-0.8984319813221007,-2.260004997253418
10.349523074958825,-8.65573501586914
5.42147270471237,-2.736236810684204
-0.3136273830120112,-2.2849464416503906
4.398848813602776,-8.456110954284668
2.099307195887115,-4.600114345550537
-61.6890402284636,-11.308934211730957
-7.08434802004719,-5.999528884887695
0.6962467393230812,-7.85145378112793
9.0758909366509,-2.814326286315918
-1.9263965715605047,-2.411426544189453
-6.262949496708321,7.3398847579956055
-4.739766082030863,-6.1998748779296875
-36.8822022827233,-10.030191421508789
3.24770439300306,-3.457012176513672
-2.289513933263135,-7.017061233520508
1.41805545618482,-5.0991644859313965
-24.4432878855492,-4.096068382263184
-24.96156751119129,-7.142934322357178
-7.734574598544068,-18.09312629699707
2.79124989437018,-3.993708610534668
-5.17831154550348,-6.721249103546143
1.5275640312561216,-3.8210232257843018
3.682989905065457,-6.767622947692871
-10.8237586662752,-11.188360214233398
-6.929951553081727,-9.518617630004883
-27.96215708599589,-18.492156982421875
-2.88087637063392,-13.267955780029297
-5.960419628776203,-4.698263168334961
-37.189874708633695,-10.993654251098633
1.1496085756031087,-2.518404483795166
-12.7137936794919,-14.611881256103516
8.398744223780918,-8.171318054199219
-33.3004252633332,-10.997896194458008
9.144089281431205,-7.22756290435791
4.065326821312747,-4.636306285858154
-41.9047429025821,-19.87660026550293
7.383552345763623,-2.7748465538024902
6.364261125349779,-3.856527328491211
4.841793570156368,-8.531972885131836
1.6198341998494314,-6.382565021514893
4.179707781567577,5.919783592224121
-14.7229944429405,-6.445535659790039
7.078924552126015,-0.9733819961547852
-12.898019313824,-7.515716075897217
-70.8116033690518,-9.613556861877441
12.7359625054994,-3.468362331390381
5.586124430090477,-5.257745265960693
3.028467183462371,-3.906076192855835
-5.830142578087577,-10.225869178771973
-22.6841489367301,-11.451016426086426
-1.51657819068512,-4.047430992126465
-81.52648016021857,-9.626195907592773
-3.36903782007548,-2.726501226425171
-18.707844022,-11.27856731414795
-34.48768519828235,-13.19403076171875
-39.7169735486916,-2.749734401702881
-1.593720937577549,-6.872135162353516
-23.2954444871652,-16.372547149658203
-45.30258920076982,-19.624406814575195
12.5056328567953,0.29907941818237305
-11.9299972333177,-2.0548617839813232
-37.9495035857927,-3.6613171100616455
0.7001962140772594,-3.3783459663391113
4.49418879319923,-7.056300163269043
-39.0646563811545,-6.553948879241943
-9.09730633851708,-10.074413299560547
-17.5589533745204,-21.014497756958008
-4.92782811871599,-5.099132537841797
-8.2299173561342,1.7315704822540283
2.60625970962018,-13.101587295532227
2.726862934921635,8.667338371276855
4.071661498679735,-3.4413814544677734
-13.2494383747796,-1.0186100006103516
-11.9154244975033,-11.160350799560547
0.9090871567987184,-17.98675537109375
7.92708077877978,-5.752065658569336
-3.119647295186995,-8.559057235717773
-2.248378586620203,-9.8734130859375
1.6646916021852596,3.0960769653320312
0.1590569364430157,-7.585971832275391
-77.3623903172369,-10.384496688842773
15.8859560938761,-3.512087821960449
-3.11888044241469,-3.315988540649414
-2.7468186065138984,-2.038620948791504
2.77922195660905,-7.08595085144043
4.052279150357491,-14.957547187805176
-4.03806373695381,-3.207061290740967
-2.4461467814868523,-11.121636390686035
-0.1639564470097907,-5.177687168121338
0.8542168432631491,-10.666561126708984
5.84905996845087,-3.4407777786254883
-5.77665564868809,-18.86101531982422
-3.7008288999313423,-2.2815279960632324
-7.18713065449027,-11.653438568115234
-0.9529303605806088,-3.1489319801330566
-15.902118442879,-15.190385818481445
-28.0636361890057,-9.73366928100586
-26.912205886836706,-6.07608699798584
8.596988309863011,-0.9524863958358765
0.2877587512502297,-0.9336866140365601
3.3899996482015826,-3.5170698165893555
-20.5869014386951,-29.129257202148438
-9.341800010912078,-3.909905433654785
0.1692077246922899,-3.155278205871582
-1.857666460494741,-9.189804077148438
-13.2752747780792,-12.235543251037598
0.7445982178878973,-9.39561653137207
4.49646859469848,-3.8540263175964355
3.60913262992784,-5.822609901428223
-5.653435188749545,-2.0278427600860596
1.51502173443586,-5.538865089416504
8.143116180793372,-3.732748508453369
-8.36164856265281,-9.124207496643066
-1.130678948105339,-2.5345001220703125
-4.349210006555943,-1.0502614974975586
0.2594141505344826,-15.390031814575195
-32.1283374054069,-20.68731117248535
-1.9051378030600723,1.068986415863037
4.768047800449637,-6.126119136810303
2.264898495983479,-9.653039932250977
-6.47138721063866,-0.5856651663780212
4.93167956005568,-2.7679879665374756
2.4851768276660025,5.620848655700684
-3.930469946192945,-0.5903897285461426
11.923948375295712,-0.9823800325393677
11.616605850275496,-1.9707589149475098
10.41580460128629,-9.568246841430664
-8.700462669667385,-11.867433547973633
13.1991243046288,-12.05190658569336
-4.75101729862813,-2.7311387062072754
-1.4230966237807086,-7.007176876068115
-2.07861348348741,-3.621582508087158
10.292368565007404,-0.21267938613891602
1.9007667723773176,-8.132160186767578
17.1612744381531,-2.677319049835205
-0.1428452494230792,-3.2625536918640137
2.4933992323843923,-2.294585704803467
-13.861300672159,-11.116928100585938
-1.7943154401891548,-5.902768135070801
-4.15624175439773,-13.704505920410156
-14.277645616907492,-6.295562267303467
2.713132201978397,-6.288840293884277
-13.315456279797685,-8.656508445739746
-5.36204355968609,-7.008553504943848
-1.4872271509121793,-5.569840908050537
0.31232235517322,-1.655059576034546
3.0307168501552093,-7.526697158813477
3.4484762474106,-1.4282610416412354
-34.0729170807354,-11.701759338378906
-25.0659802428987,-7.36931037902832
0.86771933446589,-9.22823429107666
-11.996919710325,-2.113816976547241
17.2594267615487,-2.855611562728882
-56.2560888739038,-11.548954963684082
-12.7386491421071,-16.859432220458984
-3.520787796436005,-13.341133117675781
-0.8014467498558491,-17.690349578857422
-34.7812340468876,-16.857688903808594
7.158235365631607,-14.924426078796387
3.29681579894721,-3.5889992713928223
0.046018285265003,-2.1013877391815186
2.046344769010002,-6.306209564208984
4.25403099118957,-6.12843132019043
3.7804230286959792,-13.650410652160645
-3.773219093074008,-11.34434700012207
-9.722403045722997,-9.223437309265137
2.81101468536903,10.739420890808105
-23.7494411406013,-16.82162857055664
-75.56229656723696,-8.89317512512207
4.366245372711767,-3.3517842292785645
9.94612085382829,-0.7141249179840088
-8.207132148775708,-3.7765135765075684
-3.09775596823669,-1.3185651302337646
3.77256113899207,-3.8400442600250244
0.2016574678685985,-3.639450788497925
4.38808277416547,-4.118268966674805
3.7092867134231,4.361484527587891
1.6740112862957208,-2.7954776287078857
-5.472376660417956,-3.9818859100341797
12.283123760680592,-2.9249041080474854
4.417989059347175,-10.01131820678711
1.907333647224608,-3.3447389602661133
-3.73521146317182,-3.1047801971435547
7.837521570550837,-2.804673194885254
4.82455755953161,-13.366460800170898
-0.6472060937938101,-5.78266716003418
-8.237956686764985,-15.19096565246582
7.36579899286375,-8.125799179077148
7.859716520666763,-3.6240079402923584
2.765011277030255,-6.985804557800293
4.62415639298937,0.125136137008667
6.430237727930085,-7.780571460723877
2.44728958086436,-9.212738037109375
-1.93656353174353,-4.56484842300415
-33.7845903951132,-11.303400993347168
10.960301672714698,-2.199079751968384
6.147225205740463,-1.9329028129577637
2.4659746492236927,-3.29976749420166
18.2642273209106,-0.561817467212677
7.656482330373112,6.160667896270752
-63.2346715672369,-9.918479919433594
-22.9610154952969,-7.882763385772705
4.39789099231211,-3.295863389968872
-46.587141393021525,-10.016134262084961
-12.281506448986304,-4.487261772155762
5.220668557811489,-1.152458667755127
-1.4412632820262703,-9.489944458007812
-35.163016426576704,-23.467052459716797
-31.380009974583203,-15.540899276733398
-40.7258600860177,-0.7433909177780151
-35.3994683825842,-14.102672576904297
-10.968565079401992,-4.213520526885986
15.384553292915324,-8.726178169250488
-0.4271227388875901,-3.172982931137085
-7.69948364751984,-5.798826694488525
-26.6822467124322,-3.491018295288086
-0.2823200449385875,-8.072385787963867
-3.8453528225106623,-11.815689086914062
-2.4599041427842496,-2.803351640701294
-12.7315114055493,-15.15505599975586
1.418014053180695,-12.946383476257324
-3.4922781726655696,-16.25079345703125
9.58062385928767,-8.669349670410156
-17.5801214502402,1.0599241256713867
-49.5120706514507,-7.694431304931641
-0.4503474699443348,-11.939735412597656
2.332279780348585,-3.6381707191467285
-42.2483635713802,-2.4095401763916016
-5.00028834575103,-1.0183525085449219
-5.14141487663266,-10.046908378601074
-19.923371510770203,-3.5472447872161865
4.28301459624688,0.22835981845855713
0.3224388648416145,1.494002342224121
6.795393661635613,-12.2926664352417
6.720388221210122,3.2945168018341064
-20.7558388881914,-5.348371982574463
-12.5922662394529,-16.031553268432617
-5.19085420781142,-3.4974780082702637
-27.3858072066324,-12.842350959777832
6.488490212037078,2.6557624340057373
-12.5233171201947,-13.320605278015137
0.996650643215182,-3.398922920227051
3.27144637329635,-2.3737545013427734
1.203208947199059,-3.1170437335968018
4.5031585012656095,-3.9058663845062256
-46.6686841099013,-10.75106430053711
3.600655729290548,-5.939414978027344
-2.7077151362496297,-15.718899726867676
-42.936846127142296,-9.191459655761719
2.679404112105611,-3.590912103652954
-23.975827854410426,-8.95142936706543
-24.4869919201538,-8.53312873840332
-6.22433036882608,-2.9175100326538086
-24.992167376126925,-10.91387939453125
-9.742168339465294,-4.578841686248779
0.1235817830644999,-5.447580337524414
-11.607028837624,-2.398336410522461
5.321680837772678,14.516191482543945
3.3452637215970498,-5.227283477783203
13.015759276594096,-0.23828065395355225
-6.13466459150186,-4.465683937072754
3.0897024917955025,-3.841841459274292
3.557691046156,-3.489952564239502
2.0008593011464906,-9.82502555847168
-1.2671721747064446,-10.85261058807373
-2.989164004622407,-3.2645654678344727
-2.43808381047612,-1.320160984992981
-11.30813578108209,-3.02034854888916
-9.619042312244815,-11.592065811157227
-4.01456885639382,-4.904105186462402
-4.853312003098937,-3.464057207107544
2.78743688363977,-12.222236633300781
3.6035536346157695,-3.9577088356018066
6.09033976794457,-2.771503448486328
-5.89266438028177,-3.630136728286743
4.780848076735348,-6.611172676086426
-20.7592210135025,-11.981369018554688
-3.637071869773312,-14.031890869140625
-4.396710286499547,-3.3453025817871094
9.04709717330502,-2.572582721710205
1.69213972357191,3.240489959716797
-27.068723822751306,-19.057476043701172
0.2886204877907422,-3.2122957706451416
-0.592182005541919,-6.07405948638916
-4.736229867816737,-2.1514105796813965
7.877641553655238,-0.8715782761573792
-2.588665914009158,-2.0689783096313477
4.72846919446815,-17.243091583251953
3.42669038506664,-4.86271333694458
-10.274169876330886,-4.046962261199951
-1.289264920121349,-3.70430064201355
-6.9648772325347394,-7.163287162780762
-1.2236747050651609,-9.401283264160156
-12.208208404490907,-8.735982894897461
4.40921359309415,-9.474730491638184
16.4171583068458,-2.2426609992980957
-15.991582533821994,-5.291692733764648
7.809600001042748,-3.528108596801758
-3.0331069492891496,-4.952321529388428
2.603164662477901,-3.3018150329589844
-24.2572199033326,-12.152315139770508
13.667582002208905,-0.28075259923934937
8.19307228691883,-13.64311408996582
0.4664503305112299,-8.528011322021484
-6.46133524603972,-7.964316368103027
-19.7520332208299,-15.846578598022461
-7.75971004909346,-2.6416330337524414
7.66334596528203,-9.195768356323242
-27.64770126959135,-14.662820816040039
2.125547882163602,-8.172626495361328
-1.8239337240231768,-3.4951653480529785
3.3696784995100426,-4.8651862144470215
5.265272900492549,-3.4073171615600586
6.753311816554961,-7.926821231842041
0.9434331950199416,-4.326024055480957
2.13745295521649,-5.508581161499023
2.76912169862866,-2.2788782119750977
2.409764321136161,-3.5948357582092285
3.7606671418030695,-9.247966766357422
0.555665600488549,-4.312225818634033
-89.04756219223692,-10.353866577148438
6.987950206462267,-9.780521392822266
-10.09410467002709,-4.158093452453613
8.16191414696451,-5.499817848205566
-10.731303688850904,-17.356950759887695
7.588764503474316,-3.6769049167633057
-5.25293160621848,-9.234164237976074
2.3065604778561424,-1.2099838256835938
-3.8022266666193874,-16.69525146484375
3.22816419080692,-7.8666181564331055
1.1941842843275,-5.3673295974731445
9.772192422094813,-1.2707083225250244
-2.489313079893845,-2.366074323654175
-13.547300817594484,-7.149831295013428
-1.5403494549472296,-6.054569244384766
-5.139364658294922,-3.089627742767334
-1.32131943338233,-3.469714403152466
-0.5284321769112605,4.534467697143555
0.1119561526876595,-1.0614553689956665
14.8508222506114,-2.680285930633545
-0.0918051514147744,-9.109557151794434
-1.7237618714553775,-3.64939546585083
-1.5699354762224491,-3.24594783782959
1.5718362711845366,-11.577320098876953
3.58036180553514,-6.433752059936523
7.45084701577923,-12.878988265991211
-7.378812419643663,-3.9228992462158203
-33.1832620874725,-10.723658561706543
-6.066411004621831,-3.9378321170806885
-16.4910721624856,-18.094152450561523
0.8267526169764301,-10.76795768737793
-9.762453719841735,-4.184634208679199
8.07102955700163,-2.599407196044922
1.741670982094262,-2.7528562545776367
-0.0053525606393112,-4.074572563171387
-51.4043293278057,-8.022956848144531
14.9415296965116,-3.3533987998962402
8.70853787657841,-7.656136989593506
-2.149900469098629,-10.983292579650879
14.8229623836697,-2.771430253982544
-0.0379657812584102,-2.525200366973877
-15.3173389528898,-3.0590479373931885
-1.7663441991754285,-4.086888313293457
-6.708306328674888,-5.376184940338135
-78.7451798053926,-10.994321823120117
-0.5413656534735456,-8.646403312683105
9.625121597198186,-6.98789119720459
-3.15562863494722,2.293541431427002
9.60447820177431,-2.815293312072754
-3.31847606547329,-3.4035263061523438
-4.12581810820042,-3.5609025955200195
1.7706121017107803,-2.8361129760742188
0.5117341060036625,-7.279561519622803
2.63157412115867,-6.2156500816345215
-4.763634360062484,-7.987532615661621
-11.18181257464061,-3.8164312839508057
-39.4932668903457,-10.783487319946289
9.206200380526292,-3.206669807434082
-2.93911844531118,-7.356907844543457
-28.13472322157985,-10.327939987182617
9.62907409316032,-5.112401962280273
-7.042636248773623,-3.3153741359710693
-4.03025121975644,-2.4511122703552246
3.42951329804928,-3.419299840927124
2.5565427438131976,-6.847478866577148
2.8513084033656,-2.6357924938201904
-5.5623675139736175,-13.221906661987305
16.9968892380515,-2.696690797805786
-4.144685584269085,-4.119814872741699
-11.221818720505304,-2.501052141189575
-2.111656589218961,-4.101860523223877
-1.626797120535592,-3.1740646362304688
0.7652624054000594,-9.18017578125
-21.5531296050118,-3.542659044265747
-13.053772031257305,-15.151759147644043
5.42509465390903,-3.4992809295654297
-5.5186956836840375,-3.4206058979034424
-2.260381023139061,-2.0517988204956055
-30.3377383335249,-12.653342247009277
7.380729755239978,-3.2975399494171143
-4.172986764275874,-8.359067916870117
-1.2036514942358316,-7.435935020446777
-35.2906329121599,-36.865230560302734
-2.54595208771381,-3.873875617980957
-10.901275449743116,-7.942815780639648
-17.0078420331655,-11.017497062683105
-17.0314498829154,-8.114103317260742
-11.9784507557909,-26.46965217590332
-19.469018973061075,-20.498533248901367
-3.2142130797467816,-4.2128424644470215
-0.5663484394051013,-1.6636720895767212
-21.2195468929047,-6.23856782913208
8.077984978184695,-2.4633538722991943
-17.0119321722455,-14.352386474609375
4.67424026120176,-4.555307865142822
-47.9875704511971,-7.706297874450684
4.316615136301563,-2.518834114074707
11.2728180991378,-1.6351327896118164
-3.5546157663424616,-2.3159706592559814
-3.15887949932979,-3.5338799953460693
-1.6422791314174887,-3.8051958084106445
-3.448025235667948,-11.32560920715332
-13.5632540546311,-10.738938331604004
0.8825935384285006,14.904891967773438
3.27100049685324,-5.629942417144775
-0.7762273913233743,-4.7370405197143555
1.026942322157092,-7.151830673217773
9.859104788483815,-3.368992328643799
-1.9977872313530125,-6.102184295654297
-13.1809903671301,-3.4840340614318848
-35.1782981083837,-6.600919723510742
-35.8337806803641,-11.359447479248047
-7.639409008216227,-5.456649303436279
-15.746453943284,-11.126964569091797
1.055995951979529,-3.2537624835968018
3.987299411465438,-6.97585916519165
-37.0930621901092,-35.612369537353516
16.694612728237402,-0.9972469210624695
-4.527979888097892,-4.88216495513916
14.6352674345898,-12.511283874511719
5.034618319433818,-7.603113174438477
-3.77133000272187,-7.110749244689941
-1.61504571199055,-6.8103227615356445
-56.3663437951974,-18.39808464050293
10.088450856398616,-2.8083386421203613
-14.285610883283098,-12.042900085449219
2.6210618799141923,-2.448606014251709
-2.308732762121495,-26.241300582885742
-83.9761260280997,-11.301874160766602
-1.03656181464744,-9.147449493408203
10.16232173056559,-2.458311080932617
-3.12013961477547,-3.122127056121826
3.010752586641185,-12.893827438354492
-1.5178355576616795,0.07781505584716797
-2.60072537807549,-0.17508238554000854
-2.367312137177082,-10.217164993286133
6.075310726130807,-5.606051445007324
2.24572304437811,-2.9969124794006348
0.2044267191685782,-8.925477981567383
3.85944773684647,-2.6308395862579346
-14.409506408843407,-18.581836700439453
-2.683955047842884,-3.970461845397949
-0.0075038478591599,-9.490835189819336
7.190050317883171,-6.639169692993164
-2.1691769605730515,-9.4876127243042
-7.910003358009165,-3.5680689811706543
-69.1366966634013,-10.782035827636719
1.437241653553571,-17.850605010986328
-20.7409218490905,-8.04786491394043
3.78247800369874,-5.088200569152832
7.909526276907584,-9.919689178466797
6.097122298913325,-9.732288360595703
24.5800902168924,-3.7258307933807373
-9.979741434164584,-10.352364540100098
3.1327986373042376,-7.953981399536133
-8.393586343504198,-4.087341785430908
8.678125432705007,-3.478915214538574
20.7428439693387,-8.247391700744629
-1.511416195100045,-10.050653457641602
-23.3725501337939,-9.740377426147461
4.69437535963172,-3.4776906967163086
8.24149319055937,-8.053866386413574
-0.2898522089969393,-1.4754501581192017
-7.19378137939456,-12.727075576782227
1.0271109700113177,-3.7930874824523926
-14.564555056626377,-3.974459171295166
-9.657849716236,-9.150501251220703
-0.7280966227290082,-3.622385025024414
-21.8962191024866,-16.412860870361328
-40.2614734397264,-34.89173889160156
-1.77750068778882,-15.020544052124023
-28.3488859938485,-11.645708084106445
-8.184373188662292,-11.090938568115234
-6.135426654744688,-4.623141288757324
-3.270422191581055,-18.281909942626953
-6.055427015859325,-12.113506317138672
-34.3143130117107,-20.01091957092285
-50.4820483838523,-10.929506301879883
-4.639593570653838,-6.324732780456543
-21.0606958753072,-13.329902648925781
8.747205755218493,-10.460561752319336
0.6884341878779402,-3.8728978633880615
0.300408103033295,-3.6038355827331543
-2.6184282494780104,-0.4266932010650635
-37.3999740396079,-6.137243270874023
-10.594900847222812,-12.893594741821289
-23.227454082363305,-10.41526985168457
-15.4814292943448,-12.13041877746582
-6.89310310865277,-3.583925724029541
-11.7962452523223,11.702726364135742
-0.3887710448227697,-2.4675073623657227
-4.0896099478500325,-5.6552019119262695
-42.6579269422049,-3.8160042762756348
-2.095241650043551,-5.211124420166016
8.45389840526827,-4.283573150634766
-15.5157954828953,-22.707887649536133
-1.9802660997523944,-2.995110511779785
1.8368511005450223,-8.546777725219727
2.11900133622217,-3.2404751777648926
-38.4962238749225,-12.657828330993652
0.8069046214032297,-3.1320018768310547
-1.73607437190069,-1.8819470405578613
-8.46093254820262,-5.273736000061035
-0.0780407432645869,-0.6239784955978394
5.009535132419683,-5.9781293869018555
-74.9399761386801,-8.873948097229004
2.806732553915905,11.242120742797852
-10.415057364934407,-5.68550443649292
-4.81834176383161,-4.104670524597168
-1.4920816076829602,-3.8559627532958984
-0.003939288658445,-0.1806037425994873
5.86288473591452,-4.939523696899414
0.4443344011282492,-1.5050666332244873
5.72263802046558,-6.218697547912598
5.46583466116103,17.68596076965332
5.05355462238675,-1.7917227745056152
-17.190033530139498,-13.957953453063965
-10.1192188918475,-3.097771167755127
-10.539071528779305,-2.581173896789551
0.2492257167476033,-2.2758638858795166
5.35198813185094,-9.743629455566406
14.9823899147147,-7.534908771514893
1.7336328627834918,-3.366222381591797
3.2582764286422226,-2.8481192588806152
1.1615369027166365,-5.983641147613525
-42.4099588259267,-18.782962799072266
-38.7823663998969,-14.928743362426758
7.99575647038201,-3.000441074371338
11.644495901203598,-2.47055983543396
-39.0956747424042,-7.050084114074707
-38.6438610292767,-10.896516799926758
-40.5029244010595,-7.34088134765625
-22.8644313188967,-10.285003662109375
-0.897066728281827,-6.473581790924072
-17.6830733389949,-7.30181884765625
-0.0084306638066775,-0.9978638887405396
0.5394390329931549,-5.419552803039551
-21.61387508166409,-8.69628620147705
5.053393098685065,-3.6856791973114014
-15.7834934865799,-5.078277587890625
-58.40351531723695,-11.613532066345215
8.86280218600469,-0.4004237949848175
1.888243484494037,-4.958197116851807
8.99923705482913,-4.359195709228516
4.133325903305868,-2.4008171558380127
4.774357664359128,-1.866572380065918
7.418770080750715,-10.68778133392334
-2.25262466719878,-4.578436374664307
-7.071587649042333,-1.353667974472046
4.398742241377427,-7.418143272399902
-8.692928400841772,-3.1852786540985107
2.334382802629,-1.0552468299865723
2.8274240704709,9.751204490661621
2.1747311895065486,2.8582658767700195
-11.9965988914421,-2.598113536834717
2.776867734737273,-7.0008087158203125
-12.4595255596924,-5.570471286773682
18.5317724911246,-10.319119453430176
6.86106163750481,1.5262850522994995
-19.1693792779686,-5.120046615600586
-4.20883890972707,1.4889357089996338
-0.3530077955256401,-9.965658187866211
-1.6020246929696491,-9.141968727111816
-7.57557880794988,-14.706432342529297
13.9692836454661,-5.739840507507324
1.289294757415069,0.07800209522247314
-20.3746494688195,-3.937493324279785
-8.044482691931467,0.03550124168395996
2.51340467963473,-7.487642765045166
11.0282847349576,-1.4862252473831177
-1.3944922949507652,-7.780032634735107
-26.2706781913698,-19.9800968170166
-71.7765711158932,-6.9567484855651855
-44.2857422252861,-15.080732345581055
-3.057699221935841,-2.706624984741211
10.116767222520318,-4.443216800689697
-46.9980356488569,-12.075050354003906
-8.677497573270493,-11.24343490600586
-25.781275563237,-3.177471876144409
-2.941164138388841,-0.4235873222351074
-26.5692742661385,-17.75939178466797
1.2555345380058751,2.9793453216552734
-0.810306898238276,-2.9975788593292236
0.2404076931068699,-18.53815460205078
-2.5590885431480426,-4.0627617835998535
-11.9846830308257,-16.395952224731445
-5.775806690181939,-0.36445343494415283
1.9806048133258944,-0.7566848993301392
16.618750626525,5.132595539093018
8.204494762209066,-9.495390892028809
6.80321923705408,-4.276060581207275
11.710679650337616,-7.037426948547363
3.181253849239128,-3.895000696182251
0.90894434552881,-3.4607982635498047
3.547124544521316,-15.736040115356445
-2.202886656443709,-11.009145736694336
-11.133669865203094,-12.988862037658691
9.328533024448705,-5.705018997192383
-0.7012610501602399,-0.31279635429382324
-0.3170472839931941,-3.0990843772888184
-2.3458288386735573,-5.354389190673828
-26.1191329979098,-15.369845390319824
-2.33292598982445,-12.908724784851074
2.461922216333884,-10.895979881286621
3.73205068567752,-5.849936008453369
-22.4462583852743,-23.754806518554688
16.899113604615202,-7.530189514160156
-2.85382252753121,-10.404600143432617
1.2705701336207027,-2.684778928756714
7.960789166364423,-5.883920192718506
2.71808902854303,-8.164412498474121
5.5273920092716775,-2.3165650367736816
-4.11149235653684,-8.63148307800293
-20.9676231329802,-18.53809356689453
-0.89184437235696,-9.314615249633789
-1.2816619609782416,-6.163745403289795
4.85634828411675,-20.41651153564453
6.429854346358795,-2.6311376094818115
4.71112087372323,-9.7027587890625
-30.7199022255615,-12.50822639465332
-3.8590388668775,-3.6264584064483643
-10.6557437737239,-4.138127326965332
-13.4460672849668,-7.972207069396973
-5.527709296795018,-4.955343246459961
-1.876637029070265,-11.111127853393555
10.2532613363299,-1.3374590873718262
3.00680128293027,-7.642097473144531
19.33685959748449,-9.931424140930176
-0.1058882282985149,-5.045291423797607
14.3436638764016,-3.841564178466797
-16.1535771788668,-12.317449569702148
0.9480162028997956,-6.208004951477051
-18.5891767455387,-10.42594051361084
13.309934514349203,-5.7204484939575195
6.02246857213521,-0.14718270301818848
5.16750826555368,-2.5381925106048584
-1.0190872666435924,-5.421796798706055
-19.100904418149,-14.538498878479004
4.743603615290096,-6.445349216461182
-13.8157551615103,-10.860093116760254
-3.802611775309477,-14.459003448486328
4.30511943579503,-5.451216697692871
-22.482844278002705,-8.705448150634766
0.60779733849738,5.782631874084473
17.8138573048897,-2.8026227951049805
-38.4626262988146,-16.710800170898438
-0.6089836493556324,-3.7071893215179443
0.8617451361473882,-3.700963258743286
-2.40000424902785,0.782625675201416
3.7078671714499096,-8.215082168579102
-2.390619984667185,-8.348325729370117
-15.559462368784592,-14.13442325592041
-13.790764753514,-3.6135542392730713
-9.325981865786185,-9.012441635131836
-58.4491138315396,-3.1810669898986816
9.550892694239591,-5.434222221374512
4.435147085081137,-5.851877689361572
-2.3538192484503564,-3.716641426086426
-5.83438093189622,-10.017928123474121
-7.10827059552493,-13.662527084350586
-12.414939844598162,-3.500581979751587
6.6154810826822,-2.5772409439086914
1.3155747227446202,-3.5282251834869385
-2.56542276271332,-4.141602993011475
-13.546032832554804,-10.155658721923828
-16.600339428286603,-16.73991584777832
2.9737175212081803,-6.404608726501465
6.167862854629888,-3.7463364601135254
-40.922076323723,-8.072141647338867
16.9349100756105,-12.633440017700195
-12.24911226903676,-7.119742393493652
4.867927463076468,-3.7766623497009277
-21.6327950573002,-19.64602279663086
7.11033993521173,-2.720874786376953
-9.59094984812801,-11.017841339111328
4.92186081619874,-6.886462211608887
-7.815562497274902,-5.697827339172363
-2.20364176327536,-5.151823043823242
-19.6754058911438,-11.051239013671875
-91.8886792382854,-12.5618896484375
-20.9507978903398,-9.187191009521484
-17.8084408175675,-9.151876449584961
-62.9612541332419,-11.227300643920898
5.598134989920393,-1.1005330085754395
-7.283890318199592,-7.472684860229492
6.1026124307435,3.008667230606079
7.42840635595139,3.834125518798828
-5.179391847578812,-13.10181999206543
-4.873152982370568,-4.745748996734619
7.276768036701751,-9.111230850219727
-10.739322929783883,-3.5313425064086914
-22.9219832537164,-6.910462379455566
1.5259403537211615,5.183399200439453
-44.7886924625105,-10.828786849975586
-3.72583443525641,-10.440376281738281
-14.57002364123529,-9.576751708984375
-10.128266274366498,-12.012239456176758
-28.0249952668106,-10.98287582397461
-26.24662901330595,-11.181965827941895
-40.3645652505015,-16.965984344482422
-30.8056950922951,-5.562963485717773
-3.9552380984537248,0.8810640573501587
-2.1789667599796294,-3.459876775741577
-0.5734820606807138,-3.6879615783691406
-1.1617148968623687,-7.704644203186035
3.42848617073407,-8.546615600585938
-17.4030551064212,-9.934761047363281
3.88109013796494,-3.343775749206543
9.400493271217616,-6.456404685974121
-11.302161927872188,-16.31636619567871
-13.3709137252944,-7.1883978843688965
-6.79658968512302,-8.789774894714355
4.509456424718162,-0.00378262996673584
5.45103123545738,-3.3840975761413574
8.149714042401495,-3.5768914222717285
-12.909180343140196,-5.017214775085449
-6.61979034735207,-8.344405174255371
11.9978624338519,-7.8818182945251465
-12.53254789251529,-5.9224853515625
-8.36198121766124,-9.051822662353516
-4.361976736345532,-11.78613567352295
-0.1898191226144924,-3.264305830001831
2.3166834950764685,-14.748208999633789
-12.6203596574975,-5.401141166687012
-1.207429910073891,-4.730539321899414
-29.7403775200217,-14.039390563964844
5.31082796058257,-3.505842447280884
2.97844031586002,-6.739606857299805
-12.533050119535002,-6.285400390625
-5.8684323426223,-1.1051015853881836
2.391980620215489,-8.6839017868042
7.73570234615748,-10.172184944152832
1.166748445159433,-1.8767772912979126
6.093529951556334,-3.4291021823883057
17.709922444879297,4.006957054138184
11.779516260068313,-2.0987484455108643
2.4866177573815964,-3.4844908714294434
-30.89708550466269,-9.273301124572754
-9.231606713935047,-3.230633497238159
-13.4089268865456,-11.46214485168457
-9.06573754635488,-11.162797927856445
9.30630078585379,3.7144203186035156
-7.156550033865472,-18.75749969482422
-10.5414716495377,-10.972878456115723
-27.8178569354009,-16.295106887817383
5.3817717725564,-3.4768762588500977
-35.155236696245,-11.532896041870117
-21.4141717786538,-9.289859771728516
-2.6053130644292946,-11.619836807250977
-9.953220777101093,-4.157591819763184
-8.798237091769485,-12.272777557373047
-27.6920167541674,-11.134355545043945
8.017093587799739,-3.0362467765808105
-0.3550158381598589,-3.1996641159057617
-1.19024715514191,-8.083667755126953
-3.2855896341823474,-21.446426391601562
1.844566842421384,-6.383491516113281
-30.7366736665872,-10.216316223144531
-11.338238855350506,-9.723770141601562
-1.059512617215007,-3.0716943740844727
-33.7712071062874,-8.771794319152832
3.812227003524945,-4.309496879577637
-2.8472026300298463,-3.5787429809570312
-21.5871320482388,-14.85200023651123
1.845960760756301,-12.626283645629883
9.06213659212517,-5.3424601554870605
-13.950148061363093,-14.795723915100098
-15.1006814359747,-3.5636796951293945
-8.65496498210776,-6.296969413757324
-31.18852367408345,-18.617271423339844
2.35160533891099,-10.112876892089844
-7.06329362397977,-10.071478843688965
-11.299328727708405,-9.198369026184082
-5.73967918172164,-0.8712482452392578
-4.062121175440552,-3.4623637199401855
3.62056380925444,-0.6290817260742188
-6.512385872303066,-12.813018798828125
