Score,Pred Score
-13.812973987503693,7.713478088378906
-14.6311710829416,-6.706840515136719
-15.020937907067507,-6.331050872802734
5.61896917638109,10.825759887695312
0.1461877509898399,0.42070770263671875
3.59745169898486,8.21926498413086
-6.72144892291601,3.8679122924804688
4.304204520484877,4.192905426025391
3.37898618824583,20.05010223388672
3.939818822274421,1.3526268005371094
13.9953943577381,35.33989334106445
-5.39913759737588,10.418399810791016
-2.204579993178592,0.9557876586914062
8.829561804598438,12.26822280883789
6.01696699102072,-7.756294250488281
-6.376202369524528,3.7573928833007812
-6.50906463316165,20.708065032958984
-60.92137282626391,19.419654846191406
1.99934019108803,16.74911880493164
2.188685633501576,-6.7652130126953125
4.07090957771029,5.6990509033203125
0.5211206139658471,11.29997444152832
12.5580583918003,13.967105865478516
3.320229681965675,14.779552459716797
-0.4381862293696001,10.952545166015625
0.1752112379752922,3.8265151977539062
4.123908949931413,41.91676330566406
-14.2382866820043,8.453289031982422
12.966325580978296,1.5589866638183594
7.692941411907634,8.637493133544922
-62.9031214125763,-11.111736297607422
-5.800670766453999,-15.299800872802734
-11.705366535732304,5.661251068115234
-4.786538605318405,-31.745885848999023
-82.4887013651952,12.606910705566406
-8.251107402184557,-0.6882400512695312
1.61677665352485,-4.261066436767578
-11.916211326129387,5.466651916503906
-45.634880019414,4.841251373291016
-0.568998602339841,0.4827079772949219
-12.147399114840605,-1.1135444641113281
-27.4476544011683,5.700275421142578
-2.306526469902426,8.790534973144531
-0.4835459876036119,3.6801528930664062
-8.39479061793487,-2.93060302734375
-46.862925671502296,-7.686988830566406
0.3837795244341289,13.424762725830078
7.184930267876617,18.0419979095459
2.8348518495029404,8.813407897949219
-9.859535687586003,23.922428131103516
-6.00025755794808,7.40431022644043
-4.764629840066975,18.08139419555664
-2.377061578670744,-0.3943939208984375
-2.0585753436264698,4.055091857910156
1.1848602197973823,49.010231018066406
4.97603191479674,3.2649269104003906
4.27399441028646,24.441726684570312
-46.2372447228831,1.8902206420898438
-31.4759298257721,4.890727996826172
-50.1674018945849,13.804084777832031
0.9601515747159592,4.500801086425781
-11.864177458483407,8.880511283874512
-0.538262620928304,-1.4835128784179688
-0.6920482116816997,-9.161609649658203
-1.5184696160120892,-20.057254791259766
-3.0836644409391925,-34.65266036987305
11.316750179392892,-19.37933349609375
-11.183106529127476,-15.015640258789062
3.59102041590596,-2.8882064819335938
4.55602013063716,-1.7202339172363281
11.579228393987275,-12.414112091064453
2.3067635611900137,-22.27105140686035
10.480393919522983,-20.94184112548828
-2.698100773809443,-27.96832847595215
3.776985072333982,-32.307350158691406
-11.773766374328297,-21.012222290039062
8.681027307740193,-35.41798400878906
-1.1091988250418725,-18.40007781982422
4.484288991501213,-24.795398712158203
0.0548896546292299,-36.57106399536133
0.1118559290339978,-28.155147552490234
3.9797293996962297,-15.598979949951172
-22.42608065327665,-39.806190490722656
7.37064384347005,-18.389131546020508
-0.2642143205483515,-21.46517562866211
5.344594984386832,-16.796581268310547
-1.2497809936708242,-19.334609985351562
13.71198107208239,7.363914489746094
0.5045482395984724,-25.962949752807617
2.86709961553106,-21.569917678833008
0.4423212163888063,-12.899070739746094
-3.724573545179619,-21.839435577392578
0.2570808252882703,-11.90797233581543
-70.65073406723695,-32.744014739990234
-33.9587360563784,-20.123014450073242
9.2088386022025,-12.47174072265625
1.3318185914773402,6.361644744873047
-9.176001953270983,-21.93331527709961
-10.497767159210698,-23.182865142822266
-0.4402086584014632,-38.9322395324707
2.1560784090827942,-27.662307739257812
-27.1636490162131,-22.438217163085938
-0.670930828719279,-25.71531105041504
-22.794043146736,-33.89084243774414
0.8105828534072201,-52.97984313964844
1.2287673509824204,-18.575576782226562
-0.6435038581465955,-25.95798110961914
8.474782023793379,-19.421527862548828
-9.601847091024196,-40.93423843383789
-1.6610011043127195,-16.882598876953125
-0.1091636509260827,-15.790016174316406
7.570838092245207,-15.341053009033203
-7.211196994815285,-20.989158630371094
9.090654061652296,-19.099224090576172
-26.6651088566214,-19.417068481445312
-17.309192174305,-14.373775482177734
4.14054171285972,-10.966461181640625
4.097668935846943,12.47745132446289
-0.29408409265346,-14.302932739257812
-35.8165916579592,-19.365779876708984
10.898098675545494,-24.436622619628906
-1.6552655274048038,-5.552116394042969
1.6729502580778592,-30.133262634277344
-6.42491227706334,-28.201061248779297
-15.4752611754195,-40.989418029785156
-0.6907348474047925,-27.561115264892578
-21.3629045873375,-27.307899475097656
4.219145585451182,-10.559778213500977
-3.019531285218114,-3.2336978912353516
4.25311060075082,17.73772430419922
-15.0412339008878,10.682170867919922
-8.237627320974727,2.4385757446289062
-1.0683487237199796,15.701763153076172
-1.7174251595272625,-17.337482452392578
4.069163600073605,-1.853729248046875
-10.162041561092582,-9.413505554199219
-5.97248436581227,5.482677459716797
6.120538767403939,-7.624732971191406
-0.8028238008287005,-1.53472900390625
-23.6042929930625,-14.68899917602539
-0.1777753404752198,13.547704696655273
-5.785469568057495,-0.361328125
-0.0556983764780604,-9.183719635009766
-25.4508968849616,13.569961547851562
-5.3185412482723295,-2.0735931396484375
9.1356503291117,3.6272735595703125
4.020569536845237,12.817646026611328
-58.5527340809363,9.12332534790039
-6.291328737399075,5.7320404052734375
4.187869588752649,3.300506591796875
8.922207576391518,14.112049102783203
22.7414116448382,10.615612030029297
-44.6057608529879,-4.894966125488281
-26.5129077898497,-11.287647247314453
-2.13735826282737,15.43643569946289
-1.14890133483728,6.258502960205078
-15.2234416939723,5.672000885009766
0.369316059642221,-25.13290786743164
-0.6884117876070912,2.935344696044922
-5.8772631055401,-17.764373779296875
3.6053774296538297,-6.247882843017578
5.07108724357905,15.766937255859375
1.292753014965791,3.3559417724609375
8.440986836263871,17.687484741210938
-3.43040335892423,-4.938938140869141
0.7651079053562314,-22.26521873474121
-37.13962469223695,-3.544170379638672
-5.822632503482525,12.256790161132812
-6.879472048396067,-4.7083892822265625
2.11024229353816,6.145771026611328
-7.1526743450051855,0.10472488403320312
-1.122073026503361,5.954769134521484
0.3302260274555297,-3.369861602783203
-1.178255647098801,13.473869323730469
-2.99361591491145,12.687591552734375
-18.1070051290659,12.106010437011719
-3.0332808194811403,12.881996154785156
2.6303171850506604,-16.022109985351562
-9.72499716390718,6.237590789794922
0.2729453578388601,15.029861450195312
-21.4503408223732,6.488069534301758
-4.99755531471552,12.410572052001953
-18.0018409950579,-2.773693084716797
4.00031385473591,18.23455047607422
12.0378145652987,15.047489166259766
14.1235470599023,-5.0082244873046875
6.55729051148795,7.524967193603516
11.19992297656359,13.48782730102539
-7.81388191369781,-3.1544265747070312
-2.924593214648255,-26.65692710876465
3.7667366885646025,4.8823699951171875
-6.68253431604433,4.370655059814453
0.7345204104922589,-34.88187026977539
-10.626155896203898,-24.78620147705078
8.106852576346123,-16.121456146240234
-58.24412469223692,-28.664615631103516
1.4955767028094,-33.962432861328125
-17.6906096863185,-22.099990844726562
-4.813871520282443,-15.831031799316406
-11.8973420493851,-15.587650299072266
-2.67676896274171,0.7944107055664062
-3.9331393974605526,6.886054992675781
8.756217929094177,-15.233125686645508
-29.2662792150344,-16.54058074951172
1.7249239205326918,-19.98651885986328
-6.686975812883663,-17.206939697265625
11.10272802991041,-7.833702087402344
-10.956818171714705,-23.24032211303711
-6.3500959185649,-25.57144546508789
0.6681105368389735,22.697952270507812
-12.500029270357295,-18.539268493652344
-2.591242863373206,-14.242210388183594
5.954690473588823,1.9549789428710938
-43.929359067237,-20.034160614013672
-17.4841411730512,-38.16167449951172
3.61441892535489,-7.8168182373046875
2.1112971208509976,-24.306398391723633
-41.8026500314277,-20.21904754638672
7.028135642932115,-18.469093322753906
8.463248256721428,-32.89649963378906
-13.037072413777096,-25.15142822265625
-1.6307504375632549,-17.77222442626953
-0.3284521577656807,-23.060653686523438
0.4685622181175212,-16.59111785888672
-5.316952415477393,-2.6944923400878906
4.584421564331302,-24.097375869750977
-20.3593816575191,-10.763591766357422
3.67041582610247,-24.460479736328125
2.204062447972561,-8.146305084228516
-4.666937653128132,-21.21942901611328
-12.3781694316975,-29.936439514160156
7.06923762363823,-16.039623260498047
-37.2883298194418,-18.85543441772461
6.442434166934048,-33.55022048950195
-12.2162083245621,-27.155860900878906
-20.3623076046531,-16.610431671142578
-5.45440876641342,-33.429195404052734
3.1416241584890576,-18.12487030029297
-4.96580172718434,-26.238554000854492
-37.4061766871973,-22.574893951416016
6.46185690649625,-33.28567123413086
0.5403453062071405,-18.993345260620117
8.656689402528613,-30.72809600830078
12.331931266595111,-8.703254699707031
2.75380173901167,-14.585845947265625
-2.8447496930443927,-27.885501861572266
0.0285872237409883,-9.556549072265625
-73.5286754265322,-6.580402374267578
7.285509446842615,-2.5843429565429688
6.72046542688671,-22.395626068115234
-6.19730890695259,0.2706451416015625
-16.4599719883519,-18.995559692382812
-10.288292260688207,16.34674072265625
-10.285920522724917,-13.201475143432617
-30.8171784242839,-17.24350357055664
-4.65691689928222,-22.172313690185547
-37.1716279374795,-10.307357788085938
-36.50577458359941,6.516334533691406
0.7942566624333496,-24.130268096923828
-34.8552692363716,11.99972915649414
-2.491707941339629,6.969879150390625
1.7387039934851498,10.810199737548828
18.9715733525152,20.236465454101562
-13.8996269060666,1.3383407592773438
4.17561229224804,12.361934661865234
4.7680640763497,6.6700592041015625
-6.745372906074374,9.805965423583984
7.262818938793504,11.43178939819336
-55.7541546140486,0.34694671630859375
8.453421074249384,0.6896324157714844
-5.85807143580148,1.6824798583984375
-52.7336020518746,-7.5705718994140625
-1.995826789875676,10.802633285522461
-1.3326443092463092,1.7424507141113281
5.029017096161708,-1.0080146789550781
-0.71117494174041,2.6709671020507812
8.243548509216069,3.4144973754882812
5.81602235619721,2.9486732482910156
5.978124919049687,-11.67471694946289
-2.8859593337581737,28.030405044555664
-26.0047332498617,0.8555870056152344
-1.5220929784942658,-4.9165191650390625
-3.195242757261453,-5.39190673828125
-15.0089303719363,9.73916244506836
-1.757118944268968,-15.606159210205078
-13.5091075877696,9.555191040039062
-4.0681667574955,0.5350189208984375
4.43276114617859,-6.098842620849609
-4.665207913971671,-9.930191040039062
7.33919324558513,16.41790771484375
-11.69780882660921,3.0346031188964844
5.960801203295765,-0.011692047119140625
-29.9162730471743,7.103187561035156
-5.331847529263395,-3.9521560668945312
4.2006804390709,11.517313003540039
4.76541245752904,1.0462532043457031
5.87221574658101,-1.6395339965820312
-12.955988512618,15.086357116699219
-14.4061745570978,-13.361377716064453
13.644333664082708,14.100902557373047
7.522446474796843,4.618865966796875
2.858782897786812,-0.8653297424316406
-49.8653288018085,-16.565231323242188
-4.029904705212941,0.12308120727539062
-6.2026319104393295,3.7284812927246094
4.452168509343501,11.535144805908203
-16.475900892606802,28.590866088867188
-11.03094492075089,-0.0288238525390625
-8.08045020128908,25.028024673461914
1.39259946716825,0.9394798278808594
-14.885807229381896,8.171772003173828
-11.113180908425988,3.6622085571289062
5.506094216928792,2.485668182373047
5.29091659278858,7.123271942138672
3.42106467876526,-4.879356384277344
5.162821279449693,-11.306991577148438
6.020551076354931,11.891151428222656
0.8086942897832163,2.5682525634765625
-8.80546181278599,-7.9792327880859375
-7.42349600405968,7.614835739135742
-14.4731176558811,2.8902931213378906
-35.5448186771701,-27.755531311035156
-1.657597602265355,-27.662826538085938
-1.930224441335125,-23.710866928100586
-10.398648228661925,-20.029756546020508
-1.6521884315998507,-31.99264907836914
1.3131129859732091,-5.573760986328125
-0.1240821746904601,-17.25787353515625
-35.1709788883515,-40.4773063659668
0.6771989561182002,-11.063953399658203
-5.8677981963370005,-37.661598205566406
0.7982616963508231,-18.016891479492188
2.595279020812243,-25.876008987426758
6.9472187772133225,4.508205413818359
-41.1395198834054,-25.48662567138672
-35.4604736838065,-27.617042541503906
7.87379173269718,8.685388565063477
-8.72128086410909,-28.715267181396484
-82.13826531723697,-18.61477279663086
-9.70693692529289,-22.967689514160156
-61.4386715672369,-27.46435546875
7.10938257895085,-19.22777557373047
0.4007388327427847,-5.6182403564453125
-0.7455370396145937,-23.770000457763672
1.674966057420845,-4.456089019775391
11.877856996640997,-10.530689239501953
-0.9096556467231308,0.8519802093505859
-1.4680391508473674,-17.982006072998047
15.6414782015599,-26.91445541381836
-10.35739215730591,9.904363632202148
1.926107182225645,-18.64989471435547
6.99756701325662,-12.472503662109375
3.54836143321337,-15.307636260986328
-7.726553411266567,-21.499849319458008
-48.51478094223695,-33.083065032958984
-3.0453156276270903,-35.27477264404297
-3.454798154796729,-16.748241424560547
9.503977484174175,-15.122478485107422
6.001532732018722,-21.246723175048828
1.775572054007981,-19.571014404296875
-2.6871577689602653,-17.67284393310547
-7.920344649869953,-20.990222930908203
2.578081311550471,-6.635951995849609
-14.434457477598505,-24.248517990112305
-1.338045882914232,-21.38152313232422
-44.1817825469333,-29.180007934570312
2.4314234692194163,-25.188392639160156
-2.35314836228574,-17.823787689208984
-2.07036107592124,-34.0604133605957
-6.560167066336443,-18.725032806396484
-2.54688332955635,-27.19888687133789
-7.940842049461227,-27.73448944091797
-7.789052707582185,2.8292198181152344
-1.4295761119406232,-16.7451171875
7.206977941743588,-16.908702850341797
-4.081394009803599,7.284580230712891
-30.167243616457,-15.845897674560547
11.7225687296843,-34.78361892700195
-0.8984319813221007,4.42210578918457
10.349523074958825,-8.015094757080078
5.42147270471237,-31.795101165771484
-0.3136273830120112,-14.535408020019531
4.398848813602776,-16.994338989257812
2.099307195887115,-10.201316833496094
-61.6890402284636,1.2936859130859375
-7.08434802004719,3.0286788940429688
0.6962467393230812,-4.908069610595703
9.0758909366509,25.471492767333984
-1.9263965715605047,10.507061004638672
-6.262949496708321,2.98797607421875
-4.739766082030863,10.75390625
-36.8822022827233,0.2901496887207031
3.24770439300306,5.286293029785156
-2.289513933263135,8.15047836303711
1.41805545618482,4.542629241943359
-24.4432878855492,2.5048789978027344
-24.96156751119129,13.848514556884766
-7.734574598544068,17.44243812561035
2.79124989437018,3.032756805419922
-5.17831154550348,5.4820556640625
1.5275640312561216,-12.307367324829102
3.682989905065457,9.060829162597656
-10.8237586662752,-1.4178485870361328
-6.929951553081727,3.6522750854492188
-27.96215708599589,-4.173641204833984
-2.88087637063392,17.38445281982422
-5.960419628776203,-10.281723022460938
-37.189874708633695,8.955055236816406
1.1496085756031087,16.523685455322266
-12.7137936794919,-3.8767356872558594
8.398744223780918,3.0748443603515625
-33.3004252633332,-6.223995208740234
9.144089281431205,16.638587951660156
4.065326821312747,1.7938232421875
-41.9047429025821,-13.031957626342773
7.383552345763623,0.6227302551269531
6.364261125349779,8.105541229248047
4.841793570156368,4.827705383300781
1.6198341998494314,9.447166442871094
4.179707781567577,6.3578643798828125
-14.7229944429405,1.3479576110839844
7.078924552126015,12.854324340820312
-12.898019313824,-5.944175720214844
-70.8116033690518,-2.7724342346191406
12.7359625054994,5.331169128417969
5.586124430090477,8.419586181640625
3.028467183462371,-17.610618591308594
-5.830142578087577,-3.1945877075195312
-22.6841489367301,0.409271240234375
-1.51657819068512,6.858104705810547
-81.52648016021857,15.187191009521484
-3.36903782007548,11.60525131225586
-18.707844022,7.491458892822266
-34.48768519828235,2.626018524169922
-39.7169735486916,-2.111907958984375
-1.593720937577549,-1.4754581451416016
-23.2954444871652,1.4583663940429688
-45.30258920076982,-9.840587615966797
12.5056328567953,14.466690063476562
-11.9299972333177,-5.1353607177734375
-37.9495035857927,22.487926483154297
0.7001962140772594,0.5793380737304688
4.49418879319923,13.349172592163086
-39.0646563811545,-4.36114501953125
-9.09730633851708,14.6409912109375
-17.5589533745204,-10.319768905639648
-4.92782811871599,12.21884536743164
-8.2299173561342,2.3923263549804688
2.60625970962018,-1.8480720520019531
2.726862934921635,-14.558921813964844
4.071661498679735,-33.98828125
-13.2494383747796,-27.935680389404297
-11.9154244975033,-13.282318115234375
0.9090871567987184,-27.459300994873047
7.92708077877978,-11.145767211914062
-3.119647295186995,-17.036754608154297
-2.248378586620203,-32.008148193359375
1.6646916021852596,-16.385475158691406
0.1590569364430157,-14.664237976074219
-77.3623903172369,-23.961135864257812
15.8859560938761,-6.519832611083984
-3.11888044241469,-22.758934020996094
-2.7468186065138984,-19.19775390625
2.77922195660905,-25.74718475341797
4.052279150357491,-26.830097198486328
-4.03806373695381,-15.707958221435547
-2.4461467814868523,-14.695976257324219
-0.1639564470097907,-16.759719848632812
0.8542168432631491,-21.609725952148438
5.84905996845087,-17.542736053466797
-5.77665564868809,-13.666679382324219
-3.7008288999313423,-1.9160728454589844
-7.18713065449027,-18.25176239013672
-0.9529303605806088,-10.652099609375
-15.902118442879,-25.39170265197754
-28.0636361890057,-18.249855041503906
-26.912205886836706,-19.89852523803711
8.596988309863011,-11.159858703613281
0.2877587512502297,-16.034408569335938
3.3899996482015826,-16.038482666015625
-20.5869014386951,-22.928110122680664
-9.341800010912078,-4.199274063110352
0.1692077246922899,-12.129890441894531
-1.857666460494741,-9.626609802246094
-13.2752747780792,-27.27229881286621
0.7445982178878973,-22.106121063232422
4.49646859469848,-8.964691162109375
3.60913262992784,-27.40158462524414
-5.653435188749545,-10.9720458984375
1.51502173443586,-19.711406707763672
8.143116180793372,-8.305198669433594
-8.36164856265281,-19.498138427734375
-1.130678948105339,-20.523143768310547
-4.349210006555943,-12.50872802734375
0.2594141505344826,-21.812408447265625
-32.1283374054069,-25.98899269104004
-1.9051378030600723,-14.716938018798828
4.768047800449637,-26.775205612182617
2.264898495983479,-16.960506439208984
-6.47138721063866,-0.6444244384765625
4.93167956005568,-9.960060119628906
2.4851768276660025,-16.757770538330078
-3.930469946192945,-18.54476547241211
11.923948375295712,-5.98388671875
11.616605850275496,-33.47457504272461
10.41580460128629,-5.344676971435547
-8.700462669667385,-24.727035522460938
13.1991243046288,-9.878692626953125
-4.75101729862813,-16.406208038330078
-1.4230966237807086,-14.378883361816406
-2.07861348348741,-22.273059844970703
10.292368565007404,-11.48324203491211
1.9007667723773176,10.734169006347656
17.1612744381531,-13.346111297607422
-0.1428452494230792,3.004802703857422
2.4933992323843923,10.520317077636719
-13.861300672159,-3.1081104278564453
-1.7943154401891548,3.1981658935546875
-4.15624175439773,3.031951904296875
-14.277645616907492,-3.0122833251953125
2.713132201978397,-7.996845245361328
-13.315456279797685,11.210491180419922
-5.36204355968609,-5.3313140869140625
-1.4872271509121793,4.493770599365234
0.31232235517322,-1.9827919006347656
3.0307168501552093,-9.71322250366211
3.4484762474106,-15.046510696411133
-34.0729170807354,3.5983352661132812
-25.0659802428987,13.138404846191406
0.86771933446589,22.47229766845703
-11.996919710325,5.459857940673828
17.2594267615487,6.635959625244141
-56.2560888739038,-10.927421569824219
-12.7386491421071,0.0391082763671875
-3.520787796436005,3.4613914489746094
-0.8014467498558491,-0.5604019165039062
-34.7812340468876,5.624076843261719
7.158235365631607,3.2842979431152344
3.29681579894721,17.802093505859375
0.046018285265003,2.8513641357421875
2.046344769010002,-4.1235504150390625
4.25403099118957,20.413658142089844
3.7804230286959792,-2.1989822387695312
-3.773219093074008,1.2942543029785156
-9.722403045722997,15.068351745605469
2.81101468536903,11.305091857910156
-23.7494411406013,8.331443786621094
-75.56229656723696,0.9204597473144531
4.366245372711767,3.2013511657714844
9.94612085382829,11.98516845703125
-8.207132148775708,-11.345659255981445
-3.09775596823669,-12.056425094604492
3.77256113899207,4.027080535888672
0.2016574678685985,-0.16492462158203125
4.38808277416547,11.09805679321289
3.7092867134231,10.98806381225586
1.6740112862957208,-3.754047393798828
-5.472376660417956,20.31568145751953
12.283123760680592,8.46792984008789
4.417989059347175,6.681365966796875
1.907333647224608,15.536918640136719
-3.73521146317182,-2.0032806396484375
7.837521570550837,5.8609619140625
4.82455755953161,1.4770240783691406
-0.6472060937938101,8.814830780029297
-8.237956686764985,-8.75638198852539
7.36579899286375,6.636165618896484
7.859716520666763,33.1848258972168
2.765011277030255,0.48654937744140625
4.62415639298937,17.57471466064453
6.430237727930085,2.5959243774414062
2.44728958086436,0.3109779357910156
-1.93656353174353,10.842597961425781
-33.7845903951132,1.7330818176269531
10.960301672714698,13.4859619140625
6.147225205740463,-11.565414428710938
2.4659746492236927,-19.432254791259766
18.2642273209106,-14.989627838134766
7.656482330373112,11.569995880126953
-63.2346715672369,-24.444753646850586
-22.9610154952969,-44.688045501708984
4.39789099231211,-25.935274124145508
-46.587141393021525,-21.686195373535156
-12.281506448986304,-14.080516815185547
5.220668557811489,-14.163379669189453
-1.4412632820262703,-20.306663513183594
-35.163016426576704,-7.871746063232422
-31.380009974583203,-31.40165901184082
-2.6184282494780104,-20.169036865234375
-37.3999740396079,-24.13595199584961
-10.594900847222812,-40.92245101928711
-23.227454082363305,-11.316524505615234
-15.4814292943448,-16.838573455810547
-6.89310310865277,-25.519962310791016
-11.7962452523223,-19.604515075683594
-0.3887710448227697,-34.476524353027344
-4.0896099478500325,-10.09619140625
-42.6579269422049,-33.83068084716797
-2.095241650043551,-27.312253952026367
8.45389840526827,-8.204980850219727
-15.5157954828953,-18.657041549682617
-1.9802660997523944,-21.344219207763672
1.8368511005450223,-4.0760498046875
2.11900133622217,-14.208732604980469
-38.4962238749225,-4.724327087402344
0.8069046214032297,-14.754528045654297
-1.73607437190069,-39.24800491333008
-8.46093254820262,-15.967910766601562
-0.0780407432645869,18.5588436126709
5.009535132419683,-16.662399291992188
-74.9399761386801,-25.18132781982422
2.806732553915905,-21.458511352539062
-10.415057364934407,-14.699951171875
-4.81834176383161,-2.3877525329589844
-1.4920816076829602,-16.077056884765625
-0.003939288658445,-9.037185668945312
5.86288473591452,-20.492340087890625
0.4443344011282492,-18.102352142333984
5.72263802046558,-20.404808044433594
5.46583466116103,-19.876781463623047
5.05355462238675,-28.165422439575195
-17.190033530139498,-13.957698822021484
-10.1192188918475,-31.398033142089844
-10.539071528779305,-24.14771270751953
0.2492257167476033,-3.7129974365234375
5.35198813185094,-17.054473876953125
14.9823899147147,-6.860107421875
1.7336328627834918,-24.121137619018555
3.2582764286422226,22.3551082611084
1.1615369027166365,-21.850749969482422
-42.4099588259267,-32.39379119873047
-38.7823663998969,-20.267955780029297
7.99575647038201,-20.154373168945312
11.644495901203598,-16.22107696533203
-39.0956747424042,-13.418479919433594
-38.6438610292767,-25.782196044921875
-40.5029244010595,-19.57839584350586
-22.8644313188967,-31.13908576965332
-0.897066728281827,-21.861276626586914
-17.6830733389949,-25.940513610839844
-0.0084306638066775,-3.3815879821777344
0.5394390329931549,6.277454376220703
-21.61387508166409,-14.0008544921875
5.053393098685065,-6.964628219604492
-15.7834934865799,-3.586933135986328
-58.40351531723695,-5.955936431884766
8.86280218600469,11.242362976074219
1.888243484494037,8.56253433227539
8.99923705482913,8.960988998413086
4.133325903305868,47.7282829284668
4.774357664359128,9.012332916259766
7.418770080750715,1.5249824523925781
-2.25262466719878,11.70556640625
-7.071587649042333,-1.9032440185546875
4.398742241377427,8.187347412109375
-8.692928400841772,11.276161193847656
2.334382802629,0.8238677978515625
2.8274240704709,5.1028289794921875
2.1747311895065486,8.414104461669922
-11.9965988914421,6.355869293212891
2.776867734737273,-3.667327880859375
-12.4595255596924,8.898773193359375
18.5317724911246,9.323593139648438
6.86106163750481,-0.7851409912109375
-19.1693792779686,4.070438385009766
-4.20883890972707,5.517768859863281
-0.3530077955256401,10.112361907958984
-1.6020246929696491,4.051357269287109
-7.57557880794988,-2.695697784423828
13.9692836454661,7.36505126953125
1.289294757415069,-2.65618896484375
-20.3746494688195,-9.05410385131836
-8.044482691931467,1.1707763671875
2.51340467963473,6.879734039306641
11.0282847349576,6.087306976318359
-1.3944922949507652,13.078426361083984
-26.2706781913698,-1.6494274139404297
-71.7765711158932,-8.571922302246094
-44.2857422252861,9.653421401977539
-3.057699221935841,-2.4443130493164062
10.116767222520318,9.767269134521484
-46.9980356488569,3.1684494018554688
-8.677497573270493,10.754180908203125
-25.781275563237,3.3902549743652344
-2.941164138388841,-2.7325820922851562
-26.5692742661385,-4.248802185058594
1.2555345380058751,5.652805328369141
-0.810306898238276,-7.368473052978516
0.2404076931068699,7.637691497802734
-2.5590885431480426,-20.591838836669922
-11.9846830308257,-4.770450592041016
-5.775806690181939,6.010311126708984
1.9806048133258944,2.3184814453125
16.618750626525,7.3950958251953125
8.204494762209066,23.469833374023438
6.80321923705408,9.214458465576172
11.710679650337616,4.245292663574219
3.181253849239128,0.26929473876953125
0.90894434552881,1.6500167846679688
3.547124544521316,-3.4067611694335938
-2.202886656443709,-3.6729507446289062
-11.133669865203094,4.142345428466797
9.328533024448705,7.1397705078125
-0.7012610501602399,7.467742919921875
-0.3170472839931941,-26.776615142822266
-2.3458288386735573,-23.30760955810547
-26.1191329979098,-28.033660888671875
-2.33292598982445,-11.925346374511719
2.461922216333884,-11.727325439453125
3.73205068567752,-12.505172729492188
-22.4462583852743,-5.430137634277344
16.899113604615202,-11.302494049072266
-2.85382252753121,-13.143829345703125
1.2705701336207027,5.051273345947266
7.960789166364423,-10.304244995117188
2.71808902854303,-16.174808502197266
5.5273920092716775,-29.119850158691406
-4.11149235653684,-17.979393005371094
-20.9676231329802,-16.717111587524414
-0.89184437235696,-22.425437927246094
-1.2816619609782416,-23.754840850830078
4.85634828411675,-30.99854278564453
6.429854346358795,-16.89502716064453
4.71112087372323,-7.710453033447266
-30.7199022255615,-19.90982437133789
-3.8590388668775,-30.365617752075195
-10.6557437737239,4.022039413452148
-13.4460672849668,-26.430713653564453
-5.527709296795018,-19.379432678222656
-1.876637029070265,-19.660430908203125
10.2532613363299,-12.854446411132812
3.00680128293027,-27.99740982055664
19.33685959748449,-23.263126373291016
-0.1058882282985149,-25.47933578491211
14.3436638764016,-9.665855407714844
-16.1535771788668,-15.936195373535156
0.9480162028997956,-8.906913757324219
-18.5891767455387,-23.568979263305664
13.309934514349203,-11.024253845214844
6.02246857213521,-15.585456848144531
5.16750826555368,-26.374034881591797
-1.0190872666435924,-24.857059478759766
-19.100904418149,-20.91317367553711
4.743603615290096,-26.589614868164062
-13.8157551615103,-20.055444717407227
-3.802611775309477,-16.11492919921875
4.30511943579503,-2.3427391052246094
-22.482844278002705,-20.869325637817383
0.60779733849738,-16.482131958007812
17.8138573048897,-26.409130096435547
-38.4626262988146,-31.099239349365234
-0.6089836493556324,-26.894439697265625
0.8617451361473882,-24.312408447265625
-2.40000424902785,-11.861007690429688
3.7078671714499096,-16.70349884033203
-2.390619984667185,-22.329601287841797
-15.559462368784592,-20.82707977294922
-13.790764753514,-20.32181167602539
-9.325981865786185,-18.476764678955078
-58.4491138315396,-36.731910705566406
9.550892694239591,-13.045101165771484
4.435147085081137,-16.177528381347656
-2.3538192484503564,-22.703908920288086
-5.83438093189622,-6.799018859863281
-7.10827059552493,-22.6575927734375
-12.414939844598162,-18.596576690673828
6.6154810826822,-16.353984832763672
1.3155747227446202,-31.363059997558594
-2.56542276271332,-5.938848495483398
-13.546032832554804,6.249961853027344
-16.600339428286603,3.7765464782714844
2.9737175212081803,-4.434944152832031
6.167862854629888,-2.0908660888671875
-40.922076323723,-0.7969741821289062
16.9349100756105,9.983543395996094
-12.24911226903676,4.363094329833984
4.867927463076468,-2.054779052734375
-21.6327950573002,-17.73434829711914
7.11033993521173,5.3663787841796875
-9.59094984812801,5.796825408935547
4.92186081619874,2.005573272705078
-7.815562497274902,1.2663917541503906
-2.20364176327536,26.47247314453125
-19.6754058911438,4.977546691894531
-91.8886792382854,7.0556488037109375
-20.9507978903398,4.5660247802734375
-17.8084408175675,-0.6442985534667969
-62.9612541332419,3.2656517028808594
5.598134989920393,11.344879150390625
-7.283890318199592,-2.1506118774414062
6.1026124307435,9.21823501586914
7.42840635595139,16.51349639892578
-5.179391847578812,4.29180908203125
-4.873152982370568,3.8073196411132812
7.276768036701751,12.356685638427734
-10.739322929783883,7.019401550292969
-22.9219832537164,-4.372001647949219
1.5259403537211615,12.079465866088867
-44.7886924625105,-2.4209556579589844
-3.72583443525641,12.284496307373047
-14.57002364123529,-14.925918579101562
-10.128266274366498,-8.632545471191406
-28.0249952668106,3.3374977111816406
-26.24662901330595,-7.491783142089844
-40.3645652505015,16.35951042175293
-30.8056950922951,2.3443756103515625
-3.9552380984537248,0.97613525390625
-2.1789667599796294,-2.5380516052246094
-0.5734820606807138,7.305599212646484
-1.1617148968623687,-6.058673858642578
3.42848617073407,2.636486053466797
-17.4030551064212,6.657733917236328
3.88109013796494,8.119056701660156
9.400493271217616,13.439224243164062
-11.302161927872188,-4.240501403808594
-13.3709137252944,-15.388187408447266
-6.79658968512302,6.410816192626953
4.509456424718162,10.910514831542969
5.45103123545738,-1.6921958923339844
8.149714042401495,0.8792839050292969
-12.909180343140196,9.41958999633789
-6.61979034735207,5.757198333740234
11.9978624338519,0.9256248474121094
-12.53254789251529,4.896717071533203
-8.36198121766124,-6.9310760498046875
-4.361976736345532,4.995662689208984
-0.1898191226144924,7.202365875244141
2.3166834950764685,3.5991859436035156
-12.6203596574975,6.380924224853516
-1.207429910073891,39.359519958496094
-29.7403775200217,-5.313804626464844
5.31082796058257,7.017913818359375
2.97844031586002,-15.47287368774414
-12.533050119535002,-21.00581932067871
-5.8684323426223,-30.274551391601562
2.391980620215489,-14.149730682373047
7.73570234615748,-16.87457275390625
1.166748445159433,-36.35173797607422
6.093529951556334,-26.54611587524414
17.709922444879297,-10.817420959472656
11.779516260068313,-13.086166381835938
2.4866177573815964,-20.475257873535156
-30.89708550466269,-25.57135009765625
-9.231606713935047,8.078775405883789
-13.4089268865456,-32.102203369140625
-9.06573754635488,-22.198261260986328
9.30630078585379,-12.930416107177734
-7.156550033865472,-26.42579460144043
-10.5414716495377,-21.382211685180664
-27.8178569354009,-20.647811889648438
5.3817717725564,-23.91685676574707
-35.155236696245,-28.592275619506836
-21.4141717786538,-20.822025299072266
-2.6053130644292946,-13.17025375366211
-9.953220777101093,-21.728721618652344
-8.798237091769485,-34.58106994628906
-27.6920167541674,-23.048053741455078
8.017093587799739,-6.896919250488281
-0.3550158381598589,-12.310134887695312
-1.19024715514191,-8.85300064086914
-3.2855896341823474,-22.258014678955078
1.844566842421384,-8.734931945800781
-30.7366736665872,-27.6502742767334
-11.338238855350506,-25.489646911621094
-1.059512617215007,2.839536666870117
-33.7712071062874,-20.863014221191406
3.812227003524945,-4.787883758544922
-2.8472026300298463,-20.806278228759766
-21.5871320482388,-12.312179565429688
1.845960760756301,-6.791282653808594
9.06213659212517,-14.322471618652344
-13.950148061363093,-11.23353385925293
-15.1006814359747,-29.957366943359375
-8.65496498210776,-23.731487274169922
-31.18852367408345,-15.130212783813477
2.35160533891099,-21.502792358398438
-7.06329362397977,-7.490747451782227
-11.299328727708405,-19.351001739501953
-5.73967918172164,-10.867382049560547
-4.062121175440552,-24.96151351928711
3.62056380925444,-11.676403045654297
-6.512385872303066,-34.71072769165039
-17.2817979072755,-9.783790588378906
5.79128728304933,1.5533828735351562
3.7921116228684086,-21.20114517211914
0.51700222845629,-11.316864013671875
1.0966146270020711,2.5120105743408203
-6.613686761665703,-30.060161590576172
-39.873530292237,-36.43330764770508
-35.0272315856836,-30.16191864013672
0.2475632146873464,-15.292503356933594
5.59963570142504,-21.997737884521484
5.29419053806362,-21.098838806152344
6.457932781589695,-14.629043579101562
6.4251548431743295,-15.314559936523438
-19.7885249955934,-15.62396240234375
-2.4097304318056905,3.7638587951660156
7.543407488617369,2.2597579956054688
1.83593808226401,2.56158447265625
-1.5082203021212124,9.186088562011719
5.99108205682079,7.735099792480469
-18.1797235112709,3.1465072631835938
-12.840088322870097,2.110301971435547
-2.23616712442702,-0.131591796875
-4.662511414401839,-5.193363189697266
3.41802282280863,21.432872772216797
-12.0320822507053,13.62088394165039
-25.9801803981754,5.732902526855469
-5.97419023328963,9.695545196533203
15.4186986077963,-7.058895111083984
4.480465220149085,2.529644012451172
-13.2363849677504,5.452587127685547
-9.362863686069195,-18.093379974365234
4.128157012788561,-17.432950973510742
2.26767773086615,0.8881072998046875
-24.1634597090208,-2.224456787109375
10.013204486477417,1.0011634826660156
-31.934070451053,-5.326169967651367
-22.9515728231767,9.070686340332031
-11.219410776078313,14.468273162841797
6.00089213826483,4.49444580078125
-28.9638748432599,0.6747283935546875
3.11049964318654,9.383872985839844
-1.073248118887358,-0.6417694091796875
-10.249148139079496,11.265316009521484
-13.14009076535719,2.5665206909179688
0.7364260970712593,6.455966949462891
-44.9949251983702,7.013683319091797
-5.159519294761907,4.448627471923828
1.869241020829697,-6.907722473144531
-55.54568697318505,-2.1743431091308594
0.3065104335081801,7.623817443847656
-10.386374558578522,3.4149246215820312
-3.0345245902191325,-7.586542129516602
-57.144820014625296,4.2730712890625
2.85060083445348,3.5671348571777344
2.446050707651698,-0.20623779296875
5.50221601830175,3.8595199584960938
3.455876052191651,0.7872657775878906
-14.6157572128631,4.919605255126953
-0.874105623616695,22.58499526977539
-1.378759213278819,10.637615203857422
1.350733135180331,31.917011260986328
-1.94666134980912,8.859363555908203
-3.36735139960915,3.0879287719726562
0.8319171014720902,0.24465179443359375
-40.2101205720394,-1.2313270568847656
-24.577379709126298,-21.62551498413086
-18.6292132467089,2.0598011016845703
-46.39510994896701,0.4645729064941406
-2.487076105276776,1.096853256225586
-4.752960817423343,-10.27767562866211
-0.1160299782726794,17.53692626953125
-18.5277286275242,3.769542694091797
-14.1325019191809,7.861917495727539
10.909208084253878,-0.6370124816894531
1.30779520720034,12.148979187011719
-5.77436797253085,2.08624267578125
3.986867952152618,10.221443176269531
-21.7936206120663,-12.878868103027344
-2.643556292002,-29.807567596435547
11.0853991753379,-14.674405097961426
-12.9397422629832,-15.723461151123047
-0.190891674386513,4.065818786621094
-6.32558602127377,-22.054439544677734
5.391699208755202,-11.804988861083984
-8.998840630677615,-19.253204345703125
-1.6005087696864486,-20.584190368652344
7.5482379424635875,-8.312641143798828
-7.642910278690365,-7.701671600341797
3.719171936095444,-14.374458312988281
-0.8981307679622897,-9.686996459960938
7.06032809637297,-12.538955688476562
-3.134999611446543,-8.752685546875
-5.94174589421185,-5.568382263183594
-17.7883076547542,-16.958885192871094
-25.2381267145584,-17.43695831298828
-27.5445722402187,-27.552562713623047
2.6678241356197647,-30.81667137145996
5.02066543392875,-37.70097351074219
-1.67197513843126,-17.770347595214844
6.58117049992555,-12.628681182861328
3.12612254618191,-20.68148422241211
-2.1147225087047508,-13.336517333984375
-76.9668504799361,-17.64654541015625
10.11870938841209,-9.288753509521484
4.755697845162629,-1.1240158081054688
16.5479703149859,-10.642322540283203
4.001938538520379,-22.683528900146484
-14.1813773041305,-18.642475128173828
0.7709161631446207,-18.177963256835938
-24.2508933717269,-17.634841918945312
-22.3071231538392,-19.152172088623047
7.2595381633228,-10.336164474487305
11.555346181601609,-12.893009185791016
-26.258782255785,-14.865013122558594
10.3189652047012,-11.989131927490234
0.809697096857583,-13.431015014648438
-18.5255095356289,-31.315811157226562
-1.0680791130593923,-15.79476547241211
-3.5390830989045075,-20.03118133544922
10.468583156479704,-11.551673889160156
-10.613183176373598,-20.57260513305664
-6.40442742836347,-14.777822494506836
7.196532980977684,3.4219512939453125
-10.586292641023492,-18.272546768188477
-26.79502671025515,-13.056655883789062
-7.187555808667961,-17.699556350708008
5.4465900456679694,-16.181869506835938
3.1988276731025875,-28.23049545288086
7.827394642815597,-9.130695343017578
3.887422638441485,-10.240589141845703
-3.41466344580097,-18.82018280029297
2.667044757168528,-13.623807907104492
1.0590749185315824,-17.84609603881836
-3.9965921287470247,-16.4188232421875
10.982614675109394,-16.240924835205078
0.4076170529080399,-29.246395111083984
2.71319811317338,-21.718433380126953
8.652061852316729,-13.363018035888672
-0.6579761516790089,-34.1805419921875
-51.6773231694491,-30.35488510131836
-2.8325461302865187,-8.16250991821289
2.12749125232924,-33.740570068359375
3.562549470771905,6.225065231323242
-16.517773128145326,1.7604560852050781
6.874655354673765,-15.580680847167969
0.2047767843086013,3.377124786376953
-2.698758931910008,3.2410125732421875
1.8601156760560384,10.541389465332031
-22.2455703021075,0.8322715759277344
2.4288820651169605,22.80074119567871
-16.8307740899425,8.495174407958984
20.7191486697607,10.473640441894531
-30.7261055182573,3.1730918884277344
-38.4849400567448,10.260795593261719
-14.3103126367969,2.633831024169922
0.7860328468455551,7.304664611816406
-48.3858044800915,4.261375427246094
-3.21662088766757,10.907569885253906
1.675245639565673,13.267921447753906
-90.3299705619704,4.186622619628906
-9.28527551691871,8.388206481933594
-1.2293411329062325,4.21380615234375
-4.534682244798708,6.230113983154297
-68.1959205924323,-14.830558776855469
-24.5242345195019,-7.646617889404297
-2.77042962989298,6.170932769775391
3.8009101564042025,7.794822692871094
8.933703319425492,10.844680786132812
-11.341527235964405,4.046028137207031
6.71098989067457,17.240798950195312
4.54734483862441,5.562801361083984
-5.16341129781556,0.2515716552734375
-49.062306315025,6.906913757324219
5.26551760771767,20.840476989746094
3.33951124606136,11.497909545898438
5.006519903780723,15.681991577148438
4.05485944970297,11.47573471069336
2.283405953189745,26.80699920654297
-2.66483863280114,-8.989429473876953
12.566471603210276,13.673534393310547
-27.9020155354992,1.2090225219726562
8.88265541550952,3.6508331298828125
0.1652887870268324,1.2574882507324219
15.4985727759109,-11.757465362548828
9.014890317831036,7.928436279296875
1.4803529144374856,7.298896789550781
18.1939100849816,-11.617259979248047
-2.6304973605131474,15.91708755493164
-5.493763326806099,4.6837921142578125
-0.6715208179901364,11.621681213378906
-36.7383193130824,-15.515607833862305
5.062784719364307,11.32992935180664
-12.026803679110706,-6.0814208984375
-3.01321716593974,2.22900390625
8.35813394800668,4.481117248535156
-3.60075442831331,6.846887588500977
-9.509135784465323,18.128604888916016
-19.6175855102284,-2.3512840270996094
-27.8629509568953,-2.248167037963867
1.74273211890989,1.2018928527832031
-2.19578977406709,10.129669189453125
2.42002639701588,11.784717559814453
-25.55316918036869,7.467010498046875
5.635020609606415,9.545770645141602
-34.727836669101,-14.344036102294922
4.4516036428765,-9.85689926147461
4.967381413305823,-15.917486190795898
-6.81516141534704,-14.880523681640625
-24.3954295810688,-19.847972869873047
8.658679095048068,-7.9508056640625
3.7347243087796,-11.569564819335938
-12.909633143366396,-22.566909790039062
-60.49569009623433,-15.947200775146484
-3.790702882666694,-7.8607330322265625
-12.41068356063,-14.868894577026367
2.76740193393285,-9.57504653930664
-18.9061714872788,-4.590625762939453
-3.681083449701528,-34.144840240478516
8.13893448615947,-11.302440643310547
-51.402683514636095,-23.302833557128906
-3.0703466753296,-6.308942794799805
0.4646043967887734,-24.281818389892578
5.989492839405608,-25.581857681274414
8.833837192566008,-7.309856414794922
-26.1965705632023,-30.69404411315918
0.0804428699766095,-23.866355895996094
10.229168329440906,-18.473918914794922
2.12042655289975,-23.27567481994629
3.88810032819938,-16.704334259033203
-31.515616413872173,-18.02136993408203
2.28163515100639,-30.912700653076172
-9.633163292669298,-27.26371955871582
2.63206586722876,-9.423255920410156
0.3189015990893598,-21.664093017578125
-6.31868596379813,-13.906063079833984
-6.4648984000359935,-29.17017364501953
8.91646092056966,-14.902641296386719
-42.637521131086125,-26.973791122436523
-89.5439156156453,-17.694503784179688
9.179556151687803,-18.81543731689453
8.754663680824095,-12.74221420288086
0.8838679103249854,-19.044414520263672
4.338369925074482,-16.401222229003906
-18.23432595343749,-32.28700256347656
6.92534745147092,-20.076330184936523
-1.768261666543676,-25.319686889648438
-7.87226820943855,-22.45056915283203
-12.0847368637308,-21.615205764770508
-4.4222229386498375,-18.02985382080078
6.63109301847755,-6.721168518066406
1.675381804264854,-24.258834838867188
-6.897600670415837,-12.153099060058594
-12.2774867069717,-26.150009155273438
-3.963646539183849,-5.377811431884766
-2.552277046947741,-22.08403778076172
-10.78700495517378,-37.58230972290039
-6.426376983867103,-24.768707275390625
8.2142562177934,-11.9697265625
-16.967828162594074,-16.370590209960938
6.07843040491799,-18.23370361328125
3.08443697315444,-9.874044418334961
-1.3811964732242277,-21.97588348388672
-4.51305804704249,-13.753150939941406
-9.93375477053989,-22.023391723632812
-0.6581754288220045,-17.859241485595703
-7.952166005584182,-23.85394287109375
-13.563015982384195,-16.947771072387695
-47.9957157156951,-14.279891967773438
4.96190002222477,-14.754535675048828
-2.0240269290899,-9.573226928710938
3.47166270740147,9.392597198486328
-5.2815921348029296,4.822742462158203
2.369358494612781,2.111328125
-4.214346026907057,0.5315704345703125
-23.8934551543691,-10.63949203491211
-1.0659561461183158,-10.708995819091797
3.126169348435272,-0.0885009765625
2.35164464781062,14.41546630859375
-1.79502295092813,13.13232421875
-15.957982665262508,-2.1473045349121094
-64.65676531723692,2.5586166381835938
-27.8195558011628,2.8521270751953125
-10.480511156242285,-1.2096061706542969
-6.18357684414468,-2.932659149169922
-6.75960002722117,-2.6990890502929688
4.4105627388370605,4.058399200439453
5.58846482112586,14.57945442199707
-16.8483709423333,4.4830169677734375
16.1850033157246,11.358959197998047
-3.34531377329845,-5.273532867431641
5.893700156574014,-11.822341918945312
2.745769909533195,-11.769527435302734
2.53362859007723,0.8478851318359375
1.0880788430276551,-0.3160896301269531
