Score,Pred Score
-13.812973987503693,2.3195414543151855
-14.6311710829416,-24.012012481689453
-15.020937907067507,-15.53132438659668
5.61896917638109,1.7105541229248047
0.1461877509898399,-2.6323766708374023
3.59745169898486,1.9984862804412842
-6.72144892291601,-8.873709678649902
4.304204520484877,3.6876373291015625
3.37898618824583,6.36799430847168
3.939818822274421,6.585680961608887
13.9953943577381,25.13216781616211
-5.39913759737588,-5.652920722961426
-2.204579993178592,6.379247665405273
8.829561804598438,10.792745590209961
6.01696699102072,7.453815460205078
-6.376202369524528,-5.474151611328125
-6.50906463316165,-5.174022674560547
-60.92137282626391,-17.723533630371094
1.99934019108803,0.28783226013183594
2.188685633501576,9.257353782653809
4.07090957771029,-0.19585037231445312
0.5211206139658471,-4.952260971069336
12.5580583918003,5.654245376586914
3.320229681965675,-7.932025909423828
-0.4381862293696001,1.5355072021484375
0.1752112379752922,-0.09432506561279297
4.123908949931413,4.5074005126953125
-14.2382866820043,3.3124895095825195
12.966325580978296,9.885610580444336
7.692941411907634,-7.424946308135986
-62.9031214125763,-32.570884704589844
-5.800670766453999,-11.16650676727295
-11.705366535732304,-6.905264854431152
-4.786538605318405,-8.858133316040039
-82.4887013651952,-31.193618774414062
-8.251107402184557,-7.568418502807617
1.61677665352485,-2.940427541732788
-11.916211326129387,-29.43379020690918
-45.634880019414,-24.316240310668945
-0.568998602339841,-6.491374969482422
-12.147399114840605,-8.490096092224121
-27.4476544011683,-30.64173698425293
-2.306526469902426,-0.19907569885253906
-0.4835459876036119,-6.337325096130371
-8.39479061793487,-13.85384750366211
-46.862925671502296,-23.52791404724121
0.3837795244341289,2.383753776550293
7.184930267876617,-3.0192337036132812
2.8348518495029404,-0.9647350311279297
-9.859535687586003,-1.8999080657958984
-6.00025755794808,-10.351168632507324
-4.764629840066975,-5.385488510131836
-2.377061578670744,0.6059474945068359
-2.0585753436264698,-2.566859245300293
1.1848602197973823,-2.3084030151367188
4.97603191479674,10.505233764648438
4.27399441028646,5.8205766677856445
-46.2372447228831,-28.215410232543945
-31.4759298257721,-13.363252639770508
-50.1674018945849,-24.511327743530273
0.9601515747159592,-3.495060920715332
-11.864177458483407,-8.074180603027344
-0.538262620928304,-8.749101638793945
-0.6920482116816997,-3.6921534538269043
-1.5184696160120892,-6.657975673675537
-3.0836644409391925,-17.528696060180664
11.316750179392892,-0.49425220489501953
-11.183106529127476,-4.183984756469727
3.59102041590596,4.953351974487305
4.55602013063716,7.055695533752441
11.579228393987275,3.6486105918884277
2.3067635611900137,-16.633148193359375
10.480393919522983,0.21295452117919922
-2.698100773809443,-12.047250747680664
3.776985072333982,-0.8683061599731445
-11.773766374328297,-4.843496322631836
8.681027307740193,1.8898191452026367
-1.1091988250418725,-15.566612243652344
4.484288991501213,-1.644317626953125
0.0548896546292299,1.05999755859375
0.1118559290339978,-14.612409591674805
3.9797293996962297,3.8700971603393555
-22.42608065327665,-22.782312393188477
7.37064384347005,-13.755073547363281
-0.2642143205483515,-9.272863388061523
5.344594984386832,-10.245216369628906
-1.2497809936708242,-12.209455490112305
13.71198107208239,-6.762570381164551
0.5045482395984724,-11.206047058105469
2.86709961553106,-5.4329023361206055
0.4423212163888063,2.2175655364990234
-3.724573545179619,2.1737112998962402
0.2570808252882703,-5.276708602905273
-70.65073406723695,-33.68833923339844
-33.9587360563784,-18.70418357849121
9.2088386022025,3.1915364265441895
1.3318185914773402,-4.209222316741943
-9.176001953270983,-11.692403793334961
-10.497767159210698,-9.979146003723145
-0.4402086584014632,-15.336177825927734
2.1560784090827942,-11.43641471862793
-27.1636490162131,-5.3820600509643555
-0.670930828719279,-19.766624450683594
-22.794043146736,-31.694517135620117
0.8105828534072201,-7.488246917724609
1.2287673509824204,-12.709310531616211
-0.6435038581465955,-1.4971952438354492
8.474782023793379,6.761796474456787
-9.601847091024196,1.1242103576660156
-1.6610011043127195,-7.372912406921387
-0.1091636509260827,-5.32090950012207
7.570838092245207,-5.418050765991211
-7.211196994815285,-25.542409896850586
9.090654061652296,-14.68602180480957
-26.6651088566214,-3.471940040588379
-17.309192174305,-3.637849807739258
4.14054171285972,13.052225112915039
4.097668935846943,15.121740341186523
-0.29408409265346,-6.45538330078125
-35.8165916579592,-19.78661346435547
10.898098675545494,-7.302761077880859
-1.6552655274048038,-0.21239280700683594
1.6729502580778592,-19.2003116607666
-6.42491227706334,-15.673176765441895
-15.4752611754195,-11.466949462890625
-0.6907348474047925,-4.80517578125
-21.3629045873375,-16.247379302978516
4.219145585451182,-15.927276611328125
-3.019531285218114,-1.3711261749267578
4.25311060075082,5.700891494750977
-15.0412339008878,-3.9639129638671875
-8.237627320974727,-22.998615264892578
-1.0683487237199796,-8.005573272705078
-1.7174251595272625,-10.468182563781738
4.069163600073605,-3.2268924713134766
-10.162041561092582,-25.861740112304688
-5.97248436581227,-7.85904598236084
6.120538767403939,-8.502513885498047
-0.8028238008287005,-17.96491050720215
-23.6042929930625,-21.822656631469727
-0.1777753404752198,-8.381346702575684
-5.785469568057495,-37.229000091552734
-0.0556983764780604,-1.3044261932373047
-25.4508968849616,-8.084310531616211
-5.3185412482723295,-0.45580101013183594
9.1356503291117,2.7638912200927734
4.020569536845237,4.219795227050781
-58.5527340809363,-3.7811851501464844
-6.291328737399075,-3.6813583374023438
4.187869588752649,-0.40480709075927734
8.922207576391518,-7.531429290771484
22.7414116448382,5.300841331481934
-44.6057608529879,-32.509056091308594
-26.5129077898497,-14.02749252319336
-2.13735826282737,-8.196412086486816
-1.14890133483728,7.905139923095703
-15.2234416939723,2.840669631958008
0.369316059642221,-6.741182327270508
-0.6884117876070912,0.9057358503341675
-5.8772631055401,-0.07472610473632812
3.6053774296538297,-6.8549628257751465
5.07108724357905,3.553244113922119
1.292753014965791,-2.131497383117676
8.440986836263871,13.993953704833984
-3.43040335892423,-4.934981346130371
0.7651079053562314,-8.658263206481934
-37.13962469223695,-32.18607711791992
-5.822632503482525,0.04028892517089844
-6.879472048396067,-6.7074737548828125
2.11024229353816,-5.425543785095215
-7.1526743450051855,-10.13539981842041
-1.122073026503361,0.9672632217407227
0.3302260274555297,-10.468259811401367
-1.178255647098801,0.6583099365234375
-2.99361591491145,-3.1565608978271484
-18.1070051290659,-18.79602813720703
-3.0332808194811403,3.866628646850586
2.6303171850506604,-13.394098281860352
-9.72499716390718,-0.22652244567871094
0.2729453578388601,-10.2020263671875
-21.4503408223732,-11.723920822143555
-4.99755531471552,-7.07303524017334
-18.0018409950579,-29.686817169189453
4.00031385473591,3.7170352935791016
12.0378145652987,8.58639907836914
14.1235470599023,-6.803820610046387
6.55729051148795,-3.880645751953125
11.19992297656359,2.727201461791992
-7.81388191369781,-4.796002388000488
-2.924593214648255,-11.586468696594238
3.7667366885646025,-9.137606620788574
-6.68253431604433,-5.9726948738098145
0.7345204104922589,1.3683605194091797
-10.626155896203898,15.67926025390625
8.106852576346123,3.1519765853881836
-58.24412469223692,-36.71748733520508
1.4955767028094,-6.1854658126831055
-17.6906096863185,-26.626667022705078
-4.813871520282443,7.4646501541137695
-11.8973420493851,-5.699233055114746
-2.67676896274171,-2.6813182830810547
-3.9331393974605526,5.16484260559082
8.756217929094177,4.266444206237793
-29.2662792150344,-1.9435138702392578
1.7249239205326918,0.6934270858764648
-6.686975812883663,-22.548503875732422
11.10272802991041,7.2264862060546875
-10.956818171714705,-3.279212474822998
-6.3500959185649,-15.938522338867188
0.6681105368389735,8.510799407958984
-12.500029270357295,-19.94039535522461
-2.591242863373206,-4.609768867492676
5.954690473588823,12.184074401855469
-43.929359067237,-33.009681701660156
-17.4841411730512,-13.4475736618042
3.61441892535489,7.077243804931641
2.1112971208509976,-1.1461706161499023
-41.8026500314277,-25.490020751953125
7.028135642932115,4.522364616394043
8.463248256721428,3.2775917053222656
-13.037072413777096,-14.24826431274414
-1.6307504375632549,-8.496015548706055
-0.3284521577656807,2.061664581298828
0.4685622181175212,-8.012226104736328
-5.316952415477393,9.224489212036133
4.584421564331302,-7.118005275726318
-20.3593816575191,-17.63311004638672
3.67041582610247,-5.219036102294922
2.204062447972561,4.6552581787109375
-4.666937653128132,3.499042510986328
-12.3781694316975,-10.179110527038574
7.06923762363823,-0.2011260986328125
-37.2883298194418,-17.034603118896484
6.442434166934048,-0.40215158462524414
-12.2162083245621,-7.521537780761719
-20.3623076046531,-4.747795104980469
-5.45440876641342,-3.026421070098877
3.1416241584890576,-2.5051803588867188
-4.96580172718434,-10.29854965209961
-37.4061766871973,-26.36155891418457
6.46185690649625,-2.270977020263672
0.5403453062071405,-0.9307451248168945
8.656689402528613,2.6077423095703125
12.331931266595111,7.2920989990234375
2.75380173901167,-3.5896377563476562
-2.8447496930443927,1.8269987106323242
0.0285872237409883,-1.5114898681640625
-73.5286754265322,-0.7052783966064453
7.285509446842615,4.259791374206543
6.72046542688671,3.6250109672546387
-6.19730890695259,-6.550872802734375
-16.4599719883519,-4.466061592102051
-10.288292260688207,-3.808260202407837
-10.285920522724917,-1.650670051574707
-30.8171784242839,-3.7526893615722656
-4.65691689928222,-6.782566070556641
-37.1716279374795,-17.592124938964844
-36.50577458359941,-7.906886100769043
0.7942566624333496,-6.596048355102539
-34.8552692363716,-1.9890375137329102
-2.491707941339629,-0.22442913055419922
1.7387039934851498,2.054201126098633
18.9715733525152,13.606548309326172
-13.8996269060666,-7.219901084899902
4.17561229224804,11.760135650634766
4.7680640763497,-12.505526542663574
-6.745372906074374,-4.305145263671875
7.262818938793504,-4.053253173828125
-55.7541546140486,-24.615480422973633
8.453421074249384,1.4280061721801758
-5.85807143580148,-1.1048145294189453
-52.7336020518746,-22.679208755493164
-1.995826789875676,-9.70157527923584
-1.3326443092463092,-16.843053817749023
5.029017096161708,2.6669559478759766
-0.71117494174041,-4.191520690917969
8.243548509216069,3.434915542602539
5.81602235619721,-8.073498725891113
5.978124919049687,-9.260839462280273
-2.8859593337581737,-3.0774898529052734
-26.0047332498617,-24.88300132751465
-1.5220929784942658,-6.944899559020996
-3.195242757261453,5.248852729797363
-15.0089303719363,-9.920246124267578
-1.757118944268968,-26.996173858642578
-13.5091075877696,-6.9919023513793945
-4.0681667574955,-8.573953628540039
4.43276114617859,3.637674331665039
-4.665207913971671,-6.863456726074219
7.33919324558513,5.062215805053711
-11.69780882660921,-9.363994598388672
5.960801203295765,2.5698838233947754
-29.9162730471743,-29.100889205932617
-5.331847529263395,-5.689420700073242
4.2006804390709,6.60237979888916
4.76541245752904,9.134160995483398
5.87221574658101,3.152311325073242
-12.955988512618,-20.936695098876953
-14.4061745570978,-10.98593521118164
13.644333664082708,6.985177993774414
7.522446474796843,3.5150532722473145
2.858782897786812,2.510159492492676
-49.8653288018085,-35.06166458129883
-4.029904705212941,-6.08650016784668
-6.2026319104393295,-21.567852020263672
4.452168509343501,-1.8483953475952148
-16.475900892606802,-4.2458295822143555
-11.03094492075089,-26.40347671508789
-8.08045020128908,-8.149778366088867
1.39259946716825,0.6907920837402344
-14.885807229381896,-3.247882843017578
-11.113180908425988,-9.286598205566406
5.506094216928792,1.275580883026123
5.29091659278858,8.174459457397461
3.42106467876526,2.8718948364257812
5.162821279449693,-1.7451038360595703
6.020551076354931,-2.881073474884033
0.8086942897832163,4.073308944702148
-8.80546181278599,-7.063182830810547
-7.42349600405968,1.415731430053711
-14.4731176558811,-7.985260963439941
-35.5448186771701,-18.679454803466797
-1.657597602265355,-5.5156354904174805
-1.930224441335125,-1.6589581966400146
-10.398648228661925,-3.3814010620117188
-1.6521884315998507,0.37397146224975586
1.3131129859732091,-2.24798583984375
-0.1240821746904601,-0.687706470489502
-35.1709788883515,-22.545459747314453
0.6771989561182002,1.8669323921203613
-5.8677981963370005,-8.076604843139648
0.7982616963508231,2.5395259857177734
2.595279020812243,1.5230536460876465
6.9472187772133225,-10.302997589111328
-41.1395198834054,-14.721071243286133
-35.4604736838065,-24.32042694091797
7.87379173269718,7.854238510131836
-8.72128086410909,-25.69430160522461
-82.13826531723697,-10.14543342590332
-9.70693692529289,-20.391817092895508
-61.4386715672369,-30.808860778808594
7.10938257895085,-2.5718250274658203
0.4007388327427847,2.8381423950195312
-0.7455370396145937,-6.577663898468018
1.674966057420845,-1.9152193069458008
11.877856996640997,0.8059077262878418
-0.9096556467231308,-4.186742782592773
-1.4680391508473674,-0.16930484771728516
15.6414782015599,-5.635557174682617
-10.35739215730591,-8.67103385925293
1.926107182225645,0.86383056640625
6.99756701325662,3.912635564804077
3.54836143321337,-3.3889284133911133
-7.726553411266567,-6.397455215454102
-48.51478094223695,-28.10862159729004
-3.0453156276270903,-2.512622833251953
-3.454798154796729,-1.2081642150878906
9.503977484174175,-0.8340977430343628
6.001532732018722,3.9407176971435547
1.775572054007981,-4.706426620483398
-2.6871577689602653,-3.2182912826538086
-7.920344649869953,-22.648319244384766
2.578081311550471,3.902841567993164
-14.434457477598505,-7.387355804443359
-1.338045882914232,-7.787151336669922
-44.1817825469333,-31.30036163330078
2.4314234692194163,-10.942234992980957
-2.35314836228574,-10.183109283447266
-2.07036107592124,-3.5053491592407227
-6.560167066336443,-18.104278564453125
-2.54688332955635,6.687383651733398
-7.940842049461227,-10.07929801940918
-7.789052707582185,-2.272406578063965
-1.4295761119406232,-8.962722778320312
7.206977941743588,12.610519409179688
-4.081394009803599,2.270486831665039
-30.167243616457,-17.71615982055664
11.7225687296843,1.8285179138183594
-0.8984319813221007,-6.908934593200684
10.349523074958825,-5.605754852294922
5.42147270471237,-0.8408489227294922
-0.3136273830120112,-0.669525146484375
4.398848813602776,8.411848068237305
2.099307195887115,0.7830162048339844
-61.6890402284636,-17.214811325073242
-7.08434802004719,-3.45577335357666
0.6962467393230812,-10.632888793945312
9.0758909366509,-0.40677976608276367
-1.9263965715605047,-7.084979057312012
-6.262949496708321,-11.412006378173828
-4.739766082030863,1.613504409790039
-36.8822022827233,-25.971324920654297
3.24770439300306,-7.884736061096191
-2.289513933263135,-2.476839065551758
1.41805545618482,-3.309408187866211
-24.4432878855492,0.17987442016601562
-24.96156751119129,-12.396285057067871
-7.734574598544068,-18.940265655517578
2.79124989437018,1.6704988479614258
-5.17831154550348,-14.931276321411133
1.5275640312561216,0.9936046600341797
3.682989905065457,6.909186363220215
-10.8237586662752,-26.25832748413086
-6.929951553081727,-10.053364753723145
-27.96215708599589,-19.803050994873047
-2.88087637063392,-7.430871963500977
-5.960419628776203,-0.991119384765625
-37.189874708633695,-10.290244102478027
1.1496085756031087,-2.319488525390625
-12.7137936794919,-17.24538803100586
8.398744223780918,-8.363373756408691
-33.3004252633332,-29.369670867919922
9.144089281431205,7.944887161254883
4.065326821312747,-2.5343761444091797
-41.9047429025821,-19.337421417236328
7.383552345763623,-3.358663558959961
6.364261125349779,-0.8939332962036133
4.841793570156368,-7.453986167907715
1.6198341998494314,-0.6243457794189453
4.179707781567577,7.841623306274414
-14.7229944429405,8.138362884521484
7.078924552126015,-1.5205755233764648
-12.898019313824,-21.770986557006836
-70.8116033690518,-9.684477806091309
12.7359625054994,13.630986213684082
5.586124430090477,4.614645004272461
3.028467183462371,2.6694488525390625
-5.830142578087577,-13.086678504943848
-22.6841489367301,-15.58813190460205
-1.51657819068512,-2.380756378173828
-81.52648016021857,-16.590473175048828
-3.36903782007548,-5.212375640869141
-18.707844022,-9.674118995666504
-34.48768519828235,-22.041975021362305
-39.7169735486916,-11.031767845153809
-1.593720937577549,-0.47609400749206543
-23.2954444871652,-8.912282943725586
-45.30258920076982,-20.318275451660156
12.5056328567953,2.2816123962402344
-11.9299972333177,-7.416255950927734
-37.9495035857927,-3.6744937896728516
0.7001962140772594,0.9147195816040039
4.49418879319923,2.478536605834961
-39.0646563811545,-30.82309341430664
-9.09730633851708,-8.137932777404785
-17.5589533745204,-20.21782684326172
-4.92782811871599,5.891937255859375
-8.2299173561342,-24.837926864624023
2.60625970962018,-6.028026580810547
2.726862934921635,1.8065471649169922
4.071661498679735,-13.39169692993164
-13.2494383747796,-1.527700424194336
-11.9154244975033,-2.321981430053711
0.9090871567987184,-18.305227279663086
7.92708077877978,4.014494895935059
-3.119647295186995,-7.590238571166992
-2.248378586620203,-8.151147842407227
1.6646916021852596,-7.629459381103516
0.1590569364430157,-5.830053329467773
-77.3623903172369,-26.616798400878906
15.8859560938761,8.731154441833496
-3.11888044241469,-2.445648193359375
-2.7468186065138984,1.8365764617919922
2.77922195660905,2.884815216064453
4.052279150357491,-7.725307464599609
-4.03806373695381,-8.070487976074219
-2.4461467814868523,-9.730152130126953
-0.1639564470097907,3.565215587615967
0.8542168432631491,-29.879657745361328
5.84905996845087,1.1832695007324219
-5.77665564868809,-1.174025058746338
-3.7008288999313423,-5.406957626342773
-7.18713065449027,-18.669445037841797
-0.9529303605806088,1.3897628784179688
-15.902118442879,-13.029953956604004
-28.0636361890057,-13.735584259033203
-26.912205886836706,-24.419567108154297
8.596988309863011,7.18089485168457
0.2877587512502297,-6.6869964599609375
3.3899996482015826,2.62833309173584
-20.5869014386951,-16.902603149414062
-9.341800010912078,-3.813058853149414
0.1692077246922899,3.8293724060058594
-1.857666460494741,1.2616939544677734
-13.2752747780792,-25.737510681152344
0.7445982178878973,-8.43151569366455
4.49646859469848,0.7653999328613281
3.60913262992784,-1.0573501586914062
-5.653435188749545,-5.701400279998779
1.51502173443586,0.6996479034423828
8.143116180793372,10.543258666992188
-8.36164856265281,-28.57949447631836
-1.130678948105339,-4.751765251159668
-4.349210006555943,13.865405082702637
0.2594141505344826,-5.504261016845703
-32.1283374054069,-24.049226760864258
-1.9051378030600723,-3.410482406616211
4.768047800449637,-8.272311210632324
2.264898495983479,-12.04115104675293
-6.47138721063866,-8.350360870361328
4.93167956005568,-11.607320785522461
2.4851768276660025,-3.6500988006591797
-3.930469946192945,-7.900315761566162
11.923948375295712,2.8057212829589844
11.616605850275496,6.1804728507995605
10.41580460128629,-3.482542037963867
-8.700462669667385,-9.840033531188965
13.1991243046288,6.672525405883789
-4.75101729862813,5.667695999145508
-1.4230966237807086,-6.748071670532227
-2.07861348348741,-8.681583404541016
10.292368565007404,14.36428451538086
1.9007667723773176,-6.032713890075684
17.1612744381531,5.618708610534668
-0.1428452494230792,-1.5355777740478516
2.4933992323843923,-2.964776039123535
-13.861300672159,-1.4982566833496094
-1.7943154401891548,-0.9760093688964844
-4.15624175439773,-4.103630065917969
-14.277645616907492,-3.9054765701293945
2.713132201978397,-12.97282600402832
-13.315456279797685,-24.851337432861328
-5.36204355968609,-6.202968597412109
-1.4872271509121793,1.0904254913330078
0.31232235517322,4.112710952758789
3.0307168501552093,-3.650322914123535
3.4484762474106,5.362699508666992
-34.0729170807354,-23.224163055419922
-25.0659802428987,-0.34233951568603516
0.86771933446589,-4.596035003662109
-11.996919710325,-7.386831283569336
17.2594267615487,6.335908889770508
-56.2560888739038,-43.42805480957031
-12.7386491421071,-22.51961898803711
-3.520787796436005,-13.794329643249512
-0.8014467498558491,-15.269654273986816
-34.7812340468876,-21.354656219482422
7.158235365631607,-8.85776138305664
3.29681579894721,0.6369132995605469
0.046018285265003,-19.246862411499023
2.046344769010002,-7.060188293457031
4.25403099118957,2.5474166870117188
3.7804230286959792,-5.996160984039307
-3.773219093074008,-11.03464126586914
-9.722403045722997,-2.2430200576782227
2.81101468536903,-1.3188700675964355
-23.7494411406013,-20.443321228027344
-75.56229656723696,-28.513404846191406
4.366245372711767,5.061357498168945
9.94612085382829,10.093713760375977
-8.207132148775708,-31.317169189453125
-3.09775596823669,-7.196418762207031
3.77256113899207,2.4700756072998047
0.2016574678685985,-5.048266410827637
4.38808277416547,-2.583911895751953
3.7092867134231,-2.4298582077026367
1.6740112862957208,0.5888900756835938
-5.472376660417956,-1.5316362380981445
12.283123760680592,1.627945899963379
4.417989059347175,0.5406455993652344
1.907333647224608,4.251971244812012
-3.73521146317182,-6.340025424957275
7.837521570550837,6.588287353515625
4.82455755953161,-7.60713005065918
-0.6472060937938101,-3.355691909790039
-8.237956686764985,-11.384500503540039
7.36579899286375,-5.487529277801514
7.859716520666763,6.23475456237793
2.765011277030255,-2.2150325775146484
4.62415639298937,4.588777542114258
6.430237727930085,-6.660381317138672
2.44728958086436,-2.302082061767578
-1.93656353174353,5.852970123291016
-33.7845903951132,-25.38418197631836
10.960301672714698,6.676247596740723
6.147225205740463,-6.6661834716796875
2.4659746492236927,2.151437759399414
18.2642273209106,-3.1345138549804688
7.656482330373112,0.8211851119995117
-63.2346715672369,-25.325393676757812
-22.9610154952969,-26.753692626953125
4.39789099231211,-7.630491256713867
-46.587141393021525,-24.416996002197266
-12.281506448986304,-2.930579662322998
5.220668557811489,-3.3578615188598633
-1.4412632820262703,2.2086191177368164
-35.163016426576704,-21.38575553894043
-31.380009974583203,-14.429420471191406
-2.6184282494780104,-1.398529052734375
-37.3999740396079,-23.304630279541016
-10.594900847222812,-14.14590835571289
-23.227454082363305,-13.178359985351562
-15.4814292943448,-18.44099235534668
-6.89310310865277,-6.4622697830200195
-11.7962452523223,-0.9222807884216309
-0.3887710448227697,-4.632853031158447
-4.0896099478500325,9.976688385009766
-42.6579269422049,-23.395084381103516
-2.095241650043551,-6.173982620239258
8.45389840526827,-4.975137710571289
-15.5157954828953,-17.107864379882812
-1.9802660997523944,-2.86598539352417
1.8368511005450223,-0.28798961639404297
2.11900133622217,0.06853485107421875
-38.4962238749225,-15.81139087677002
0.8069046214032297,-3.211981773376465
-1.73607437190069,-11.341329574584961
-8.46093254820262,-6.729359149932861
-0.0780407432645869,1.7591676712036133
5.009535132419683,6.773237228393555
-74.9399761386801,-30.53415870666504
2.806732553915905,-0.5008831024169922
-10.415057364934407,-3.2179107666015625
-4.81834176383161,-0.4365711212158203
-1.4920816076829602,-2.5064964294433594
-0.003939288658445,2.7029857635498047
5.86288473591452,1.9239749908447266
0.4443344011282492,-2.430729866027832
5.72263802046558,5.344507217407227
5.46583466116103,-7.74324369430542
5.05355462238675,-7.992246627807617
-17.190033530139498,5.842998504638672
-10.1192188918475,-2.812697410583496
-10.539071528779305,-7.988648414611816
0.2492257167476033,-2.3014965057373047
5.35198813185094,4.6998748779296875
14.9823899147147,5.3132805824279785
1.7336328627834918,-8.05723762512207
3.2582764286422226,6.563858985900879
1.1615369027166365,-1.853856086730957
-42.4099588259267,-15.60751724243164
-38.7823663998969,-14.113245010375977
7.99575647038201,1.662644863128662
11.644495901203598,1.8124752044677734
-39.0956747424042,-3.182621955871582
-38.6438610292767,-14.597393989562988
-40.5029244010595,-31.441787719726562
-22.8644313188967,-4.694114685058594
-0.897066728281827,-10.854424476623535
-17.6830733389949,-5.6428327560424805
-0.0084306638066775,-9.15129280090332
0.5394390329931549,-3.049912452697754
-21.61387508166409,-23.524394989013672
5.053393098685065,-11.197135925292969
-15.7834934865799,-14.576294898986816
-58.40351531723695,-29.689430236816406
8.86280218600469,6.350312232971191
1.888243484494037,6.502920150756836
8.99923705482913,-4.897299766540527
4.133325903305868,1.0438389778137207
4.774357664359128,-4.607457637786865
7.418770080750715,-8.0138578414917
-2.25262466719878,4.726385116577148
-7.071587649042333,-5.492253303527832
4.398742241377427,0.22072792053222656
-8.692928400841772,-1.6518850326538086
2.334382802629,-10.159151077270508
2.8274240704709,4.7169599533081055
2.1747311895065486,9.679550170898438
-11.9965988914421,2.3721823692321777
2.776867734737273,-8.635418891906738
-12.4595255596924,0.18113231658935547
18.5317724911246,1.0799846649169922
6.86106163750481,-0.7795429229736328
-19.1693792779686,-1.299809455871582
-4.20883890972707,0.29770469665527344
-0.3530077955256401,-12.011746406555176
-1.6020246929696491,-27.85816764831543
-7.57557880794988,-7.1179118156433105
13.9692836454661,-2.43204927444458
1.289294757415069,-4.021531105041504
-20.3746494688195,-32.46421813964844
-8.044482691931467,-8.257963180541992
2.51340467963473,-13.36878776550293
11.0282847349576,8.990734100341797
-1.3944922949507652,5.3091278076171875
-26.2706781913698,-15.451112747192383
-71.7765711158932,-37.20899963378906
-44.2857422252861,-18.26621437072754
-3.057699221935841,3.1375317573547363
10.116767222520318,6.993054389953613
-46.9980356488569,-28.73788070678711
-8.677497573270493,-3.365518569946289
-25.781275563237,-14.29034423828125
-2.941164138388841,-4.232113361358643
-26.5692742661385,-16.052398681640625
1.2555345380058751,-4.554265975952148
-0.810306898238276,-3.009370803833008
0.2404076931068699,-16.8587646484375
-2.5590885431480426,-13.8922700881958
-11.9846830308257,-17.386564254760742
-5.775806690181939,-2.686534881591797
1.9806048133258944,-22.88400650024414
16.618750626525,10.554794311523438
8.204494762209066,2.244579315185547
6.80321923705408,-2.0887012481689453
11.710679650337616,-3.894268035888672
3.181253849239128,-0.8158121109008789
0.90894434552881,1.3742990493774414
3.547124544521316,-8.405845642089844
-2.202886656443709,-2.2847347259521484
-11.133669865203094,-9.883232116699219
9.328533024448705,-7.469181060791016
-0.7012610501602399,-4.415809631347656
-0.3170472839931941,-1.5441341400146484
-2.3458288386735573,-0.0077972412109375
-26.1191329979098,-10.172679901123047
-2.33292598982445,0.024242401123046875
2.461922216333884,-0.9544730186462402
3.73205068567752,-0.04252338409423828
-22.4462583852743,-11.842442512512207
16.899113604615202,5.103616237640381
-2.85382252753121,-0.8928308486938477
1.2705701336207027,-8.452651023864746
7.960789166364423,6.136932373046875
2.71808902854303,-3.637071132659912
5.5273920092716775,-22.747234344482422
-4.11149235653684,-19.702239990234375
-20.9676231329802,0.8224525451660156
-0.89184437235696,-2.378420352935791
-1.2816619609782416,-1.7362375259399414
4.85634828411675,7.835960388183594
6.429854346358795,2.6112985610961914
4.71112087372323,1.0817584991455078
-30.7199022255615,-14.834640502929688
-3.8590388668775,-6.455089569091797
-10.6557437737239,-4.439853668212891
-13.4460672849668,-34.24448013305664
-5.527709296795018,-2.8183412551879883
-1.876637029070265,-7.51059627532959
10.2532613363299,6.953380584716797
3.00680128293027,-1.9040546417236328
19.33685959748449,7.230416297912598
-0.1058882282985149,-7.062252044677734
14.3436638764016,16.984668731689453
-16.1535771788668,-28.96727180480957
0.9480162028997956,2.013936996459961
-18.5891767455387,-24.235923767089844
13.309934514349203,5.361896514892578
6.02246857213521,-1.5549793243408203
5.16750826555368,-0.7610855102539062
-1.0190872666435924,1.6044855117797852
-19.100904418149,-11.668132781982422
4.743603615290096,-4.135213851928711
-13.8157551615103,-12.300257682800293
-3.802611775309477,2.4840872287750244
4.30511943579503,-1.3131637573242188
-22.482844278002705,-27.010303497314453
0.60779733849738,-2.021134376525879
17.8138573048897,1.7831611633300781
-38.4626262988146,-19.380651473999023
-0.6089836493556324,8.368976593017578
0.8617451361473882,-3.623636245727539
-2.40000424902785,-1.4260082244873047
3.7078671714499096,2.7024755477905273
-2.390619984667185,-13.235377311706543
-15.559462368784592,-9.991554260253906
-13.790764753514,-4.8306732177734375
-9.325981865786185,-18.20501708984375
-58.4491138315396,-26.31269073486328
9.550892694239591,9.042593002319336
4.435147085081137,5.514610290527344
-2.3538192484503564,-2.6240739822387695
-5.83438093189622,-2.480771064758301
-7.10827059552493,-13.015583038330078
-12.414939844598162,-8.181999206542969
6.6154810826822,4.8570966720581055
1.3155747227446202,-8.867956161499023
-2.56542276271332,1.0290985107421875
-13.546032832554804,-0.9737024307250977
-16.600339428286603,-16.949060440063477
2.9737175212081803,0.5658102035522461
6.167862854629888,3.6549501419067383
-40.922076323723,-19.891963958740234
16.9349100756105,7.572968006134033
-12.24911226903676,-15.842986106872559
4.867927463076468,1.6106510162353516
-21.6327950573002,-26.10915756225586
7.11033993521173,9.878532409667969
-9.59094984812801,-19.935956954956055
4.92186081619874,-0.8043665885925293
-7.815562497274902,7.030184268951416
-2.20364176327536,2.0370616912841797
-19.6754058911438,-28.415035247802734
-91.8886792382854,-10.462947845458984
-20.9507978903398,-24.015907287597656
-17.8084408175675,-13.991714477539062
-62.9612541332419,-28.687847137451172
5.598134989920393,7.352295875549316
-7.283890318199592,-4.20440673828125
6.1026124307435,4.518366813659668
7.42840635595139,1.194589614868164
-5.179391847578812,-5.314598083496094
-4.873152982370568,-0.7719109058380127
7.276768036701751,2.796419143676758
-10.739322929783883,0.9028797149658203
-22.9219832537164,-33.46432113647461
1.5259403537211615,9.050652503967285
-44.7886924625105,-22.798362731933594
-3.72583443525641,5.1650848388671875
-14.57002364123529,-26.943283081054688
-10.128266274366498,-18.403303146362305
-28.0249952668106,-25.648468017578125
-26.24662901330595,-38.10137939453125
-40.3645652505015,-22.552270889282227
-30.8056950922951,-14.165943145751953
-3.9552380984537248,-1.1456012725830078
-2.1789667599796294,-5.7039008140563965
-0.5734820606807138,-6.192134857177734
-1.1617148968623687,-7.280987739562988
3.42848617073407,-4.476180076599121
-17.4030551064212,-3.928252696990967
3.88109013796494,2.793135643005371
9.400493271217616,2.9685277938842773
-11.302161927872188,-12.463318824768066
-13.3709137252944,-6.269446849822998
-6.79658968512302,-2.9080238342285156
4.509456424718162,6.557409286499023
5.45103123545738,-1.0672111511230469
8.149714042401495,-0.9239835739135742
-12.909180343140196,7.172733306884766
-6.61979034735207,-0.04848289489746094
11.9978624338519,-0.94866943359375
-12.53254789251529,0.21966838836669922
-8.36198121766124,-15.55160903930664
-4.361976736345532,-5.724702835083008
-0.1898191226144924,-13.524445533752441
2.3166834950764685,-3.892910957336426
-12.6203596574975,-10.243322372436523
-1.207429910073891,1.2182884216308594
-29.7403775200217,-10.419415473937988
5.31082796058257,0.3389625549316406
2.97844031586002,-1.9569826126098633
-12.533050119535002,-7.636356353759766
-5.8684323426223,9.86223030090332
2.391980620215489,3.6316986083984375
7.73570234615748,-5.257819175720215
1.166748445159433,6.137849807739258
6.093529951556334,3.7879810333251953
17.709922444879297,13.642936706542969
11.779516260068313,4.907123565673828
2.4866177573815964,3.186565399169922
-30.89708550466269,-28.389013290405273
-9.231606713935047,4.829904556274414
-13.4089268865456,-11.11476993560791
-9.06573754635488,-14.675724029541016
9.30630078585379,6.171938419342041
-7.156550033865472,-11.890802383422852
-10.5414716495377,-10.854018211364746
-27.8178569354009,-13.254596710205078
5.3817717725564,1.2709970474243164
-35.155236696245,-19.538692474365234
-21.4141717786538,-18.68250846862793
-2.6053130644292946,0.3125782012939453
-9.953220777101093,-10.485261917114258
-8.798237091769485,-7.552929878234863
-27.6920167541674,-11.765721321105957
8.017093587799739,3.01617431640625
-0.3550158381598589,2.520639419555664
-1.19024715514191,-13.303543090820312
-3.2855896341823474,-8.097870826721191
1.844566842421384,1.9169645309448242
-30.7366736665872,-28.257278442382812
-11.338238855350506,-7.726751327514648
-1.059512617215007,-5.612396240234375
-33.7712071062874,-18.339242935180664
3.812227003524945,12.93419075012207
-2.8472026300298463,-28.781936645507812
-21.5871320482388,3.652132987976074
1.845960760756301,-9.689647674560547
9.06213659212517,5.743383407592773
-13.950148061363093,-12.531183242797852
-15.1006814359747,3.10396671295166
-8.65496498210776,-3.449432373046875
-31.18852367408345,-19.176992416381836
2.35160533891099,-12.330812454223633
-7.06329362397977,9.4574556350708
-11.299328727708405,-3.3013601303100586
-5.73967918172164,-4.541286468505859
-4.062121175440552,-1.764892578125
3.62056380925444,0.17391681671142578
-6.512385872303066,-25.173349380493164
-17.2817979072755,-16.956912994384766
5.79128728304933,2.7788772583007812
3.7921116228684086,-2.285463333129883
0.51700222845629,-0.3417625427246094
1.0966146270020711,-4.248775482177734
-6.613686761665703,-30.601882934570312
-39.873530292237,-29.50201416015625
-35.0272315856836,-29.865528106689453
0.2475632146873464,-0.07043647766113281
5.59963570142504,-9.3729248046875
5.29419053806362,-4.366184234619141
6.457932781589695,7.520010948181152
6.4251548431743295,-0.011470794677734375
-19.7885249955934,-14.1738920211792
-2.4097304318056905,-1.8259100914001465
7.543407488617369,3.1630401611328125
1.83593808226401,1.8463788032531738
-1.5082203021212124,-0.4319019317626953
5.99108205682079,-2.0862298011779785
-18.1797235112709,-7.030635833740234
-12.840088322870097,-27.389617919921875
-2.23616712442702,5.310081958770752
-4.662511414401839,-8.30913257598877
3.41802282280863,0.8020505905151367
-12.0320822507053,-19.917224884033203
-25.9801803981754,-17.344989776611328
-5.97419023328963,-2.1381282806396484
15.4186986077963,3.370197296142578
4.480465220149085,-6.6565423011779785
-13.2363849677504,-19.8929443359375
-9.362863686069195,-16.539466857910156
4.128157012788561,-2.564250946044922
2.26767773086615,-12.892555236816406
-24.1634597090208,-24.273754119873047
10.013204486477417,8.682500839233398
-31.934070451053,-10.04495906829834
-22.9515728231767,-3.1890439987182617
-11.219410776078313,-13.670842170715332
6.00089213826483,-4.516060829162598
-28.9638748432599,-26.795124053955078
3.11049964318654,1.173720359802246
-1.073248118887358,-4.004895210266113
-10.249148139079496,-17.028871536254883
-13.14009076535719,-33.01373291015625
0.7364260970712593,4.6648664474487305
-44.9949251983702,-6.282087802886963
-5.159519294761907,-9.365865707397461
1.869241020829697,-8.329446792602539
-55.54568697318505,-29.89776611328125
0.3065104335081801,-11.78648567199707
-10.386374558578522,0.8629932403564453
-3.0345245902191325,-0.34900546073913574
-57.144820014625296,-26.295743942260742
2.85060083445348,10.178157806396484
2.446050707651698,-4.004150390625
5.50221601830175,0.7781548500061035
3.455876052191651,3.619903564453125
-14.6157572128631,-26.936038970947266
-0.874105623616695,-1.1761260032653809
-1.378759213278819,6.216385364532471
1.350733135180331,-3.5821213722229004
-1.94666134980912,-2.7269821166992188
-3.36735139960915,-7.254915237426758
0.8319171014720902,0.25199317932128906
-40.2101205720394,-7.938106536865234
-24.577379709126298,-40.76520538330078
-18.6292132467089,-9.667425155639648
-46.39510994896701,-10.923739433288574
-2.487076105276776,-1.8201770782470703
-4.752960817423343,-20.296785354614258
-0.1160299782726794,-10.984472274780273
-18.5277286275242,-8.528604507446289
-14.1325019191809,-22.53957748413086
10.909208084253878,6.680225372314453
1.30779520720034,0.10070466995239258
-5.77436797253085,-13.764967918395996
3.986867952152618,5.983644485473633
-21.7936206120663,-37.4495735168457
-2.643556292002,-3.1487960815429688
11.0853991753379,-7.863865852355957
-12.9397422629832,-9.197935104370117
-0.190891674386513,-0.18804168701171875
-6.32558602127377,-3.8691864013671875
5.391699208755202,2.43560791015625
-8.998840630677615,0.18927955627441406
-1.6005087696864486,-2.5176048278808594
7.5482379424635875,15.956745147705078
-7.642910278690365,-10.56048583984375
3.719171936095444,7.958890438079834
-0.8981307679622897,-2.0124711990356445
7.06032809637297,2.716425895690918
-3.134999611446543,0.5665950775146484
-5.94174589421185,-3.0265235900878906
-17.7883076547542,-24.607830047607422
-25.2381267145584,-28.804386138916016
-27.5445722402187,-19.929054260253906
2.6678241356197647,-2.814370632171631
5.02066543392875,-7.742162704467773
-1.67197513843126,-30.22811508178711
6.58117049992555,8.214509010314941
3.12612254618191,7.735768795013428
-2.1147225087047508,-2.2112655639648438
-76.9668504799361,-11.006852149963379
10.11870938841209,9.070003509521484
4.755697845162629,5.833952903747559
16.5479703149859,5.339967727661133
4.001938538520379,-14.601240158081055
-14.1813773041305,-27.13810920715332
0.7709161631446207,-3.760242462158203
-24.2508933717269,-12.879653930664062
-22.3071231538392,-33.145057678222656
7.2595381633228,4.349210262298584
11.555346181601609,17.434694290161133
-26.258782255785,-20.180557250976562
10.3189652047012,-0.9096088409423828
0.809697096857583,-0.7884197235107422
-18.5255095356289,-23.003376007080078
-1.0680791130593923,-7.407331466674805
-3.5390830989045075,-12.594446182250977
10.468583156479704,-3.8244309425354004
-10.613183176373598,-8.443304061889648
-6.40442742836347,0.5884308815002441
7.196532980977684,-1.597177505493164
-10.586292641023492,-1.9483661651611328
-26.79502671025515,-22.650981903076172
-7.187555808667961,-6.63314962387085
5.4465900456679694,3.3884153366088867
3.1988276731025875,-4.063407897949219
7.827394642815597,7.50996208190918
3.887422638441485,1.7709360122680664
-3.41466344580097,2.4164581298828125
2.667044757168528,3.395613670349121
1.0590749185315824,-5.029092788696289
-3.9965921287470247,6.231189727783203
10.982614675109394,1.3644371032714844
0.4076170529080399,-5.319516181945801
2.71319811317338,1.2985467910766602
8.652061852316729,-2.175930976867676
-0.6579761516790089,-5.333372116088867
-51.6773231694491,-28.314085006713867
-2.8325461302865187,-2.4616260528564453
2.12749125232924,-27.200071334838867
3.562549470771905,-6.033855438232422
-16.517773128145326,1.8950200080871582
6.874655354673765,-1.0855741500854492
0.2047767843086013,-4.787130355834961
-2.698758931910008,-8.870862007141113
1.8601156760560384,1.599334716796875
-22.2455703021075,-21.466278076171875
2.4288820651169605,5.055927276611328
-16.8307740899425,5.198707580566406
20.7191486697607,5.06524658203125
-30.7261055182573,-30.598108291625977
-38.4849400567448,-11.523078918457031
-14.3103126367969,-10.95482063293457
0.7860328468455551,-1.8157806396484375
-48.3858044800915,-28.10942268371582
-3.21662088766757,-4.94145393371582
1.675245639565673,1.4794502258300781
-90.3299705619704,-29.76250648498535
-9.28527551691871,4.4991912841796875
-1.2293411329062325,0.4245491027832031
-4.534682244798708,-11.766826629638672
-68.1959205924323,-35.49436569213867
-24.5242345195019,-17.964569091796875
-2.77042962989298,4.021095275878906
3.8009101564042025,6.3520989418029785
8.933703319425492,6.856125354766846
-11.341527235964405,-8.64965534210205
6.71098989067457,5.644657135009766
4.54734483862441,0.3746681213378906
-5.16341129781556,-13.687707901000977
-49.062306315025,-11.590648651123047
5.26551760771767,1.6870803833007812
3.33951124606136,-7.199369430541992
5.006519903780723,3.195840835571289
4.05485944970297,0.06917285919189453
2.283405953189745,-3.080410957336426
-2.66483863280114,-1.4759712219238281
12.566471603210276,7.722207069396973
-27.9020155354992,-14.262567520141602
8.88265541550952,6.987083911895752
0.1652887870268324,-4.030573844909668
15.4985727759109,-0.5405788421630859
9.014890317831036,2.4924049377441406
1.4803529144374856,3.5535240173339844
18.1939100849816,8.958832740783691
-2.6304973605131474,5.4665374755859375
-5.493763326806099,0.23421478271484375
-0.6715208179901364,8.170455932617188
-36.7383193130824,-22.676986694335938
5.062784719364307,5.990543365478516
-12.026803679110706,-17.578805923461914
-3.01321716593974,0.5335350036621094
8.35813394800668,4.003394603729248
-3.60075442831331,-4.496282577514648
-9.509135784465323,5.825924873352051
-19.6175855102284,-7.052048206329346
-27.8629509568953,-11.58703327178955
1.74273211890989,3.6611385345458984
-2.19578977406709,-1.0221586227416992
2.42002639701588,8.592869758605957
-25.55316918036869,-17.57895278930664
5.635020609606415,2.2514429092407227
-34.727836669101,-17.250619888305664
4.4516036428765,-8.362567901611328
4.967381413305823,4.537168502807617
-6.81516141534704,-4.674505233764648
-24.3954295810688,-4.980307579040527
8.658679095048068,7.268540382385254
3.7347243087796,-14.060066223144531
-12.909633143366396,-10.458959579467773
-60.49569009623433,-36.70411682128906
-3.790702882666694,-0.13576221466064453
-12.41068356063,-5.75931453704834
2.76740193393285,-0.32288265228271484
-18.9061714872788,-9.237441062927246
-3.681083449701528,-22.168853759765625
8.13893448615947,-1.2384710311889648
-51.402683514636095,-24.134424209594727
-3.0703466753296,-6.587257385253906
0.4646043967887734,-1.134836196899414
5.989492839405608,-11.335856437683105
8.833837192566008,6.537013530731201
-26.1965705632023,-8.105574607849121
0.0804428699766095,-3.363431453704834
10.229168329440906,-0.5334844589233398
2.12042655289975,-3.3049211502075195
3.88810032819938,-5.038492202758789
-31.515616413872173,-17.52958869934082
2.28163515100639,-2.1808176040649414
-9.633163292669298,-16.944866180419922
2.63206586722876,0.9133434295654297
0.3189015990893598,-8.71365737915039
-6.31868596379813,0.5046844482421875
-6.4648984000359935,-14.488954544067383
8.91646092056966,1.3230257034301758
-42.637521131086125,-17.19928550720215
-89.5439156156453,-38.15013122558594
9.179556151687803,3.087820053100586
8.754663680824095,1.9576611518859863
0.8838679103249854,-4.8681321144104
4.338369925074482,-1.363555908203125
-18.23432595343749,-22.168231964111328
6.92534745147092,0.8581790924072266
-1.768261666543676,-3.6487884521484375
-7.87226820943855,3.2822470664978027
-12.0847368637308,-6.08059549331665
-4.4222229386498375,-0.8939704895019531
6.63109301847755,5.09000301361084
1.675381804264854,-4.679570198059082
-6.897600670415837,-12.641410827636719
-12.2774867069717,-13.849560737609863
-3.963646539183849,1.789236068725586
-2.552277046947741,-9.9429349899292
-10.78700495517378,-0.025472640991210938
-6.426376983867103,-0.9386730194091797
8.2142562177934,6.622175216674805
-16.967828162594074,-2.4676036834716797
6.07843040491799,-1.3663506507873535
3.08443697315444,-6.4988861083984375
-1.3811964732242277,-4.689592361450195
-4.51305804704249,-13.867932319641113
-9.93375477053989,-1.826247215270996
-0.6581754288220045,-1.470052719116211
-7.952166005584182,-13.206518173217773
-13.563015982384195,-19.912132263183594
-47.9957157156951,-20.035663604736328
4.96190002222477,9.097648620605469
-2.0240269290899,-3.1283092498779297
3.47166270740147,0.04001140594482422
-5.2815921348029296,-4.5581464767456055
2.369358494612781,5.314901351928711
-4.214346026907057,-10.838189125061035
-23.8934551543691,-19.124103546142578
-1.0659561461183158,-13.040233612060547
3.126169348435272,-20.680877685546875
2.35164464781062,1.3118867874145508
-1.79502295092813,-1.0770339965820312
-15.957982665262508,-22.334104537963867
-64.65676531723692,-41.2740592956543
-27.8195558011628,-25.093769073486328
-10.480511156242285,-28.166635513305664
-6.18357684414468,-7.446231842041016
-6.75960002722117,-2.480527877807617
4.4105627388370605,3.5535449981689453
5.58846482112586,-6.196268081665039
-16.8483709423333,-8.867315292358398
16.1850033157246,9.833305358886719
-3.34531377329845,-1.0905742645263672
5.893700156574014,-1.0790843963623047
2.745769909533195,1.509613037109375
2.53362859007723,-0.44028663635253906
1.0880788430276551,-0.1470646858215332
