Score,Pred Score
-13.812973987503693,2.514646530151367
-14.6311710829416,-24.772119522094727
-15.020937907067507,-15.650880813598633
5.61896917638109,0.8685188293457031
0.1461877509898399,-3.399346351623535
3.59745169898486,3.573793649673462
-6.72144892291601,-8.127275466918945
4.304204520484877,3.5123329162597656
3.37898618824583,4.928476333618164
3.939818822274421,6.352724075317383
13.9953943577381,27.902996063232422
-5.39913759737588,-6.5538482666015625
-2.204579993178592,8.045305252075195
8.829561804598438,11.127076148986816
6.01696699102072,7.3419189453125
-6.376202369524528,-5.598356246948242
-6.50906463316165,-5.296731948852539
-60.92137282626391,-14.453847885131836
1.99934019108803,0.010910987854003906
2.188685633501576,10.005020141601562
4.07090957771029,-1.3907089233398438
0.5211206139658471,-5.380102157592773
12.5580583918003,6.426117420196533
3.320229681965675,-7.331453323364258
-0.4381862293696001,-0.6646270751953125
0.1752112379752922,-0.7185344696044922
4.123908949931413,3.489452362060547
-14.2382866820043,3.936870574951172
12.966325580978296,10.335290908813477
7.692941411907634,-7.5124101638793945
-62.9031214125763,-31.868812561035156
-5.800670766453999,-12.565975189208984
-11.705366535732304,-4.9043073654174805
-4.786538605318405,-8.420442581176758
-82.4887013651952,-32.25611877441406
-8.251107402184557,-5.949090957641602
1.61677665352485,-3.657367706298828
-11.916211326129387,-28.07068634033203
-45.634880019414,-23.343170166015625
-0.568998602339841,-5.501391410827637
-12.147399114840605,-7.775107383728027
-27.4476544011683,-28.836105346679688
-2.306526469902426,0.17757320404052734
-0.4835459876036119,-5.876300811767578
-8.39479061793487,-12.112744331359863
-46.862925671502296,-23.247486114501953
0.3837795244341289,3.9743967056274414
7.184930267876617,-2.382486343383789
2.8348518495029404,-1.6733989715576172
-9.859535687586003,-1.366485595703125
-6.00025755794808,-9.029658317565918
-4.764629840066975,-5.376363754272461
-2.377061578670744,2.141786575317383
-2.0585753436264698,-4.504169464111328
1.1848602197973823,-1.425081729888916
4.97603191479674,8.105000495910645
4.27399441028646,7.1456193923950195
-46.2372447228831,-27.631357192993164
-31.4759298257721,-12.457127571105957
-50.1674018945849,-25.028221130371094
0.9601515747159592,-2.862436294555664
-11.864177458483407,-7.334131240844727
-0.538262620928304,-8.818824768066406
-0.6920482116816997,-2.6115331649780273
-1.5184696160120892,-7.0182647705078125
-3.0836644409391925,-20.213762283325195
11.316750179392892,1.2933616638183594
-11.183106529127476,-4.416814804077148
3.59102041590596,3.902193069458008
4.55602013063716,7.088474273681641
11.579228393987275,3.5214664936065674
2.3067635611900137,-17.53943634033203
10.480393919522983,-0.8319301605224609
-2.698100773809443,-13.452184677124023
3.776985072333982,-2.5048627853393555
-11.773766374328297,-4.761412620544434
8.681027307740193,0.4506721496582031
-1.1091988250418725,-15.503352165222168
4.484288991501213,-1.5207252502441406
0.0548896546292299,1.5527496337890625
0.1118559290339978,-15.21875
3.9797293996962297,4.576297760009766
-22.42608065327665,-22.400970458984375
7.37064384347005,-13.8684663772583
-0.2642143205483515,-10.192022323608398
5.344594984386832,-11.718555450439453
-1.2497809936708242,-14.360319137573242
13.71198107208239,-6.705012321472168
0.5045482395984724,-12.179749488830566
2.86709961553106,-4.086221694946289
0.4423212163888063,1.5486183166503906
-3.724573545179619,3.069223403930664
0.2570808252882703,-6.855253219604492
-70.65073406723695,-30.025123596191406
-33.9587360563784,-17.657230377197266
9.2088386022025,3.0359888076782227
1.3318185914773402,-4.796579360961914
-9.176001953270983,-11.850948333740234
-10.497767159210698,-9.180452346801758
-0.4402086584014632,-17.389108657836914
2.1560784090827942,-10.320966720581055
-27.1636490162131,-4.9696455001831055
-0.670930828719279,-19.525074005126953
-22.794043146736,-31.114990234375
0.8105828534072201,-9.391571044921875
1.2287673509824204,-12.820493698120117
-0.6435038581465955,-2.531656265258789
8.474782023793379,7.595461845397949
-9.601847091024196,-0.1839923858642578
-1.6610011043127195,-6.723308563232422
-0.1091636509260827,-7.2266645431518555
7.570838092245207,-7.240780830383301
-7.211196994815285,-26.568937301635742
9.090654061652296,-17.33853530883789
-26.6651088566214,-4.433966636657715
-17.309192174305,-3.3063888549804688
4.14054171285972,12.701568603515625
4.097668935846943,16.29704475402832
-0.29408409265346,-8.310834884643555
-35.8165916579592,-16.488189697265625
10.898098675545494,-7.189054489135742
-1.6552655274048038,0.4856414794921875
1.6729502580778592,-19.968955993652344
-6.42491227706334,-15.739355087280273
-15.4752611754195,-11.57784366607666
-0.6907348474047925,-5.783420562744141
-21.3629045873375,-15.831443786621094
4.219145585451182,-16.189659118652344
-3.019531285218114,-1.6049842834472656
4.25311060075082,5.982382774353027
-15.0412339008878,-4.626386642456055
-8.237627320974727,-19.51776123046875
-1.0683487237199796,-8.894094467163086
-1.7174251595272625,-10.79442310333252
4.069163600073605,-3.253188133239746
-10.162041561092582,-25.208717346191406
-5.97248436581227,-9.139782905578613
6.120538767403939,-7.810659408569336
-0.8028238008287005,-17.487607955932617
-23.6042929930625,-21.286455154418945
-0.1777753404752198,-7.496577262878418
-5.785469568057495,-36.58023452758789
-0.0556983764780604,-0.9498653411865234
-25.4508968849616,-7.836683750152588
-5.3185412482723295,0.07550621032714844
9.1356503291117,3.1713714599609375
4.020569536845237,5.474872589111328
-58.5527340809363,-4.363502502441406
-6.291328737399075,-3.1752052307128906
4.187869588752649,-0.004138946533203125
8.922207576391518,-8.665042877197266
22.7414116448382,5.820547103881836
-44.6057608529879,-33.169002532958984
-26.5129077898497,-14.556366920471191
-2.13735826282737,-7.666141510009766
-1.14890133483728,8.984782218933105
-15.2234416939723,1.4590644836425781
0.369316059642221,-6.608841419219971
-0.6884117876070912,0.10365009307861328
-5.8772631055401,-1.5462112426757812
3.6053774296538297,-7.804160118103027
5.07108724357905,1.4478645324707031
1.292753014965791,-0.8765869140625
8.440986836263871,13.51810073852539
-3.43040335892423,-4.599632263183594
0.7651079053562314,-9.060397148132324
-37.13962469223695,-30.458070755004883
-5.822632503482525,0.5072088241577148
-6.879472048396067,-5.928215503692627
2.11024229353816,-2.47397518157959
-7.1526743450051855,-10.152288436889648
-1.122073026503361,-1.3599443435668945
0.3302260274555297,-12.665385246276855
-1.178255647098801,0.060455322265625
-2.99361591491145,-2.827526092529297
-18.1070051290659,-17.434005737304688
-3.0332808194811403,4.8923139572143555
2.6303171850506604,-12.936651229858398
-9.72499716390718,-1.8895854949951172
0.2729453578388601,-9.35566520690918
-21.4503408223732,-11.433870315551758
-4.99755531471552,-6.594120979309082
-18.0018409950579,-28.394214630126953
4.00031385473591,2.4882259368896484
12.0378145652987,9.31575870513916
14.1235470599023,-6.451528549194336
6.55729051148795,-3.7137889862060547
11.19992297656359,3.6712899208068848
-7.81388191369781,-4.339148998260498
-2.924593214648255,-12.741103172302246
3.7667366885646025,-8.33456802368164
-6.68253431604433,-4.87054967880249
0.7345204104922589,2.877505302429199
-10.626155896203898,16.833425521850586
8.106852576346123,4.098965167999268
-58.24412469223692,-35.00465774536133
1.4955767028094,-5.171736717224121
-17.6906096863185,-22.883094787597656
-4.813871520282443,8.40434455871582
-11.8973420493851,-4.857213020324707
-2.67676896274171,-1.8174352645874023
-3.9331393974605526,4.6734619140625
8.756217929094177,4.296218395233154
-29.2662792150344,-1.870767593383789
1.7249239205326918,-0.2452869415283203
-6.686975812883663,-21.196271896362305
11.10272802991041,8.557160377502441
-10.956818171714705,-2.5690975189208984
-6.3500959185649,-14.528051376342773
0.6681105368389735,7.634984493255615
-12.500029270357295,-18.36884307861328
-2.591242863373206,-3.650674819946289
5.954690473588823,12.480968475341797
-43.929359067237,-29.705577850341797
-17.4841411730512,-12.347790718078613
3.61441892535489,7.413030624389648
2.1112971208509976,-0.86627197265625
-41.8026500314277,-23.38033103942871
7.028135642932115,5.797977447509766
8.463248256721428,3.7053356170654297
-13.037072413777096,-14.488287925720215
-1.6307504375632549,-8.554326057434082
-0.3284521577656807,2.490293502807617
0.4685622181175212,-8.03059196472168
-5.316952415477393,10.205864906311035
4.584421564331302,-5.258225917816162
-20.3593816575191,-15.723563194274902
3.67041582610247,-3.6600799560546875
2.204062447972561,2.392313003540039
-4.666937653128132,2.8213233947753906
-12.3781694316975,-9.995083808898926
7.06923762363823,-0.6370792388916016
-37.2883298194418,-14.163848876953125
6.442434166934048,-0.20920705795288086
-12.2162083245621,-7.741307258605957
-20.3623076046531,-4.481542587280273
-5.45440876641342,-1.1917095184326172
3.1416241584890576,-1.1878337860107422
-4.96580172718434,-10.357474327087402
-37.4061766871973,-24.425504684448242
6.46185690649625,-2.5960655212402344
0.5403453062071405,-0.9844398498535156
8.656689402528613,2.4924373626708984
12.331931266595111,8.603071212768555
2.75380173901167,-3.148135185241699
-2.8447496930443927,2.357362747192383
0.0285872237409883,1.4131221771240234
-73.5286754265322,-1.1862363815307617
7.285509446842615,4.713411331176758
6.72046542688671,4.015131950378418
-6.19730890695259,-5.246786117553711
-16.4599719883519,-4.195042133331299
-10.288292260688207,-3.4082765579223633
-10.285920522724917,-1.0867581367492676
-30.8171784242839,-3.088907241821289
-4.65691689928222,-6.700166702270508
-37.1716279374795,-16.554489135742188
-36.50577458359941,-7.023662567138672
0.7942566624333496,-7.998272895812988
-34.8552692363716,-1.738032341003418
-2.491707941339629,-2.114926338195801
1.7387039934851498,3.1979618072509766
18.9715733525152,14.559109687805176
-13.8996269060666,-6.5418901443481445
4.17561229224804,11.744226455688477
4.7680640763497,-11.35845947265625
-6.745372906074374,-5.751626968383789
7.262818938793504,-5.080083847045898
-55.7541546140486,-21.874507904052734
8.453421074249384,1.0316791534423828
-5.85807143580148,-0.7400045394897461
-52.7336020518746,-22.559484481811523
-1.995826789875676,-9.198471069335938
-1.3326443092463092,-16.643278121948242
5.029017096161708,4.198981285095215
-0.71117494174041,-3.049602508544922
8.243548509216069,5.150659561157227
5.81602235619721,-8.503223419189453
5.978124919049687,-10.421238899230957
-2.8859593337581737,-3.709408760070801
-26.0047332498617,-24.588603973388672
-1.5220929784942658,-6.932631492614746
-3.195242757261453,5.331001281738281
-15.0089303719363,-10.219097137451172
-1.757118944268968,-26.267902374267578
-13.5091075877696,-6.124216079711914
-4.0681667574955,-11.700359344482422
4.43276114617859,3.2445907592773438
-4.665207913971671,-5.303733825683594
7.33919324558513,2.8557796478271484
-11.69780882660921,-9.499756813049316
5.960801203295765,0.9697237014770508
-29.9162730471743,-26.97690200805664
-5.331847529263395,-6.393129348754883
4.2006804390709,6.088493824005127
4.76541245752904,9.929973602294922
5.87221574658101,2.899259567260742
-12.955988512618,-20.266077041625977
-14.4061745570978,-10.0425443649292
13.644333664082708,6.788867950439453
7.522446474796843,1.5558502674102783
2.858782897786812,2.8650035858154297
-49.8653288018085,-33.46775436401367
-4.029904705212941,-6.096210479736328
-6.2026319104393295,-20.519615173339844
4.452168509343501,-1.1134634017944336
-16.475900892606802,-4.514124393463135
-11.03094492075089,-25.789155960083008
-8.08045020128908,-7.300069808959961
1.39259946716825,-0.9807624816894531
-14.885807229381896,-2.0509262084960938
-11.113180908425988,-9.633550643920898
5.506094216928792,-0.8386945724487305
5.29091659278858,7.5998687744140625
3.42106467876526,3.9027633666992188
5.162821279449693,-0.5480318069458008
6.020551076354931,-2.401796340942383
0.8086942897832163,4.32182502746582
-8.80546181278599,-6.556084156036377
-7.42349600405968,-0.17489051818847656
-14.4731176558811,-8.102128982543945
-35.5448186771701,-18.383590698242188
-1.657597602265355,-9.06077766418457
-1.930224441335125,-2.3816609382629395
-10.398648228661925,-4.192690849304199
-1.6521884315998507,0.7137241363525391
1.3131129859732091,-2.3068389892578125
-0.1240821746904601,-3.5456156730651855
-35.1709788883515,-22.514137268066406
0.6771989561182002,1.0328412055969238
-5.8677981963370005,-6.703868865966797
0.7982616963508231,2.885601043701172
2.595279020812243,-1.0334386825561523
6.9472187772133225,-10.781084060668945
-41.1395198834054,-14.5503511428833
-35.4604736838065,-23.20563507080078
7.87379173269718,6.836267471313477
-8.72128086410909,-26.044368743896484
-82.13826531723697,-11.62619400024414
-9.70693692529289,-18.978029251098633
-61.4386715672369,-31.218765258789062
7.10938257895085,-1.6205692291259766
0.4007388327427847,2.488687515258789
-0.7455370396145937,-5.672266960144043
1.674966057420845,-3.760812759399414
11.877856996640997,-1.2574949264526367
-0.9096556467231308,-4.922479629516602
-1.4680391508473674,-2.1293277740478516
15.6414782015599,-5.538896560668945
-10.35739215730591,-9.709295272827148
1.926107182225645,0.6994619369506836
6.99756701325662,2.7789363861083984
3.54836143321337,-4.742511749267578
-7.726553411266567,-9.431529998779297
-48.51478094223695,-28.638248443603516
-3.0453156276270903,-2.7974586486816406
-3.454798154796729,-1.205373764038086
9.503977484174175,-1.0721402168273926
6.001532732018722,3.4848155975341797
1.775572054007981,-4.531364440917969
-2.6871577689602653,-3.701502799987793
-7.920344649869953,-23.227163314819336
2.578081311550471,4.434288024902344
-14.434457477598505,-6.446368217468262
-1.338045882914232,-10.331186294555664
-44.1817825469333,-30.678773880004883
2.4314234692194163,-11.156706809997559
-2.35314836228574,-9.675712585449219
-2.07036107592124,-3.518138885498047
-6.560167066336443,-17.813005447387695
-2.54688332955635,6.697052001953125
-7.940842049461227,-12.762508392333984
-7.789052707582185,-2.82174015045166
-1.4295761119406232,-9.477167129516602
7.206977941743588,12.755050659179688
-4.081394009803599,1.9498481750488281
-30.167243616457,-17.473159790039062
11.7225687296843,1.8845100402832031
-0.8984319813221007,-6.3509297370910645
10.349523074958825,-7.041327476501465
5.42147270471237,-1.3089370727539062
-0.3136273830120112,0.038196563720703125
4.398848813602776,5.8997039794921875
2.099307195887115,2.3347034454345703
-61.6890402284636,-14.69509506225586
-7.08434802004719,-2.1785688400268555
0.6962467393230812,-12.000779151916504
9.0758909366509,-0.799952507019043
-1.9263965715605047,-5.187505722045898
-6.262949496708321,-11.443058013916016
-4.739766082030863,0.85150146484375
-36.8822022827233,-25.853713989257812
3.24770439300306,-7.9988226890563965
-2.289513933263135,-1.9003305435180664
1.41805545618482,-1.9917240142822266
-24.4432878855492,-0.4902782440185547
-24.96156751119129,-11.580109596252441
-7.734574598544068,-17.782922744750977
2.79124989437018,1.0627079010009766
-5.17831154550348,-14.336640357971191
1.5275640312561216,0.7608165740966797
3.682989905065457,7.619709014892578
-10.8237586662752,-24.398128509521484
-6.929951553081727,-11.222012519836426
-27.96215708599589,-19.483264923095703
-2.88087637063392,-7.262950897216797
-5.960419628776203,-0.31121063232421875
-37.189874708633695,-8.8963623046875
1.1496085756031087,-3.4591541290283203
-12.7137936794919,-16.57656478881836
8.398744223780918,-10.189138412475586
-33.3004252633332,-27.757373809814453
9.144089281431205,7.993701934814453
4.065326821312747,-2.4528770446777344
-41.9047429025821,-19.43580436706543
7.383552345763623,-2.897665023803711
6.364261125349779,-1.4796066284179688
4.841793570156368,-8.4441499710083
1.6198341998494314,-1.2244043350219727
4.179707781567577,8.815967559814453
-14.7229944429405,7.878284931182861
7.078924552126015,-1.4622926712036133
-12.898019313824,-21.448305130004883
-70.8116033690518,-10.766496658325195
12.7359625054994,14.002090454101562
5.586124430090477,5.443717956542969
3.028467183462371,2.8407230377197266
-5.830142578087577,-14.903318405151367
-22.6841489367301,-14.678888320922852
-1.51657819068512,-1.3886470794677734
-81.52648016021857,-16.383556365966797
-3.36903782007548,-4.481697082519531
-18.707844022,-9.323481559753418
-34.48768519828235,-21.877023696899414
-39.7169735486916,-12.170791625976562
-1.593720937577549,-2.73868465423584
-23.2954444871652,-7.961098670959473
-45.30258920076982,-20.028718948364258
12.5056328567953,1.4140424728393555
-11.9299972333177,-7.475797653198242
-37.9495035857927,-4.293191909790039
0.7001962140772594,0.7824440002441406
4.49418879319923,-0.1283588409423828
-39.0646563811545,-30.444761276245117
-9.09730633851708,-9.814406394958496
-17.5589533745204,-19.7799072265625
-4.92782811871599,6.221086502075195
-8.2299173561342,-23.370460510253906
2.60625970962018,-6.451362609863281
2.726862934921635,0.6404399871826172
4.071661498679735,-16.038511276245117
-13.2494383747796,-2.4476938247680664
-11.9154244975033,-0.07832622528076172
0.9090871567987184,-17.515377044677734
7.92708077877978,4.06707763671875
-3.119647295186995,-9.040048599243164
-2.248378586620203,-10.408167839050293
1.6646916021852596,-9.203041076660156
0.1590569364430157,-7.394220352172852
-77.3623903172369,-26.669052124023438
15.8859560938761,8.750571250915527
-3.11888044241469,-3.7605857849121094
-2.7468186065138984,0.04587554931640625
2.77922195660905,1.4633331298828125
4.052279150357491,-7.857247352600098
-4.03806373695381,-9.536120414733887
-2.4461467814868523,-9.424688339233398
-0.1639564470097907,2.423374652862549
0.8542168432631491,-28.960655212402344
5.84905996845087,0.1297016143798828
-5.77665564868809,-1.846165657043457
-3.7008288999313423,-5.800045013427734
-7.18713065449027,-18.781625747680664
-0.9529303605806088,1.735128402709961
-15.902118442879,-13.22068977355957
-28.0636361890057,-12.913753509521484
-26.912205886836706,-25.244699478149414
8.596988309863011,7.081735610961914
0.2877587512502297,-7.690467834472656
3.3899996482015826,0.801055908203125
-20.5869014386951,-16.736804962158203
-9.341800010912078,-4.368398666381836
0.1692077246922899,4.134836196899414
-1.857666460494741,0.5120372772216797
-13.2752747780792,-24.504793167114258
0.7445982178878973,-9.628533363342285
4.49646859469848,0.027729034423828125
3.60913262992784,-1.0161705017089844
-5.653435188749545,-5.338294982910156
1.51502173443586,-0.33683204650878906
8.143116180793372,10.364093780517578
-8.36164856265281,-29.459945678710938
-1.130678948105339,-6.509731292724609
-4.349210006555943,15.87734603881836
0.2594141505344826,-6.128162860870361
-32.1283374054069,-23.36388397216797
-1.9051378030600723,-3.5196189880371094
4.768047800449637,-8.69997787475586
2.264898495983479,-14.579575538635254
-6.47138721063866,-8.75839900970459
4.93167956005568,-14.86965274810791
2.4851768276660025,-4.121118545532227
-3.930469946192945,-9.835814476013184
11.923948375295712,4.685601234436035
11.616605850275496,7.419624328613281
10.41580460128629,-6.951029300689697
-8.700462669667385,-10.045506477355957
13.1991243046288,4.378101348876953
-4.75101729862813,6.137432098388672
-1.4230966237807086,-6.923956871032715
-2.07861348348741,-8.18513298034668
10.292368565007404,13.777179718017578
1.9007667723773176,-5.144130706787109
17.1612744381531,6.871482849121094
-0.1428452494230792,-1.2781972885131836
2.4933992323843923,-2.122486114501953
-13.861300672159,-3.66996431350708
-1.7943154401891548,-1.4962987899780273
-4.15624175439773,-3.9863600730895996
-14.277645616907492,-5.415957450866699
2.713132201978397,-12.42572021484375
-13.315456279797685,-24.688087463378906
-5.36204355968609,-6.053169250488281
-1.4872271509121793,-0.1647968292236328
0.31232235517322,4.369451522827148
3.0307168501552093,-4.848624229431152
3.4484762474106,5.462976455688477
-34.0729170807354,-20.087684631347656
-25.0659802428987,-0.08866119384765625
0.86771933446589,-4.290260314941406
-11.996919710325,-7.987598419189453
17.2594267615487,7.29840087890625
-56.2560888739038,-43.07850646972656
-12.7386491421071,-22.237327575683594
-3.520787796436005,-13.3060302734375
-0.8014467498558491,-14.701545715332031
-34.7812340468876,-20.42059898376465
7.158235365631607,-8.22417163848877
3.29681579894721,0.8956947326660156
0.046018285265003,-17.790283203125
2.046344769010002,-9.259765625
4.25403099118957,2.3531179428100586
3.7804230286959792,-6.151863098144531
-3.773219093074008,-10.478034973144531
-9.722403045722997,-2.835376739501953
2.81101468536903,-2.6954617500305176
-23.7494411406013,-18.94355010986328
-75.56229656723696,-28.634273529052734
4.366245372711767,6.135414123535156
9.94612085382829,10.760673522949219
-8.207132148775708,-29.329376220703125
-3.09775596823669,-7.446404933929443
3.77256113899207,1.981658935546875
0.2016574678685985,-5.423532485961914
4.38808277416547,-3.6168479919433594
3.7092867134231,-1.1688976287841797
1.6740112862957208,0.3097820281982422
-5.472376660417956,-3.573410987854004
12.283123760680592,2.29302978515625
4.417989059347175,-0.14139270782470703
1.907333647224608,3.9507532119750977
-3.73521146317182,-7.006325721740723
7.837521570550837,7.335124969482422
4.82455755953161,-7.69017219543457
-0.6472060937938101,-1.707686424255371
-8.237956686764985,-11.527786254882812
7.36579899286375,-6.122251510620117
7.859716520666763,7.268898963928223
2.765011277030255,-2.344928741455078
4.62415639298937,7.078296661376953
6.430237727930085,-8.860280990600586
2.44728958086436,-2.4309797286987305
-1.93656353174353,6.549127578735352
-33.7845903951132,-21.790237426757812
10.960301672714698,7.2001800537109375
6.147225205740463,-9.62664794921875
2.4659746492236927,3.4303436279296875
18.2642273209106,-3.2592601776123047
7.656482330373112,3.1125411987304688
-63.2346715672369,-25.783401489257812
-22.9610154952969,-26.648433685302734
4.39789099231211,-6.210561752319336
-46.587141393021525,-23.309093475341797
-12.281506448986304,-0.8842644691467285
5.220668557811489,-2.261676788330078
-1.4412632820262703,3.0034446716308594
-35.163016426576704,-20.151981353759766
-31.380009974583203,-14.40960693359375
-2.6184282494780104,-1.792191982269287
-37.3999740396079,-21.846256256103516
-10.594900847222812,-13.043329238891602
-23.227454082363305,-13.198310852050781
-15.4814292943448,-16.406646728515625
-6.89310310865277,-4.921266555786133
-11.7962452523223,-1.3132915496826172
-0.3887710448227697,-4.627213001251221
-4.0896099478500325,11.112371444702148
-42.6579269422049,-22.582611083984375
-2.095241650043551,-4.510051250457764
8.45389840526827,-4.436180114746094
-15.5157954828953,-16.076501846313477
-1.9802660997523944,-2.5487327575683594
1.8368511005450223,-0.5594940185546875
2.11900133622217,0.9439620971679688
-38.4962238749225,-14.465383529663086
0.8069046214032297,-3.020033836364746
-1.73607437190069,-12.903146743774414
-8.46093254820262,-5.194954872131348
-0.0780407432645869,1.9363863468170166
5.009535132419683,7.078413009643555
-74.9399761386801,-30.492919921875
2.806732553915905,-0.22371387481689453
-10.415057364934407,-3.599337577819824
-4.81834176383161,0.2689838409423828
-1.4920816076829602,-1.038309097290039
-0.003939288658445,4.011046409606934
5.86288473591452,1.8932571411132812
0.4443344011282492,-0.4411907196044922
5.72263802046558,6.641660690307617
5.46583466116103,-7.898787021636963
5.05355462238675,-7.93771505355835
-17.190033530139498,5.892769813537598
-10.1192188918475,-1.8984260559082031
-10.539071528779305,-6.848716735839844
0.2492257167476033,-0.8595962524414062
5.35198813185094,4.6361284255981445
14.9823899147147,7.0771589279174805
1.7336328627834918,-7.56297492980957
3.2582764286422226,6.824787139892578
1.1615369027166365,-0.9047946929931641
-42.4099588259267,-14.354894638061523
-38.7823663998969,-12.985029220581055
7.99575647038201,-0.17441844940185547
11.644495901203598,2.037822723388672
-39.0956747424042,-2.013517379760742
-38.6438610292767,-13.164848327636719
-40.5029244010595,-31.552532196044922
-22.8644313188967,-3.6716911792755127
-0.897066728281827,-9.895727157592773
-17.6830733389949,-6.111237525939941
-0.0084306638066775,-7.521079063415527
0.5394390329931549,-2.846803665161133
-21.61387508166409,-23.064300537109375
5.053393098685065,-11.393584251403809
-15.7834934865799,-14.455032348632812
-58.40351531723695,-26.675262451171875
8.86280218600469,6.172757625579834
1.888243484494037,5.317295074462891
8.99923705482913,-6.542699813842773
4.133325903305868,0.3095378875732422
4.774357664359128,-3.722951889038086
7.418770080750715,-7.9342803955078125
-2.25262466719878,5.23167610168457
-7.071587649042333,-7.922976016998291
4.398742241377427,-0.7017707824707031
-8.692928400841772,-2.841381072998047
2.334382802629,-10.454630851745605
2.8274240704709,3.865671157836914
2.1747311895065486,9.831064224243164
-11.9965988914421,0.9464945793151855
2.776867734737273,-11.344770431518555
-12.4595255596924,-0.20967483520507812
18.5317724911246,1.13214111328125
6.86106163750481,-0.90045166015625
-19.1693792779686,-1.2183761596679688
-4.20883890972707,-0.4690208435058594
-0.3530077955256401,-12.906229972839355
-1.6020246929696491,-27.029720306396484
-7.57557880794988,-6.611137390136719
13.9692836454661,-2.4514307975769043
1.289294757415069,-2.903684616088867
-20.3746494688195,-30.7097110748291
-8.044482691931467,-7.315958023071289
2.51340467963473,-11.83030891418457
11.0282847349576,8.90131950378418
-1.3944922949507652,5.311244010925293
-26.2706781913698,-15.39362621307373
-71.7765711158932,-35.37840270996094
-44.2857422252861,-18.144601821899414
-3.057699221935841,4.207735061645508
10.116767222520318,7.800820827484131
-46.9980356488569,-27.567630767822266
-8.677497573270493,-2.9380016326904297
-25.781275563237,-15.744081497192383
-2.941164138388841,-5.474078178405762
-26.5692742661385,-17.64165496826172
1.2555345380058751,-4.269442558288574
-0.810306898238276,-3.166065216064453
0.2404076931068699,-15.193107604980469
-2.5590885431480426,-13.870513916015625
-11.9846830308257,-17.079673767089844
-5.775806690181939,-2.872468948364258
1.9806048133258944,-23.806987762451172
16.618750626525,10.270465850830078
8.204494762209066,2.198291778564453
6.80321923705408,-2.515230178833008
11.710679650337616,-2.7038116455078125
3.181253849239128,-1.3792724609375
0.90894434552881,0.6229887008666992
3.547124544521316,-7.921724319458008
-2.202886656443709,-1.5451831817626953
-11.133669865203094,-9.37785530090332
9.328533024448705,-8.513555526733398
-0.7012610501602399,-3.2078323364257812
-0.3170472839931941,-1.6766033172607422
-2.3458288386735573,-0.404632568359375
-26.1191329979098,-8.218138694763184
-2.33292598982445,-1.4933052062988281
2.461922216333884,1.1701469421386719
3.73205068567752,1.0900468826293945
-22.4462583852743,-10.634469985961914
16.899113604615202,6.714542388916016
-2.85382252753121,0.31702613830566406
1.2705701336207027,-8.751184463500977
7.960789166364423,7.188027381896973
2.71808902854303,-3.7681078910827637
5.5273920092716775,-21.913101196289062
-4.11149235653684,-19.5838680267334
-20.9676231329802,1.0127696990966797
-0.89184437235696,-1.6807093620300293
-1.2816619609782416,-2.4829483032226562
4.85634828411675,8.48723316192627
6.429854346358795,4.1458330154418945
4.71112087372323,1.4459991455078125
-30.7199022255615,-14.997772216796875
-3.8590388668775,-5.639429092407227
-10.6557437737239,-4.907069206237793
-13.4460672849668,-33.18254852294922
-5.527709296795018,-1.5961017608642578
-1.876637029070265,-8.999285697937012
10.2532613363299,8.040445327758789
3.00680128293027,-2.3410606384277344
19.33685959748449,7.074954509735107
-0.1058882282985149,-6.753645896911621
14.3436638764016,18.10603141784668
-16.1535771788668,-27.12716293334961
0.9480162028997956,2.4730701446533203
-18.5891767455387,-23.781635284423828
13.309934514349203,6.376645088195801
6.02246857213521,-1.4293899536132812
5.16750826555368,-1.3143939971923828
-1.0190872666435924,1.4230222702026367
-19.100904418149,-11.387947082519531
4.743603615290096,-4.030348777770996
-13.8157551615103,-11.70211410522461
-3.802611775309477,3.1005911827087402
4.30511943579503,-1.1605186462402344
-22.482844278002705,-25.933012008666992
0.60779733849738,-1.1206769943237305
17.8138573048897,1.7104015350341797
-38.4626262988146,-18.507143020629883
-0.6089836493556324,9.27379035949707
0.8617451361473882,-4.019506454467773
-2.40000424902785,-0.8890304565429688
3.7078671714499096,2.5016136169433594
-2.390619984667185,-13.217135429382324
-15.559462368784592,-9.473529815673828
-13.790764753514,-3.6059951782226562
-9.325981865786185,-14.372138977050781
-58.4491138315396,-25.8090763092041
9.550892694239591,9.637292861938477
4.435147085081137,6.845124244689941
-2.3538192484503564,-0.5605297088623047
-5.83438093189622,-2.69002628326416
-7.10827059552493,-12.637203216552734
-12.414939844598162,-8.460248947143555
6.6154810826822,5.923954010009766
1.3155747227446202,-9.405632019042969
-2.56542276271332,1.2908477783203125
-13.546032832554804,-2.312328338623047
-16.600339428286603,-14.44249153137207
2.9737175212081803,-0.4846019744873047
6.167862854629888,3.2778778076171875
-40.922076323723,-18.8626708984375
16.9349100756105,8.67857837677002
-12.24911226903676,-15.582164764404297
4.867927463076468,1.7700939178466797
-21.6327950573002,-25.86505126953125
7.11033993521173,11.874530792236328
-9.59094984812801,-19.426097869873047
4.92186081619874,-1.220907211303711
-7.815562497274902,7.556713581085205
-2.20364176327536,2.522726535797119
-19.6754058911438,-29.275827407836914
-91.8886792382854,-9.881338119506836
-20.9507978903398,-23.559019088745117
-17.8084408175675,-13.04328441619873
-62.9612541332419,-24.389053344726562
5.598134989920393,9.17556381225586
-7.283890318199592,-2.273343563079834
6.1026124307435,7.054206848144531
7.42840635595139,3.280275344848633
-5.179391847578812,-4.993143081665039
-4.873152982370568,-0.10093021392822266
7.276768036701751,4.776852607727051
-10.739322929783883,1.278824806213379
-22.9219832537164,-32.86520767211914
1.5259403537211615,9.057512283325195
-44.7886924625105,-19.15032196044922
-3.72583443525641,4.6976470947265625
-14.57002364123529,-25.154809951782227
-10.128266274366498,-18.20328140258789
-28.0249952668106,-24.09218406677246
-26.24662901330595,-36.824981689453125
-40.3645652505015,-20.856735229492188
-30.8056950922951,-11.734458923339844
-3.9552380984537248,0.5293598175048828
-2.1789667599796294,-6.421364784240723
-0.5734820606807138,-5.434360504150391
-1.1617148968623687,-6.604772567749023
3.42848617073407,-4.474022388458252
-17.4030551064212,-5.474265098571777
3.88109013796494,5.524538040161133
9.400493271217616,4.500267028808594
-11.302161927872188,-12.91002082824707
-13.3709137252944,-5.908836364746094
-6.79658968512302,0.46556949615478516
4.509456424718162,8.251144409179688
5.45103123545738,-1.1967382431030273
8.149714042401495,-0.4256272315979004
-12.909180343140196,8.164283752441406
-6.61979034735207,0.6795845031738281
11.9978624338519,-2.70400333404541
-12.53254789251529,1.3871865272521973
-8.36198121766124,-15.04685115814209
-4.361976736345532,-4.239057540893555
-0.1898191226144924,-12.531335830688477
2.3166834950764685,-4.37037467956543
-12.6203596574975,-8.963024139404297
-1.207429910073891,0.829376220703125
-29.7403775200217,-9.665858268737793
5.31082796058257,1.5041084289550781
2.97844031586002,-3.4336071014404297
-12.533050119535002,-6.426868438720703
-5.8684323426223,10.631612777709961
2.391980620215489,5.502323150634766
7.73570234615748,-8.036066055297852
1.166748445159433,6.683806419372559
6.093529951556334,4.6057586669921875
17.709922444879297,15.194568634033203
11.779516260068313,5.054755210876465
2.4866177573815964,4.199790954589844
-30.89708550466269,-27.746994018554688
-9.231606713935047,3.263002395629883
-13.4089268865456,-11.402576446533203
-9.06573754635488,-14.21195125579834
9.30630078585379,6.906076431274414
-7.156550033865472,-11.89569091796875
-10.5414716495377,-10.4813814163208
-27.8178569354009,-13.056690216064453
5.3817717725564,1.9069204330444336
-35.155236696245,-19.133766174316406
-21.4141717786538,-17.751453399658203
-2.6053130644292946,0.7182846069335938
-9.953220777101093,-9.822006225585938
-8.798237091769485,-6.43709659576416
-27.6920167541674,-11.368863105773926
8.017093587799739,3.145099639892578
-0.3550158381598589,2.8481178283691406
-1.19024715514191,-13.306379318237305
-3.2855896341823474,-8.082114219665527
1.844566842421384,1.990163803100586
-30.7366736665872,-27.164112091064453
-11.338238855350506,-6.996294975280762
-1.059512617215007,-6.261930465698242
-33.7712071062874,-16.243438720703125
3.812227003524945,14.708041191101074
-2.8472026300298463,-28.444400787353516
-21.5871320482388,1.789992332458496
1.845960760756301,-8.792655944824219
9.06213659212517,5.719152450561523
-13.950148061363093,-12.026183128356934
-15.1006814359747,4.725556373596191
-8.65496498210776,-2.8677282333374023
-31.18852367408345,-19.445846557617188
2.35160533891099,-10.988609313964844
-7.06329362397977,10.115548133850098
-11.299328727708405,-6.293918609619141
-5.73967918172164,-4.133241653442383
-4.062121175440552,-1.4097042083740234
3.62056380925444,0.0022840499877929688
-6.512385872303066,-23.9058895111084
-17.2817979072755,-14.681260108947754
5.79128728304933,1.4010772705078125
3.7921116228684086,-0.8579378128051758
0.51700222845629,-0.5757417678833008
1.0966146270020711,-4.753798484802246
-6.613686761665703,-29.50078010559082
-39.873530292237,-26.510534286499023
-35.0272315856836,-26.715190887451172
0.2475632146873464,1.1951065063476562
5.59963570142504,-9.279341697692871
5.29419053806362,-5.348273277282715
6.457932781589695,9.126522064208984
6.4251548431743295,-2.25213623046875
-19.7885249955934,-12.509469032287598
-2.4097304318056905,-3.9734911918640137
7.543407488617369,2.158895492553711
1.83593808226401,2.1722631454467773
-1.5082203021212124,-0.7413234710693359
5.99108205682079,-3.4155445098876953
-18.1797235112709,-7.786884307861328
-12.840088322870097,-26.438369750976562
-2.23616712442702,3.892331600189209
-4.662511414401839,-10.731454849243164
3.41802282280863,0.6185102462768555
-12.0320822507053,-19.324310302734375
-25.9801803981754,-17.389423370361328
-5.97419023328963,-2.7628326416015625
15.4186986077963,2.4225616455078125
4.480465220149085,-8.432565689086914
-13.2363849677504,-21.22911262512207
-9.362863686069195,-16.683013916015625
4.128157012788561,-2.501157760620117
2.26767773086615,-13.042914390563965
-24.1634597090208,-24.465415954589844
10.013204486477417,7.996495246887207
-31.934070451053,-10.893218994140625
-22.9515728231767,-4.037567138671875
-11.219410776078313,-13.541006088256836
6.00089213826483,-8.075555801391602
-28.9638748432599,-27.466625213623047
3.11049964318654,2.499164581298828
-1.073248118887358,-3.924679756164551
-10.249148139079496,-18.017375946044922
-13.14009076535719,-33.201271057128906
0.7364260970712593,5.587024688720703
-44.9949251983702,-6.151473045349121
-5.159519294761907,-9.326822280883789
1.869241020829697,-10.00244426727295
-55.54568697318505,-29.75299072265625
0.3065104335081801,-12.357701301574707
-10.386374558578522,0.8485298156738281
-3.0345245902191325,-2.7480931282043457
-57.144820014625296,-26.749523162841797
2.85060083445348,10.65206527709961
2.446050707651698,-5.1360015869140625
5.50221601830175,-0.7086615562438965
3.455876052191651,3.307096481323242
-14.6157572128631,-27.659648895263672
-0.874105623616695,-1.4250984191894531
-1.378759213278819,6.253301620483398
1.350733135180331,-4.410819053649902
-1.94666134980912,-2.7438182830810547
-3.36735139960915,-6.495552062988281
0.8319171014720902,-1.174825668334961
-40.2101205720394,-9.112125396728516
-24.577379709126298,-40.38752746582031
-18.6292132467089,-9.759346961975098
-46.39510994896701,-12.538668632507324
-2.487076105276776,-5.120683670043945
-4.752960817423343,-20.002883911132812
-0.1160299782726794,-11.465733528137207
-18.5277286275242,-8.069552421569824
-14.1325019191809,-23.869571685791016
10.909208084253878,5.597225189208984
1.30779520720034,0.3939485549926758
-5.77436797253085,-14.293258666992188
3.986867952152618,6.749616622924805
-21.7936206120663,-36.21383285522461
-2.643556292002,-4.549703598022461
11.0853991753379,-8.692391395568848
-12.9397422629832,-7.806828022003174
-0.190891674386513,-0.24665117263793945
-6.32558602127377,-2.788578987121582
5.391699208755202,0.8393440246582031
-8.998840630677615,0.19112014770507812
-1.6005087696864486,-2.806049346923828
7.5482379424635875,18.317419052124023
-7.642910278690365,-10.173704147338867
3.719171936095444,8.221970558166504
-0.8981307679622897,-2.8492393493652344
7.06032809637297,2.953134536743164
-3.134999611446543,0.2686004638671875
-5.94174589421185,-3.359988212585449
-17.7883076547542,-24.490562438964844
-25.2381267145584,-29.140031814575195
-27.5445722402187,-18.429475784301758
2.6678241356197647,-2.947999954223633
5.02066543392875,-8.733687400817871
-1.67197513843126,-30.364124298095703
6.58117049992555,8.187918663024902
3.12612254618191,6.8766937255859375
-2.1147225087047508,-2.2222042083740234
-76.9668504799361,-11.43669605255127
10.11870938841209,9.768220901489258
4.755697845162629,8.161372184753418
16.5479703149859,5.260907173156738
4.001938538520379,-14.027833938598633
-14.1813773041305,-26.624893188476562
0.7709161631446207,-4.128171920776367
-24.2508933717269,-11.721513748168945
-22.3071231538392,-33.71805953979492
7.2595381633228,4.689992904663086
11.555346181601609,18.513805389404297
-26.258782255785,-20.321338653564453
10.3189652047012,-1.6578121185302734
0.809697096857583,-1.598867416381836
-18.5255095356289,-22.812644958496094
-1.0680791130593923,-6.224952697753906
-3.5390830989045075,-12.220148086547852
10.468583156479704,-2.721116065979004
-10.613183176373598,-9.194695472717285
-6.40442742836347,1.2244787216186523
7.196532980977684,-1.3389415740966797
-10.586292641023492,-2.0699844360351562
-26.79502671025515,-20.380069732666016
-7.187555808667961,-5.794816970825195
5.4465900456679694,4.293845176696777
3.1988276731025875,-5.028803825378418
7.827394642815597,8.734161376953125
3.887422638441485,2.1073789596557617
-3.41466344580097,3.080537796020508
2.667044757168528,2.4825820922851562
1.0590749185315824,-4.306976318359375
-3.9965921287470247,4.536882400512695
10.982614675109394,2.2814102172851562
0.4076170529080399,-3.945863723754883
2.71319811317338,1.3273868560791016
8.652061852316729,-2.6287622451782227
-0.6579761516790089,-6.3796844482421875
-51.6773231694491,-27.045330047607422
-2.8325461302865187,-0.06771278381347656
2.12749125232924,-26.77747917175293
3.562549470771905,-7.405231475830078
-16.517773128145326,1.6775236129760742
6.874655354673765,-1.844313621520996
0.2047767843086013,-4.393176078796387
-2.698758931910008,-9.567548751831055
1.8601156760560384,1.6385297775268555
-22.2455703021075,-19.520553588867188
2.4288820651169605,4.713855743408203
-16.8307740899425,5.7878522872924805
20.7191486697607,6.097652435302734
-30.7261055182573,-28.366640090942383
-38.4849400567448,-10.0650634765625
-14.3103126367969,-9.742768287658691
0.7860328468455551,-1.3815460205078125
-48.3858044800915,-28.429380416870117
-3.21662088766757,-6.383496284484863
1.675245639565673,0.40076160430908203
-90.3299705619704,-31.06583595275879
-9.28527551691871,5.211997032165527
-1.2293411329062325,-0.8859062194824219
-4.534682244798708,-11.417057991027832
-68.1959205924323,-32.25484085083008
-24.5242345195019,-17.535980224609375
-2.77042962989298,3.011486053466797
3.8009101564042025,7.0296525955200195
8.933703319425492,7.841317176818848
-11.341527235964405,-8.041057586669922
6.71098989067457,7.373577117919922
4.54734483862441,-1.6691780090332031
-5.16341129781556,-11.698095321655273
-49.062306315025,-11.036081314086914
5.26551760771767,1.2000770568847656
3.33951124606136,-8.4501371383667
5.006519903780723,2.6735944747924805
4.05485944970297,-0.8201570510864258
2.283405953189745,-2.453352928161621
-2.66483863280114,-2.8240432739257812
12.566471603210276,9.168071746826172
-27.9020155354992,-13.311136245727539
8.88265541550952,8.147705078125
0.1652887870268324,-6.333978652954102
15.4985727759109,-1.4546966552734375
9.014890317831036,1.202199935913086
1.4803529144374856,4.096294403076172
18.1939100849816,7.6552557945251465
-2.6304973605131474,2.9498586654663086
-5.493763326806099,-0.07210350036621094
-0.6715208179901364,8.787469863891602
-36.7383193130824,-21.85906219482422
5.062784719364307,4.198661804199219
-12.026803679110706,-16.864181518554688
-3.01321716593974,2.091279983520508
8.35813394800668,4.458488464355469
-3.60075442831331,-5.381068229675293
-9.509135784465323,5.465893745422363
-19.6175855102284,-5.342796325683594
-27.8629509568953,-11.223520278930664
1.74273211890989,1.1212425231933594
-2.19578977406709,0.02144145965576172
2.42002639701588,8.275545120239258
-25.55316918036869,-15.60648250579834
5.635020609606415,2.1602935791015625
-34.727836669101,-17.44530487060547
4.4516036428765,-8.094982147216797
4.967381413305823,2.7744789123535156
-6.81516141534704,-4.21044921875
-24.3954295810688,-5.248051166534424
8.658679095048068,7.929143905639648
3.7347243087796,-15.300962448120117
-12.909633143366396,-11.133541107177734
-60.49569009623433,-35.720191955566406
-3.790702882666694,-1.3169574737548828
-12.41068356063,-6.644626617431641
2.76740193393285,1.0762090682983398
-18.9061714872788,-9.467860221862793
-3.681083449701528,-21.35775375366211
8.13893448615947,1.00408935546875
-51.402683514636095,-24.723487854003906
-3.0703466753296,-6.730027198791504
0.4646043967887734,-2.533985137939453
5.989492839405608,-11.707500457763672
8.833837192566008,7.796303749084473
-26.1965705632023,-7.657862663269043
0.0804428699766095,-3.5597572326660156
10.229168329440906,-1.3741378784179688
2.12042655289975,-3.2697792053222656
3.88810032819938,-5.238480567932129
-31.515616413872173,-18.645660400390625
2.28163515100639,-2.376500129699707
-9.633163292669298,-16.504268646240234
2.63206586722876,0.23054027557373047
0.3189015990893598,-10.112434387207031
-6.31868596379813,1.941202163696289
-6.4648984000359935,-15.637203216552734
8.91646092056966,1.1286773681640625
-42.637521131086125,-18.141101837158203
-89.5439156156453,-37.83723449707031
9.179556151687803,2.343334197998047
8.754663680824095,1.6104869842529297
0.8838679103249854,-5.483646392822266
4.338369925074482,-3.7737464904785156
-18.23432595343749,-21.202075958251953
6.92534745147092,-0.08053016662597656
-1.768261666543676,-4.849309921264648
-7.87226820943855,1.0352344512939453
-12.0847368637308,-5.2028937339782715
-4.4222229386498375,-0.45012855529785156
6.63109301847755,4.255950927734375
1.675381804264854,-4.484226226806641
-6.897600670415837,-12.315513610839844
-12.2774867069717,-13.576318740844727
-3.963646539183849,0.6863374710083008
-2.552277046947741,-8.344528198242188
-10.78700495517378,0.676849365234375
-6.426376983867103,0.6489429473876953
8.2142562177934,4.843406677246094
-16.967828162594074,-1.7099123001098633
6.07843040491799,-1.5634665489196777
3.08443697315444,-6.753204345703125
-1.3811964732242277,-3.4128341674804688
-4.51305804704249,-11.820135116577148
-9.93375477053989,-1.1920204162597656
-0.6581754288220045,-0.9493389129638672
-7.952166005584182,-13.336666107177734
-13.563015982384195,-19.216480255126953
-47.9957157156951,-19.733369827270508
4.96190002222477,9.798822402954102
-2.0240269290899,-3.098155975341797
3.47166270740147,0.40952396392822266
-5.2815921348029296,-3.6470518112182617
2.369358494612781,4.848182201385498
-4.214346026907057,-11.373384475708008
-23.8934551543691,-17.289134979248047
-1.0659561461183158,-14.469772338867188
3.126169348435272,-20.251445770263672
2.35164464781062,0.713801383972168
-1.79502295092813,-2.0373096466064453
-15.957982665262508,-21.84865379333496
-64.65676531723692,-39.40393829345703
-27.8195558011628,-25.787168502807617
-10.480511156242285,-28.017515182495117
-6.18357684414468,-7.445230007171631
-6.75960002722117,-2.8054141998291016
4.4105627388370605,2.3659791946411133
5.58846482112586,-7.11556339263916
-16.8483709423333,-8.130775451660156
16.1850033157246,9.289019584655762
-3.34531377329845,-3.3845481872558594
5.893700156574014,-0.4689502716064453
2.745769909533195,1.9927959442138672
2.53362859007723,-0.08359909057617188
1.0880788430276551,-0.9798455238342285
