Score,Pred Score
-13.812973987503693,-5.610511779785156
-14.6311710829416,-29.28940200805664
-15.020937907067507,-12.432483673095703
5.61896917638109,-2.1710166931152344
0.1461877509898399,-3.8338699340820312
3.59745169898486,3.98455810546875
-6.72144892291601,-8.29326057434082
4.304204520484877,-9.984378814697266
3.37898618824583,7.259469985961914
3.939818822274421,-1.8724632263183594
13.9953943577381,3.8504981994628906
-5.39913759737588,-6.895421981811523
-2.204579993178592,-4.332773208618164
8.829561804598438,-2.008563995361328
6.01696699102072,0.10368919372558594
-6.376202369524528,-5.753456115722656
-6.50906463316165,-3.630878448486328
-60.92137282626391,-29.087074279785156
1.99934019108803,-1.079233169555664
2.188685633501576,-0.32023048400878906
4.07090957771029,2.8037376403808594
0.5211206139658471,-7.848821640014648
12.5580583918003,3.6151161193847656
3.320229681965675,2.895843505859375
-0.4381862293696001,-1.3606109619140625
0.1752112379752922,-2.071155548095703
4.123908949931413,-1.8239898681640625
-14.2382866820043,-1.8395404815673828
12.966325580978296,-0.7430143356323242
7.692941411907634,-6.175910949707031
-62.9031214125763,-33.91954803466797
-5.800670766453999,-7.551359176635742
-11.705366535732304,-12.462089538574219
-4.786538605318405,-6.534214019775391
-82.4887013651952,-32.250579833984375
-8.251107402184557,-5.2227020263671875
1.61677665352485,-17.46767234802246
-11.916211326129387,-22.7076416015625
-45.634880019414,-28.18389129638672
-0.568998602339841,-0.6727180480957031
-12.147399114840605,-14.075286865234375
-27.4476544011683,-35.41108703613281
-2.306526469902426,-3.8158187866210938
-0.4835459876036119,0.66107177734375
-8.39479061793487,-10.457254409790039
-46.862925671502296,-25.269044876098633
0.3837795244341289,-4.375009536743164
7.184930267876617,-1.2426414489746094
2.8348518495029404,-1.6642723083496094
-9.859535687586003,-5.316825866699219
-6.00025755794808,0.4494132995605469
-4.764629840066975,-4.875999450683594
-2.377061578670744,-4.662925720214844
-2.0585753436264698,-5.295753479003906
1.1848602197973823,-6.514202117919922
4.97603191479674,-0.6100959777832031
4.27399441028646,5.039522171020508
-46.2372447228831,-33.87145233154297
-31.4759298257721,-31.018550872802734
-50.1674018945849,-30.22157859802246
0.9601515747159592,-2.5445175170898438
-11.864177458483407,-3.5138683319091797
-0.538262620928304,-6.771693229675293
-0.6920482116816997,-7.61772346496582
-1.5184696160120892,-1.1313304901123047
-3.0836644409391925,-6.334144592285156
11.316750179392892,1.5556507110595703
-11.183106529127476,-2.8958396911621094
3.59102041590596,-2.7878799438476562
4.55602013063716,-1.389007568359375
11.579228393987275,2.365079879760742
2.3067635611900137,-0.8614387512207031
10.480393919522983,0.5716724395751953
-2.698100773809443,-8.691411972045898
3.776985072333982,-3.8156890869140625
-11.773766374328297,-11.575199127197266
8.681027307740193,-2.5344161987304688
-1.1091988250418725,-1.2335262298583984
4.484288991501213,0.05141448974609375
0.0548896546292299,-0.43988990783691406
0.1118559290339978,-5.052492141723633
3.9797293996962297,-1.5788249969482422
-22.42608065327665,-31.65643310546875
7.37064384347005,1.8995952606201172
-0.2642143205483515,-5.539487838745117
5.344594984386832,-10.723493576049805
-1.2497809936708242,-14.40501594543457
13.71198107208239,-7.724761962890625
0.5045482395984724,-0.299957275390625
2.86709961553106,1.7303009033203125
0.4423212163888063,5.642614364624023
-3.724573545179619,-2.8455352783203125
0.2570808252882703,-7.0411834716796875
-70.65073406723695,-39.30156707763672
-33.9587360563784,-21.413684844970703
9.2088386022025,8.23590087890625
1.3318185914773402,-10.657463073730469
-9.176001953270983,-10.229366302490234
-10.497767159210698,-9.686166763305664
-0.4402086584014632,-9.328071594238281
2.1560784090827942,-9.561729431152344
-27.1636490162131,-6.526288986206055
-0.670930828719279,-23.424419403076172
-22.794043146736,-36.85653305053711
0.8105828534072201,-5.989967346191406
1.2287673509824204,-1.0152244567871094
-0.6435038581465955,-5.837856292724609
8.474782023793379,-3.942842483520508
-9.601847091024196,-5.270027160644531
-1.6610011043127195,-10.162860870361328
-0.1091636509260827,-2.1714439392089844
7.570838092245207,-8.116727828979492
-7.211196994815285,-21.551483154296875
9.090654061652296,-4.261823654174805
-26.6651088566214,-3.3918685913085938
-17.309192174305,-5.017431259155273
4.14054171285972,-0.5286941528320312
4.097668935846943,6.608552932739258
-0.29408409265346,-4.822780609130859
-35.8165916579592,-33.575077056884766
10.898098675545494,-3.9820404052734375
-1.6552655274048038,-7.979816436767578
1.6729502580778592,-10.548721313476562
-6.42491227706334,-14.889205932617188
-15.4752611754195,-23.82947540283203
-0.6907348474047925,-5.218072891235352
-21.3629045873375,-12.333805084228516
4.219145585451182,-0.5678062438964844
-3.019531285218114,-0.942901611328125
4.25311060075082,2.479320526123047
-15.0412339008878,-0.771087646484375
-8.237627320974727,-24.908294677734375
-1.0683487237199796,-3.002532958984375
-1.7174251595272625,4.179969787597656
4.069163600073605,-1.1464118957519531
-10.162041561092582,-20.33995819091797
-5.97248436581227,-1.0218744277954102
6.120538767403939,-0.9223766326904297
-0.8028238008287005,-20.60557746887207
-23.6042929930625,-26.693782806396484
-0.1777753404752198,-3.467561721801758
-5.785469568057495,-23.232566833496094
-0.0556983764780604,-2.800680160522461
-25.4508968849616,-6.4940338134765625
-5.3185412482723295,-2.5124168395996094
9.1356503291117,10.319372177124023
4.020569536845237,9.476516723632812
-58.5527340809363,-5.822826385498047
-6.291328737399075,-2.6357574462890625
4.187869588752649,3.3918991088867188
8.922207576391518,1.0292091369628906
22.7414116448382,1.1492748260498047
-44.6057608529879,-40.994789123535156
-26.5129077898497,-7.259584426879883
-2.13735826282737,-0.844630241394043
-1.14890133483728,5.949007034301758
-15.2234416939723,2.026966094970703
0.369316059642221,-3.2754287719726562
-0.6884117876070912,-6.649179458618164
-5.8772631055401,-1.7069129943847656
3.6053774296538297,1.3980140686035156
5.07108724357905,0.45075416564941406
1.292753014965791,2.1917572021484375
8.440986836263871,1.446187973022461
-3.43040335892423,-2.906200408935547
0.7651079053562314,1.5279560089111328
-37.13962469223695,-28.26826286315918
-5.822632503482525,1.230398178100586
-6.879472048396067,-9.641424179077148
2.11024229353816,-2.871967315673828
-7.1526743450051855,-11.118513107299805
-1.122073026503361,3.786142349243164
0.3302260274555297,1.6827068328857422
-1.178255647098801,4.310455322265625
-2.99361591491145,5.662199020385742
-18.1070051290659,-13.547773361206055
-3.0332808194811403,5.037107467651367
2.6303171850506604,-2.704059600830078
-9.72499716390718,2.8243789672851562
0.2729453578388601,0.9534912109375
-21.4503408223732,-15.289880752563477
-4.99755531471552,-2.7851438522338867
-18.0018409950579,-29.351423263549805
4.00031385473591,5.1833953857421875
12.0378145652987,9.802911758422852
14.1235470599023,-3.491018295288086
6.55729051148795,-5.302101135253906
11.19992297656359,3.5230350494384766
-7.81388191369781,-5.808147430419922
-2.924593214648255,1.6597557067871094
3.7667366885646025,-5.839199066162109
-6.68253431604433,-3.875337600708008
0.7345204104922589,3.1566219329833984
-10.626155896203898,1.5499401092529297
8.106852576346123,10.665660858154297
-58.24412469223692,-28.621273040771484
1.4955767028094,0.88214111328125
-17.6906096863185,-32.45341873168945
-4.813871520282443,1.6242637634277344
-11.8973420493851,-4.456367492675781
-2.67676896274171,-2.690243721008301
-3.9331393974605526,0.7710075378417969
8.756217929094177,5.93476676940918
-29.2662792150344,-9.36558723449707
1.7249239205326918,-0.1022653579711914
-6.686975812883663,-25.113353729248047
11.10272802991041,6.708841323852539
-10.956818171714705,-9.836246490478516
-6.3500959185649,-18.570667266845703
0.6681105368389735,-2.9689254760742188
-12.500029270357295,-26.955303192138672
-2.591242863373206,-4.454156875610352
5.954690473588823,-1.7241477966308594
-43.929359067237,-24.394834518432617
-17.4841411730512,-8.374622344970703
3.61441892535489,2.102418899536133
2.1112971208509976,4.770179748535156
-41.8026500314277,-23.980501174926758
7.028135642932115,-1.9767284393310547
8.463248256721428,0.7108573913574219
-13.037072413777096,-9.174358367919922
-1.6307504375632549,-8.978668212890625
-0.3284521577656807,-2.1058082580566406
0.4685622181175212,-9.743831634521484
-5.316952415477393,2.9221019744873047
4.584421564331302,-6.851263046264648
-20.3593816575191,-19.90703010559082
3.67041582610247,-1.644430160522461
2.204062447972561,1.647491455078125
-4.666937653128132,-5.286815643310547
-12.3781694316975,-10.816295623779297
7.06923762363823,0.6006698608398438
-37.2883298194418,-18.187498092651367
6.442434166934048,6.959959030151367
-12.2162083245621,-10.756000518798828
-20.3623076046531,-0.9547538757324219
-5.45440876641342,-2.1043949127197266
3.1416241584890576,1.2022666931152344
-4.96580172718434,-6.418735504150391
-37.4061766871973,-26.500778198242188
6.46185690649625,1.4017534255981445
0.5403453062071405,-7.544044494628906
8.656689402528613,3.493284225463867
12.331931266595111,10.332160949707031
2.75380173901167,-2.2537078857421875
-2.8447496930443927,-9.857574462890625
0.0285872237409883,1.5290985107421875
-73.5286754265322,-11.099702835083008
7.285509446842615,2.3502063751220703
6.72046542688671,-0.7912139892578125
-6.19730890695259,-2.676812171936035
-16.4599719883519,-6.34214973449707
-10.288292260688207,4.350240707397461
-10.285920522724917,-3.185394287109375
-30.8171784242839,-5.592155456542969
-4.65691689928222,-7.156423568725586
-37.1716279374795,-20.09693717956543
-36.50577458359941,-5.97669792175293
0.7942566624333496,0.2621040344238281
-34.8552692363716,-11.926651000976562
-2.491707941339629,-13.407732009887695
1.7387039934851498,3.8488717079162598
18.9715733525152,3.6615734100341797
-13.8996269060666,-8.879607200622559
4.17561229224804,5.267834663391113
4.7680640763497,-16.2015438079834
-6.745372906074374,-7.6534423828125
7.262818938793504,-9.566551208496094
-55.7541546140486,-36.53003692626953
8.453421074249384,2.6467761993408203
-5.85807143580148,-10.686887741088867
-52.7336020518746,-35.179256439208984
-1.995826789875676,-12.433967590332031
-1.3326443092463092,-26.23976707458496
5.029017096161708,-6.214818954467773
-0.71117494174041,-6.559957504272461
8.243548509216069,2.689645767211914
5.81602235619721,-14.467132568359375
5.978124919049687,-5.780359268188477
-2.8859593337581737,-2.7772483825683594
-26.0047332498617,-30.533550262451172
-1.5220929784942658,-16.193744659423828
-3.195242757261453,-3.6789493560791016
-15.0089303719363,-15.032901763916016
-1.757118944268968,-28.51163673400879
-13.5091075877696,-12.565692901611328
-4.0681667574955,-4.450254440307617
4.43276114617859,-2.245769500732422
-4.665207913971671,-8.44537353515625
7.33919324558513,-6.035297393798828
-11.69780882660921,-14.328405380249023
5.960801203295765,-3.091705322265625
-29.9162730471743,-26.817546844482422
-5.331847529263395,-15.933328628540039
4.2006804390709,3.802578926086426
4.76541245752904,-7.664762496948242
5.87221574658101,4.1947174072265625
-12.955988512618,-30.604257583618164
-14.4061745570978,-15.147186279296875
13.644333664082708,4.965354919433594
7.522446474796843,-16.78601837158203
2.858782897786812,-3.8963546752929688
-49.8653288018085,-42.18391418457031
-4.029904705212941,-3.165834426879883
-6.2026319104393295,-16.395709991455078
4.452168509343501,-3.0823440551757812
-16.475900892606802,-13.087772369384766
-11.03094492075089,-25.073532104492188
-8.08045020128908,-2.9345245361328125
1.39259946716825,-7.20857048034668
-14.885807229381896,-4.967645645141602
-11.113180908425988,-12.72332763671875
5.506094216928792,-3.3228626251220703
5.29091659278858,-6.0221710205078125
3.42106467876526,-6.42680549621582
5.162821279449693,-7.372091293334961
6.020551076354931,-0.08538246154785156
0.8086942897832163,-4.054595947265625
-8.80546181278599,-13.569427490234375
-7.42349600405968,-9.914056777954102
-14.4731176558811,-2.8188161849975586
-35.5448186771701,-15.521465301513672
-1.657597602265355,4.988262176513672
-1.930224441335125,-4.264289855957031
-10.398648228661925,-2.644651412963867
-1.6521884315998507,-0.6919231414794922
1.3131129859732091,-2.6431922912597656
-0.1240821746904601,-2.9371337890625
-35.1709788883515,-17.390249252319336
0.6771989561182002,-0.6412715911865234
-5.8677981963370005,-6.116395950317383
0.7982616963508231,-4.823125839233398
2.595279020812243,-1.2585811614990234
6.9472187772133225,-4.245647430419922
-41.1395198834054,-17.892553329467773
-35.4604736838065,-15.547874450683594
7.87379173269718,-0.1900787353515625
-8.72128086410909,-22.5399169921875
-82.13826531723697,-11.616716384887695
-9.70693692529289,-5.89836311340332
-61.4386715672369,-41.80690002441406
7.10938257895085,-3.5490989685058594
0.4007388327427847,8.335264205932617
-0.7455370396145937,1.1028804779052734
1.674966057420845,3.739238739013672
11.877856996640997,-1.508474349975586
-0.9096556467231308,-2.0675668716430664
-1.4680391508473674,-0.6659946441650391
15.6414782015599,-11.950950622558594
-10.35739215730591,-3.758686065673828
1.926107182225645,1.1084022521972656
6.99756701325662,8.537715911865234
3.54836143321337,-5.006444931030273
-7.726553411266567,-6.181819915771484
-48.51478094223695,-43.761653900146484
-3.0453156276270903,-4.471046447753906
-3.454798154796729,-0.22842788696289062
9.503977484174175,5.180694580078125
6.001532732018722,2.6447973251342773
1.775572054007981,0.5337867736816406
-2.6871577689602653,-0.8227081298828125
-7.920344649869953,-14.937271118164062
2.578081311550471,0.5480079650878906
-14.434457477598505,-6.765207290649414
-1.338045882914232,0.20780181884765625
-44.1817825469333,-30.860774993896484
2.4314234692194163,-4.279653549194336
-2.35314836228574,-4.803377151489258
-2.07036107592124,-3.993215560913086
-6.560167066336443,-7.946889877319336
-2.54688332955635,5.325531005859375
-7.940842049461227,-12.002742767333984
-7.789052707582185,-4.119661331176758
-1.4295761119406232,-5.353290557861328
7.206977941743588,6.819467544555664
-4.081394009803599,-4.411815643310547
-30.167243616457,-26.945358276367188
11.7225687296843,3.7911977767944336
-0.8984319813221007,3.0333404541015625
10.349523074958825,-3.2170181274414062
5.42147270471237,7.584011077880859
-0.3136273830120112,1.38116455078125
4.398848813602776,3.8269882202148438
2.099307195887115,-0.10407447814941406
-61.6890402284636,-34.37678527832031
-7.08434802004719,-8.924713134765625
0.6962467393230812,-9.364263534545898
9.0758909366509,-1.4356040954589844
-1.9263965715605047,-3.6641101837158203
-6.262949496708321,-9.576974868774414
-4.739766082030863,-8.16729736328125
-36.8822022827233,-27.914718627929688
3.24770439300306,-7.555564880371094
-2.289513933263135,-6.019775390625
1.41805545618482,-5.936618804931641
-24.4432878855492,-10.390588760375977
-24.96156751119129,-25.40597152709961
-7.734574598544068,-23.973827362060547
2.79124989437018,2.9246826171875
-5.17831154550348,-14.278446197509766
1.5275640312561216,-3.8510913848876953
3.682989905065457,-4.187036514282227
-10.8237586662752,-33.93290328979492
-6.929951553081727,-14.770849227905273
-27.96215708599589,-15.637090682983398
-2.88087637063392,1.368539810180664
-5.960419628776203,-5.638851165771484
-37.189874708633695,-24.280738830566406
1.1496085756031087,-6.725101470947266
-12.7137936794919,-12.29666519165039
8.398744223780918,-4.2908172607421875
-33.3004252633332,-32.53656768798828
9.144089281431205,1.3705635070800781
4.065326821312747,3.9832763671875
-41.9047429025821,-24.050371170043945
7.383552345763623,-2.338390350341797
6.364261125349779,-3.6093101501464844
4.841793570156368,-14.457893371582031
1.6198341998494314,-7.305791854858398
4.179707781567577,-0.7990207672119141
-14.7229944429405,3.4572601318359375
7.078924552126015,-0.9526176452636719
-12.898019313824,-18.541818618774414
-70.8116033690518,-18.745590209960938
12.7359625054994,6.421926975250244
5.586124430090477,11.33178424835205
3.028467183462371,-5.721658706665039
-5.830142578087577,-12.046926498413086
-22.6841489367301,-15.3262939453125
-1.51657819068512,-2.978759765625
-81.52648016021857,-7.397373199462891
-3.36903782007548,-0.2579307556152344
-18.707844022,-22.834115982055664
-34.48768519828235,-21.918052673339844
-39.7169735486916,-10.378095626831055
-1.593720937577549,-9.954599380493164
-23.2954444871652,-15.800954818725586
-45.30258920076982,-26.36737632751465
12.5056328567953,-2.9096298217773438
-11.9299972333177,-4.53299617767334
-37.9495035857927,-9.159034729003906
0.7001962140772594,0.23862266540527344
4.49418879319923,-1.4167594909667969
-39.0646563811545,-37.13983154296875
-9.09730633851708,-8.021047592163086
-17.5589533745204,-26.61459732055664
-4.92782811871599,-2.463237762451172
-8.2299173561342,-13.802576065063477
2.60625970962018,-0.824310302734375
2.726862934921635,2.4947566986083984
4.071661498679735,-15.90842056274414
-13.2494383747796,-5.858634948730469
-11.9154244975033,-0.15630054473876953
0.9090871567987184,-19.09918975830078
7.92708077877978,-8.973579406738281
-3.119647295186995,-15.878576278686523
-2.248378586620203,-15.825981140136719
1.6646916021852596,-7.540855407714844
0.1590569364430157,10.577651977539062
-77.3623903172369,-47.409584045410156
15.8859560938761,3.2302379608154297
-3.11888044241469,-13.280342102050781
-2.7468186065138984,-12.802658081054688
2.77922195660905,0.4776439666748047
4.052279150357491,-16.947391510009766
-4.03806373695381,-8.907880783081055
-2.4461467814868523,-25.65869903564453
-0.1639564470097907,-8.414196014404297
0.8542168432631491,-25.221006393432617
5.84905996845087,-11.13897705078125
-5.77665564868809,-5.0540313720703125
-3.7008288999313423,-12.231342315673828
-7.18713065449027,-18.817386627197266
-0.9529303605806088,-3.3864784240722656
-15.902118442879,-22.677448272705078
-28.0636361890057,-15.949567794799805
-26.912205886836706,-37.51189041137695
8.596988309863011,-4.369930267333984
0.2877587512502297,-4.691524505615234
3.3899996482015826,2.5325965881347656
-20.5869014386951,-17.693801879882812
-9.341800010912078,-13.272743225097656
0.1692077246922899,1.0446109771728516
-1.857666460494741,-12.002952575683594
-13.2752747780792,-38.32854461669922
0.7445982178878973,-11.964475631713867
4.49646859469848,-11.3431396484375
3.60913262992784,-12.233369827270508
-5.653435188749545,-10.78662109375
1.51502173443586,-7.904327392578125
8.143116180793372,-10.607019424438477
-8.36164856265281,-33.2005615234375
-1.130678948105339,-14.92607307434082
-4.349210006555943,0.6766529083251953
0.2594141505344826,-19.164348602294922
-32.1283374054069,-30.738574981689453
-1.9051378030600723,-2.8210296630859375
4.768047800449637,-10.362281799316406
2.264898495983479,-18.306737899780273
-6.47138721063866,-13.138473510742188
4.93167956005568,-6.046260833740234
2.4851768276660025,-6.291175842285156
-3.930469946192945,-9.308067321777344
11.923948375295712,0.25242042541503906
11.616605850275496,-6.246225357055664
10.41580460128629,-12.81364631652832
-8.700462669667385,-21.047517776489258
13.1991243046288,-10.883670806884766
-4.75101729862813,-5.716564178466797
-1.4230966237807086,-15.025354385375977
-2.07861348348741,-12.090801239013672
10.292368565007404,4.709397315979004
1.9007667723773176,-8.01546859741211
17.1612744381531,-4.057474136352539
-0.1428452494230792,-5.256465911865234
2.4933992323843923,-5.566171646118164
-13.861300672159,-6.227325439453125
-1.7943154401891548,-7.416667938232422
-4.15624175439773,-13.783136367797852
-14.277645616907492,-4.555320739746094
2.713132201978397,-2.6033592224121094
-13.315456279797685,-26.527406692504883
-5.36204355968609,-4.496265411376953
-1.4872271509121793,-2.523031234741211
0.31232235517322,-0.1973590850830078
3.0307168501552093,-8.75593376159668
3.4484762474106,-1.6111106872558594
-34.0729170807354,-29.957889556884766
-25.0659802428987,-2.4327774047851562
0.86771933446589,-6.6199188232421875
-11.996919710325,-5.695125579833984
17.2594267615487,-4.484931945800781
-56.2560888739038,-37.47058868408203
-12.7386491421071,-15.763893127441406
-3.520787796436005,-4.109012603759766
-0.8014467498558491,-12.44186019897461
-34.7812340468876,-31.8670654296875
7.158235365631607,-11.376346588134766
3.29681579894721,-0.8805732727050781
0.046018285265003,-22.67586326599121
2.046344769010002,-7.906093597412109
4.25403099118957,-1.608694076538086
3.7804230286959792,-12.377626419067383
-3.773219093074008,-8.350078582763672
-9.722403045722997,-12.149070739746094
2.81101468536903,-4.021877288818359
-23.7494411406013,-12.187314987182617
-75.56229656723696,-33.106719970703125
4.366245372711767,-0.7288379669189453
9.94612085382829,5.979145050048828
-8.207132148775708,-23.042261123657227
-3.09775596823669,-12.969331741333008
3.77256113899207,-5.839975357055664
0.2016574678685985,-4.643718719482422
4.38808277416547,-4.76849365234375
3.7092867134231,-7.4204254150390625
1.6740112862957208,-6.183956146240234
-5.472376660417956,-11.960405349731445
12.283123760680592,5.914870262145996
4.417989059347175,0.5636920928955078
1.907333647224608,-4.034763336181641
-3.73521146317182,-3.8506622314453125
7.837521570550837,-2.0562477111816406
4.82455755953161,-9.944908142089844
-0.6472060937938101,-6.665884017944336
-8.237956686764985,-22.86301612854004
7.36579899286375,1.8609237670898438
7.859716520666763,-0.3008270263671875
2.765011277030255,0.4691276550292969
4.62415639298937,3.4560375213623047
6.430237727930085,-9.348052978515625
2.44728958086436,-9.016386032104492
-1.93656353174353,-1.8562965393066406
-33.7845903951132,-35.305206298828125
10.960301672714698,8.998946189880371
6.147225205740463,-0.41563987731933594
2.4659746492236927,-0.9651317596435547
18.2642273209106,12.743200302124023
7.656482330373112,6.018987655639648
-63.2346715672369,-37.98629379272461
-22.9610154952969,-20.566261291503906
4.39789099231211,0.5122127532958984
-46.587141393021525,-23.145519256591797
-12.281506448986304,7.833627700805664
5.220668557811489,6.0813140869140625
-1.4412632820262703,-0.13088035583496094
-35.163016426576704,-22.763381958007812
-31.380009974583203,-15.987749099731445
-40.7258600860177,-4.985897064208984
-35.3994683825842,-25.686927795410156
-10.968565079401992,-7.252189636230469
15.384553292915324,-22.430566787719727
-0.4271227388875901,1.9129581451416016
-7.69948364751984,9.362668991088867
-26.6822467124322,-14.25454330444336
-0.2823200449385875,-12.124086380004883
-3.8453528225106623,-8.354354858398438
-2.4599041427842496,2.357542037963867
-12.7315114055493,-7.863307952880859
1.418014053180695,-2.139312744140625
-3.4922781726655696,-13.429500579833984
9.58062385928767,-2.5222225189208984
-17.5801214502402,-19.398868560791016
-49.5120706514507,-25.05108642578125
-0.4503474699443348,5.6829071044921875
2.332279780348585,0.8780593872070312
-42.2483635713802,-34.22986602783203
-5.00028834575103,3.249723434448242
-5.14141487663266,-1.9114189147949219
-19.923371510770203,2.8457679748535156
4.28301459624688,0.413116455078125
0.3224388648416145,0.1822223663330078
6.795393661635613,11.435150146484375
6.720388221210122,5.094728946685791
-20.7558388881914,-2.0775985717773438
-12.5922662394529,-11.638021469116211
-5.19085420781142,-2.527545928955078
-27.3858072066324,-18.85506820678711
6.488490212037078,6.952056884765625
-12.5233171201947,-5.189369201660156
0.996650643215182,-0.4981880187988281
3.27144637329635,2.106843948364258
1.203208947199059,-0.0481109619140625
4.5031585012656095,10.238033294677734
-46.6686841099013,-26.282012939453125
3.600655729290548,-1.2154579162597656
-2.7077151362496297,-21.832473754882812
-42.936846127142296,-33.606266021728516
2.679404112105611,3.6988296508789062
-23.975827854410426,-24.343542098999023
-24.4869919201538,-20.665374755859375
-6.22433036882608,-2.4304351806640625
-24.992167376126925,-14.567302703857422
-9.742168339465294,-2.8718299865722656
0.1235817830644999,7.154630661010742
-11.607028837624,5.21778678894043
5.321680837772678,3.125640869140625
3.3452637215970498,5.17266845703125
13.015759276594096,9.733579635620117
-6.13466459150186,-0.2717704772949219
3.0897024917955025,-7.654027938842773
3.557691046156,3.0129756927490234
2.0008593011464906,-2.6503677368164062
-1.2671721747064446,-29.77754020690918
-2.989164004622407,-15.145635604858398
-2.43808381047612,-7.210987091064453
-11.30813578108209,-6.735141754150391
-9.619042312244815,-19.9619140625
-4.01456885639382,-8.31747817993164
-4.853312003098937,-31.2471981048584
2.78743688363977,3.6086254119873047
3.6035536346157695,-2.4165306091308594
6.09033976794457,2.2072668075561523
-5.89266438028177,-4.799360275268555
4.780848076735348,-2.2856006622314453
-20.7592210135025,-28.91476058959961
-3.637071869773312,-13.923755645751953
-4.396710286499547,-6.112676620483398
9.04709717330502,-13.575504302978516
1.69213972357191,-0.6069793701171875
-27.068723822751306,-27.243579864501953
0.2886204877907422,-2.786907196044922
-0.592182005541919,-20.543807983398438
-4.736229867816737,6.200569152832031
7.877641553655238,5.344766616821289
-2.588665914009158,-6.250429153442383
4.72846919446815,-15.338865280151367
3.42669038506664,-4.281349182128906
-10.274169876330886,-7.459598541259766
-1.289264920121349,-5.691532135009766
-6.9648772325347394,-8.89712905883789
-1.2236747050651609,-2.0593643188476562
-12.208208404490907,-27.785255432128906
4.40921359309415,4.603341102600098
16.4171583068458,4.677089691162109
-15.991582533821994,-1.7245445251464844
7.809600001042748,-4.4588470458984375
-3.0331069492891496,-7.024999618530273
2.603164662477901,-2.995044708251953
-24.2572199033326,-24.92595672607422
13.667582002208905,7.461803436279297
8.19307228691883,-11.682064056396484
0.4664503305112299,-12.577323913574219
-6.46133524603972,-13.559610366821289
-19.7520332208299,-13.949462890625
-7.75971004909346,-10.01058578491211
7.66334596528203,-3.537351608276367
-27.64770126959135,-19.640987396240234
2.125547882163602,3.6370506286621094
-1.8239337240231768,-4.493022918701172
3.3696784995100426,-5.729719161987305
5.265272900492549,-2.0807723999023438
6.753311816554961,-9.076766967773438
0.9434331950199416,-6.526676177978516
2.13745295521649,-4.832588195800781
2.76912169862866,-7.246233940124512
2.409764321136161,-6.642086029052734
3.7606671418030695,-6.794094085693359
0.555665600488549,-5.0809783935546875
-89.04756219223692,-33.19348907470703
6.987950206462267,1.4338703155517578
-10.09410467002709,-19.92987632751465
8.16191414696451,4.919074058532715
-10.731303688850904,-12.056596755981445
7.588764503474316,5.3525238037109375
-5.25293160621848,2.355884552001953
2.3065604778561424,7.056413650512695
-3.8022266666193874,-20.387414932250977
3.22816419080692,-0.6597480773925781
1.1941842843275,9.488539695739746
9.772192422094813,-19.719860076904297
-2.489313079893845,-2.010054588317871
-13.547300817594484,-23.897960662841797
-1.5403494549472296,-0.6002597808837891
-5.139364658294922,-1.1671943664550781
-1.32131943338233,-3.95623779296875
-0.5284321769112605,5.222953796386719
0.1119561526876595,7.38599967956543
14.8508222506114,6.961127281188965
-0.0918051514147744,3.408672332763672
-1.7237618714553775,-0.779052734375
-1.5699354762224491,3.2095489501953125
1.5718362711845366,-2.6846046447753906
3.58036180553514,-3.3710060119628906
7.45084701577923,-10.299367904663086
-7.378812419643663,-3.221747398376465
-33.1832620874725,-22.754823684692383
-6.066411004621831,-1.0843448638916016
-16.4910721624856,-21.028671264648438
0.8267526169764301,-0.4967002868652344
-9.762453719841735,-20.617801666259766
8.07102955700163,8.723848342895508
1.741670982094262,3.1896800994873047
-0.0053525606393112,-6.170017242431641
-51.4043293278057,-23.701969146728516
14.9415296965116,12.481851577758789
8.70853787657841,-0.5595407485961914
-2.149900469098629,-7.579870223999023
14.8229623836697,5.7509565353393555
-0.0379657812584102,-5.835262298583984
-15.3173389528898,-3.867685317993164
-1.7663441991754285,5.801946640014648
-6.708306328674888,4.525165557861328
-78.7451798053926,-30.511003494262695
-0.5413656534735456,-1.9935836791992188
9.625121597198186,-1.5980186462402344
-3.15562863494722,-2.398223876953125
9.60447820177431,10.31854248046875
-3.31847606547329,-0.1418628692626953
-4.12581810820042,-4.899045944213867
1.7706121017107803,5.153295516967773
0.5117341060036625,-3.0300769805908203
2.63157412115867,-2.9405345916748047
-4.763634360062484,-7.434696197509766
-11.18181257464061,3.164499282836914
-39.4932668903457,-12.350753784179688
9.206200380526292,5.163784980773926
-2.93911844531118,5.581073760986328
-28.13472322157985,-18.114099502563477
9.62907409316032,-3.4603710174560547
-7.042636248773623,-0.8245105743408203
-4.03025121975644,-1.6973323822021484
3.42951329804928,4.321632385253906
2.5565427438131976,-0.5351066589355469
2.8513084033656,2.233701705932617
-5.5623675139736175,-5.927772521972656
16.9968892380515,2.801786422729492
-4.144685584269085,0.5544242858886719
-11.221818720505304,-0.9377288818359375
-2.111656589218961,-6.6515655517578125
-1.626797120535592,-2.525920867919922
0.7652624054000594,3.2045421600341797
-21.5531296050118,-34.71595001220703
-13.053772031257305,-11.432687759399414
5.42509465390903,-0.33575439453125
-5.5186956836840375,-14.396047592163086
-2.260381023139061,2.223447799682617
-30.3377383335249,-29.39522933959961
7.380729755239978,-6.507110595703125
-4.172986764275874,-14.79269027709961
-1.2036514942358316,-2.6088829040527344
-35.2906329121599,-20.45669174194336
-2.54595208771381,-16.566638946533203
-10.901275449743116,-3.5958385467529297
-17.0078420331655,-28.448455810546875
-17.0314498829154,-4.070621490478516
-11.9784507557909,-10.69148063659668
-19.469018973061075,-10.984733581542969
-3.2142130797467816,-2.039743423461914
-0.5663484394051013,1.2018632888793945
-21.2195468929047,-15.467124938964844
8.077984978184695,7.948589324951172
-17.0119321722455,-14.316274642944336
4.67424026120176,12.047981262207031
-47.9875704511971,-40.799827575683594
4.316615136301563,-6.0763959884643555
11.2728180991378,8.887540817260742
-3.5546157663424616,-11.611482620239258
-3.15887949932979,-3.7126693725585938
-1.6422791314174887,-2.0486011505126953
-3.448025235667948,-31.266510009765625
-13.5632540546311,-21.565433502197266
0.8825935384285006,-0.48768043518066406
3.27100049685324,-11.897808074951172
-0.7762273913233743,-4.851783752441406
1.026942322157092,-2.988422393798828
9.859104788483815,-7.376808166503906
-1.9977872313530125,-7.211978912353516
-13.1809903671301,-1.490865707397461
-35.1782981083837,-30.357276916503906
-35.8337806803641,-25.16629409790039
-7.639409008216227,-6.010443687438965
-15.746453943284,-32.07341384887695
1.055995951979529,3.107410430908203
3.987299411465438,-3.863597869873047
-37.0930621901092,2.839599609375
16.694612728237402,7.215732574462891
-4.527979888097892,-16.615262985229492
14.6352674345898,-3.8485546112060547
5.034618319433818,-3.5233688354492188
-3.77133000272187,-8.282188415527344
-1.61504571199055,-5.158624649047852
-56.3663437951974,-31.037757873535156
10.088450856398616,4.161674499511719
-14.285610883283098,-27.52756118774414
2.6210618799141923,-2.3562088012695312
-2.308732762121495,-15.490442276000977
-83.9761260280997,-32.3797607421875
-1.03656181464744,-2.2394943237304688
10.16232173056559,2.002054214477539
-3.12013961477547,-3.243104934692383
3.010752586641185,-8.42288589477539
-1.5178355576616795,0.7454395294189453
-2.60072537807549,6.353818893432617
-2.367312137177082,-7.712949752807617
6.075310726130807,13.627270698547363
2.24572304437811,-6.879085540771484
0.2044267191685782,0.8433284759521484
3.85944773684647,2.522637367248535
-14.409506408843407,-12.707429885864258
-2.683955047842884,8.34077262878418
-0.0075038478591599,-2.5830612182617188
7.190050317883171,3.418123245239258
-2.1691769605730515,-0.5808620452880859
-7.910003358009165,-0.9104652404785156
-69.1366966634013,-29.73369598388672
1.437241653553571,-4.103218078613281
-20.7409218490905,-7.676143646240234
3.78247800369874,-0.2549705505371094
7.909526276907584,5.871767044067383
6.097122298913325,-10.272235870361328
24.5800902168924,9.620746612548828
-9.979741434164584,-13.05374526977539
3.1327986373042376,-0.700927734375
-8.393586343504198,1.6767921447753906
8.678125432705007,5.938801288604736
20.7428439693387,-7.519937515258789
-1.511416195100045,-19.521631240844727
-23.3725501337939,3.8383102416992188
4.69437535963172,-4.672542572021484
8.24149319055937,8.631046295166016
-0.2898522089969393,0.8617439270019531
-7.19378137939456,-10.176692962646484
1.0271109700113177,0.3401908874511719
-14.564555056626377,-0.844329833984375
-9.657849716236,-24.908065795898438
-0.7280966227290082,-3.0703201293945312
-21.8962191024866,-5.987504959106445
-40.2614734397264,-25.47430992126465
-1.77750068778882,-1.8300743103027344
-28.3488859938485,-19.927623748779297
-8.184373188662292,-31.746458053588867
-6.135426654744688,-0.7042579650878906
-3.270422191581055,-9.436084747314453
-6.055427015859325,-4.24578857421875
-34.3143130117107,-24.512405395507812
-50.4820483838523,-22.20574188232422
-4.639593570653838,1.9912376403808594
-21.0606958753072,-22.038585662841797
8.747205755218493,9.450211524963379
0.6884341878779402,-3.2921371459960938
0.300408103033295,-2.435333251953125
-2.6184282494780104,-1.903451919555664
-37.3999740396079,-19.790164947509766
-10.594900847222812,-20.056182861328125
-23.227454082363305,-27.76320457458496
-15.4814292943448,-10.547700881958008
-6.89310310865277,-2.1060867309570312
-11.7962452523223,-4.480985641479492
-0.3887710448227697,-6.079093933105469
-4.0896099478500325,3.0040206909179688
-42.6579269422049,-35.32430648803711
-2.095241650043551,2.5977935791015625
8.45389840526827,2.5810470581054688
-15.5157954828953,-24.605266571044922
-1.9802660997523944,-8.298709869384766
1.8368511005450223,-9.615348815917969
2.11900133622217,-3.5645389556884766
-38.4962238749225,-37.66486358642578
0.8069046214032297,2.8258743286132812
-1.73607437190069,-9.352117538452148
-8.46093254820262,-10.49386978149414
-0.0780407432645869,-1.1308345794677734
5.009535132419683,-5.411220550537109
-74.9399761386801,-39.423423767089844
2.806732553915905,-6.655769348144531
-10.415057364934407,-3.8071231842041016
-4.81834176383161,-7.349540710449219
-1.4920816076829602,-2.9480361938476562
-0.003939288658445,-1.9834022521972656
5.86288473591452,-1.4221115112304688
0.4443344011282492,-5.20196533203125
5.72263802046558,-4.125476837158203
5.46583466116103,-11.310501098632812
5.05355462238675,-6.011753082275391
-17.190033530139498,-1.8471298217773438
-10.1192188918475,-7.356267929077148
-10.539071528779305,-7.412393569946289
0.2492257167476033,-1.1743736267089844
5.35198813185094,-5.330471038818359
14.9823899147147,3.7253265380859375
1.7336328627834918,-10.862411499023438
3.2582764286422226,-3.5872535705566406
1.1615369027166365,-1.5768585205078125
-42.4099588259267,-23.676313400268555
-38.7823663998969,-20.257102966308594
7.99575647038201,5.056587219238281
11.644495901203598,-1.8738517761230469
-39.0956747424042,-4.362957000732422
-38.6438610292767,-29.84770965576172
-40.5029244010595,-41.7363166809082
-22.8644313188967,-4.842662811279297
-0.897066728281827,-8.364458084106445
-17.6830733389949,-4.9004364013671875
-0.0084306638066775,-2.024341583251953
0.5394390329931549,2.9736156463623047
-21.61387508166409,-27.847089767456055
5.053393098685065,-3.018735885620117
-15.7834934865799,-12.410633087158203
-58.40351531723695,-40.23501205444336
8.86280218600469,8.500240325927734
1.888243484494037,-2.7686233520507812
8.99923705482913,1.3622875213623047
4.133325903305868,4.800539016723633
4.774357664359128,2.5375900268554688
7.418770080750715,-12.361614227294922
-2.25262466719878,-2.0158557891845703
-7.071587649042333,-14.007137298583984
4.398742241377427,3.515247344970703
-8.692928400841772,-6.74365234375
2.334382802629,-0.1674823760986328
2.8274240704709,-4.391923904418945
2.1747311895065486,4.337997913360596
-11.9965988914421,-4.324151992797852
2.776867734737273,-7.733024597167969
-12.4595255596924,-4.539463043212891
18.5317724911246,6.558195114135742
6.86106163750481,-9.022899627685547
-19.1693792779686,-6.844381332397461
-4.20883890972707,-2.4934768676757812
-0.3530077955256401,-5.206539154052734
-1.6020246929696491,-32.385658264160156
-7.57557880794988,-11.868114471435547
13.9692836454661,6.580757141113281
1.289294757415069,-4.157724380493164
-20.3746494688195,-16.156389236450195
-8.044482691931467,-4.594524383544922
2.51340467963473,-7.598663330078125
11.0282847349576,11.295358657836914
-1.3944922949507652,10.292031288146973
-26.2706781913698,-27.463747024536133
-71.7765711158932,-38.08374786376953
-44.2857422252861,-28.192195892333984
-3.057699221935841,5.097546577453613
10.116767222520318,9.022078514099121
-46.9980356488569,-26.73407745361328
-8.677497573270493,-1.315511703491211
-25.781275563237,-2.333057403564453
-2.941164138388841,-3.2378177642822266
-26.5692742661385,-14.056814193725586
1.2555345380058751,3.025432586669922
-0.810306898238276,-1.4200820922851562
0.2404076931068699,-11.99897575378418
-2.5590885431480426,1.2895393371582031
-11.9846830308257,-11.572856903076172
-5.775806690181939,-1.6186256408691406
1.9806048133258944,-20.694347381591797
16.618750626525,12.179771423339844
8.204494762209066,2.7624073028564453
6.80321923705408,2.6650047302246094
11.710679650337616,1.5116806030273438
3.181253849239128,0.052509307861328125
0.90894434552881,2.3858814239501953
3.547124544521316,-15.322151184082031
-2.202886656443709,5.173572540283203
-11.133669865203094,-8.48330307006836
9.328533024448705,7.22271728515625
-0.7012610501602399,1.0462646484375
-0.3170472839931941,0.8218936920166016
-2.3458288386735573,3.6791915893554688
-26.1191329979098,-15.742029190063477
-2.33292598982445,-2.4589881896972656
2.461922216333884,3.4510841369628906
3.73205068567752,3.3989620208740234
-22.4462583852743,-20.498153686523438
16.899113604615202,13.152663230895996
-2.85382252753121,7.453218460083008
1.2705701336207027,-3.0641555786132812
7.960789166364423,14.166008949279785
2.71808902854303,6.1280059814453125
5.5273920092716775,-25.679401397705078
-4.11149235653684,-20.728782653808594
-20.9676231329802,-3.6088027954101562
-0.89184437235696,2.033823013305664
-1.2816619609782416,-2.1870174407958984
4.85634828411675,5.880728721618652
6.429854346358795,8.904437065124512
4.71112087372323,7.75935173034668
-30.7199022255615,-22.057682037353516
-3.8590388668775,-5.714656829833984
-10.6557437737239,-3.383878707885742
-13.4460672849668,-22.53377914428711
-5.527709296795018,-0.3449897766113281
-1.876637029070265,0.9115982055664062
10.2532613363299,2.070402145385742
3.00680128293027,2.730093002319336
19.33685959748449,7.465206146240234
-0.1058882282985149,-4.542961120605469
14.3436638764016,5.278347015380859
-16.1535771788668,-24.40668487548828
0.9480162028997956,0.865264892578125
-18.5891767455387,-24.634212493896484
13.309934514349203,6.607333183288574
6.02246857213521,1.2653980255126953
5.16750826555368,-4.631494522094727
-1.0190872666435924,-6.141090393066406
-19.100904418149,-15.324806213378906
4.743603615290096,-3.4989051818847656
-13.8157551615103,-5.660736083984375
-3.802611775309477,7.982280731201172
4.30511943579503,-4.3434600830078125
-22.482844278002705,-19.942276000976562
0.60779733849738,-0.6334114074707031
17.8138573048897,6.929255485534668
-38.4626262988146,-29.606033325195312
-0.6089836493556324,-1.0359992980957031
0.8617451361473882,-2.8588943481445312
-2.40000424902785,-2.1229476928710938
3.7078671714499096,-1.4655399322509766
-2.390619984667185,-9.46990966796875
-15.559462368784592,-14.24587631225586
-13.790764753514,-8.683399200439453
-9.325981865786185,-15.503108978271484
-58.4491138315396,-37.12398147583008
9.550892694239591,3.8071060180664062
4.435147085081137,6.834039688110352
-2.3538192484503564,-0.09243202209472656
-5.83438093189622,-1.0214347839355469
-7.10827059552493,-21.78704071044922
-12.414939844598162,-3.0066356658935547
6.6154810826822,2.733539581298828
1.3155747227446202,-7.101432800292969
-2.56542276271332,-2.510354995727539
-13.546032832554804,-1.3583316802978516
-16.600339428286603,-17.052600860595703
2.9737175212081803,-3.086841583251953
6.167862854629888,-3.528179168701172
-40.922076323723,-29.017589569091797
16.9349100756105,7.989009857177734
-12.24911226903676,-10.813652038574219
4.867927463076468,0.6656913757324219
-21.6327950573002,-28.41926383972168
7.11033993521173,-0.4295806884765625
-9.59094984812801,-23.225313186645508
4.92186081619874,6.903874397277832
-7.815562497274902,0.8927288055419922
-2.20364176327536,-0.4817047119140625
-19.6754058911438,-21.041961669921875
-91.8886792382854,-7.210857391357422
-20.9507978903398,-28.288833618164062
-17.8084408175675,-15.876617431640625
-62.9612541332419,-36.538578033447266
5.598134989920393,11.66800308227539
-7.283890318199592,-3.9380340576171875
6.1026124307435,-2.452198028564453
7.42840635595139,-0.10705375671386719
-5.179391847578812,-12.078996658325195
-4.873152982370568,-10.137733459472656
7.276768036701751,0.2622337341308594
-10.739322929783883,3.3064212799072266
-22.9219832537164,-27.529396057128906
1.5259403537211615,9.54911994934082
-44.7886924625105,-35.402099609375
-3.72583443525641,4.281909942626953
-14.57002364123529,-28.80835723876953
-10.128266274366498,-21.76552963256836
-28.0249952668106,-23.675060272216797
-26.24662901330595,-31.271512985229492
-40.3645652505015,-30.305007934570312
-30.8056950922951,-24.718215942382812
-3.9552380984537248,-5.842899322509766
-2.1789667599796294,-6.890758514404297
-0.5734820606807138,-1.5950050354003906
-1.1617148968623687,-6.735191345214844
3.42848617073407,-5.295951843261719
-17.4030551064212,-2.512676239013672
3.88109013796494,-4.53538703918457
9.400493271217616,-0.6940822601318359
-11.302161927872188,-17.687532424926758
-13.3709137252944,-21.46346092224121
-6.79658968512302,-5.436895370483398
4.509456424718162,0.2470855712890625
5.45103123545738,-3.4486207962036133
8.149714042401495,-7.016084671020508
-12.909180343140196,9.37910270690918
-6.61979034735207,-0.5087718963623047
11.9978624338519,-2.582590103149414
-12.53254789251529,-8.28628921508789
-8.36198121766124,-10.953493118286133
-4.361976736345532,0.06304168701171875
-0.1898191226144924,-2.837535858154297
2.3166834950764685,1.8608665466308594
-12.6203596574975,-27.510456085205078
-1.207429910073891,-2.053089141845703
-29.7403775200217,-13.954401016235352
5.31082796058257,-2.0326576232910156
2.97844031586002,-1.6756553649902344
-12.533050119535002,-10.779979705810547
-5.8684323426223,6.127801895141602
2.391980620215489,5.913568496704102
7.73570234615748,-5.256017684936523
1.166748445159433,-1.2890892028808594
6.093529951556334,-2.939006805419922
17.709922444879297,4.866100311279297
11.779516260068313,1.3739070892333984
2.4866177573815964,-4.458185195922852
-30.89708550466269,-37.01969909667969
-9.231606713935047,0.7161674499511719
-13.4089268865456,-14.100154876708984
-9.06573754635488,-18.490577697753906
9.30630078585379,3.580648422241211
-7.156550033865472,-12.725055694580078
-10.5414716495377,-10.212221145629883
-27.8178569354009,-31.01982879638672
5.3817717725564,5.17033576965332
-35.155236696245,-30.160219192504883
-21.4141717786538,-26.500953674316406
-2.6053130644292946,-0.59796142578125
-9.953220777101093,-13.262277603149414
-8.798237091769485,-16.823347091674805
-27.6920167541674,-13.129081726074219
8.017093587799739,1.11468505859375
-0.3550158381598589,11.488683700561523
-1.19024715514191,2.0102272033691406
-3.2855896341823474,-18.935497283935547
1.844566842421384,7.953618049621582
-30.7366736665872,-28.479665756225586
-11.338238855350506,-4.175901412963867
-1.059512617215007,-1.9102916717529297
-33.7712071062874,-22.711132049560547
3.812227003524945,12.855945587158203
-2.8472026300298463,-18.224462509155273
-21.5871320482388,8.57082748413086
1.845960760756301,8.45205307006836
9.06213659212517,7.071441650390625
-13.950148061363093,-11.281288146972656
-15.1006814359747,4.603318214416504
-8.65496498210776,-10.025428771972656
-31.18852367408345,-25.522432327270508
2.35160533891099,-0.4536247253417969
-7.06329362397977,6.977251052856445
-11.299328727708405,0.3085289001464844
-5.73967918172164,3.44696044921875
-4.062121175440552,-0.17836570739746094
3.62056380925444,3.796079635620117
-6.512385872303066,-25.97930908203125
