Score,Pred Score
-13.812973987503693,-4.742071151733398
-14.6311710829416,-29.552961349487305
-15.020937907067507,-8.69314193725586
5.61896917638109,-2.2945289611816406
0.1461877509898399,0.2821502685546875
3.59745169898486,6.531429290771484
-6.72144892291601,-4.5774078369140625
4.304204520484877,-7.130950927734375
3.37898618824583,10.408251762390137
3.939818822274421,-0.5936241149902344
13.9953943577381,5.696964263916016
-5.39913759737588,-6.165119171142578
-2.204579993178592,-2.201702117919922
8.829561804598438,2.278451919555664
6.01696699102072,3.9547033309936523
-6.376202369524528,-3.709228515625
-6.50906463316165,-1.5296707153320312
-60.92137282626391,-30.51150131225586
1.99934019108803,1.511204719543457
2.188685633501576,3.4928932189941406
4.07090957771029,4.856590270996094
0.5211206139658471,-7.293159484863281
12.5580583918003,7.158807754516602
3.320229681965675,5.802377700805664
-0.4381862293696001,-0.22613906860351562
0.1752112379752922,-0.05954551696777344
4.123908949931413,0.6124610900878906
-14.2382866820043,0.8755388259887695
12.966325580978296,2.7880859375
7.692941411907634,-3.533721923828125
-62.9031214125763,-38.42539978027344
-5.800670766453999,-6.471599578857422
-11.705366535732304,-9.015918731689453
-4.786538605318405,-2.1485633850097656
-82.4887013651952,-37.26994323730469
-8.251107402184557,-2.545543670654297
1.61677665352485,-14.809286117553711
-11.916211326129387,-19.569629669189453
-45.634880019414,-27.359954833984375
-0.568998602339841,0.8024787902832031
-12.147399114840605,-12.208501815795898
-27.4476544011683,-34.602928161621094
-2.306526469902426,-3.726487159729004
-0.4835459876036119,2.7476158142089844
-8.39479061793487,-6.014484405517578
-46.862925671502296,-23.165708541870117
0.3837795244341289,-2.092975616455078
7.184930267876617,-0.13918304443359375
2.8348518495029404,-1.2507333755493164
-9.859535687586003,-4.314857482910156
-6.00025755794808,5.017677307128906
-4.764629840066975,-2.626300811767578
-2.377061578670744,-2.7290802001953125
-2.0585753436264698,-0.103790283203125
1.1848602197973823,-5.777626037597656
4.97603191479674,3.00732421875
4.27399441028646,9.600383758544922
-46.2372447228831,-35.2578239440918
-31.4759298257721,-35.1481819152832
-50.1674018945849,-28.824106216430664
0.9601515747159592,-1.868499755859375
-11.864177458483407,-3.0303421020507812
-0.538262620928304,-4.230493545532227
-0.6920482116816997,-5.323772430419922
-1.5184696160120892,-2.9387359619140625
-3.0836644409391925,-4.110816955566406
11.316750179392892,3.1064820289611816
-11.183106529127476,-5.276472091674805
3.59102041590596,-3.6382827758789062
4.55602013063716,-0.2845134735107422
11.579228393987275,5.362335205078125
2.3067635611900137,-1.8294086456298828
10.480393919522983,7.652365207672119
-2.698100773809443,-5.64213752746582
3.776985072333982,-1.448150634765625
-11.773766374328297,-8.839128494262695
8.681027307740193,3.3212032318115234
-1.1091988250418725,2.599750518798828
4.484288991501213,1.8086509704589844
0.0548896546292299,0.341156005859375
0.1118559290339978,-2.3030223846435547
3.9797293996962297,-0.16022491455078125
-22.42608065327665,-31.788311004638672
7.37064384347005,0.5138339996337891
-0.2642143205483515,-5.9140777587890625
5.344594984386832,-10.337854385375977
-1.2497809936708242,-12.01058578491211
13.71198107208239,-6.316830635070801
0.5045482395984724,-0.326202392578125
2.86709961553106,2.9099807739257812
0.4423212163888063,4.629626274108887
-3.724573545179619,-1.100637435913086
0.2570808252882703,-6.897464752197266
-70.65073406723695,-44.10678482055664
-33.9587360563784,-24.635536193847656
9.2088386022025,6.197968006134033
1.3318185914773402,-8.635448455810547
-9.176001953270983,-9.813154220581055
-10.497767159210698,-7.603626251220703
-0.4402086584014632,-7.8257598876953125
2.1560784090827942,-7.553619384765625
-27.1636490162131,-4.515476226806641
-0.670930828719279,-19.59161376953125
-22.794043146736,-36.88612365722656
0.8105828534072201,-7.477672576904297
1.2287673509824204,2.3182849884033203
-0.6435038581465955,-5.479801177978516
8.474782023793379,-0.823944091796875
-9.601847091024196,-4.2670745849609375
-1.6610011043127195,-9.805099487304688
-0.1091636509260827,-3.1251392364501953
7.570838092245207,-5.584028244018555
-7.211196994815285,-16.182586669921875
9.090654061652296,-1.7265892028808594
-26.6651088566214,-4.365255355834961
-17.309192174305,-5.612518310546875
4.14054171285972,3.047666549682617
4.097668935846943,7.269643783569336
-0.29408409265346,1.1352729797363281
-35.8165916579592,-30.898021697998047
10.898098675545494,0.23119354248046875
-1.6552655274048038,-5.496862411499023
1.6729502580778592,-8.72613525390625
-6.42491227706334,-13.95584487915039
-15.4752611754195,-24.928226470947266
-0.6907348474047925,-3.595632553100586
-21.3629045873375,-11.119657516479492
4.219145585451182,-2.3234291076660156
-3.019531285218114,-3.6303176879882812
4.25311060075082,0.3613147735595703
-15.0412339008878,-4.287921905517578
-8.237627320974727,-23.84993553161621
-1.0683487237199796,-6.5557708740234375
-1.7174251595272625,1.1982498168945312
4.069163600073605,0.7650299072265625
-10.162041561092582,-21.56385040283203
-5.97248436581227,2.2379283905029297
6.120538767403939,-1.7358169555664062
-0.8028238008287005,-21.274463653564453
-23.6042929930625,-30.0755615234375
-0.1777753404752198,-4.481697082519531
-5.785469568057495,-22.473604202270508
-0.0556983764780604,-3.9977264404296875
-25.4508968849616,-10.352882385253906
-5.3185412482723295,-4.657772064208984
9.1356503291117,11.787971496582031
4.020569536845237,7.028731346130371
-58.5527340809363,-10.650045394897461
-6.291328737399075,-3.7906951904296875
4.187869588752649,0.48355865478515625
8.922207576391518,1.4555644989013672
22.7414116448382,-0.6740989685058594
-44.6057608529879,-44.38147735595703
-26.5129077898497,-9.924942016601562
-2.13735826282737,-2.911431312561035
-1.14890133483728,5.325568199157715
-15.2234416939723,-1.255828857421875
0.369316059642221,-1.9122657775878906
-0.6884117876070912,-7.667169570922852
-5.8772631055401,-4.260906219482422
3.6053774296538297,-1.796112060546875
5.07108724357905,-1.8842945098876953
1.292753014965791,0.4283103942871094
8.440986836263871,0.22603416442871094
-3.43040335892423,-7.744426727294922
0.7651079053562314,-0.9611968994140625
-37.13962469223695,-29.212812423706055
-5.822632503482525,-1.8089675903320312
-6.879472048396067,-13.687202453613281
2.11024229353816,-4.162105560302734
-7.1526743450051855,-13.48680305480957
-1.122073026503361,-0.33795928955078125
0.3302260274555297,1.139902114868164
-1.178255647098801,0.9892807006835938
-2.99361591491145,0.2977638244628906
-18.1070051290659,-17.89238166809082
-3.0332808194811403,3.9683570861816406
2.6303171850506604,-5.939746856689453
-9.72499716390718,0.4788837432861328
0.2729453578388601,-1.0874862670898438
-21.4503408223732,-18.64907455444336
-4.99755531471552,-5.059305191040039
-18.0018409950579,-28.40769386291504
4.00031385473591,5.6087188720703125
12.0378145652987,11.35144329071045
14.1235470599023,-2.284168243408203
6.55729051148795,-9.398162841796875
11.19992297656359,1.592742919921875
-7.81388191369781,-5.157958984375
-2.924593214648255,-3.2032852172851562
3.7667366885646025,-6.227027893066406
-6.68253431604433,-4.053009033203125
0.7345204104922589,5.11807107925415
-10.626155896203898,1.3142223358154297
8.106852576346123,12.838133811950684
-58.24412469223692,-29.288192749023438
1.4955767028094,3.3470706939697266
-17.6906096863185,-31.19286346435547
-4.813871520282443,7.443066596984863
-11.8973420493851,-7.676048278808594
-2.67676896274171,-0.8057460784912109
-3.9331393974605526,5.381679534912109
8.756217929094177,8.632638931274414
-29.2662792150344,-10.064956665039062
1.7249239205326918,3.9929428100585938
-6.686975812883663,-19.479753494262695
11.10272802991041,7.4578094482421875
-10.956818171714705,-8.469879150390625
-6.3500959185649,-15.555343627929688
0.6681105368389735,-0.6203842163085938
-12.500029270357295,-28.75157928466797
-2.591242863373206,-0.7088546752929688
5.954690473588823,0.1477813720703125
-43.929359067237,-24.287086486816406
-17.4841411730512,-6.653423309326172
3.61441892535489,4.7055206298828125
2.1112971208509976,3.499887466430664
-41.8026500314277,-26.13429069519043
7.028135642932115,2.4470720291137695
8.463248256721428,3.286436080932617
-13.037072413777096,-8.798259735107422
-1.6307504375632549,-4.810482025146484
-0.3284521577656807,-2.300312042236328
0.4685622181175212,-6.328132629394531
-5.316952415477393,2.3573226928710938
4.584421564331302,-5.740787506103516
-20.3593816575191,-17.624099731445312
3.67041582610247,0.5501384735107422
2.204062447972561,1.5109138488769531
-4.666937653128132,-2.7855224609375
-12.3781694316975,-10.587764739990234
7.06923762363823,1.4603004455566406
-37.2883298194418,-21.266796112060547
6.442434166934048,9.533308029174805
-12.2162083245621,-10.64825439453125
-20.3623076046531,-0.816070556640625
-5.45440876641342,0.023458480834960938
3.1416241584890576,1.8710155487060547
-4.96580172718434,-3.7209205627441406
-37.4061766871973,-25.323894500732422
6.46185690649625,1.139266014099121
0.5403453062071405,-6.949123382568359
8.656689402528613,9.400861740112305
12.331931266595111,16.970916748046875
2.75380173901167,-1.3062820434570312
-2.8447496930443927,-10.059623718261719
0.0285872237409883,2.8454551696777344
-73.5286754265322,-12.669368743896484
7.285509446842615,4.292240142822266
6.72046542688671,1.0979366302490234
-6.19730890695259,-2.075906753540039
-16.4599719883519,-3.2749900817871094
-10.288292260688207,5.915470123291016
-10.285920522724917,1.0377273559570312
-30.8171784242839,-5.645914077758789
-4.65691689928222,-6.671926498413086
-37.1716279374795,-19.050994873046875
-36.50577458359941,-3.7667388916015625
0.7942566624333496,1.1260719299316406
-34.8552692363716,-10.80965805053711
-2.491707941339629,-9.32650375366211
1.7387039934851498,4.665831565856934
18.9715733525152,10.786172866821289
-13.8996269060666,-6.090821266174316
4.17561229224804,9.819876670837402
4.7680640763497,-10.293331146240234
-6.745372906074374,-5.678703308105469
7.262818938793504,-6.020641326904297
-55.7541546140486,-33.56014633178711
8.453421074249384,9.53653621673584
-5.85807143580148,-4.483991622924805
-52.7336020518746,-34.28612518310547
-1.995826789875676,-8.290763854980469
-1.3326443092463092,-20.22847557067871
5.029017096161708,-1.3131237030029297
-0.71117494174041,-2.5684814453125
8.243548509216069,7.003482818603516
5.81602235619721,-4.30988883972168
5.978124919049687,-2.2537574768066406
-2.8859593337581737,0.37033843994140625
-26.0047332498617,-27.590618133544922
-1.5220929784942658,-11.46133041381836
-3.195242757261453,2.1847705841064453
-15.0089303719363,-9.305809020996094
-1.757118944268968,-24.028339385986328
-13.5091075877696,-8.440835952758789
-4.0681667574955,1.4269466400146484
4.43276114617859,2.8364944458007812
-4.665207913971671,-2.139383316040039
7.33919324558513,-0.9489097595214844
-11.69780882660921,-10.52975082397461
5.960801203295765,0.6263217926025391
-29.9162730471743,-19.804149627685547
-5.331847529263395,-11.960941314697266
4.2006804390709,7.929001808166504
4.76541245752904,-2.195737838745117
5.87221574658101,9.91232681274414
-12.955988512618,-25.200817108154297
-14.4061745570978,-11.500129699707031
13.644333664082708,11.357499122619629
7.522446474796843,-9.754844665527344
2.858782897786812,2.1487579345703125
-49.8653288018085,-41.85808563232422
-4.029904705212941,-0.9649448394775391
-6.2026319104393295,-5.188514709472656
4.452168509343501,-0.3206787109375
-16.475900892606802,-8.502185821533203
-11.03094492075089,-22.604679107666016
-8.08045020128908,-1.2356147766113281
1.39259946716825,-3.1320648193359375
-14.885807229381896,-1.3698081970214844
-11.113180908425988,-6.47723388671875
5.506094216928792,2.3997602462768555
5.29091659278858,-1.7048473358154297
3.42106467876526,-0.5141143798828125
5.162821279449693,-1.3042564392089844
6.020551076354931,2.1902999877929688
0.8086942897832163,1.4557838439941406
-8.80546181278599,-10.036100387573242
-7.42349600405968,-2.628744125366211
-14.4731176558811,-3.1475868225097656
-35.5448186771701,-17.838436126708984
-1.657597602265355,6.288271903991699
-1.930224441335125,-2.835367202758789
-10.398648228661925,-4.708362579345703
-1.6521884315998507,-3.3771610260009766
1.3131129859732091,-4.691184997558594
-0.1240821746904601,-5.368522644042969
-35.1709788883515,-21.525291442871094
0.6771989561182002,-0.9339542388916016
-5.8677981963370005,-5.065679550170898
0.7982616963508231,-6.727001190185547
2.595279020812243,-0.019252777099609375
6.9472187772133225,-5.26759147644043
-41.1395198834054,-21.690589904785156
-35.4604736838065,-18.239789962768555
7.87379173269718,2.0170345306396484
-8.72128086410909,-24.14932632446289
-82.13826531723697,-9.522417068481445
-9.70693692529289,-5.2596282958984375
-61.4386715672369,-47.5697021484375
7.10938257895085,-3.057565689086914
0.4007388327427847,7.995460510253906
-0.7455370396145937,-0.14536094665527344
1.674966057420845,4.143632888793945
11.877856996640997,-1.8397350311279297
-0.9096556467231308,-3.739871025085449
-1.4680391508473674,-4.410236358642578
15.6414782015599,-11.912540435791016
-10.35739215730591,-4.909938812255859
1.926107182225645,-0.6422920227050781
6.99756701325662,7.50041389465332
3.54836143321337,-4.048503875732422
-7.726553411266567,-5.413913726806641
-48.51478094223695,-51.773902893066406
-3.0453156276270903,-6.529327392578125
-3.454798154796729,-1.1068878173828125
9.503977484174175,6.729494094848633
6.001532732018722,7.62013053894043
1.775572054007981,-0.4209022521972656
-2.6871577689602653,-1.1055107116699219
-7.920344649869953,-11.359333038330078
2.578081311550471,0.025943756103515625
-14.434457477598505,-6.454456329345703
-1.338045882914232,-0.20520401000976562
-44.1817825469333,-35.50746154785156
2.4314234692194163,-4.261436462402344
-2.35314836228574,-5.460777282714844
-2.07036107592124,-3.6973190307617188
-6.560167066336443,-9.695432662963867
-2.54688332955635,3.904071807861328
-7.940842049461227,-9.737197875976562
-7.789052707582185,-5.476506233215332
-1.4295761119406232,-4.518413543701172
7.206977941743588,5.498958587646484
-4.081394009803599,-4.570167541503906
-30.167243616457,-31.639083862304688
11.7225687296843,4.020662784576416
-0.8984319813221007,-0.3424224853515625
10.349523074958825,-2.7352733612060547
5.42147270471237,8.587530136108398
-0.3136273830120112,-0.5620841979980469
4.398848813602776,2.5751357078552246
2.099307195887115,0.12419319152832031
-61.6890402284636,-38.065574645996094
-7.08434802004719,-5.05064582824707
0.6962467393230812,-7.87413215637207
9.0758909366509,1.1832599639892578
-1.9263965715605047,-0.16924667358398438
-6.262949496708321,-4.6013031005859375
-4.739766082030863,-6.1096954345703125
-36.8822022827233,-26.900066375732422
3.24770439300306,-6.045770645141602
-2.289513933263135,-3.854726791381836
1.41805545618482,-2.159444808959961
-24.4432878855492,-9.68539047241211
-24.96156751119129,-26.00925064086914
-7.734574598544068,-18.397228240966797
2.79124989437018,4.3310546875
-5.17831154550348,-13.293697357177734
1.5275640312561216,-0.3245353698730469
3.682989905065457,-1.3620834350585938
-10.8237586662752,-33.04056930541992
-6.929951553081727,-14.221719741821289
-27.96215708599589,-12.62483024597168
-2.88087637063392,1.8084335327148438
-5.960419628776203,-3.643768310546875
-37.189874708633695,-23.546478271484375
1.1496085756031087,-5.719491958618164
-12.7137936794919,-8.835773468017578
8.398744223780918,-0.200531005859375
-33.3004252633332,-36.281246185302734
9.144089281431205,4.227386474609375
4.065326821312747,7.030666351318359
-41.9047429025821,-25.419967651367188
7.383552345763623,-0.3269996643066406
6.364261125349779,-1.8823661804199219
4.841793570156368,-7.338998794555664
1.6198341998494314,-5.979742050170898
4.179707781567577,2.569622039794922
-14.7229944429405,7.26051139831543
7.078924552126015,0.7978725433349609
-12.898019313824,-14.125743865966797
-70.8116033690518,-14.03573226928711
12.7359625054994,14.466290473937988
5.586124430090477,17.08774757385254
3.028467183462371,-1.2586936950683594
-5.830142578087577,-5.535747528076172
-22.6841489367301,-13.36502456665039
-1.51657819068512,-1.2501411437988281
-81.52648016021857,-4.617000579833984
-3.36903782007548,0.9152145385742188
-18.707844022,-17.354713439941406
-34.48768519828235,-20.224609375
-39.7169735486916,-10.879817962646484
-1.593720937577549,-9.254833221435547
-23.2954444871652,-12.254671096801758
-45.30258920076982,-26.74066734313965
12.5056328567953,2.22796630859375
-11.9299972333177,-2.3795700073242188
-37.9495035857927,-8.51284408569336
0.7001962140772594,1.3211593627929688
4.49418879319923,-0.18143463134765625
-39.0646563811545,-38.27337646484375
-9.09730633851708,-4.792082786560059
-17.5589533745204,-26.66805648803711
-4.92782811871599,0.510040283203125
-8.2299173561342,-5.890720367431641
2.60625970962018,3.6430931091308594
2.726862934921635,4.79355525970459
4.071661498679735,-11.21480941772461
-13.2494383747796,0.2597484588623047
-11.9154244975033,4.708993911743164
0.9090871567987184,-13.316207885742188
7.92708077877978,-4.429952621459961
-3.119647295186995,-8.944814682006836
-2.248378586620203,-8.317741394042969
1.6646916021852596,-4.14512825012207
0.1590569364430157,12.972944259643555
-77.3623903172369,-50.5355110168457
15.8859560938761,8.443033218383789
-3.11888044241469,-11.029747009277344
-2.7468186065138984,-8.120918273925781
2.77922195660905,5.766946792602539
4.052279150357491,-10.635440826416016
-4.03806373695381,-6.163703918457031
-2.4461467814868523,-22.07015609741211
-0.1639564470097907,-2.787548065185547
0.8542168432631491,-15.994548797607422
5.84905996845087,-8.069562911987305
-5.77665564868809,-4.433403015136719
-3.7008288999313423,-4.167201995849609
-7.18713065449027,-12.295917510986328
-0.9529303605806088,5.305599212646484
-15.902118442879,-16.452911376953125
-28.0636361890057,-12.014652252197266
-26.912205886836706,-34.30815887451172
8.596988309863011,1.2404022216796875
0.2877587512502297,2.93798828125
3.3899996482015826,6.875481605529785
-20.5869014386951,-11.684837341308594
-9.341800010912078,-7.607582092285156
0.1692077246922899,4.99412727355957
-1.857666460494741,-7.189277648925781
-13.2752747780792,-37.09925079345703
0.7445982178878973,-4.7444610595703125
4.49646859469848,-8.085731506347656
3.60913262992784,-6.639507293701172
-5.653435188749545,-7.465457916259766
1.51502173443586,-2.8126564025878906
8.143116180793372,-6.2548828125
-8.36164856265281,-28.68181610107422
-1.130678948105339,-12.161565780639648
-4.349210006555943,6.5353546142578125
0.2594141505344826,-13.362850189208984
-32.1283374054069,-22.421436309814453
-1.9051378030600723,-0.6574516296386719
4.768047800449637,-5.745445251464844
2.264898495983479,-10.49981689453125
-6.47138721063866,-9.283132553100586
4.93167956005568,0.7784690856933594
2.4851768276660025,-1.7969036102294922
-3.930469946192945,-3.008546829223633
11.923948375295712,4.915091514587402
11.616605850275496,-0.03327178955078125
10.41580460128629,-6.5106964111328125
-8.700462669667385,-13.704366683959961
13.1991243046288,-5.253875732421875
-4.75101729862813,-2.7643566131591797
-1.4230966237807086,-11.642679214477539
-2.07861348348741,-7.267362594604492
10.292368565007404,9.779006004333496
1.9007667723773176,-6.765323638916016
17.1612744381531,-0.39892005920410156
-0.1428452494230792,-3.7714176177978516
2.4933992323843923,-7.467975616455078
-13.861300672159,-4.307107925415039
-1.7943154401891548,-5.124040603637695
-4.15624175439773,-11.562768936157227
-14.277645616907492,-1.5751018524169922
2.713132201978397,0.015916824340820312
-13.315456279797685,-24.83595085144043
-5.36204355968609,-2.866302490234375
-1.4872271509121793,-0.7944068908691406
0.31232235517322,3.8909568786621094
3.0307168501552093,-3.574313163757324
3.4484762474106,0.952972412109375
-34.0729170807354,-26.986005783081055
-25.0659802428987,-2.858867645263672
0.86771933446589,-3.1803627014160156
-11.996919710325,-3.0750274658203125
17.2594267615487,-0.8752155303955078
-56.2560888739038,-38.641624450683594
-12.7386491421071,-12.308982849121094
-3.520787796436005,-1.7789192199707031
-0.8014467498558491,-7.670534133911133
-34.7812340468876,-30.516056060791016
7.158235365631607,-8.303337097167969
3.29681579894721,-0.7544708251953125
0.046018285265003,-16.34961700439453
2.046344769010002,-3.8958473205566406
4.25403099118957,-1.5942115783691406
3.7804230286959792,-9.403419494628906
-3.773219093074008,-4.6496734619140625
-9.722403045722997,-8.807220458984375
2.81101468536903,-6.453670501708984
-23.7494411406013,-10.023078918457031
-75.56229656723696,-32.89738845825195
4.366245372711767,3.5538997650146484
9.94612085382829,8.599424362182617
-8.207132148775708,-20.383075714111328
-3.09775596823669,-12.777565002441406
3.77256113899207,-5.050287246704102
0.2016574678685985,-3.216876983642578
4.38808277416547,-2.897754669189453
3.7092867134231,-8.393817901611328
1.6740112862957208,-3.6695594787597656
-5.472376660417956,-11.058696746826172
12.283123760680592,7.247920036315918
4.417989059347175,5.197063446044922
1.907333647224608,-0.3653545379638672
-3.73521146317182,-3.4026432037353516
7.837521570550837,1.4027595520019531
4.82455755953161,-6.298374176025391
-0.6472060937938101,-5.495458602905273
-8.237956686764985,-22.773202896118164
7.36579899286375,4.073978424072266
7.859716520666763,1.80133056640625
2.765011277030255,1.695516586303711
4.62415639298937,5.1836018562316895
6.430237727930085,-9.61029052734375
2.44728958086436,-3.780904769897461
-1.93656353174353,-0.6218986511230469
-33.7845903951132,-33.734779357910156
10.960301672714698,13.45457935333252
6.147225205740463,0.9127368927001953
2.4659746492236927,-3.482931137084961
18.2642273209106,10.667362213134766
7.656482330373112,6.0264997482299805
-63.2346715672369,-45.63182830810547
-22.9610154952969,-20.635730743408203
4.39789099231211,-1.9919891357421875
-46.587141393021525,-25.983882904052734
-12.281506448986304,4.205301284790039
5.220668557811489,1.9871673583984375
-1.4412632820262703,-2.725666046142578
-35.163016426576704,-23.35301971435547
-31.380009974583203,-20.001401901245117
-40.7258600860177,-9.181657791137695
-35.3994683825842,-28.019168853759766
-10.968565079401992,-7.522836685180664
15.384553292915324,-22.646839141845703
-0.4271227388875901,1.368337631225586
-7.69948364751984,5.781024932861328
-26.6822467124322,-14.298721313476562
-0.2823200449385875,-16.6409912109375
-3.8453528225106623,-8.729368209838867
-2.4599041427842496,0.3969612121582031
-12.7315114055493,-7.966285705566406
1.418014053180695,-6.427253723144531
-3.4922781726655696,-18.858680725097656
9.58062385928767,-4.1170501708984375
-17.5801214502402,-18.823780059814453
-49.5120706514507,-28.21404266357422
-0.4503474699443348,2.4446773529052734
2.332279780348585,-2.2646865844726562
-42.2483635713802,-38.80733108520508
-5.00028834575103,-0.7618370056152344
-5.14141487663266,-3.6040802001953125
-19.923371510770203,0.7178497314453125
4.28301459624688,0.01190185546875
0.3224388648416145,-2.1327857971191406
6.795393661635613,9.955928802490234
6.720388221210122,4.472189903259277
-20.7558388881914,-7.604545593261719
-12.5922662394529,-12.756038665771484
-5.19085420781142,-4.255163192749023
-27.3858072066324,-25.189891815185547
6.488490212037078,4.115625381469727
-12.5233171201947,-6.148141860961914
0.996650643215182,-2.799793243408203
3.27144637329635,-0.18881607055664062
1.203208947199059,0.5452384948730469
4.5031585012656095,7.424098968505859
-46.6686841099013,-31.30419158935547
3.600655729290548,-1.962615966796875
-2.7077151362496297,-20.12725830078125
-42.936846127142296,-41.67005157470703
2.679404112105611,0.878173828125
-23.975827854410426,-26.470706939697266
-24.4869919201538,-23.121564865112305
-6.22433036882608,-3.9433364868164062
-24.992167376126925,-18.912349700927734
-9.742168339465294,-5.748294830322266
0.1235817830644999,5.591611862182617
-11.607028837624,2.209646224975586
5.321680837772678,1.4114990234375
3.3452637215970498,4.62237548828125
13.015759276594096,9.879408836364746
-6.13466459150186,-2.1960067749023438
3.0897024917955025,-7.392169952392578
3.557691046156,3.6777114868164062
2.0008593011464906,1.9666461944580078
-1.2671721747064446,-29.9339599609375
-2.989164004622407,-11.140056610107422
-2.43808381047612,-4.237798690795898
-11.30813578108209,-5.747608184814453
-9.619042312244815,-19.654151916503906
-4.01456885639382,-7.515178680419922
-4.853312003098937,-31.31243896484375
2.78743688363977,4.898527145385742
3.6035536346157695,-0.48418426513671875
6.09033976794457,5.666691780090332
-5.89266438028177,-4.405742645263672
4.780848076735348,-3.2970333099365234
-20.7592210135025,-28.82659149169922
-3.637071869773312,-12.08275032043457
-4.396710286499547,-6.435432434082031
9.04709717330502,-3.9483413696289062
1.69213972357191,1.3574142456054688
-27.068723822751306,-23.186832427978516
0.2886204877907422,-2.068645477294922
-0.592182005541919,-16.63201332092285
-4.736229867816737,6.8379411697387695
7.877641553655238,4.681177139282227
-2.588665914009158,-6.744537353515625
4.72846919446815,-13.12181282043457
3.42669038506664,-5.288644790649414
-10.274169876330886,-5.988746643066406
-1.289264920121349,-5.062900543212891
-6.9648772325347394,-10.332687377929688
-1.2236747050651609,-1.9577674865722656
-12.208208404490907,-26.058040618896484
4.40921359309415,6.03421688079834
16.4171583068458,8.808540344238281
-15.991582533821994,-0.27936553955078125
7.809600001042748,-1.422079086303711
-3.0331069492891496,-6.397556304931641
2.603164662477901,1.5844535827636719
-24.2572199033326,-24.848207473754883
13.667582002208905,8.285879135131836
8.19307228691883,-6.1454315185546875
0.4664503305112299,-11.809019088745117
-6.46133524603972,-16.183271408081055
-19.7520332208299,-11.465896606445312
-7.75971004909346,-10.564504623413086
7.66334596528203,-0.112548828125
-27.64770126959135,-19.849563598632812
2.125547882163602,8.587152481079102
-1.8239337240231768,-1.7863483428955078
3.3696784995100426,-4.089971542358398
5.265272900492549,0.16141700744628906
6.753311816554961,-7.058866500854492
0.9434331950199416,-6.249298095703125
2.13745295521649,-4.894466400146484
2.76912169862866,-7.793422698974609
2.409764321136161,-5.220285415649414
3.7606671418030695,-2.883523941040039
0.555665600488549,-2.1478042602539062
-89.04756219223692,-29.69219207763672
6.987950206462267,0.26983642578125
-10.09410467002709,-17.7727108001709
8.16191414696451,1.8936080932617188
-10.731303688850904,-8.039356231689453
7.588764503474316,5.3374786376953125
-5.25293160621848,-0.2276325225830078
2.3065604778561424,5.538701057434082
-3.8022266666193874,-23.121761322021484
3.22816419080692,-0.8770780563354492
1.1941842843275,7.62626838684082
9.772192422094813,-14.089977264404297
-2.489313079893845,-3.9597644805908203
-13.547300817594484,-29.297046661376953
-1.5403494549472296,-0.017078399658203125
-5.139364658294922,-1.7926139831542969
-1.32131943338233,-5.006839752197266
-0.5284321769112605,2.2654571533203125
0.1119561526876595,6.44711971282959
14.8508222506114,8.9177885055542
-0.0918051514147744,0.34082794189453125
-1.7237618714553775,-0.8102283477783203
-1.5699354762224491,-0.5263481140136719
1.5718362711845366,-4.076587677001953
3.58036180553514,-4.673097610473633
7.45084701577923,-9.789289474487305
-7.378812419643663,-5.192652702331543
-33.1832620874725,-26.872005462646484
-6.066411004621831,-3.8987598419189453
-16.4910721624856,-19.761436462402344
0.8267526169764301,-2.4285736083984375
-9.762453719841735,-20.90280532836914
8.07102955700163,10.109375
1.741670982094262,2.329113006591797
-0.0053525606393112,-6.632835388183594
-51.4043293278057,-28.218345642089844
14.9415296965116,11.394214630126953
8.70853787657841,-0.7986822128295898
-2.149900469098629,-6.528034210205078
14.8229623836697,5.508370399475098
-0.0379657812584102,-6.066734313964844
-15.3173389528898,-6.403347015380859
-1.7663441991754285,4.1242218017578125
-6.708306328674888,3.505125045776367
-78.7451798053926,-40.15902328491211
-0.5413656534735456,-5.189083099365234
9.625121597198186,-3.5990066528320312
-3.15562863494722,-3.1020164489746094
9.60447820177431,9.987699508666992
-3.31847606547329,-0.8304119110107422
-4.12581810820042,-5.07087516784668
1.7706121017107803,1.2767372131347656
0.5117341060036625,-1.4791240692138672
2.63157412115867,-1.9025459289550781
-4.763634360062484,-11.996862411499023
-11.18181257464061,-0.48554229736328125
-39.4932668903457,-15.834711074829102
9.206200380526292,4.098154067993164
-2.93911844531118,4.539094924926758
-28.13472322157985,-21.70416831970215
9.62907409316032,-2.8079757690429688
-7.042636248773623,-5.137102127075195
-4.03025121975644,-3.495311737060547
3.42951329804928,3.284313201904297
2.5565427438131976,-4.893133163452148
2.8513084033656,1.541818618774414
-5.5623675139736175,-5.565223693847656
16.9968892380515,3.198160171508789
-4.144685584269085,0.9237709045410156
-11.221818720505304,2.484813690185547
-2.111656589218961,-4.324695587158203
-1.626797120535592,0.4349250793457031
0.7652624054000594,8.696924209594727
-21.5531296050118,-31.87795639038086
-13.053772031257305,-5.508295059204102
5.42509465390903,2.280750274658203
-5.5186956836840375,-10.141223907470703
-2.260381023139061,5.640766143798828
-30.3377383335249,-27.08316421508789
7.380729755239978,-2.2671051025390625
-4.172986764275874,-8.910526275634766
-1.2036514942358316,2.405881881713867
-35.2906329121599,-14.194808959960938
-2.54595208771381,-7.237216949462891
-10.901275449743116,-2.3152694702148438
-17.0078420331655,-23.292034149169922
-17.0314498829154,-1.5147285461425781
-11.9784507557909,-6.893856048583984
-19.469018973061075,-5.913135528564453
-3.2142130797467816,2.122591018676758
-0.5663484394051013,4.256630897521973
-21.2195468929047,-11.50714111328125
8.077984978184695,11.200393676757812
-17.0119321722455,-10.585128784179688
4.67424026120176,15.49710464477539
-47.9875704511971,-42.73905563354492
4.316615136301563,-4.166389465332031
11.2728180991378,12.324996948242188
-3.5546157663424616,-4.6268157958984375
-3.15887949932979,2.8912200927734375
-1.6422791314174887,2.5906543731689453
-3.448025235667948,-29.417036056518555
-13.5632540546311,-17.849193572998047
0.8825935384285006,4.037860870361328
3.27100049685324,-7.713741302490234
-0.7762273913233743,-1.3151054382324219
1.026942322157092,1.5325946807861328
9.859104788483815,-2.2633228302001953
-1.9977872313530125,-6.681964874267578
-13.1809903671301,0.5870752334594727
-35.1782981083837,-27.700973510742188
-35.8337806803641,-25.935632705688477
-7.639409008216227,-4.300424575805664
-15.746453943284,-30.853191375732422
1.055995951979529,6.395908355712891
3.987299411465438,1.3892345428466797
-37.0930621901092,3.7008800506591797
16.694612728237402,11.075366973876953
-4.527979888097892,-14.776996612548828
14.6352674345898,0.25069618225097656
5.034618319433818,1.0406818389892578
-3.77133000272187,-3.5738563537597656
-1.61504571199055,-2.4268646240234375
-56.3663437951974,-27.243274688720703
10.088450856398616,11.422187805175781
-14.285610883283098,-23.874887466430664
2.6210618799141923,-0.37764549255371094
-2.308732762121495,-13.15915298461914
-83.9761260280997,-34.64085006713867
-1.03656181464744,-0.9131317138671875
10.16232173056559,5.89735221862793
-3.12013961477547,0.3831024169921875
3.010752586641185,-5.9691619873046875
-1.5178355576616795,0.8488941192626953
-2.60072537807549,4.95097541809082
-2.367312137177082,-7.059425354003906
6.075310726130807,12.05932903289795
2.24572304437811,-8.905498504638672
0.2044267191685782,-2.4820823669433594
3.85944773684647,1.6802940368652344
-14.409506408843407,-13.210308074951172
-2.683955047842884,7.084537506103516
-0.0075038478591599,-2.5933074951171875
7.190050317883171,1.4577007293701172
-2.1691769605730515,-1.6023025512695312
-7.910003358009165,-3.02398681640625
-69.1366966634013,-34.20695877075195
1.437241653553571,-5.399696350097656
-20.7409218490905,-9.043262481689453
3.78247800369874,-1.5893573760986328
7.909526276907584,2.7956695556640625
6.097122298913325,-10.68198013305664
24.5800902168924,9.079667091369629
-9.979741434164584,-13.730762481689453
3.1327986373042376,-0.8111114501953125
-8.393586343504198,2.430196762084961
8.678125432705007,5.1125407218933105
20.7428439693387,-6.819995880126953
-1.511416195100045,-19.019943237304688
-23.3725501337939,0.3340301513671875
4.69437535963172,-4.194021224975586
8.24149319055937,4.273246765136719
-0.2898522089969393,-3.389263153076172
-7.19378137939456,-12.817428588867188
1.0271109700113177,-3.2527618408203125
-14.564555056626377,-4.446952819824219
-9.657849716236,-27.02153968811035
-0.7280966227290082,-0.7672195434570312
-21.8962191024866,-8.140510559082031
-40.2614734397264,-25.172344207763672
-1.77750068778882,-2.1838035583496094
-28.3488859938485,-18.97922134399414
-8.184373188662292,-38.68867492675781
-6.135426654744688,-2.3001136779785156
-3.270422191581055,-9.324783325195312
-6.055427015859325,-5.278598785400391
-34.3143130117107,-23.556655883789062
-50.4820483838523,-24.740026473999023
-4.639593570653838,-0.8325538635253906
-21.0606958753072,-18.219696044921875
8.747205755218493,10.316794395446777
0.6884341878779402,-5.621578216552734
0.300408103033295,-4.014232635498047
-2.6184282494780104,-1.9628410339355469
-37.3999740396079,-23.338348388671875
-10.594900847222812,-21.898693084716797
-23.227454082363305,-29.116046905517578
-15.4814292943448,-13.407917022705078
-6.89310310865277,-3.7830276489257812
-11.7962452523223,-4.899919509887695
-0.3887710448227697,-7.158184051513672
-4.0896099478500325,0.801239013671875
-42.6579269422049,-42.81959533691406
-2.095241650043551,1.5741806030273438
8.45389840526827,4.841426849365234
-15.5157954828953,-21.5987548828125
-1.9802660997523944,-6.57867431640625
1.8368511005450223,-7.115814208984375
2.11900133622217,-0.7998180389404297
-38.4962238749225,-31.913040161132812
0.8069046214032297,9.665653228759766
-1.73607437190069,-7.0030670166015625
-8.46093254820262,-6.881725311279297
-0.0780407432645869,2.4585342407226562
5.009535132419683,-3.4739818572998047
-74.9399761386801,-38.619384765625
2.806732553915905,-1.4128150939941406
-10.415057364934407,-0.8438034057617188
-4.81834176383161,-2.7537918090820312
-1.4920816076829602,-0.24598312377929688
-0.003939288658445,2.160379409790039
5.86288473591452,0.3828277587890625
0.4443344011282492,-0.0359039306640625
5.72263802046558,1.3152408599853516
5.46583466116103,-3.940105438232422
5.05355462238675,-2.8765430450439453
-17.190033530139498,-0.15074539184570312
-10.1192188918475,-3.5858287811279297
-10.539071528779305,-4.744625091552734
0.2492257167476033,4.817859649658203
5.35198813185094,-2.511964797973633
14.9823899147147,7.15891170501709
1.7336328627834918,-6.716999053955078
3.2582764286422226,0.5947265625
1.1615369027166365,0.7703800201416016
-42.4099588259267,-24.072864532470703
-38.7823663998969,-19.537063598632812
7.99575647038201,7.795886993408203
11.644495901203598,2.974048614501953
-39.0956747424042,-1.9351654052734375
-38.6438610292767,-24.11273193359375
-40.5029244010595,-40.49401092529297
-22.8644313188967,-0.36829566955566406
-0.897066728281827,-4.022966384887695
-17.6830733389949,2.1064796447753906
-0.0084306638066775,1.5200119018554688
0.5394390329931549,2.7643871307373047
-21.61387508166409,-23.133270263671875
5.053393098685065,0.6264457702636719
-15.7834934865799,-8.006221771240234
-58.40351531723695,-41.25271987915039
8.86280218600469,11.336097717285156
1.888243484494037,-1.7565059661865234
8.99923705482913,3.9383106231689453
4.133325903305868,7.903554916381836
4.774357664359128,4.580303192138672
7.418770080750715,-6.498569488525391
-2.25262466719878,0.25862693786621094
-7.071587649042333,-8.446128845214844
4.398742241377427,7.036602020263672
-8.692928400841772,-2.206756591796875
2.334382802629,1.9130020141601562
2.8274240704709,-2.303760528564453
2.1747311895065486,6.741206169128418
-11.9965988914421,-1.653106689453125
2.776867734737273,-6.717384338378906
-12.4595255596924,0.260162353515625
18.5317724911246,12.573598861694336
6.86106163750481,-5.707225799560547
-19.1693792779686,-5.07896614074707
-4.20883890972707,-0.48165130615234375
-0.3530077955256401,-8.658988952636719
-1.6020246929696491,-33.06318664550781
-7.57557880794988,-11.848308563232422
13.9692836454661,4.183361053466797
1.289294757415069,-4.262908935546875
-20.3746494688195,-15.77724838256836
-8.044482691931467,-6.702754974365234
2.51340467963473,-7.352607727050781
11.0282847349576,10.28276252746582
-1.3944922949507652,6.846450328826904
-26.2706781913698,-26.084407806396484
-71.7765711158932,-41.63963317871094
-44.2857422252861,-30.094802856445312
-3.057699221935841,4.128777503967285
10.116767222520318,7.968803405761719
-46.9980356488569,-32.882301330566406
-8.677497573270493,-6.484344482421875
-25.781275563237,-7.149692535400391
-2.941164138388841,-3.8611202239990234
-26.5692742661385,-13.336328506469727
1.2555345380058751,0.6378822326660156
-0.810306898238276,-2.3259506225585938
0.2404076931068699,-13.588367462158203
-2.5590885431480426,-1.252274513244629
-11.9846830308257,-10.746269226074219
-5.775806690181939,-2.780385971069336
1.9806048133258944,-19.350849151611328
16.618750626525,11.162018775939941
8.204494762209066,2.0840396881103516
6.80321923705408,1.5134239196777344
11.710679650337616,0.13409423828125
3.181253849239128,0.2251129150390625
0.90894434552881,2.1406612396240234
3.547124544521316,-13.192955017089844
-2.202886656443709,3.3899879455566406
-11.133669865203094,-8.297395706176758
9.328533024448705,6.441253662109375
-0.7012610501602399,-0.30023956298828125
-0.3170472839931941,-1.2004985809326172
-2.3458288386735573,2.7041168212890625
-26.1191329979098,-16.985713958740234
-2.33292598982445,-1.7230224609375
2.461922216333884,1.762643814086914
3.73205068567752,1.9399394989013672
-22.4462583852743,-23.19713592529297
16.899113604615202,10.930625915527344
-2.85382252753121,5.986255645751953
1.2705701336207027,-4.974742889404297
7.960789166364423,15.950668334960938
2.71808902854303,5.003290176391602
5.5273920092716775,-24.8109130859375
-4.11149235653684,-19.168598175048828
-20.9676231329802,-5.251102447509766
-0.89184437235696,0.9179191589355469
-1.2816619609782416,-2.555544853210449
4.85634828411675,4.3477702140808105
6.429854346358795,10.112794876098633
4.71112087372323,4.603281021118164
-30.7199022255615,-22.7635555267334
-3.8590388668775,-6.278511047363281
-10.6557437737239,-6.377877235412598
-13.4460672849668,-19.451133728027344
-5.527709296795018,-1.585306167602539
-1.876637029070265,-3.578084945678711
10.2532613363299,6.938699722290039
3.00680128293027,5.0321197509765625
19.33685959748449,9.17377758026123
-0.1058882282985149,-2.538410186767578
14.3436638764016,7.2638139724731445
-16.1535771788668,-15.797286987304688
0.9480162028997956,2.3243675231933594
-18.5891767455387,-25.505172729492188
13.309934514349203,11.245818138122559
6.02246857213521,3.920379638671875
5.16750826555368,-0.9940376281738281
-1.0190872666435924,-2.4345970153808594
-19.100904418149,-11.501758575439453
4.743603615290096,-0.3289985656738281
-13.8157551615103,-2.3911495208740234
-3.802611775309477,8.888163566589355
4.30511943579503,-2.3916854858398438
-22.482844278002705,-10.491458892822266
0.60779733849738,0.5424060821533203
17.8138573048897,11.411401748657227
-38.4626262988146,-30.57029914855957
-0.6089836493556324,0.4767475128173828
0.8617451361473882,-1.8111858367919922
-2.40000424902785,-0.7645988464355469
3.7078671714499096,0.9368200302124023
-2.390619984667185,-5.395835876464844
-15.559462368784592,-10.099861145019531
-13.790764753514,-5.658351898193359
-9.325981865786185,-5.5104522705078125
-58.4491138315396,-38.14714813232422
9.550892694239591,8.926813125610352
4.435147085081137,10.491514205932617
-2.3538192484503564,2.5267105102539062
-5.83438093189622,-0.3854522705078125
-7.10827059552493,-18.519649505615234
-12.414939844598162,0.7660388946533203
6.6154810826822,6.031259536743164
1.3155747227446202,-5.174100875854492
-2.56542276271332,-0.31268882751464844
-13.546032832554804,1.1550006866455078
-16.600339428286603,-12.625495910644531
2.9737175212081803,-0.13843727111816406
6.167862854629888,-2.0563697814941406
-40.922076323723,-25.903806686401367
16.9349100756105,10.103300094604492
-12.24911226903676,-10.003852844238281
4.867927463076468,2.783681869506836
-21.6327950573002,-24.38665771484375
7.11033993521173,4.12518310546875
-9.59094984812801,-20.009017944335938
4.92186081619874,7.469346046447754
-7.815562497274902,2.2318382263183594
-2.20364176327536,-0.2526359558105469
-19.6754058911438,-19.758670806884766
-91.8886792382854,-9.726470947265625
-20.9507978903398,-26.867103576660156
-17.8084408175675,-14.313179016113281
-62.9612541332419,-37.954490661621094
5.598134989920393,14.076688766479492
-7.283890318199592,-0.333526611328125
6.1026124307435,1.1024551391601562
7.42840635595139,2.2240867614746094
-5.179391847578812,-5.953456878662109
-4.873152982370568,-4.1466522216796875
7.276768036701751,0.0023040771484375
-10.739322929783883,1.864553451538086
-22.9219832537164,-27.734947204589844
1.5259403537211615,9.591534614562988
-44.7886924625105,-38.72892761230469
-3.72583443525641,4.427684783935547
-14.57002364123529,-28.173599243164062
-10.128266274366498,-25.049339294433594
-28.0249952668106,-24.26044464111328
-26.24662901330595,-32.27431106567383
-40.3645652505015,-30.46673583984375
-30.8056950922951,-29.330810546875
-3.9552380984537248,-5.590015411376953
-2.1789667599796294,-6.3721160888671875
-0.5734820606807138,-1.6538619995117188
-1.1617148968623687,-6.977210998535156
3.42848617073407,-5.241142272949219
-17.4030551064212,-2.344900131225586
3.88109013796494,-3.41510009765625
9.400493271217616,-0.5106754302978516
-11.302161927872188,-17.945775985717773
-13.3709137252944,-22.60570526123047
-6.79658968512302,-4.782646179199219
4.509456424718162,1.6299057006835938
5.45103123545738,-4.5140533447265625
8.149714042401495,-6.119512557983398
-12.909180343140196,8.782926559448242
-6.61979034735207,3.819826126098633
11.9978624338519,2.37552547454834
-12.53254789251529,-8.83145523071289
-8.36198121766124,-7.377399444580078
-4.361976736345532,-1.6214027404785156
-0.1898191226144924,-2.506366729736328
2.3166834950764685,2.7237930297851562
-12.6203596574975,-30.539039611816406
-1.207429910073891,-3.008007049560547
-29.7403775200217,-13.904621124267578
5.31082796058257,-2.180574417114258
2.97844031586002,-2.9554500579833984
-12.533050119535002,-9.3304443359375
-5.8684323426223,5.738923072814941
2.391980620215489,5.747697830200195
7.73570234615748,-3.0217361450195312
1.166748445159433,-0.6190099716186523
6.093529951556334,-2.354665756225586
17.709922444879297,3.8979339599609375
11.779516260068313,0.8345203399658203
2.4866177573815964,-3.887744903564453
-30.89708550466269,-39.386375427246094
-9.231606713935047,1.4059333801269531
-13.4089268865456,-13.855327606201172
-9.06573754635488,-19.02818489074707
9.30630078585379,2.7043991088867188
-7.156550033865472,-10.731040954589844
-10.5414716495377,-8.260612487792969
-27.8178569354009,-34.19646072387695
5.3817717725564,5.346548080444336
-35.155236696245,-30.179447174072266
-21.4141717786538,-24.98297882080078
-2.6053130644292946,-0.37703704833984375
-9.953220777101093,-10.321250915527344
-8.798237091769485,-14.926570892333984
-27.6920167541674,-11.541645050048828
8.017093587799739,-1.2641410827636719
-0.3550158381598589,10.042509078979492
-1.19024715514191,1.0202407836914062
-3.2855896341823474,-18.34560775756836
1.844566842421384,2.669370651245117
-30.7366736665872,-32.262725830078125
-11.338238855350506,-6.021581649780273
-1.059512617215007,-4.956674575805664
-33.7712071062874,-29.810531616210938
3.812227003524945,9.838359832763672
-2.8472026300298463,-20.5669002532959
-21.5871320482388,1.0567512512207031
1.845960760756301,6.628856658935547
9.06213659212517,5.976602554321289
-13.950148061363093,-15.509546279907227
-15.1006814359747,2.3736066818237305
-8.65496498210776,-13.054269790649414
-31.18852367408345,-26.452905654907227
2.35160533891099,-1.8648014068603516
-7.06329362397977,0.44585418701171875
-11.299328727708405,-7.057682037353516
-5.73967918172164,-0.8984527587890625
-4.062121175440552,-3.830780029296875
3.62056380925444,3.863687515258789
-6.512385872303066,-31.36544418334961
