Score,Pred Score
-13.812973987503693,24.115814208984375
-14.6311710829416,-8.425928115844727
-15.020937907067507,-8.144840240478516
5.61896917638109,8.047538757324219
0.1461877509898399,-4.326817512512207
3.59745169898486,4.340900421142578
-6.72144892291601,33.490726470947266
4.304204520484877,-9.302655220031738
3.37898618824583,-5.799314975738525
3.939818822274421,8.142658233642578
13.9953943577381,9.134840965270996
-5.39913759737588,4.051700592041016
-2.204579993178592,5.0942063331604
8.829561804598438,9.918161392211914
6.01696699102072,-3.1595916748046875
-6.376202369524528,-3.0800609588623047
-6.50906463316165,-3.0067906379699707
-60.92137282626391,-5.2554931640625
1.99934019108803,-4.735695838928223
2.188685633501576,2.707386016845703
4.07090957771029,-6.077319145202637
0.5211206139658471,7.008929252624512
12.5580583918003,-0.9035377502441406
3.320229681965675,-5.731606960296631
-0.4381862293696001,-8.042268753051758
0.1752112379752922,-0.26849937438964844
4.123908949931413,-8.787284851074219
-14.2382866820043,24.227378845214844
12.966325580978296,4.988471984863281
7.692941411907634,-3.5709333419799805
-62.9031214125763,-4.254283905029297
-5.800670766453999,-1.2449145317077637
-11.705366535732304,-6.031107425689697
-4.786538605318405,-8.180868148803711
-82.4887013651952,-7.383852958679199
-8.251107402184557,-0.19359683990478516
1.61677665352485,-9.048473358154297
-11.916211326129387,-8.166560173034668
-45.634880019414,-9.609333038330078
-0.568998602339841,4.32347297668457
-12.147399114840605,-12.169584274291992
-27.4476544011683,3.117691993713379
-2.306526469902426,-5.908075332641602
-0.4835459876036119,3.3094730377197266
-8.39479061793487,-9.258255958557129
-46.862925671502296,-7.204653263092041
0.3837795244341289,2.6825122833251953
7.184930267876617,20.29514503479004
2.8348518495029404,-5.49241304397583
-9.859535687586003,7.849414825439453
-6.00025755794808,-4.271877288818359
-4.764629840066975,-2.879856586456299
-2.377061578670744,-1.0110664367675781
-2.0585753436264698,-3.9358205795288086
1.1848602197973823,-2.868128776550293
4.97603191479674,-7.14320182800293
4.27399441028646,-7.625916004180908
-46.2372447228831,-5.43182373046875
-31.4759298257721,-5.038854122161865
-50.1674018945849,-7.398679733276367
0.9601515747159592,3.4835448265075684
-11.864177458483407,-1.940232276916504
-0.538262620928304,19.289100646972656
-0.6920482116816997,-3.601746082305908
-1.5184696160120892,-5.761685371398926
-3.0836644409391925,-3.890319347381592
11.316750179392892,30.46038055419922
-11.183106529127476,-4.9633097648620605
3.59102041590596,-7.518558502197266
4.55602013063716,-4.947866439819336
11.579228393987275,-3.888010025024414
2.3067635611900137,-3.291259765625
10.480393919522983,-12.766693115234375
-2.698100773809443,-3.855397939682007
3.776985072333982,-5.752007007598877
-11.773766374328297,-6.754148960113525
8.681027307740193,7.203401565551758
-1.1091988250418725,-6.057270526885986
4.484288991501213,-3.694355010986328
0.0548896546292299,-1.9870223999023438
0.1118559290339978,-14.047056198120117
3.9797293996962297,2.9238433837890625
-22.42608065327665,-3.978886365890503
7.37064384347005,-3.367734432220459
-0.2642143205483515,-8.69342041015625
5.344594984386832,-13.556867599487305
-1.2497809936708242,-6.642723083496094
13.71198107208239,-35.743865966796875
0.5045482395984724,-3.891815423965454
2.86709961553106,-1.9046707153320312
0.4423212163888063,-6.427468299865723
-3.724573545179619,12.135687828063965
0.2570808252882703,-2.5696396827697754
-70.65073406723695,-3.647658348083496
-33.9587360563784,-4.051781177520752
9.2088386022025,-1.039102554321289
1.3318185914773402,-19.073030471801758
-9.176001953270983,-5.807767868041992
-10.497767159210698,-6.791115760803223
-0.4402086584014632,-3.354740619659424
2.1560784090827942,-3.277279853820801
-27.1636490162131,-11.305906295776367
-0.670930828719279,-15.32000732421875
-22.794043146736,-3.8523778915405273
0.8105828534072201,-9.459712028503418
1.2287673509824204,-5.095020294189453
-0.6435038581465955,4.799779891967773
8.474782023793379,1.0279250144958496
-9.601847091024196,-2.7982728481292725
-1.6610011043127195,-1.0579915046691895
-0.1091636509260827,-4.103367805480957
7.570838092245207,-3.7315378189086914
-7.211196994815285,-4.127323150634766
9.090654061652296,-5.553108215332031
-26.6651088566214,-4.60835599899292
-17.309192174305,-15.994417190551758
4.14054171285972,-4.6869425773620605
4.097668935846943,18.445423126220703
-0.29408409265346,-3.268491744995117
-35.8165916579592,-7.114564418792725
10.898098675545494,-8.118745803833008
-1.6552655274048038,-3.782717704772949
1.6729502580778592,-5.741697311401367
-6.42491227706334,-4.131532669067383
-15.4752611754195,-4.116421699523926
-0.6907348474047925,-12.839418411254883
-21.3629045873375,-5.2007856369018555
4.219145585451182,-3.71523380279541
-3.019531285218114,-2.059703826904297
4.25311060075082,-5.527186870574951
-15.0412339008878,-52.61811065673828
-8.237627320974727,-7.8865065574646
-1.0683487237199796,-2.6139767169952393
-1.7174251595272625,-3.670177936553955
4.069163600073605,-8.231589317321777
-10.162041561092582,-7.762636661529541
-5.97248436581227,-8.112383842468262
6.120538767403939,-10.283052444458008
-0.8028238008287005,-8.43142318725586
-23.6042929930625,-3.8701727390289307
-0.1777753404752198,98.57444763183594
-5.785469568057495,-7.293144702911377
-0.0556983764780604,-7.114260673522949
-25.4508968849616,5.3430328369140625
-5.3185412482723295,-4.4761962890625
9.1356503291117,-4.989261627197266
4.020569536845237,6.418361663818359
-58.5527340809363,-2.701767921447754
-6.291328737399075,-11.700297355651855
4.187869588752649,-9.857986450195312
8.922207576391518,-6.682277679443359
22.7414116448382,6.175685882568359
-44.6057608529879,-7.527026176452637
-26.5129077898497,-16.690641403198242
-2.13735826282737,23.4451904296875
-1.14890133483728,9.794967651367188
-15.2234416939723,3.4077019691467285
0.369316059642221,-3.5245463848114014
-0.6884117876070912,1.8586597442626953
-5.8772631055401,-2.0350489616394043
3.6053774296538297,-6.54072380065918
5.07108724357905,-6.9150543212890625
1.292753014965791,-3.1009693145751953
8.440986836263871,-6.448149681091309
-3.43040335892423,-4.26964807510376
0.7651079053562314,-3.110130786895752
-37.13962469223695,-21.100784301757812
-5.822632503482525,-3.4615097045898438
-6.879472048396067,-8.126070022583008
2.11024229353816,-5.977062225341797
-7.1526743450051855,-4.064456939697266
-1.122073026503361,-4.803393840789795
0.3302260274555297,-9.989750862121582
-1.178255647098801,-5.376784801483154
-2.99361591491145,-3.283985137939453
-18.1070051290659,-6.163438320159912
-3.0332808194811403,-0.7817087173461914
2.6303171850506604,-4.112215042114258
-9.72499716390718,-7.026124477386475
0.2729453578388601,-3.4395179748535156
-21.4503408223732,-4.008195877075195
-4.99755531471552,41.05299377441406
-18.0018409950579,-16.362564086914062
4.00031385473591,-6.479239463806152
12.0378145652987,21.285789489746094
14.1235470599023,-15.982905387878418
6.55729051148795,7.061332702636719
11.19992297656359,4.7826690673828125
-7.81388191369781,-9.481783866882324
-2.924593214648255,-3.762979507446289
3.7667366885646025,-12.09964370727539
-6.68253431604433,-4.409524917602539
0.7345204104922589,14.046791076660156
-10.626155896203898,-0.8963994979858398
8.106852576346123,-6.433197021484375
-58.24412469223692,-19.97043228149414
1.4955767028094,-5.427730560302734
-17.6906096863185,-11.36893081665039
-4.813871520282443,2.1284217834472656
-11.8973420493851,-4.871163368225098
-2.67676896274171,7.019599914550781
-3.9331393974605526,-5.5902581214904785
8.756217929094177,-6.597843170166016
-29.2662792150344,-14.28416919708252
1.7249239205326918,-3.146048069000244
-6.686975812883663,-3.4479427337646484
11.10272802991041,2.461676597595215
-10.956818171714705,-6.177242279052734
-6.3500959185649,-9.735011100769043
0.6681105368389735,-6.850431442260742
-12.500029270357295,-5.288666725158691
-2.591242863373206,-7.7838640213012695
5.954690473588823,-5.106721878051758
-43.929359067237,-12.313241958618164
-17.4841411730512,-5.360194206237793
3.61441892535489,-5.83694314956665
2.1112971208509976,-3.644991397857666
-41.8026500314277,-8.02552604675293
7.028135642932115,12.467109680175781
8.463248256721428,-9.214077949523926
-13.037072413777096,-7.064974784851074
-1.6307504375632549,-3.5292210578918457
-0.3284521577656807,-6.890125274658203
0.4685622181175212,-4.181551456451416
-5.316952415477393,-12.194422721862793
4.584421564331302,-2.9514102935791016
-20.3593816575191,-4.944363594055176
3.67041582610247,-9.851349830627441
2.204062447972561,-4.553797721862793
-4.666937653128132,-2.282447338104248
-12.3781694316975,-7.021728515625
7.06923762363823,-6.08704948425293
-37.2883298194418,-4.341795921325684
6.442434166934048,-11.179740905761719
-12.2162083245621,-6.2793426513671875
-20.3623076046531,1.271575927734375
-5.45440876641342,-1.6263427734375
3.1416241584890576,-10.42935562133789
-4.96580172718434,-4.069234848022461
-37.4061766871973,-10.158205032348633
6.46185690649625,-4.038947582244873
0.5403453062071405,5.786020278930664
8.656689402528613,2.7062911987304688
12.331931266595111,-4.825401306152344
2.75380173901167,-6.539172649383545
-2.8447496930443927,13.022823333740234
0.0285872237409883,-3.9692513942718506
-73.5286754265322,-7.774925231933594
7.285509446842615,-6.825275421142578
6.72046542688671,-8.34994888305664
-6.19730890695259,-23.395065307617188
-16.4599719883519,-7.322395324707031
-10.288292260688207,-2.4830446243286133
-10.285920522724917,-4.040570259094238
-30.8171784242839,3.1673738956451416
-4.65691689928222,-3.800814390182495
-37.1716279374795,-4.05112361907959
-36.50577458359941,-4.053958892822266
0.7942566624333496,-5.697052001953125
-34.8552692363716,-7.116699695587158
-2.491707941339629,-8.347149848937988
1.7387039934851498,-2.1878623962402344
18.9715733525152,26.690143585205078
-13.8996269060666,23.443222045898438
4.17561229224804,-5.236953258514404
4.7680640763497,-7.283024787902832
-6.745372906074374,-2.6084957122802734
7.262818938793504,-2.582444667816162
-55.7541546140486,-11.970561027526855
8.453421074249384,-8.948080062866211
-5.85807143580148,-18.493785858154297
-52.7336020518746,-9.944047927856445
-1.995826789875676,-4.729059219360352
-1.3326443092463092,-10.86307430267334
5.029017096161708,6.348783493041992
-0.71117494174041,-2.74892520904541
8.243548509216069,24.091350555419922
5.81602235619721,-14.87923526763916
5.978124919049687,-2.9550375938415527
-2.8859593337581737,-8.854331970214844
-26.0047332498617,-9.934173583984375
-1.5220929784942658,-20.684141159057617
-3.195242757261453,18.083084106445312
-15.0089303719363,-7.280662536621094
-1.757118944268968,-16.00019645690918
-13.5091075877696,-4.898401260375977
-4.0681667574955,-7.384543418884277
4.43276114617859,-6.474352836608887
-4.665207913971671,-4.547669410705566
7.33919324558513,-5.989520072937012
-11.69780882660921,-6.55902099609375
5.960801203295765,-11.509267807006836
-29.9162730471743,-6.838139533996582
-5.331847529263395,-4.851724624633789
4.2006804390709,30.5517578125
4.76541245752904,3.206226348876953
5.87221574658101,-4.790916442871094
-12.955988512618,-6.744992733001709
-14.4061745570978,-17.900360107421875
13.644333664082708,2.0913238525390625
7.522446474796843,-6.883827209472656
2.858782897786812,-3.334261178970337
-49.8653288018085,-3.757424831390381
-4.029904705212941,3.4160633087158203
-6.2026319104393295,-7.119772911071777
4.452168509343501,-17.19213104248047
-16.475900892606802,-10.23294448852539
-11.03094492075089,-8.792163848876953
-8.08045020128908,-3.725370407104492
1.39259946716825,-4.378253936767578
-14.885807229381896,4.326810836791992
-11.113180908425988,-6.465394020080566
5.506094216928792,-1.4370992183685303
5.29091659278858,-5.65812873840332
3.42106467876526,-4.116807460784912
5.162821279449693,-9.577016830444336
6.020551076354931,-6.180487632751465
0.8086942897832163,-8.774478912353516
-8.80546181278599,-16.47826385498047
-7.42349600405968,-3.8742735385894775
-14.4731176558811,-11.086822509765625
-35.5448186771701,-6.788050651550293
-1.657597602265355,-5.136025428771973
-1.930224441335125,-20.674903869628906
-10.398648228661925,-9.136016845703125
-1.6521884315998507,-5.530858039855957
1.3131129859732091,-6.487040042877197
-0.1240821746904601,-5.146782875061035
-35.1709788883515,-4.308981895446777
0.6771989561182002,-4.9495038986206055
-5.8677981963370005,-12.960322380065918
0.7982616963508231,-5.620603561401367
2.595279020812243,-11.520973205566406
6.9472187772133225,-6.612728595733643
-41.1395198834054,-6.954866886138916
-35.4604736838065,-4.069363594055176
7.87379173269718,-9.319053649902344
-8.72128086410909,-3.989131450653076
-82.13826531723697,-10.661645889282227
-9.70693692529289,-16.642040252685547
-61.4386715672369,-15.61876392364502
7.10938257895085,-7.488863945007324
0.4007388327427847,2.488506317138672
-0.7455370396145937,-3.380095958709717
1.674966057420845,-5.591814994812012
11.877856996640997,-5.1100544929504395
-0.9096556467231308,-47.39935302734375
-1.4680391508473674,-6.495756149291992
15.6414782015599,-4.052669525146484
-10.35739215730591,-5.593103408813477
1.926107182225645,-5.382073402404785
6.99756701325662,1.2399978637695312
3.54836143321337,-5.055920124053955
-7.726553411266567,-4.049345016479492
-48.51478094223695,-4.0928473472595215
-3.0453156276270903,-2.6684021949768066
-3.454798154796729,-0.3411216735839844
9.503977484174175,0.562469482421875
6.001532732018722,2.4338340759277344
1.775572054007981,-5.197635173797607
-2.6871577689602653,-4.464507102966309
-7.920344649869953,-13.029170989990234
2.578081311550471,-7.485603332519531
-14.434457477598505,-11.512380599975586
-1.338045882914232,-4.368918418884277
-44.1817825469333,-20.271860122680664
2.4314234692194163,-5.4259748458862305
-2.35314836228574,-13.086669921875
-2.07036107592124,-11.744598388671875
-6.560167066336443,-4.492074012756348
-2.54688332955635,-5.48054838180542
-7.940842049461227,-4.10793399810791
-7.789052707582185,-3.6124267578125
-1.4295761119406232,-3.2776520252227783
7.206977941743588,-6.688764572143555
-4.081394009803599,-7.432863712310791
-30.167243616457,-3.751941680908203
11.7225687296843,-13.969783782958984
-0.8984319813221007,-2.2015256881713867
10.349523074958825,-1.8864412307739258
5.42147270471237,10.022869110107422
-0.3136273830120112,-2.7887134552001953
4.398848813602776,-2.8184285163879395
2.099307195887115,-9.181328773498535
-61.6890402284636,-4.821497917175293
-7.08434802004719,-15.381972312927246
0.6962467393230812,-13.718073844909668
9.0758909366509,-12.15826416015625
-1.9263965715605047,-5.341947555541992
-6.262949496708321,-6.162224769592285
-4.739766082030863,-9.000019073486328
-36.8822022827233,-9.652092933654785
3.24770439300306,-7.821578025817871
-2.289513933263135,-5.435140132904053
1.41805545618482,8.16842269897461
-24.4432878855492,-6.624223709106445
-24.96156751119129,-4.9974446296691895
-7.734574598544068,-5.292534351348877
2.79124989437018,-6.952662944793701
-5.17831154550348,-9.477762222290039
1.5275640312561216,-8.978680610656738
3.682989905065457,-10.279106140136719
-10.8237586662752,-4.204745292663574
-6.929951553081727,-9.801764488220215
-27.96215708599589,-9.181541442871094
-2.88087637063392,-6.077692985534668
-5.960419628776203,-7.418783187866211
-37.189874708633695,-9.586919784545898
1.1496085756031087,-6.342931270599365
-12.7137936794919,-16.706287384033203
8.398744223780918,-7.723484516143799
-33.3004252633332,-4.138130187988281
9.144089281431205,-6.210847854614258
4.065326821312747,-5.77271842956543
-41.9047429025821,-4.3439507484436035
7.383552345763623,2.4576101303100586
6.364261125349779,-6.1876220703125
4.841793570156368,-11.191424369812012
1.6198341998494314,-5.186568260192871
4.179707781567577,4.974422454833984
-14.7229944429405,57.84979248046875
7.078924552126015,-10.812053680419922
-12.898019313824,-4.471929550170898
-70.8116033690518,-12.91482925415039
12.7359625054994,1.289825439453125
5.586124430090477,6.754940032958984
3.028467183462371,-8.743694305419922
-5.830142578087577,-4.269684314727783
-22.6841489367301,-11.530311584472656
-1.51657819068512,0.0333404541015625
-81.52648016021857,-4.193456649780273
-3.36903782007548,-5.961385726928711
-18.707844022,-5.591679096221924
-34.48768519828235,-15.55575942993164
-39.7169735486916,-6.1559038162231445
-1.593720937577549,-3.557006359100342
-23.2954444871652,-8.17406177520752
-45.30258920076982,-4.470174789428711
12.5056328567953,1.2150402069091797
-11.9299972333177,10.916633605957031
-37.9495035857927,7.250180244445801
0.7001962140772594,-7.2447190284729
4.49418879319923,1.4655953645706177
-39.0646563811545,-12.440214157104492
-9.09730633851708,-8.121626853942871
-17.5589533745204,-4.5724897384643555
-4.92782811871599,9.595178604125977
-8.2299173561342,-6.97802734375
2.60625970962018,-12.504676818847656
2.726862934921635,-0.26264190673828125
4.071661498679735,-3.2971842288970947
-13.2494383747796,-6.2521281242370605
-11.9154244975033,5.286563873291016
0.9090871567987184,-7.6602630615234375
7.92708077877978,-2.2480239868164062
-3.119647295186995,-10.059195518493652
-2.248378586620203,-3.883678436279297
1.6646916021852596,-14.971643447875977
0.1590569364430157,-5.180037498474121
-77.3623903172369,-3.8357787132263184
15.8859560938761,-30.902801513671875
-3.11888044241469,-4.796236038208008
-2.7468186065138984,-2.3156847953796387
2.77922195660905,-5.039560317993164
4.052279150357491,-10.50423812866211
-4.03806373695381,-5.053717613220215
-2.4461467814868523,11.150321960449219
-0.1639564470097907,-5.266237258911133
0.8542168432631491,-5.924724578857422
5.84905996845087,-5.211733341217041
-5.77665564868809,1.8458385467529297
-3.7008288999313423,4.1160125732421875
-7.18713065449027,-10.173551559448242
-0.9529303605806088,-7.45661735534668
-15.902118442879,-10.179079055786133
-28.0636361890057,-6.376890659332275
-26.912205886836706,-8.225929260253906
8.596988309863011,1.7692604064941406
0.2877587512502297,-6.643133163452148
3.3899996482015826,-4.810935974121094
-20.5869014386951,-4.720932960510254
-9.341800010912078,-4.325987815856934
0.1692077246922899,-2.970015525817871
-1.857666460494741,-6.677194595336914
-13.2752747780792,-3.6418018341064453
0.7445982178878973,1.7751960754394531
4.49646859469848,-2.435492992401123
3.60913262992784,-12.308732986450195
-5.653435188749545,-17.411008834838867
1.51502173443586,-5.018032073974609
8.143116180793372,-5.166925430297852
-8.36164856265281,-8.308791160583496
-1.130678948105339,-4.267610549926758
-4.349210006555943,-6.592430114746094
0.2594141505344826,-6.237570762634277
-32.1283374054069,-4.58322811126709
-1.9051378030600723,4.353671550750732
4.768047800449637,-3.349637031555176
2.264898495983479,-7.21068000793457
-6.47138721063866,5.544647216796875
4.93167956005568,-6.490223407745361
2.4851768276660025,-4.725796222686768
-3.930469946192945,-4.411579132080078
11.923948375295712,-24.286632537841797
11.616605850275496,1.5204582214355469
10.41580460128629,-7.466224193572998
-8.700462669667385,-3.256031036376953
13.1991243046288,-4.785736083984375
-4.75101729862813,-5.86033296585083
-1.4230966237807086,-3.4412426948547363
-2.07861348348741,-12.067151069641113
10.292368565007404,9.234283447265625
1.9007667723773176,-7.946610450744629
17.1612744381531,18.091941833496094
-0.1428452494230792,-7.8641228675842285
2.4933992323843923,-6.449577331542969
-13.861300672159,-3.2655258178710938
-1.7943154401891548,-3.511112928390503
-4.15624175439773,-8.992898941040039
-14.277645616907492,-12.650351524353027
2.713132201978397,-3.8690431118011475
-13.315456279797685,-7.5217180252075195
-5.36204355968609,-4.489121437072754
-1.4872271509121793,-5.787668228149414
0.31232235517322,-6.826625823974609
3.0307168501552093,-7.496436595916748
3.4484762474106,-9.019696235656738
-34.0729170807354,-10.96377944946289
-25.0659802428987,5.796607971191406
0.86771933446589,-7.053294658660889
-11.996919710325,-8.49496078491211
17.2594267615487,11.6248779296875
-56.2560888739038,-17.705623626708984
-12.7386491421071,-9.455074310302734
-3.520787796436005,-8.182018280029297
-0.8014467498558491,-8.640718460083008
-34.7812340468876,-4.924201011657715
7.158235365631607,-13.567922592163086
3.29681579894721,6.695097923278809
0.046018285265003,-15.213891983032227
2.046344769010002,-3.0743637084960938
4.25403099118957,-4.855318546295166
3.7804230286959792,-16.939624786376953
-3.773219093074008,-4.214231014251709
-9.722403045722997,-7.10352897644043
2.81101468536903,-5.3546857833862305
-23.7494411406013,-8.565170288085938
-75.56229656723696,-19.725881576538086
4.366245372711767,2.3816490173339844
9.94612085382829,16.423748016357422
-8.207132148775708,-15.658592224121094
-3.09775596823669,14.5919189453125
3.77256113899207,-8.365172386169434
0.2016574678685985,-5.736483573913574
4.38808277416547,-2.6041855812072754
3.7092867134231,-14.71722412109375
1.6740112862957208,17.320201873779297
-5.472376660417956,-6.410979270935059
12.283123760680592,1.980031967163086
4.417989059347175,-10.334502220153809
1.907333647224608,-6.448884963989258
-3.73521146317182,-7.583882808685303
7.837521570550837,14.587249755859375
4.82455755953161,-14.805961608886719
-0.6472060937938101,-3.642763137817383
-8.237956686764985,-4.460927963256836
7.36579899286375,-10.042806625366211
7.859716520666763,-7.09284782409668
2.765011277030255,12.063850402832031
4.62415639298937,35.72390365600586
6.430237727930085,-9.793083190917969
2.44728958086436,-14.876274108886719
-1.93656353174353,-3.932943344116211
-33.7845903951132,-16.564048767089844
10.960301672714698,-7.477939605712891
6.147225205740463,-6.730663776397705
2.4659746492236927,4.946780204772949
18.2642273209106,-6.29077672958374
7.656482330373112,-6.6558837890625
-63.2346715672369,-3.928151845932007
-22.9610154952969,-4.81376838684082
4.39789099231211,-1.4495763778686523
-46.587141393021525,-11.828248023986816
-12.281506448986304,4.313137054443359
5.220668557811489,3.605710029602051
-1.4412632820262703,-10.699861526489258
-35.163016426576704,-4.8430328369140625
-31.380009974583203,-4.333186149597168
-40.7258600860177,-14.14563274383545
-35.3994683825842,-4.339890480041504
-10.968565079401992,-5.350804328918457
15.384553292915324,-14.624591827392578
-0.4271227388875901,-8.86773681640625
-7.69948364751984,-6.366174221038818
-26.6822467124322,-7.949823379516602
-0.2823200449385875,-4.648769378662109
-3.8453528225106623,-6.453238487243652
-2.4599041427842496,0.19473552703857422
-12.7315114055493,-1.391965389251709
1.418014053180695,-4.685779571533203
-3.4922781726655696,-4.7932844161987305
9.58062385928767,8.088325500488281
-17.5801214502402,-4.214406967163086
-49.5120706514507,-13.072895050048828
-0.4503474699443348,11.90951156616211
2.332279780348585,-2.9206247329711914
-42.2483635713802,-7.270746231079102
-5.00028834575103,-0.5528483390808105
-5.14141487663266,-4.077765941619873
-19.923371510770203,-5.147085189819336
4.28301459624688,-6.713540077209473
0.3224388648416145,-3.399735927581787
6.795393661635613,-4.5692853927612305
6.720388221210122,-56.45580291748047
-20.7558388881914,-5.058862686157227
-12.5922662394529,-7.401898384094238
-5.19085420781142,-4.385151386260986
-27.3858072066324,-4.3052520751953125
6.488490212037078,1.0945491790771484
-12.5233171201947,-8.760229110717773
0.996650643215182,-4.112198829650879
3.27144637329635,-7.331980228424072
1.203208947199059,-13.181755065917969
4.5031585012656095,-5.700643539428711
-46.6686841099013,-4.097907543182373
3.600655729290548,-3.5513644218444824
-2.7077151362496297,-3.5723652839660645
-42.936846127142296,-4.028708457946777
2.679404112105611,-1.548318862915039
-23.975827854410426,-11.11190414428711
-24.4869919201538,-10.137205123901367
-6.22433036882608,-2.0292110443115234
-24.992167376126925,-7.780168533325195
-9.742168339465294,-5.019506454467773
0.1235817830644999,-5.602080345153809
-11.607028837624,-6.326385498046875
5.321680837772678,1.6367149353027344
3.3452637215970498,-6.522241592407227
13.015759276594096,-0.548095703125
-6.13466459150186,-5.031358242034912
3.0897024917955025,-7.605247974395752
3.557691046156,2.095876693725586
2.0008593011464906,-9.951301574707031
-1.2671721747064446,-9.69278621673584
-2.989164004622407,-8.121203422546387
-2.43808381047612,-4.041312217712402
-11.30813578108209,11.97358512878418
-9.619042312244815,-3.910477638244629
-4.01456885639382,-2.6467390060424805
-4.853312003098937,-3.7925009727478027
2.78743688363977,-9.06344223022461
3.6035536346157695,-7.927934646606445
6.09033976794457,4.8852081298828125
-5.89266438028177,-7.253539562225342
4.780848076735348,-5.0188140869140625
-20.7592210135025,-14.963565826416016
-3.637071869773312,-8.937274932861328
-4.396710286499547,-4.673432350158691
9.04709717330502,-15.772666931152344
1.69213972357191,-3.952212333679199
-27.068723822751306,-5.0608110427856445
0.2886204877907422,-14.570801734924316
-0.592182005541919,-5.291909217834473
-4.736229867816737,44.659454345703125
7.877641553655238,0.2862701416015625
-2.588665914009158,-4.647674560546875
4.72846919446815,-9.440973281860352
3.42669038506664,-6.602755546569824
-10.274169876330886,-1.8475573062896729
-1.289264920121349,-4.039750576019287
-6.9648772325347394,-7.055643081665039
-1.2236747050651609,-4.642057418823242
-12.208208404490907,-7.498044490814209
4.40921359309415,-8.185110092163086
16.4171583068458,5.770465850830078
-15.991582533821994,8.669048309326172
7.809600001042748,-10.428433418273926
-3.0331069492891496,-7.777435302734375
2.603164662477901,-11.603313446044922
-24.2572199033326,-7.252488136291504
13.667582002208905,-8.590797424316406
8.19307228691883,-8.21004581451416
0.4664503305112299,-4.769439697265625
-6.46133524603972,-4.5742292404174805
-19.7520332208299,-8.9480619430542
-7.75971004909346,-3.948319435119629
7.66334596528203,-7.338534355163574
-27.64770126959135,-8.234574317932129
2.125547882163602,-3.26837420463562
-1.8239337240231768,-15.70199966430664
3.3696784995100426,-14.851215362548828
5.265272900492549,-8.484752655029297
6.753311816554961,-14.754340171813965
0.9434331950199416,-2.486332416534424
2.13745295521649,-6.856842994689941
2.76912169862866,48.59504699707031
2.409764321136161,0.7522323131561279
3.7606671418030695,-7.028334140777588
0.555665600488549,-14.122146606445312
-89.04756219223692,-4.671533584594727
6.987950206462267,-5.577502250671387
-10.09410467002709,-4.346834659576416
8.16191414696451,5.1010847091674805
-10.731303688850904,-6.610942840576172
7.588764503474316,-8.304346084594727
-5.25293160621848,-3.308007001876831
2.3065604778561424,28.609527587890625
-3.8022266666193874,-4.243723392486572
3.22816419080692,-6.321449279785156
1.1941842843275,-2.1238880157470703
9.772192422094813,-4.009607315063477
-2.489313079893845,-25.935195922851562
-13.547300817594484,-13.25345230102539
-1.5403494549472296,-8.602227210998535
-5.139364658294922,-10.468462944030762
-1.32131943338233,-3.8032736778259277
-0.5284321769112605,-0.4210805892944336
0.1119561526876595,-4.934478759765625
14.8508222506114,18.332138061523438
-0.0918051514147744,-3.9740045070648193
-1.7237618714553775,-8.287067413330078
-1.5699354762224491,-2.1740856170654297
1.5718362711845366,-8.99997329711914
3.58036180553514,-5.180841445922852
7.45084701577923,-7.889117240905762
-7.378812419643663,-33.50061798095703
-33.1832620874725,-7.009823322296143
-6.066411004621831,-0.8694591522216797
-16.4910721624856,-4.863129615783691
0.8267526169764301,-7.133002281188965
-9.762453719841735,-4.011224746704102
8.07102955700163,10.951923370361328
1.741670982094262,-9.588335037231445
-0.0053525606393112,0.959404468536377
-51.4043293278057,-8.7642822265625
14.9415296965116,-3.244112014770508
8.70853787657841,-7.753185272216797
-2.149900469098629,-4.023941516876221
14.8229623836697,21.371883392333984
-0.0379657812584102,14.461585998535156
-15.3173389528898,-8.861225128173828
-1.7663441991754285,-5.562610626220703
-6.708306328674888,-5.751174449920654
-78.7451798053926,-7.96355676651001
-0.5413656534735456,-0.7001135349273682
9.625121597198186,-5.0358076095581055
-3.15562863494722,9.941930770874023
9.60447820177431,-0.2660026550292969
-3.31847606547329,-7.831098556518555
-4.12581810820042,-8.279233932495117
1.7706121017107803,-4.962214469909668
0.5117341060036625,-6.186345100402832
2.63157412115867,-6.207433223724365
-4.763634360062484,11.815679550170898
-11.18181257464061,-5.5233001708984375
-39.4932668903457,-5.281341552734375
9.206200380526292,-68.6041030883789
-2.93911844531118,-7.823482990264893
-28.13472322157985,-4.241951942443848
9.62907409316032,4.27349853515625
-7.042636248773623,-3.4393186569213867
-4.03025121975644,-19.55536651611328
3.42951329804928,-3.680461883544922
2.5565427438131976,-6.199272632598877
2.8513084033656,-10.92762565612793
-5.5623675139736175,-11.003315925598145
16.9968892380515,16.779632568359375
-4.144685584269085,-1.2594928741455078
-11.221818720505304,1.9796075820922852
-2.111656589218961,-4.515859603881836
-1.626797120535592,3.4799551963806152
0.7652624054000594,-6.292116165161133
-21.5531296050118,-15.5711088180542
-13.053772031257305,-8.066160202026367
5.42509465390903,-6.25161600112915
-5.5186956836840375,-4.906978607177734
-2.260381023139061,9.970611572265625
-30.3377383335249,-14.04867172241211
7.380729755239978,-6.615652084350586
-4.172986764275874,-5.485870838165283
-1.2036514942358316,-7.149547100067139
-35.2906329121599,-4.5713958740234375
-2.54595208771381,-15.64439582824707
-10.901275449743116,-6.925994873046875
-17.0078420331655,-7.708744049072266
-17.0314498829154,-9.355960845947266
-11.9784507557909,-13.585039138793945
-19.469018973061075,-5.4390668869018555
-3.2142130797467816,2.605915069580078
-0.5663484394051013,7.7799072265625
-21.2195468929047,-9.192787170410156
8.077984978184695,-4.776834487915039
-17.0119321722455,-17.465425491333008
4.67424026120176,-2.217987060546875
-47.9875704511971,-3.7759907245635986
4.316615136301563,-5.7004852294921875
11.2728180991378,-0.41988372802734375
-3.5546157663424616,-6.96099853515625
-3.15887949932979,-4.011992454528809
-1.6422791314174887,4.923439025878906
-3.448025235667948,-7.645483016967773
-13.5632540546311,-6.526712894439697
0.8825935384285006,-5.020992279052734
3.27100049685324,-3.233433723449707
-0.7762273913233743,0.5182819366455078
1.026942322157092,-6.469020843505859
9.859104788483815,-7.453892230987549
-1.9977872313530125,-1.6979873180389404
-13.1809903671301,-1.1432037353515625
-35.1782981083837,-6.990062713623047
-35.8337806803641,-4.090048313140869
-7.639409008216227,11.562545776367188
-15.746453943284,-3.7681918144226074
1.055995951979529,-1.5762462615966797
3.987299411465438,-3.297480583190918
-37.0930621901092,-7.945743560791016
16.694612728237402,-6.89504337310791
-4.527979888097892,-5.281194686889648
14.6352674345898,-7.391290664672852
5.034618319433818,-5.592218399047852
-3.77133000272187,-2.1138460636138916
-1.61504571199055,-9.389358520507812
-56.3663437951974,-4.810553073883057
10.088450856398616,-5.329255104064941
-14.285610883283098,-7.799212455749512
2.6210618799141923,-2.223125457763672
-2.308732762121495,-7.310298919677734
-83.9761260280997,-7.548297882080078
-1.03656181464744,-6.6802496910095215
10.16232173056559,20.89549446105957
-3.12013961477547,1.7589588165283203
3.010752586641185,-4.780482769012451
-1.5178355576616795,24.01319122314453
-2.60072537807549,-3.5160980224609375
-2.367312137177082,7.577775001525879
6.075310726130807,-2.101991653442383
2.24572304437811,11.86789321899414
0.2044267191685782,-7.6124796867370605
3.85944773684647,6.040164947509766
-14.409506408843407,-6.928922653198242
-2.683955047842884,6.3243865966796875
-0.0075038478591599,-4.408856391906738
7.190050317883171,0.4297218322753906
-2.1691769605730515,-7.042811393737793
-7.910003358009165,-2.3090591430664062
-69.1366966634013,-9.36257553100586
1.437241653553571,-15.15939712524414
-20.7409218490905,-7.845808982849121
3.78247800369874,1.9531192779541016
7.909526276907584,-6.86929988861084
6.097122298913325,-4.406700134277344
24.5800902168924,-11.381256103515625
-9.979741434164584,-3.9947166442871094
3.1327986373042376,17.240692138671875
-8.393586343504198,-0.037139892578125
8.678125432705007,-6.214450836181641
20.7428439693387,-12.863279342651367
-1.511416195100045,-8.773585319519043
-23.3725501337939,-7.8256402015686035
4.69437535963172,-9.233197212219238
8.24149319055937,-14.364706039428711
-0.2898522089969393,-7.0250091552734375
-7.19378137939456,-5.359133243560791
1.0271109700113177,-7.295224666595459
-14.564555056626377,-5.10612678527832
-9.657849716236,-8.253732681274414
-0.7280966227290082,-3.93516206741333
-21.8962191024866,-9.146316528320312
-40.2614734397264,-4.020264148712158
-1.77750068778882,-4.4088335037231445
-28.3488859938485,-0.5922927856445312
-8.184373188662292,-6.422222137451172
-6.135426654744688,-7.442112922668457
-3.270422191581055,-6.279990196228027
-6.055427015859325,-3.120495080947876
-34.3143130117107,-5.191165447235107
-50.4820483838523,-7.115606307983398
-4.639593570653838,-4.577792167663574
-21.0606958753072,12.240615844726562
8.747205755218493,11.421947479248047
0.6884341878779402,-8.900970458984375
0.300408103033295,-2.48085618019104
-17.2817979072755,-4.918144226074219
5.79128728304933,-6.918344497680664
3.7921116228684086,-4.0720367431640625
0.51700222845629,-5.033106327056885
1.0966146270020711,-28.464332580566406
-6.613686761665703,-4.266746520996094
-39.873530292237,-5.4078898429870605
-35.0272315856836,-4.152728080749512
0.2475632146873464,2.5862998962402344
5.59963570142504,-7.532764434814453
5.29419053806362,-4.855653762817383
6.457932781589695,-0.31317710876464844
6.4251548431743295,-6.798761367797852
-19.7885249955934,-5.016393184661865
-2.4097304318056905,-6.121723175048828
7.543407488617369,-7.589698791503906
1.83593808226401,5.41107177734375
-1.5082203021212124,-5.609163284301758
5.99108205682079,-1.6889452934265137
-18.1797235112709,31.211273193359375
-12.840088322870097,-6.504809379577637
-2.23616712442702,-0.8870697021484375
-4.662511414401839,-4.090977668762207
3.41802282280863,-5.826563358306885
-12.0320822507053,-4.878015518188477
-25.9801803981754,-5.151946067810059
-5.97419023328963,-6.66242790222168
15.4186986077963,2.0922775268554688
4.480465220149085,-3.731881618499756
-13.2363849677504,-4.786484718322754
-9.362863686069195,-10.667744636535645
4.128157012788561,-8.388969421386719
2.26767773086615,-4.091320514678955
-24.1634597090208,-14.636978149414062
10.013204486477417,-4.605724334716797
-31.934070451053,-9.052169799804688
-22.9515728231767,0.09341812133789062
-11.219410776078313,-4.806118011474609
6.00089213826483,-6.70722770690918
-28.9638748432599,-6.578778266906738
3.11049964318654,8.343620300292969
-1.073248118887358,-6.491886138916016
-10.249148139079496,-5.023524284362793
-13.14009076535719,-6.619261741638184
0.7364260970712593,3.2476959228515625
-44.9949251983702,-14.402621269226074
-5.159519294761907,-11.80884838104248
1.869241020829697,-5.303468704223633
-55.54568697318505,-12.410120964050293
0.3065104335081801,-4.752518653869629
-10.386374558578522,1.1589689254760742
-3.0345245902191325,-3.0416059494018555
-57.144820014625296,-4.406206130981445
2.85060083445348,-0.00601959228515625
2.446050707651698,-5.23256778717041
5.50221601830175,-3.3384480476379395
3.455876052191651,-5.813971042633057
-14.6157572128631,-8.242581367492676
-0.874105623616695,-0.3404998779296875
-1.378759213278819,-14.088529586791992
1.350733135180331,-8.71323013305664
-1.94666134980912,-6.068666458129883
-3.36735139960915,-0.9540872573852539
0.8319171014720902,-7.966432571411133
-40.2101205720394,-5.398089408874512
-24.577379709126298,-4.071434020996094
-18.6292132467089,-13.554878234863281
-46.39510994896701,-4.819479942321777
-2.487076105276776,-2.8577170372009277
-4.752960817423343,-5.141770362854004
-0.1160299782726794,-4.046233177185059
-18.5277286275242,-8.966708183288574
-14.1325019191809,-8.197347640991211
10.909208084253878,24.517066955566406
1.30779520720034,1.4834251403808594
-5.77436797253085,-7.382393836975098
3.986867952152618,-0.5649614334106445
-21.7936206120663,-3.893904685974121
-2.643556292002,-4.315866947174072
11.0853991753379,-4.501543998718262
-12.9397422629832,-9.723037719726562
-0.190891674386513,-8.484476089477539
-6.32558602127377,-9.495014190673828
5.391699208755202,8.904375076293945
-8.998840630677615,-2.576000452041626
-1.6005087696864486,-3.76516056060791
7.5482379424635875,-9.431265830993652
-7.642910278690365,-3.9116456508636475
3.719171936095444,7.279930114746094
-0.8981307679622897,10.813047409057617
7.06032809637297,-9.169181823730469
-3.134999611446543,-5.469960689544678
-5.94174589421185,6.633780479431152
-17.7883076547542,-6.535155773162842
-25.2381267145584,-12.271636962890625
-27.5445722402187,-5.287851333618164
2.6678241356197647,-3.6536002159118652
5.02066543392875,5.873798370361328
-1.67197513843126,-8.949759483337402
6.58117049992555,-3.464362621307373
3.12612254618191,-5.774047374725342
-2.1147225087047508,-0.4605751037597656
-76.9668504799361,-6.408053398132324
10.11870938841209,-8.738481521606445
4.755697845162629,13.183807373046875
16.5479703149859,23.357322692871094
4.001938538520379,-9.065196990966797
-14.1813773041305,-7.994553565979004
0.7709161631446207,-5.80864143371582
-24.2508933717269,-13.986221313476562
-22.3071231538392,-8.843269348144531
7.2595381633228,8.392791748046875
11.555346181601609,2.7976608276367188
-26.258782255785,-7.614117622375488
10.3189652047012,8.37097454071045
0.809697096857583,-4.227510929107666
-18.5255095356289,-4.212244987487793
-1.0680791130593923,-7.075057029724121
-3.5390830989045075,-7.441189765930176
10.468583156479704,7.1259307861328125
-10.613183176373598,-2.898242235183716
-6.40442742836347,4.527257919311523
7.196532980977684,-6.49831485748291
-10.586292641023492,-9.658143043518066
-26.79502671025515,-5.168558120727539
-7.187555808667961,3.622041702270508
5.4465900456679694,5.8596343994140625
3.1988276731025875,-3.536822557449341
7.827394642815597,1.50848388671875
3.887422638441485,8.963470458984375
-3.41466344580097,-9.047948837280273
2.667044757168528,-0.6925868988037109
1.0590749185315824,-2.1311426162719727
-3.9965921287470247,-0.9022684097290039
10.982614675109394,-2.7259254455566406
0.4076170529080399,-4.683740615844727
2.71319811317338,-5.714271068572998
8.652061852316729,-21.09235382080078
-0.6579761516790089,-3.1719281673431396
-51.6773231694491,-4.226149559020996
-2.8325461302865187,-24.514801025390625
2.12749125232924,-8.580342292785645
3.562549470771905,1.925933837890625
-16.517773128145326,-4.091350555419922
6.874655354673765,46.01579284667969
0.2047767843086013,-0.5787220001220703
-2.698758931910008,1.9071130752563477
1.8601156760560384,-6.132383346557617
-22.2455703021075,-8.463130950927734
2.4288820651169605,-9.24776840209961
-16.8307740899425,-0.3437843322753906
20.7191486697607,9.57288932800293
-30.7261055182573,-7.570247173309326
-38.4849400567448,-7.007401466369629
-14.3103126367969,-1.975179672241211
0.7860328468455551,0.4138450622558594
-48.3858044800915,-7.161665439605713
-3.21662088766757,-7.762237548828125
1.675245639565673,-10.405084609985352
-90.3299705619704,-7.6946258544921875
-9.28527551691871,9.918806076049805
-1.2293411329062325,-6.97292947769165
-4.534682244798708,-11.194450378417969
-68.1959205924323,-3.9598593711853027
-24.5242345195019,-4.815573215484619
-2.77042962989298,-6.183152198791504
3.8009101564042025,7.678554534912109
8.933703319425492,0.6406211853027344
-11.341527235964405,-3.966085195541382
6.71098989067457,7.030063629150391
4.54734483862441,-8.319294929504395
-5.16341129781556,-6.162446975708008
-49.062306315025,-4.96456241607666
5.26551760771767,-5.415184020996094
3.33951124606136,5.5922088623046875
5.006519903780723,-5.901642322540283
4.05485944970297,-5.947554111480713
2.283405953189745,-7.872892379760742
-2.66483863280114,-9.498174667358398
12.566471603210276,12.911039352416992
-27.9020155354992,-12.948410987854004
8.88265541550952,1.8706493377685547
0.1652887870268324,-7.35328483581543
15.4985727759109,-0.8023681640625
9.014890317831036,-6.932288646697998
1.4803529144374856,-6.004617691040039
18.1939100849816,33.60169219970703
-2.6304973605131474,-8.62143325805664
-5.493763326806099,-8.97776985168457
-0.6715208179901364,-5.806206703186035
-36.7383193130824,-5.051214218139648
5.062784719364307,-4.756234169006348
-12.026803679110706,-7.649401664733887
-3.01321716593974,-0.7996139526367188
8.35813394800668,-17.85455322265625
-3.60075442831331,-10.898422241210938
-9.509135784465323,0.5369148254394531
-19.6175855102284,-17.544368743896484
-27.8629509568953,-4.287711143493652
1.74273211890989,-7.08098840713501
-2.19578977406709,-6.997288227081299
2.42002639701588,-4.8044328689575195
-25.55316918036869,-7.569756507873535
5.635020609606415,-6.320323944091797
-34.727836669101,-4.28281307220459
4.4516036428765,-2.716475486755371
4.967381413305823,-6.7641472816467285
-6.81516141534704,-1.4687366485595703
-24.3954295810688,-3.6254639625549316
8.658679095048068,0.7921199798583984
3.7347243087796,-2.6551513671875
-12.909633143366396,-6.17185115814209
-60.49569009623433,-5.202948570251465
-3.790702882666694,-5.733280181884766
-12.41068356063,-4.9185004234313965
2.76740193393285,-12.806375503540039
-18.9061714872788,-5.2556304931640625
-3.681083449701528,-19.247745513916016
8.13893448615947,-4.7777099609375
-51.402683514636095,-12.21528434753418
-3.0703466753296,-42.166778564453125
0.4646043967887734,-6.265230178833008
5.989492839405608,-4.5533061027526855
8.833837192566008,-5.34375
-26.1965705632023,-10.03128719329834
0.0804428699766095,-5.023006439208984
10.229168329440906,-4.8047356605529785
2.12042655289975,-20.230682373046875
3.88810032819938,0.5244956016540527
-31.515616413872173,-7.422240734100342
2.28163515100639,-3.6962709426879883
-9.633163292669298,-4.635517120361328
2.63206586722876,-9.475610733032227
0.3189015990893598,-8.224525451660156
-6.31868596379813,1.5119094848632812
-6.4648984000359935,-8.939780235290527
8.91646092056966,-7.456491947174072
-42.637521131086125,-4.543302536010742
-89.5439156156453,-6.324481964111328
9.179556151687803,-2.8324241638183594
8.754663680824095,9.059151649475098
0.8838679103249854,-6.383986949920654
4.338369925074482,-5.375137805938721
-18.23432595343749,-9.042552947998047
6.92534745147092,-2.9990234375
-1.768261666543676,-6.54742431640625
-7.87226820943855,-7.4350481033325195
-12.0847368637308,-6.640508651733398
-4.4222229386498375,-7.432209014892578
6.63109301847755,-4.363659381866455
1.675381804264854,-8.01756477355957
-6.897600670415837,-4.272234916687012
-12.2774867069717,-4.876831531524658
-3.963646539183849,9.147895812988281
-2.552277046947741,-11.042344093322754
-10.78700495517378,-0.23430252075195312
-6.426376983867103,-1.9077224731445312
8.2142562177934,-4.999567985534668
-16.967828162594074,-0.6011126041412354
6.07843040491799,0.7181363105773926
3.08443697315444,-6.087007999420166
-1.3811964732242277,-4.666006088256836
-4.51305804704249,-4.791216850280762
-9.93375477053989,-19.831235885620117
-0.6581754288220045,4.3499884605407715
-7.952166005584182,-4.6040143966674805
-13.563015982384195,-7.0583343505859375
-47.9957157156951,-7.963058948516846
4.96190002222477,14.907136917114258
-2.0240269290899,-5.693171501159668
3.47166270740147,-4.427268981933594
-5.2815921348029296,-10.009176254272461
2.369358494612781,-2.2117919921875
-4.214346026907057,-8.265125274658203
-23.8934551543691,-5.1131792068481445
-1.0659561461183158,-4.016941070556641
3.126169348435272,-5.443937301635742
2.35164464781062,12.973714828491211
-1.79502295092813,-8.000199317932129
-15.957982665262508,-4.818049430847168
-64.65676531723692,-23.32863998413086
-27.8195558011628,-9.170299530029297
-10.480511156242285,-6.032558441162109
-6.18357684414468,-5.077375411987305
-6.75960002722117,-1.9119130373001099
4.4105627388370605,-6.800970077514648
5.58846482112586,3.7814855575561523
-16.8483709423333,-5.015583038330078
16.1850033157246,18.495819091796875
-3.34531377329845,-1.9629743099212646
5.893700156574014,36.906612396240234
2.745769909533195,50.10469055175781
2.53362859007723,-12.193482398986816
1.0880788430276551,-11.424240112304688
