Score,Pred Score
-13.812973987503693,12.54884147644043
-14.6311710829416,-12.857624053955078
-15.020937907067507,-11.667106628417969
5.61896917638109,7.907519340515137
0.1461877509898399,-9.797107696533203
3.59745169898486,0.00913238525390625
-6.72144892291601,17.88752555847168
4.304204520484877,-11.083413124084473
3.37898618824583,-7.0109710693359375
3.939818822274421,7.022098541259766
13.9953943577381,4.663300514221191
-5.39913759737588,1.8677453994750977
-2.204579993178592,1.3348822593688965
8.829561804598438,4.220365524291992
6.01696699102072,1.3531608581542969
-6.376202369524528,-2.5287537574768066
-6.50906463316165,-2.29740309715271
-60.92137282626391,-7.039360046386719
1.99934019108803,-6.668026447296143
2.188685633501576,3.1389083862304688
4.07090957771029,-5.763152122497559
0.5211206139658471,-1.7993927001953125
12.5580583918003,-3.819478988647461
3.320229681965675,-6.813525199890137
-0.4381862293696001,-11.215234756469727
0.1752112379752922,-9.745098114013672
4.123908949931413,-12.689465522766113
-14.2382866820043,13.093624114990234
12.966325580978296,18.02753448486328
7.692941411907634,-8.385930061340332
-62.9031214125763,-10.241679191589355
-5.800670766453999,-1.1143617630004883
-11.705366535732304,-10.636054039001465
-4.786538605318405,-7.737915992736816
-82.4887013651952,-9.884904861450195
-8.251107402184557,0.7640800476074219
1.61677665352485,-12.471334457397461
-11.916211326129387,-11.459104537963867
-45.634880019414,-16.370800018310547
-0.568998602339841,-2.05074405670166
-12.147399114840605,-16.42827606201172
-27.4476544011683,-0.5529689788818359
-2.306526469902426,-7.435820579528809
-0.4835459876036119,0.862518310546875
-8.39479061793487,-14.659719467163086
-46.862925671502296,-12.199378967285156
0.3837795244341289,-0.6161689758300781
7.184930267876617,17.025461196899414
2.8348518495029404,-3.713284492492676
-9.859535687586003,9.477668762207031
-6.00025755794808,-9.589960098266602
-4.764629840066975,-2.188638210296631
-2.377061578670744,2.844447135925293
-2.0585753436264698,-7.689886569976807
1.1848602197973823,-7.975927352905273
4.97603191479674,-5.717175006866455
4.27399441028646,-10.32545280456543
-46.2372447228831,-11.801048278808594
-31.4759298257721,-7.018780708312988
-50.1674018945849,-10.259653091430664
0.9601515747159592,-1.0752005577087402
-11.864177458483407,-7.483497619628906
-0.538262620928304,6.553627014160156
-0.6920482116816997,-1.3007655143737793
-1.5184696160120892,-4.5925092697143555
-3.0836644409391925,-9.752604484558105
11.316750179392892,20.775146484375
-11.183106529127476,-5.092321395874023
3.59102041590596,-6.289585113525391
4.55602013063716,-6.6232404708862305
11.579228393987275,-1.928009033203125
2.3067635611900137,-8.53763484954834
10.480393919522983,-8.296005249023438
-2.698100773809443,-9.626852989196777
3.776985072333982,-7.044766426086426
-11.773766374328297,-8.946707725524902
8.681027307740193,5.28626823425293
-1.1091988250418725,-8.14101505279541
4.484288991501213,-1.5880317687988281
0.0548896546292299,-3.041576385498047
0.1118559290339978,-12.286714553833008
3.9797293996962297,6.040292739868164
-22.42608065327665,-10.091516494750977
7.37064384347005,-1.9399762153625488
-0.2642143205483515,-1.2468373775482178
5.344594984386832,-9.942010879516602
-1.2497809936708242,-10.107315063476562
13.71198107208239,-15.80419921875
0.5045482395984724,-7.115818977355957
2.86709961553106,1.841933250427246
0.4423212163888063,-7.6882405281066895
-3.724573545179619,8.494434356689453
0.2570808252882703,-2.349656581878662
-70.65073406723695,-9.897982597351074
-33.9587360563784,-9.750785827636719
9.2088386022025,-2.9585514068603516
1.3318185914773402,-10.32738208770752
-9.176001953270983,-5.787893295288086
-10.497767159210698,-10.688210487365723
-0.4402086584014632,-8.729999542236328
2.1560784090827942,-8.48576545715332
-27.1636490162131,-7.740413665771484
-0.670930828719279,-13.84245491027832
-22.794043146736,-10.130889892578125
0.8105828534072201,-16.42935562133789
1.2287673509824204,-6.39323616027832
-0.6435038581465955,-2.1915664672851562
8.474782023793379,-2.777425765991211
-9.601847091024196,-2.359261989593506
-1.6610011043127195,1.4571518898010254
-0.1091636509260827,-4.1324262619018555
7.570838092245207,-4.344481468200684
-7.211196994815285,-7.234927177429199
9.090654061652296,-8.10245418548584
-26.6651088566214,-3.708221435546875
-17.309192174305,-9.96787166595459
4.14054171285972,-3.3489651679992676
4.097668935846943,14.66436767578125
-0.29408409265346,-4.601387977600098
-35.8165916579592,-10.469015121459961
10.898098675545494,-6.852458477020264
-1.6552655274048038,-4.542877197265625
1.6729502580778592,-6.299609184265137
-6.42491227706334,-10.423415184020996
-15.4752611754195,-10.570518493652344
-0.6907348474047925,-4.812562942504883
-21.3629045873375,-4.463712692260742
4.219145585451182,-5.869043350219727
-3.019531285218114,-1.3856420516967773
4.25311060075082,-3.866237163543701
-15.0412339008878,-33.97577667236328
-8.237627320974727,-12.523149490356445
-1.0683487237199796,-2.277085065841675
-1.7174251595272625,-6.821943283081055
4.069163600073605,-9.437657356262207
-10.162041561092582,-10.232266426086426
-5.97248436581227,-7.749090194702148
6.120538767403939,-5.487628936767578
-0.8028238008287005,-12.701814651489258
-23.6042929930625,-10.002635955810547
-0.1777753404752198,25.3408203125
-5.785469568057495,-11.28677749633789
-0.0556983764780604,-5.34431791305542
-25.4508968849616,-0.07496261596679688
-5.3185412482723295,-0.6511144638061523
9.1356503291117,-3.1685028076171875
4.020569536845237,6.321849822998047
-58.5527340809363,-4.188338279724121
-6.291328737399075,-6.764314651489258
4.187869588752649,-2.1941652297973633
8.922207576391518,-9.318662643432617
22.7414116448382,2.2213916778564453
-44.6057608529879,-9.650955200195312
-26.5129077898497,-19.692977905273438
-2.13735826282737,13.525497436523438
-1.14890133483728,3.6901016235351562
-15.2234416939723,1.295363187789917
0.369316059642221,-6.3777666091918945
-0.6884117876070912,2.521611213684082
-5.8772631055401,-1.341209888458252
3.6053774296538297,-5.548469543457031
5.07108724357905,-9.183328628540039
1.292753014965791,-1.0748138427734375
8.440986836263871,-8.02247142791748
-3.43040335892423,-7.25370979309082
0.7651079053562314,-8.286245346069336
-37.13962469223695,-23.84308624267578
-5.822632503482525,-2.666231155395508
-6.879472048396067,-11.661776542663574
2.11024229353816,-1.752711296081543
-7.1526743450051855,-4.444034576416016
-1.122073026503361,-6.5226545333862305
0.3302260274555297,-10.334547996520996
-1.178255647098801,-7.321948528289795
-2.99361591491145,2.2875747680664062
-18.1070051290659,-8.927576065063477
-3.0332808194811403,-1.369218349456787
2.6303171850506604,-8.85188102722168
-9.72499716390718,-10.635791778564453
0.2729453578388601,-5.707311630249023
-21.4503408223732,-10.061131477355957
-4.99755531471552,14.93988037109375
-18.0018409950579,-19.201709747314453
4.00031385473591,-9.076822280883789
12.0378145652987,17.48621368408203
14.1235470599023,-16.424375534057617
6.55729051148795,2.0988101959228516
11.19992297656359,0.8567962646484375
-7.81388191369781,-11.580703735351562
-2.924593214648255,-8.866453170776367
3.7667366885646025,-8.557104110717773
-6.68253431604433,-3.8092336654663086
0.7345204104922589,4.1439666748046875
-10.626155896203898,-3.477095127105713
8.106852576346123,17.261180877685547
-58.24412469223692,-24.097021102905273
1.4955767028094,-13.08160400390625
-17.6906096863185,-16.00885581970215
-4.813871520282443,1.1120414733886719
-11.8973420493851,-6.531070709228516
-2.67676896274171,14.85113525390625
-3.9331393974605526,-6.873361587524414
8.756217929094177,22.653125762939453
-29.2662792150344,-12.616783142089844
1.7249239205326918,-5.087459564208984
-6.686975812883663,-5.235857009887695
11.10272802991041,0.3999195098876953
-10.956818171714705,-9.319161415100098
-6.3500959185649,-8.671009063720703
0.6681105368389735,-7.487676620483398
-12.500029270357295,-7.0145111083984375
-2.591242863373206,-7.948826313018799
5.954690473588823,-3.460966110229492
-43.929359067237,-19.655193328857422
-17.4841411730512,-7.305204391479492
3.61441892535489,-4.435012340545654
2.1112971208509976,-3.4243383407592773
-41.8026500314277,-12.82168197631836
7.028135642932115,5.152896881103516
8.463248256721428,-11.203813552856445
-13.037072413777096,-9.994637489318848
-1.6307504375632549,-5.719538688659668
-0.3284521577656807,-5.562229156494141
0.4685622181175212,-6.455425262451172
-5.316952415477393,-9.376619338989258
4.584421564331302,6.075941562652588
-20.3593816575191,-7.033862113952637
3.67041582610247,-3.0114574432373047
2.204062447972561,-2.6900744438171387
-4.666937653128132,-1.113642692565918
-12.3781694316975,-11.804192543029785
7.06923762363823,-6.918646335601807
-37.2883298194418,-10.449068069458008
6.442434166934048,18.41043472290039
-12.2162083245621,-9.130823135375977
-20.3623076046531,-4.407065391540527
-5.45440876641342,-0.3141326904296875
3.1416241584890576,-7.513143539428711
-4.96580172718434,-9.720437049865723
-37.4061766871973,-14.920886039733887
6.46185690649625,-5.411103248596191
0.5403453062071405,3.174131393432617
8.656689402528613,3.322723388671875
12.331931266595111,-1.8119850158691406
2.75380173901167,-5.309261322021484
-2.8447496930443927,4.283260345458984
0.0285872237409883,-5.64300012588501
-73.5286754265322,-10.739995956420898
7.285509446842615,-8.88387680053711
6.72046542688671,-11.438966751098633
-6.19730890695259,-6.6744384765625
-16.4599719883519,-6.677715301513672
-10.288292260688207,-7.26637077331543
-10.285920522724917,-9.633719444274902
-30.8171784242839,-2.626652956008911
-4.65691689928222,-5.748816013336182
-37.1716279374795,-10.246984481811523
-36.50577458359941,-9.318048477172852
0.7942566624333496,-12.510366439819336
-34.8552692363716,-9.606002807617188
-2.491707941339629,-11.590962409973145
1.7387039934851498,-3.48004150390625
18.9715733525152,17.06369400024414
-13.8996269060666,-9.654769897460938
4.17561229224804,-7.355951309204102
4.7680640763497,-10.198217391967773
-6.745372906074374,-2.388716697692871
7.262818938793504,-2.247562885284424
-55.7541546140486,-15.207296371459961
8.453421074249384,-3.046764373779297
-5.85807143580148,-9.075162887573242
-52.7336020518746,-13.82870864868164
-1.995826789875676,-4.312660217285156
-1.3326443092463092,-14.905619621276855
5.029017096161708,1.677835464477539
-0.71117494174041,1.7320146560668945
8.243548509216069,12.836612701416016
5.81602235619721,-10.937881469726562
5.978124919049687,-8.272994041442871
-2.8859593337581737,-10.514835357666016
-26.0047332498617,-13.473197937011719
-1.5220929784942658,-19.536312103271484
-3.195242757261453,13.0970458984375
-15.0089303719363,-9.977215766906738
-1.757118944268968,-14.951410293579102
-13.5091075877696,-6.735921382904053
-4.0681667574955,-9.196928977966309
4.43276114617859,-4.993993759155273
-4.665207913971671,1.6648015975952148
7.33919324558513,-8.41988468170166
-11.69780882660921,-9.198387145996094
5.960801203295765,-3.1105847358703613
-29.9162730471743,-9.819038391113281
-5.331847529263395,-6.778298377990723
4.2006804390709,16.51376724243164
4.76541245752904,0.4291648864746094
5.87221574658101,-0.07909393310546875
-12.955988512618,-9.001981735229492
-14.4061745570978,-17.920785903930664
13.644333664082708,1.4590797424316406
7.522446474796843,-8.494095802307129
2.858782897786812,-5.65064001083374
-49.8653288018085,-10.038812637329102
-4.029904705212941,1.5307769775390625
-6.2026319104393295,-6.744441032409668
4.452168509343501,-11.789076805114746
-16.475900892606802,-10.831242561340332
-11.03094492075089,-12.964037895202637
-8.08045020128908,-5.787496566772461
1.39259946716825,-6.24186897277832
-14.885807229381896,-0.7628068923950195
-11.113180908425988,-5.371791839599609
5.506094216928792,-3.188162326812744
5.29091659278858,-7.550531387329102
3.42106467876526,-4.652929782867432
5.162821279449693,-8.490823745727539
6.020551076354931,-5.336953163146973
0.8086942897832163,-7.85791015625
-8.80546181278599,-16.826200485229492
-7.42349600405968,-9.914322853088379
-14.4731176558811,-12.055816650390625
-35.5448186771701,-8.645970344543457
-1.657597602265355,-7.375709533691406
-1.930224441335125,-17.867931365966797
-10.398648228661925,-8.08010482788086
-1.6521884315998507,-8.441834449768066
1.3131129859732091,-6.370238304138184
-0.1240821746904601,-6.22655725479126
-35.1709788883515,-10.430381774902344
0.6771989561182002,-4.382360458374023
-5.8677981963370005,-7.222160339355469
0.7982616963508231,-7.518579483032227
2.595279020812243,-10.865009307861328
6.9472187772133225,-9.911614418029785
-41.1395198834054,-9.057525634765625
-35.4604736838065,-10.456460952758789
7.87379173269718,-9.17612075805664
-8.72128086410909,-10.359163284301758
-82.13826531723697,-10.481487274169922
-9.70693692529289,-20.11353302001953
-61.4386715672369,-17.513032913208008
7.10938257895085,-11.667230606079102
0.4007388327427847,8.03885269165039
-0.7455370396145937,-1.814894676208496
1.674966057420845,-8.011995315551758
11.877856996640997,-6.937766075134277
-0.9096556467231308,-35.752769470214844
-1.4680391508473674,-5.763735771179199
15.6414782015599,-4.3346147537231445
-10.35739215730591,-9.389801025390625
1.926107182225645,-1.0670318603515625
6.99756701325662,-1.9879417419433594
3.54836143321337,-3.7053253650665283
-7.726553411266567,-9.727819442749023
-48.51478094223695,-10.203483581542969
-3.0453156276270903,-2.2041850090026855
-3.454798154796729,-3.58837890625
9.503977484174175,-1.2611942291259766
6.001532732018722,2.0498580932617188
1.775572054007981,-7.034344673156738
-2.6871577689602653,-6.051700592041016
-7.920344649869953,-10.556446075439453
2.578081311550471,-7.187564373016357
-14.434457477598505,-6.570318222045898
-1.338045882914232,-5.098057746887207
-44.1817825469333,-23.822589874267578
2.4314234692194163,-4.877631187438965
-2.35314836228574,-3.721628189086914
-2.07036107592124,-6.425410270690918
-6.560167066336443,-6.314988136291504
-2.54688332955635,-8.141373634338379
-7.940842049461227,-10.011216163635254
-7.789052707582185,-7.962890625
-1.4295761119406232,-8.569984436035156
7.206977941743588,-9.12601089477539
-4.081394009803599,-7.207681179046631
-30.167243616457,-5.896923065185547
11.7225687296843,-15.689409255981445
-0.8984319813221007,-3.7213382720947266
10.349523074958825,-3.8468735218048096
5.42147270471237,7.151897430419922
-0.3136273830120112,-8.702215194702148
4.398848813602776,-4.293008804321289
2.099307195887115,-9.902374267578125
-61.6890402284636,-6.892401695251465
-7.08434802004719,-9.0682373046875
0.6962467393230812,-8.435125350952148
9.0758909366509,-13.209729194641113
-1.9263965715605047,0.5396957397460938
-6.262949496708321,-7.053991317749023
-4.739766082030863,-7.538243293762207
-36.8822022827233,-12.510051727294922
3.24770439300306,-0.05082130432128906
-2.289513933263135,-8.058525085449219
1.41805545618482,7.993717193603516
-24.4432878855492,-5.041168212890625
-24.96156751119129,-6.660379886627197
-7.734574598544068,-7.184138774871826
2.79124989437018,-5.016632556915283
-5.17831154550348,-9.14529037475586
1.5275640312561216,-7.863991737365723
3.682989905065457,-9.858390808105469
-10.8237586662752,-10.166619300842285
-6.929951553081727,-7.321651458740234
-27.96215708599589,-11.459579467773438
-2.88087637063392,-6.573341369628906
-5.960419628776203,-8.613117218017578
-37.189874708633695,-13.08489990234375
1.1496085756031087,-4.291892051696777
-12.7137936794919,-15.786853790283203
8.398744223780918,-7.253409385681152
-33.3004252633332,-10.058141708374023
9.144089281431205,-8.006743431091309
4.065326821312747,-6.074592590332031
-41.9047429025821,-10.49921989440918
7.383552345763623,-1.9077425003051758
6.364261125349779,-4.638110160827637
4.841793570156368,-8.606979370117188
1.6198341998494314,-7.767256736755371
4.179707781567577,-8.936408996582031
-14.7229944429405,20.29425048828125
7.078924552126015,-6.978740215301514
-12.898019313824,-3.8765869140625
-70.8116033690518,-10.93021011352539
12.7359625054994,2.70550537109375
5.586124430090477,4.904136657714844
3.028467183462371,-7.443276405334473
-5.830142578087577,-9.815163612365723
-22.6841489367301,-8.819765090942383
-1.51657819068512,-3.959484577178955
-81.52648016021857,-5.955949783325195
-3.36903782007548,-7.2237701416015625
-18.707844022,-7.242283821105957
-34.48768519828235,-11.111133575439453
-39.7169735486916,-6.821382522583008
-1.593720937577549,-8.539196014404297
-23.2954444871652,-10.704172134399414
-45.30258920076982,-10.191213607788086
12.5056328567953,2.739302635192871
-11.9299972333177,-23.426925659179688
-37.9495035857927,4.178981781005859
0.7001962140772594,-5.239974021911621
4.49418879319923,-1.465522050857544
-39.0646563811545,-16.846601486206055
-9.09730633851708,-11.19190788269043
-17.5589533745204,-10.66141414642334
-4.92782811871599,3.956174850463867
-8.2299173561342,-6.966266632080078
2.60625970962018,-3.3501319885253906
2.726862934921635,-1.92950439453125
4.071661498679735,-8.521858215332031
-13.2494383747796,-8.332147598266602
-11.9154244975033,10.284378051757812
0.9090871567987184,-11.601064682006836
7.92708077877978,2.8978309631347656
-3.119647295186995,-6.089315414428711
-2.248378586620203,-9.711030960083008
1.6646916021852596,-9.685693740844727
0.1590569364430157,-7.342204570770264
-77.3623903172369,-10.040494918823242
15.8859560938761,-18.276824951171875
-3.11888044241469,-3.773486614227295
-2.7468186065138984,-3.979229211807251
2.77922195660905,-6.0218610763549805
4.052279150357491,-7.208876609802246
-4.03806373695381,-4.294247627258301
-2.4461467814868523,4.6487274169921875
-0.1639564470097907,-2.335886001586914
0.8542168432631491,-5.690570831298828
5.84905996845087,-3.611135959625244
-5.77665564868809,-0.34142112731933594
-3.7008288999313423,-0.45792579650878906
-7.18713065449027,-7.2713117599487305
-0.9529303605806088,-5.362033843994141
-15.902118442879,-11.659650802612305
-28.0636361890057,-9.014371871948242
-26.912205886836706,-12.073448181152344
8.596988309863011,2.1101760864257812
0.2877587512502297,-9.445134162902832
3.3899996482015826,-3.4758365154266357
-20.5869014386951,-4.768180847167969
-9.341800010912078,-6.680919647216797
0.1692077246922899,-5.0608625411987305
-1.857666460494741,-7.134675979614258
-13.2752747780792,-9.879291534423828
0.7445982178878973,-0.4084739685058594
4.49646859469848,-2.057964563369751
3.60913262992784,-7.4997711181640625
-5.653435188749545,-12.460156440734863
1.51502173443586,-4.436534881591797
8.143116180793372,-3.5456647872924805
-8.36164856265281,-12.285459518432617
-1.130678948105339,-2.996260643005371
-4.349210006555943,-1.6206588745117188
0.2594141505344826,-7.796198844909668
-32.1283374054069,-7.7951812744140625
-1.9051378030600723,1.3079495429992676
4.768047800449637,-8.729025840759277
2.264898495983479,-9.314329147338867
-6.47138721063866,-0.7381153106689453
4.93167956005568,-9.109443664550781
2.4851768276660025,-3.8164186477661133
-3.930469946192945,-5.05198860168457
11.923948375295712,-4.468090057373047
11.616605850275496,3.8728981018066406
10.41580460128629,-9.699685096740723
-8.700462669667385,-2.5336456298828125
13.1991243046288,-3.425151824951172
-4.75101729862813,-8.07636833190918
-1.4230966237807086,-5.65482234954834
-2.07861348348741,-7.692702293395996
10.292368565007404,10.734725952148438
1.9007667723773176,-5.7899627685546875
17.1612744381531,19.216136932373047
-0.1428452494230792,-2.026277542114258
2.4933992323843923,-4.701865196228027
-13.861300672159,-7.842798233032227
-1.7943154401891548,-8.558560371398926
-4.15624175439773,-9.209757804870605
-14.277645616907492,-10.912517547607422
2.713132201978397,-6.379128456115723
-13.315456279797685,-10.611507415771484
-5.36204355968609,-5.394528388977051
-1.4872271509121793,-1.672433853149414
0.31232235517322,-1.8496513366699219
3.0307168501552093,-6.961605072021484
3.4484762474106,-7.1696295738220215
-34.0729170807354,-15.37409782409668
-25.0659802428987,9.258712768554688
0.86771933446589,-6.951237678527832
-11.996919710325,-11.651288986206055
17.2594267615487,12.443519592285156
-56.2560888739038,-18.729978561401367
-12.7386491421071,-12.271522521972656
-3.520787796436005,-11.644746780395508
-0.8014467498558491,-12.366202354431152
-34.7812340468876,-6.677084922790527
7.158235365631607,-13.866856575012207
3.29681579894721,6.64915657043457
0.046018285265003,-10.439533233642578
2.046344769010002,-8.451231956481934
4.25403099118957,-6.876650810241699
3.7804230286959792,-16.008182525634766
-3.773219093074008,-9.882187843322754
-9.722403045722997,-9.699792861938477
2.81101468536903,-4.857647895812988
-23.7494411406013,-11.918619155883789
-75.56229656723696,-17.536775588989258
4.366245372711767,2.2828216552734375
9.94612085382829,13.998912811279297
-8.207132148775708,-16.539451599121094
-3.09775596823669,21.234333038330078
3.77256113899207,-7.103987693786621
0.2016574678685985,0.924461841583252
4.38808277416547,-2.039940118789673
3.7092867134231,-9.803817749023438
1.6740112862957208,10.08454704284668
-5.472376660417956,-8.751849174499512
12.283123760680592,-1.0678730010986328
4.417989059347175,-9.3209228515625
1.907333647224608,-5.194354057312012
-3.73521146317182,-1.344113826751709
7.837521570550837,12.011749267578125
4.82455755953161,-13.472089767456055
-0.6472060937938101,3.6856870651245117
-8.237956686764985,-10.63487720489502
7.36579899286375,-0.8560614585876465
7.859716520666763,-5.218378067016602
2.765011277030255,13.678848266601562
4.62415639298937,12.713119506835938
6.430237727930085,-8.588069915771484
2.44728958086436,-1.0926742553710938
-1.93656353174353,-4.870870590209961
-33.7845903951132,-22.563199996948242
10.960301672714698,-2.735004425048828
6.147225205740463,-8.769389152526855
2.4659746492236927,2.883329391479492
18.2642273209106,-8.433465003967285
7.656482330373112,2.5272216796875
-63.2346715672369,-10.133465766906738
-22.9610154952969,-10.673745155334473
4.39789099231211,3.3840293884277344
-46.587141393021525,-17.2372989654541
-12.281506448986304,-4.723379135131836
5.220668557811489,-0.09046077728271484
-1.4412632820262703,-7.773895263671875
-35.163016426576704,-6.7473249435424805
-31.380009974583203,-10.405255317687988
-40.7258600860177,-10.818300247192383
-35.3994683825842,-10.430463790893555
-10.968565079401992,-5.971363067626953
15.384553292915324,-22.004878997802734
-0.4271227388875901,-6.710247993469238
-7.69948364751984,-4.684722900390625
-26.6822467124322,-12.034832000732422
-0.2823200449385875,-7.811878204345703
-3.8453528225106623,-9.45411491394043
-2.4599041427842496,-1.6973657608032227
-12.7315114055493,-1.369736671447754
1.418014053180695,-6.57722282409668
-3.4922781726655696,-6.959670066833496
9.58062385928767,-5.915225982666016
-17.5801214502402,-5.496950149536133
-49.5120706514507,-16.845809936523438
-0.4503474699443348,1.5780296325683594
2.332279780348585,-2.477229356765747
-42.2483635713802,-10.19849967956543
-5.00028834575103,1.199641227722168
-5.14141487663266,-9.81307601928711
-19.923371510770203,-7.04471492767334
4.28301459624688,-7.143233776092529
0.3224388648416145,-8.597963333129883
6.795393661635613,22.27642822265625
6.720388221210122,-16.083099365234375
-20.7558388881914,-6.992183685302734
-12.5922662394529,-10.180788040161133
-5.19085420781142,-3.0033557415008545
-27.3858072066324,-10.034589767456055
6.488490212037078,-3.0734481811523438
-12.5233171201947,-12.710005760192871
0.996650643215182,-9.945884704589844
3.27144637329635,-6.159139633178711
1.203208947199059,-14.19314956665039
4.5031585012656095,-6.021149158477783
-46.6686841099013,-10.172693252563477
3.600655729290548,-8.903998374938965
-2.7077151362496297,-5.579220771789551
-42.936846127142296,-10.362659454345703
2.679404112105611,-4.197073936462402
-23.975827854410426,-16.09780502319336
-24.4869919201538,-14.646862983703613
-6.22433036882608,1.9214906692504883
-24.992167376126925,-10.887319564819336
-9.742168339465294,-7.007813930511475
0.1235817830644999,-7.160905838012695
-11.607028837624,-10.006099700927734
5.321680837772678,-4.409832000732422
3.3452637215970498,-7.281039237976074
13.015759276594096,26.50634765625
-6.13466459150186,-6.977081298828125
3.0897024917955025,-4.72495698928833
3.557691046156,3.115017890930176
2.0008593011464906,-9.569544792175293
-1.2671721747064446,-13.919443130493164
-2.989164004622407,-12.202141761779785
-2.43808381047612,-9.95727252960205
-11.30813578108209,9.031481742858887
-9.619042312244815,-5.898635387420654
-4.01456885639382,-2.1934638023376465
-4.853312003098937,-10.136626243591309
2.78743688363977,2.0479965209960938
3.6035536346157695,-6.287500381469727
6.09033976794457,4.215904235839844
-5.89266438028177,-5.252295970916748
4.780848076735348,-7.33478307723999
-20.7592210135025,-18.304534912109375
-3.637071869773312,-12.285025596618652
-4.396710286499547,0.8258628845214844
9.04709717330502,-10.986982345581055
1.69213972357191,-8.770957946777344
-27.068723822751306,-7.156983375549316
0.2886204877907422,-7.480461120605469
-0.592182005541919,-5.239627838134766
-4.736229867816737,14.724098205566406
7.877641553655238,-2.0041275024414062
-2.588665914009158,-2.8500897884368896
4.72846919446815,-13.295252799987793
3.42669038506664,-5.084815979003906
-10.274169876330886,-1.157646656036377
-1.289264920121349,-9.952219009399414
-6.9648772325347394,-6.799508094787598
-1.2236747050651609,-11.308486938476562
-12.208208404490907,-10.581588745117188
4.40921359309415,-1.921295166015625
16.4171583068458,8.002983093261719
-15.991582533821994,6.091127395629883
7.809600001042748,-9.624424934387207
-3.0331069492891496,-4.456573486328125
2.603164662477901,-12.192178726196289
-24.2572199033326,-9.169448852539062
13.667582002208905,-8.086959838867188
8.19307228691883,-12.013589859008789
0.4664503305112299,-3.916095733642578
-6.46133524603972,-10.133417129516602
-19.7520332208299,-12.23469352722168
-7.75971004909346,-6.255870819091797
7.66334596528203,-9.841516494750977
-27.64770126959135,-10.565814018249512
2.125547882163602,-3.921319007873535
-1.8239337240231768,-8.625146865844727
3.3696784995100426,-9.135547637939453
5.265272900492549,-8.309940338134766
6.753311816554961,-9.41214370727539
0.9434331950199416,-2.056323528289795
2.13745295521649,-3.92891263961792
2.76912169862866,1.2511138916015625
2.409764321136161,-0.7509970664978027
3.7606671418030695,-9.02307415008545
0.555665600488549,-6.564149379730225
-89.04756219223692,-8.181324005126953
6.987950206462267,-7.398403167724609
-10.09410467002709,-6.856647491455078
8.16191414696451,5.508011817932129
-10.731303688850904,-9.61823558807373
7.588764503474316,-7.814033031463623
-5.25293160621848,-8.471904754638672
2.3065604778561424,19.93069839477539
-3.8022266666193874,-10.497846603393555
3.22816419080692,-5.8984246253967285
1.1941842843275,-3.2946929931640625
9.772192422094813,-4.786663055419922
-2.489313079893845,-15.00299072265625
-13.547300817594484,-16.581825256347656
-1.5403494549472296,-8.784294128417969
-5.139364658294922,-8.979063034057617
-1.32131943338233,-5.590651512145996
-0.5284321769112605,-6.210540771484375
0.1119561526876595,-4.723962783813477
14.8508222506114,14.599445343017578
-0.0918051514147744,-9.692319869995117
-1.7237618714553775,-7.755026817321777
-1.5699354762224491,-6.557622909545898
1.5718362711845366,-6.904707908630371
3.58036180553514,-7.214537143707275
7.45084701577923,-10.53524398803711
-7.378812419643663,0.84820556640625
-33.1832620874725,-9.1702241897583
-6.066411004621831,-1.5778541564941406
-16.4910721624856,-7.005397796630859
0.8267526169764301,-10.732571601867676
-9.762453719841735,-10.165958404541016
8.07102955700163,11.989105224609375
1.741670982094262,-8.458035469055176
-0.0053525606393112,-0.6572461128234863
-51.4043293278057,-14.328804016113281
14.9415296965116,5.8539276123046875
8.70853787657841,-10.785884857177734
-2.149900469098629,-9.904394149780273
14.8229623836697,18.571502685546875
-0.0379657812584102,10.516153335571289
-15.3173389528898,-5.690277099609375
-1.7663441991754285,-5.874207496643066
-6.708306328674888,-8.034769058227539
-78.7451798053926,-11.501462936401367
-0.5413656534735456,-5.666925430297852
9.625121597198186,-3.8821043968200684
-3.15562863494722,3.63448429107666
9.60447820177431,4.569709777832031
-3.31847606547329,-5.2217183113098145
-4.12581810820042,-5.8118181228637695
1.7706121017107803,-3.549431800842285
0.5117341060036625,-8.548006057739258
2.63157412115867,-4.72324800491333
-4.763634360062484,5.010894298553467
-11.18181257464061,-4.19744348526001
-39.4932668903457,-7.061300754547119
9.206200380526292,-27.925235748291016
-2.93911844531118,-10.67143440246582
-28.13472322157985,-10.673368453979492
9.62907409316032,1.4838638305664062
-7.042636248773623,-3.319554328918457
-4.03025121975644,-14.029150009155273
3.42951329804928,-0.4945850372314453
2.5565427438131976,-5.032029628753662
2.8513084033656,-9.990488052368164
-5.5623675139736175,-7.668404579162598
16.9968892380515,14.398502349853516
-4.144685584269085,-1.2206649780273438
-11.221818720505304,-0.4695720672607422
-2.111656589218961,-2.498943328857422
-1.626797120535592,0.3306608200073242
0.7652624054000594,-7.454996109008789
-21.5531296050118,-19.675477981567383
-13.053772031257305,-10.276041984558105
5.42509465390903,-4.55729341506958
-5.5186956836840375,-10.145437240600586
-2.260381023139061,22.156837463378906
-30.3377383335249,-10.974126815795898
7.380729755239978,-8.33389949798584
-4.172986764275874,-5.681919097900391
-1.2036514942358316,-7.4111328125
-35.2906329121599,-6.961500644683838
-2.54595208771381,-11.57040023803711
-10.901275449743116,-10.016690254211426
-17.0078420331655,-11.586873054504395
-17.0314498829154,-3.833019256591797
-11.9784507557909,-9.185480117797852
-19.469018973061075,-5.317573547363281
-3.2142130797467816,3.739757537841797
-0.5663484394051013,16.324859619140625
-21.2195468929047,-12.23473834991455
8.077984978184695,-6.482915878295898
-17.0119321722455,-18.741044998168945
4.67424026120176,2.799915313720703
-47.9875704511971,-9.877450942993164
4.316615136301563,-8.089920043945312
11.2728180991378,-1.1767520904541016
-3.5546157663424616,-9.906394958496094
-3.15887949932979,-10.006484985351562
-1.6422791314174887,3.699270248413086
-3.448025235667948,-10.682738304138184
-13.5632540546311,-8.585281372070312
0.8825935384285006,-6.604676723480225
3.27100049685324,-8.348566055297852
-0.7762273913233743,-0.43077659606933594
1.026942322157092,-6.394381046295166
9.859104788483815,-7.317047119140625
-1.9977872313530125,0.518970251083374
-13.1809903671301,-8.284317016601562
-35.1782981083837,-10.084632873535156
-35.8337806803641,-10.104970932006836
-7.639409008216227,-4.014312744140625
-15.746453943284,-9.93671989440918
1.055995951979529,-3.7008724212646484
3.987299411465438,-8.47686767578125
-37.0930621901092,-6.469269752502441
16.694612728237402,-9.177109718322754
-4.527979888097892,-7.1875104904174805
14.6352674345898,-10.417144775390625
5.034618319433818,-5.951371192932129
-3.77133000272187,-1.376500129699707
-1.61504571199055,-6.041278839111328
-56.3663437951974,-6.9738569259643555
10.088450856398616,-4.480190277099609
-14.285610883283098,-11.418737411499023
2.6210618799141923,-11.06842041015625
-2.308732762121495,-10.152099609375
-83.9761260280997,-10.171627044677734
-1.03656181464744,-6.900426864624023
10.16232173056559,3.830324172973633
-3.12013961477547,2.4572391510009766
3.010752586641185,-6.550631999969482
-1.5178355576616795,11.238260269165039
-2.60072537807549,5.692470550537109
-2.367312137177082,6.858233451843262
6.075310726130807,-2.223602294921875
2.24572304437811,2.7849197387695312
0.2044267191685782,-10.31528091430664
3.85944773684647,5.094997406005859
-14.409506408843407,-10.333602905273438
-2.683955047842884,7.566547393798828
-0.0075038478591599,-9.849867820739746
7.190050317883171,-0.22614479064941406
-2.1691769605730515,-10.707056045532227
-7.910003358009165,0.9400014877319336
-69.1366966634013,-12.768932342529297
1.437241653553571,-19.804744720458984
-20.7409218490905,-10.77019214630127
3.78247800369874,1.8089275360107422
7.909526276907584,-8.934009552001953
6.097122298913325,-9.831023216247559
24.5800902168924,-2.3845138549804688
-9.979741434164584,-5.29899787902832
3.1327986373042376,0.9752817153930664
-8.393586343504198,2.404979705810547
8.678125432705007,1.6961669921875
20.7428439693387,-9.226341247558594
-1.511416195100045,-12.537382125854492
-23.3725501337939,-10.938132286071777
4.69437535963172,-9.57246208190918
8.24149319055937,-10.238697052001953
-0.2898522089969393,-5.27268123626709
-7.19378137939456,-7.062919616699219
1.0271109700113177,-5.582533836364746
-14.564555056626377,-6.605471611022949
-9.657849716236,-12.658747673034668
-0.7280966227290082,-4.755760669708252
-21.8962191024866,-11.63011646270752
-40.2614734397264,-5.77549934387207
-1.77750068778882,-6.051614761352539
-28.3488859938485,-6.159477233886719
-8.184373188662292,-8.576150894165039
-6.135426654744688,-5.889581680297852
-3.270422191581055,-9.768050193786621
-6.055427015859325,-2.4002695083618164
-34.3143130117107,-8.102665901184082
-50.4820483838523,-9.748485565185547
-4.639593570653838,-6.396958351135254
-21.0606958753072,5.514317035675049
8.747205755218493,8.941787719726562
0.6884341878779402,-11.084014892578125
0.300408103033295,-1.068659782409668
-17.2817979072755,-6.983180522918701
5.79128728304933,-6.02315092086792
3.7921116228684086,-4.852968215942383
0.51700222845629,-6.8821916580200195
1.0966146270020711,-3.629974365234375
-6.613686761665703,-10.1874418258667
-39.873530292237,-10.506217956542969
-35.0272315856836,-9.901657104492188
0.2475632146873464,10.623046875
5.59963570142504,-7.641654014587402
5.29419053806362,-5.214482307434082
6.457932781589695,0.6274280548095703
6.4251548431743295,-8.641586303710938
-19.7885249955934,-6.969451904296875
-2.4097304318056905,-6.6421966552734375
7.543407488617369,-8.625640869140625
1.83593808226401,3.835773468017578
-1.5082203021212124,-5.840031147003174
5.99108205682079,-0.3081207275390625
-18.1797235112709,16.493972778320312
-12.840088322870097,-9.204333305358887
-2.23616712442702,5.093711853027344
-4.662511414401839,-9.969602584838867
3.41802282280863,-4.1863203048706055
-12.0320822507053,-7.026154041290283
-25.9801803981754,-6.908468246459961
-5.97419023328963,-6.136395454406738
15.4186986077963,7.305736541748047
4.480465220149085,-5.79589319229126
-13.2363849677504,-4.189940452575684
-9.362863686069195,-8.74838638305664
4.128157012788561,-6.553060054779053
2.26767773086615,-9.973953247070312
-24.1634597090208,-19.467308044433594
10.013204486477417,9.61782455444336
-31.934070451053,-12.358963012695312
-22.9515728231767,3.5920448303222656
-11.219410776078313,-6.999614715576172
6.00089213826483,-9.305145263671875
-28.9638748432599,-8.659383773803711
3.11049964318654,4.481851577758789
-1.073248118887358,-1.898240089416504
-10.249148139079496,-7.151589393615723
-13.14009076535719,-6.061079025268555
0.7364260970712593,4.183013916015625
-44.9949251983702,-8.468240737915039
-5.159519294761907,-7.605744361877441
1.869241020829697,-7.151307106018066
-55.54568697318505,-15.272031784057617
0.3065104335081801,-6.107072353363037
-10.386374558578522,4.20500373840332
-3.0345245902191325,-8.707372665405273
-57.144820014625296,-5.161746025085449
2.85060083445348,-1.4246768951416016
2.446050707651698,-4.92200231552124
5.50221601830175,-8.522415161132812
3.455876052191651,-4.22907829284668
-14.6157572128631,-12.301392555236816
-0.874105623616695,-2.847890853881836
-1.378759213278819,-8.590250015258789
1.350733135180331,-9.7081298828125
-1.94666134980912,-7.897493362426758
-3.36735139960915,3.3401708602905273
0.8319171014720902,-7.304301738739014
-40.2101205720394,-3.160252571105957
-24.577379709126298,-10.248368263244629
-18.6292132467089,-15.32065200805664
-46.39510994896701,-7.064579963684082
-2.487076105276776,-2.6141841411590576
-4.752960817423343,-7.067961692810059
-0.1160299782726794,-5.778491020202637
-18.5277286275242,-5.9824981689453125
-14.1325019191809,-11.060562133789062
10.909208084253878,18.85448455810547
1.30779520720034,-2.150959014892578
-5.77436797253085,-2.0233101844787598
3.986867952152618,-2.1379947662353516
-21.7936206120663,-10.101980209350586
-2.643556292002,-5.899085521697998
11.0853991753379,-3.8617067337036133
-12.9397422629832,-13.539057731628418
-0.190891674386513,-11.433035850524902
-6.32558602127377,-6.228936195373535
5.391699208755202,-0.39822888374328613
-8.998840630677615,-2.0557875633239746
-1.6005087696864486,-4.419599533081055
7.5482379424635875,-3.505448341369629
-7.642910278690365,-5.916821479797363
3.719171936095444,7.631278991699219
-0.8981307679622897,2.522266387939453
7.06032809637297,-5.874729156494141
-3.134999611446543,-7.589994430541992
-5.94174589421185,1.6550579071044922
-17.7883076547542,-9.073613166809082
-25.2381267145584,-16.235660552978516
-27.5445722402187,-7.012107849121094
2.6678241356197647,-8.686494827270508
5.02066543392875,4.223210334777832
-1.67197513843126,-12.658896446228027
6.58117049992555,-2.675779342651367
3.12612254618191,-8.362349510192871
-2.1147225087047508,-8.53076171875
-76.9668504799361,-5.613931655883789
10.11870938841209,-7.392592430114746
4.755697845162629,33.22541809082031
16.5479703149859,17.514141082763672
4.001938538520379,-12.434091567993164
-14.1813773041305,-10.41502571105957
0.7709161631446207,-8.469257354736328
-24.2508933717269,-17.890769958496094
-22.3071231538392,-12.470725059509277
7.2595381633228,5.320011138916016
11.555346181601609,3.250019073486328
-26.258782255785,-9.879244804382324
10.3189652047012,1.5897560119628906
0.809697096857583,-6.620070457458496
-18.5255095356289,-10.063753128051758
-1.0680791130593923,-2.903374195098877
-3.5390830989045075,-9.954742431640625
10.468583156479704,5.053312301635742
-10.613183176373598,-2.4678447246551514
-6.40442742836347,-1.4904556274414062
7.196532980977684,-8.355353355407715
-10.586292641023492,-8.019597053527832
-26.79502671025515,-6.786882400512695
-7.187555808667961,-0.7699375152587891
5.4465900456679694,7.136260986328125
3.1988276731025875,-8.459442138671875
7.827394642815597,0.3941535949707031
3.887422638441485,8.767898559570312
-3.41466344580097,-9.840729713439941
2.667044757168528,1.7518482208251953
1.0590749185315824,-7.84317684173584
-3.9965921287470247,-2.3016626834869385
10.982614675109394,5.575408935546875
0.4076170529080399,-7.770119667053223
2.71319811317338,-3.9152333736419678
8.652061852316729,-12.447799682617188
-0.6579761516790089,-2.557122230529785
-51.6773231694491,-10.187941551208496
-2.8325461302865187,-15.408981323242188
2.12749125232924,-11.607305526733398
3.562549470771905,-3.78643798828125
-16.517773128145326,-4.159483909606934
6.874655354673765,6.25860595703125
0.2047767843086013,-2.440924644470215
-2.698758931910008,-2.362610340118408
1.8601156760560384,-8.441145896911621
-22.2455703021075,-11.940177917480469
2.4288820651169605,-8.207018852233887
-16.8307740899425,-2.2794628143310547
20.7191486697607,6.645053863525391
-30.7261055182573,-9.90255069732666
-38.4849400567448,-9.358587265014648
-14.3103126367969,-1.268784523010254
0.7860328468455551,5.688018798828125
-48.3858044800915,-10.333738327026367
-3.21662088766757,-3.820465087890625
1.675245639565673,-9.01040267944336
-90.3299705619704,-9.865950584411621
-9.28527551691871,5.3849029541015625
-1.2293411329062325,-5.2986602783203125
-4.534682244798708,-7.891666412353516
-68.1959205924323,-10.152426719665527
-24.5242345195019,-8.68547248840332
-2.77042962989298,-4.444541931152344
3.8009101564042025,6.644741058349609
8.933703319425492,0.14707183837890625
-11.341527235964405,-5.752405643463135
6.71098989067457,6.937885284423828
4.54734483862441,-7.448066711425781
-5.16341129781556,-9.129015922546387
-49.062306315025,-6.827767372131348
5.26551760771767,-5.494680404663086
3.33951124606136,-6.506278991699219
5.006519903780723,-5.885129928588867
4.05485944970297,-4.411314964294434
2.283405953189745,-8.565712928771973
-2.66483863280114,-7.637189865112305
12.566471603210276,7.960180282592773
-27.9020155354992,-10.905272483825684
8.88265541550952,3.915924072265625
0.1652887870268324,-10.638154029846191
15.4985727759109,0.6808624267578125
9.014890317831036,-5.380964279174805
1.4803529144374856,-9.23810863494873
18.1939100849816,22.259571075439453
-2.6304973605131474,-4.898509502410889
-5.493763326806099,-8.077468872070312
-0.6715208179901364,-7.7042388916015625
-36.7383193130824,-10.72189712524414
5.062784719364307,-3.504438877105713
-12.026803679110706,-10.311935424804688
-3.01321716593974,-1.9012451171875
8.35813394800668,1.5818901062011719
-3.60075442831331,-14.886466979980469
-9.509135784465323,4.329032897949219
-19.6175855102284,-14.5919828414917
-27.8629509568953,-10.650001525878906
1.74273211890989,-5.142413139343262
-2.19578977406709,-4.685835838317871
2.42002639701588,-6.711625576019287
-25.55316918036869,-9.654570579528809
5.635020609606415,-4.406152725219727
-34.727836669101,-10.627470970153809
4.4516036428765,3.3361902236938477
4.967381413305823,-6.432553768157959
-6.81516141534704,4.132593154907227
-24.3954295810688,2.6628527641296387
8.658679095048068,0.28531455993652344
3.7347243087796,-4.270516395568848
-12.909633143366396,-5.706043243408203
-60.49569009623433,-7.155221939086914
-3.790702882666694,-3.7654974460601807
-12.41068356063,-7.852815628051758
2.76740193393285,-6.925304412841797
-18.9061714872788,15.062286376953125
-3.681083449701528,-10.998664855957031
8.13893448615947,-2.360067844390869
-51.402683514636095,-14.657524108886719
-3.0703466753296,-3.5765228271484375
0.4646043967887734,-8.841409683227539
5.989492839405608,-9.957010269165039
8.833837192566008,0.6657600402832031
-26.1965705632023,-15.926156044006348
0.0804428699766095,1.9414981603622437
10.229168329440906,-3.328268051147461
2.12042655289975,-11.0169677734375
3.88810032819938,3.9220802783966064
-31.515616413872173,-9.185646057128906
2.28163515100639,-8.612502098083496
-9.633163292669298,-10.644283294677734
2.63206586722876,-9.066974639892578
0.3189015990893598,-7.50288200378418
-6.31868596379813,0.18672561645507812
-6.4648984000359935,-12.37856674194336
8.91646092056966,-5.410347938537598
-42.637521131086125,-9.970428466796875
-89.5439156156453,-9.091384887695312
9.179556151687803,-0.0683135986328125
8.754663680824095,7.279333114624023
0.8838679103249854,-5.118621349334717
4.338369925074482,-6.031519889831543
-18.23432595343749,-14.90890884399414
6.92534745147092,2.8851261138916016
-1.768261666543676,-9.954785346984863
-7.87226820943855,-10.579743385314941
-12.0847368637308,-4.295655250549316
-4.4222229386498375,-1.6702356338500977
6.63109301847755,-2.866274118423462
1.675381804264854,-7.857851028442383
-6.897600670415837,-5.971803188323975
-12.2774867069717,-7.111378192901611
-3.963646539183849,6.079536437988281
-2.552277046947741,-10.755675315856934
-10.78700495517378,1.2509117126464844
-6.426376983867103,2.6660470962524414
8.2142562177934,-3.4368081092834473
-16.967828162594074,3.6019978523254395
6.07843040491799,3.9047412872314453
3.08443697315444,-7.096703052520752
-1.3811964732242277,-6.776693344116211
-4.51305804704249,-6.901577949523926
-9.93375477053989,-10.503301620483398
-0.6581754288220045,1.7280912399291992
-7.952166005584182,-10.394256591796875
-13.563015982384195,-7.3393144607543945
-47.9957157156951,-10.657756805419922
4.96190002222477,9.74919319152832
-2.0240269290899,-5.528541564941406
3.47166270740147,-3.202789306640625
-5.2815921348029296,-3.899381637573242
2.369358494612781,4.467037200927734
-4.214346026907057,-11.397517204284668
-23.8934551543691,-8.406208992004395
-1.0659561461183158,-9.066719055175781
3.126169348435272,-8.676340103149414
2.35164464781062,5.404598236083984
-1.79502295092813,-5.442747592926025
-15.957982665262508,-10.434369087219238
-64.65676531723692,-22.69983673095703
-27.8195558011628,-12.235882759094238
-10.480511156242285,-7.284626007080078
-6.18357684414468,-2.859151840209961
-6.75960002722117,0.5219621658325195
4.4105627388370605,-6.9534831047058105
5.58846482112586,0.20934486389160156
-16.8483709423333,-6.794409275054932
16.1850033157246,20.918079376220703
-3.34531377329845,-0.80069899559021
5.893700156574014,2.5959091186523438
2.745769909533195,1.8569107055664062
2.53362859007723,-6.859118461608887
1.0880788430276551,-3.7239456176757812
