Score,Pred Score
-13.812973987503693,17.273239135742188
-14.6311710829416,7.729068279266357
-15.020937907067507,18.260671615600586
5.61896917638109,461.6728210449219
0.1461877509898399,1.0713541507720947
3.59745169898486,-54.030914306640625
-6.72144892291601,45.796661376953125
4.304204520484877,-26.043148040771484
3.37898618824583,-10.160564422607422
3.939818822274421,-48.063636779785156
13.9953943577381,-321.60137939453125
-5.39913759737588,79.26700592041016
-2.204579993178592,73.2801513671875
8.829561804598438,67.77886962890625
6.01696699102072,192.15228271484375
-6.376202369524528,-6.403295040130615
-6.50906463316165,-5.209108352661133
-60.92137282626391,-4.309947490692139
1.99934019108803,0.7302778959274292
2.188685633501576,168.50885009765625
4.07090957771029,-27.045150756835938
0.5211206139658471,19.122987747192383
12.5580583918003,-72.61324310302734
3.320229681965675,-26.342937469482422
-0.4381862293696001,7.890205383300781
0.1752112379752922,-17.204315185546875
4.123908949931413,-66.54817962646484
-14.2382866820043,-27.0472412109375
12.966325580978296,171.35690307617188
7.692941411907634,2.1656506061553955
-62.9031214125763,1.7750329971313477
-5.800670766453999,-3.203624725341797
-11.705366535732304,-19.36504364013672
-4.786538605318405,19.497085571289062
-82.4887013651952,1.7589013576507568
-8.251107402184557,-3.9751319885253906
1.61677665352485,-38.782257080078125
-11.916211326129387,2.1836636066436768
-45.634880019414,12.768439292907715
-0.568998602339841,27.156484603881836
-12.147399114840605,-13.143282890319824
-27.4476544011683,-64.29142761230469
-2.306526469902426,3.167135000228882
-0.4835459876036119,1.2043724060058594
-8.39479061793487,36.725303649902344
-46.862925671502296,-27.801372528076172
0.3837795244341289,68.42657470703125
7.184930267876617,176.66558837890625
2.8348518495029404,-8.817300796508789
-9.859535687586003,-55.850738525390625
-6.00025755794808,1.0094422101974487
-4.764629840066975,-4.894967079162598
-2.377061578670744,-13.159882545471191
-2.0585753436264698,38.41457748413086
1.1848602197973823,-49.80583572387695
4.97603191479674,-31.861770629882812
4.27399441028646,8.302756309509277
-46.2372447228831,-18.989824295043945
-31.4759298257721,-5.345612525939941
-50.1674018945849,2.5712149143218994
0.9601515747159592,2.8525118827819824
-11.864177458483407,-58.357337951660156
-0.538262620928304,159.30126953125
-0.6920482116816997,10.746292114257812
-1.5184696160120892,-4.687060356140137
-3.0836644409391925,1.002034306526184
11.316750179392892,-61.00994873046875
-11.183106529127476,-12.448539733886719
3.59102041590596,-35.68236541748047
4.55602013063716,9.692100524902344
11.579228393987275,100.08415222167969
2.3067635611900137,1.036617398262024
10.480393919522983,-89.4080810546875
-2.698100773809443,0.9774080514907837
3.776985072333982,-20.982711791992188
-11.773766374328297,12.280672073364258
8.681027307740193,9.652576446533203
-1.1091988250418725,68.20855712890625
4.484288991501213,-29.624114990234375
0.0548896546292299,-33.17181396484375
0.1118559290339978,1.3702449798583984
3.9797293996962297,19.82000732421875
-22.42608065327665,1.0409588813781738
7.37064384347005,1.6102828979492188
-0.2642143205483515,32.025630950927734
5.344594984386832,-2.832622528076172
-1.2497809936708242,15.90083122253418
13.71198107208239,-22.05615234375
0.5045482395984724,-2.76450777053833
2.86709961553106,-3.8879752159118652
0.4423212163888063,-23.047760009765625
-3.724573545179619,-60.24334716796875
0.2570808252882703,-6.4283127784729
-70.65073406723695,1.773714542388916
-33.9587360563784,0.5570359230041504
9.2088386022025,-44.141883850097656
1.3318185914773402,-108.87146759033203
-9.176001953270983,-19.201765060424805
-10.497767159210698,12.824758529663086
-0.4402086584014632,0.8954631090164185
2.1560784090827942,1.3294813632965088
-27.1636490162131,9.191139221191406
-0.670930828719279,4.039642333984375
-22.794043146736,1.5164227485656738
0.8105828534072201,6.692386627197266
1.2287673509824204,15.962453842163086
-0.6435038581465955,86.49472045898438
8.474782023793379,32.40019226074219
-9.601847091024196,-5.936600685119629
-1.6610011043127195,-0.9731979370117188
-0.1091636509260827,-7.100101470947266
7.570838092245207,0.49530029296875
-7.211196994815285,-7.6405463218688965
9.090654061652296,2.4292783737182617
-26.6651088566214,-14.890251159667969
-17.309192174305,-20.20441246032715
4.14054171285972,-6.1787109375
4.097668935846943,-34.60877990722656
-0.29408409265346,3.9216995239257812
-35.8165916579592,4.970361709594727
10.898098675545494,-0.6516408920288086
-1.6552655274048038,-34.155921936035156
1.6729502580778592,-18.027673721313477
-6.42491227706334,0.9903234243392944
-15.4752611754195,1.1821805238723755
-0.6907348474047925,-0.0703878402709961
-21.3629045873375,-26.12234878540039
4.219145585451182,-4.122488498687744
-3.019531285218114,-3.983841896057129
4.25311060075082,-9.116344451904297
-15.0412339008878,147.56536865234375
-8.237627320974727,7.988159656524658
-1.0683487237199796,-5.240684509277344
-1.7174251595272625,-2.1119227409362793
4.069163600073605,-10.064621925354004
-10.162041561092582,-22.544607162475586
-5.97248436581227,26.69626235961914
6.120538767403939,-6.754205703735352
-0.8028238008287005,-19.164644241333008
-23.6042929930625,1.1127935647964478
-0.1777753404752198,884.9381103515625
-5.785469568057495,0.975739598274231
-0.0556983764780604,-10.376677513122559
-25.4508968849616,33.77857208251953
-5.3185412482723295,-14.921011924743652
9.1356503291117,-144.07484436035156
4.020569536845237,1.6239013671875
-58.5527340809363,-5.916833400726318
-6.291328737399075,-6.3869733810424805
4.187869588752649,-21.628860473632812
8.922207576391518,4.0864105224609375
22.7414116448382,-43.253936767578125
-44.6057608529879,1.7550764083862305
-26.5129077898497,-6.870736122131348
-2.13735826282737,458.737060546875
-1.14890133483728,-38.613563537597656
-15.2234416939723,42.7723274230957
0.369316059642221,-2.1080079078674316
-0.6884117876070912,-52.597808837890625
-5.8772631055401,-3.879058599472046
3.6053774296538297,-15.712438583374023
5.07108724357905,3.3013269901275635
1.292753014965791,-25.313568115234375
8.440986836263871,17.21832275390625
-3.43040335892423,-3.5893020629882812
0.7651079053562314,2.42165470123291
-37.13962469223695,-22.532386779785156
-5.822632503482525,-34.78834533691406
-6.879472048396067,-27.001445770263672
2.11024229353816,13.277942657470703
-7.1526743450051855,-12.194257736206055
-1.122073026503361,24.811176300048828
0.3302260274555297,37.51420593261719
-1.178255647098801,22.527841567993164
-2.99361591491145,-65.40769958496094
-18.1070051290659,-2.90195631980896
-3.0332808194811403,72.77798461914062
2.6303171850506604,-1.5508689880371094
-9.72499716390718,9.016124725341797
0.2729453578388601,-2.6424310207366943
-21.4503408223732,0.6846027374267578
-4.99755531471552,718.720947265625
-18.0018409950579,-5.106612205505371
4.00031385473591,3.872899293899536
12.0378145652987,86.2569580078125
14.1235470599023,5.80096435546875
6.55729051148795,12.995319366455078
11.19992297656359,-52.10089111328125
-7.81388191369781,-9.45212459564209
-2.924593214648255,-0.3347076177597046
3.7667366885646025,-1.481095314025879
-6.68253431604433,-28.67052459716797
0.7345204104922589,-273.1742858886719
-10.626155896203898,-72.3092041015625
8.106852576346123,96.92498779296875
-58.24412469223692,-18.741348266601562
1.4955767028094,25.455657958984375
-17.6906096863185,41.18146514892578
-4.813871520282443,89.96190643310547
-11.8973420493851,-6.789336681365967
-2.67676896274171,-215.9105224609375
-3.9331393974605526,-15.898853302001953
8.756217929094177,-56.31195068359375
-29.2662792150344,-0.5441875457763672
1.7249239205326918,22.357986450195312
-6.686975812883663,-11.804362297058105
11.10272802991041,-50.907508850097656
-10.956818171714705,-9.267212867736816
-6.3500959185649,-5.056539535522461
0.6681105368389735,-91.20172882080078
-12.500029270357295,-6.819269180297852
-2.591242863373206,14.352277755737305
5.954690473588823,-7.533278942108154
-43.929359067237,8.839256286621094
-17.4841411730512,-18.51142692565918
3.61441892535489,-10.0325345993042
2.1112971208509976,-25.487979888916016
-41.8026500314277,9.910564422607422
7.028135642932115,-94.26016235351562
8.463248256721428,-18.852521896362305
-13.037072413777096,0.431393027305603
-1.6307504375632549,-36.37412643432617
-0.3284521577656807,-4.762799263000488
0.4685622181175212,1.0813884735107422
-5.316952415477393,-5.046171188354492
4.584421564331302,42.323081970214844
-20.3593816575191,-5.120599746704102
3.67041582610247,8.22150707244873
2.204062447972561,-8.029210090637207
-4.666937653128132,-3.9328622817993164
-12.3781694316975,-9.892593383789062
7.06923762363823,-21.924251556396484
-37.2883298194418,0.8327974081039429
6.442434166934048,-176.46826171875
-12.2162083245621,-14.638609886169434
-20.3623076046531,12.31714916229248
-5.45440876641342,-13.364608764648438
3.1416241584890576,1.971200942993164
-4.96580172718434,0.8943428993225098
-37.4061766871973,-20.527036666870117
6.46185690649625,26.546161651611328
0.5403453062071405,5.8160552978515625
8.656689402528613,-6.426368713378906
12.331931266595111,130.6622314453125
2.75380173901167,-5.330953598022461
-2.8447496930443927,32.182090759277344
0.0285872237409883,-14.877912521362305
-73.5286754265322,5.979424476623535
7.285509446842615,1.7993688583374023
6.72046542688671,-91.28355407714844
-6.19730890695259,-102.848876953125
-16.4599719883519,-0.19797706604003906
-10.288292260688207,-17.963274002075195
-10.285920522724917,0.8858709335327148
-30.8171784242839,41.972496032714844
-4.65691689928222,-11.543731689453125
-37.1716279374795,0.6280584335327148
-36.50577458359941,48.189353942871094
0.7942566624333496,8.190142631530762
-34.8552692363716,4.198782920837402
-2.491707941339629,10.699389457702637
1.7387039934851498,6.9865264892578125
18.9715733525152,-12.608476638793945
-13.8996269060666,472.17236328125
4.17561229224804,5.515846252441406
4.7680640763497,0.913346529006958
-6.745372906074374,-5.936578750610352
7.262818938793504,-5.017051696777344
-55.7541546140486,-7.594182968139648
8.453421074249384,-103.6407699584961
-5.85807143580148,-19.76571273803711
-52.7336020518746,-16.049955368041992
-1.995826789875676,-24.021371841430664
-1.3326443092463092,-21.296207427978516
5.029017096161708,87.92800903320312
-0.71117494174041,-9.847879409790039
8.243548509216069,13.481475830078125
5.81602235619721,-12.96258544921875
5.978124919049687,2.389340877532959
-2.8859593337581737,-74.20915222167969
-26.0047332498617,-24.280149459838867
-1.5220929784942658,-28.434141159057617
-3.195242757261453,124.92922973632812
-15.0089303719363,1.8255008459091187
-1.757118944268968,1.2801265716552734
-13.5091075877696,-6.100509166717529
-4.0681667574955,2.7996439933776855
4.43276114617859,-7.367228031158447
-4.665207913971671,-22.16292953491211
7.33919324558513,-0.19431471824645996
-11.69780882660921,-2.9182941913604736
5.960801203295765,-33.17023849487305
-29.9162730471743,0.09379911422729492
-5.331847529263395,-5.730486869812012
4.2006804390709,103.2471923828125
4.76541245752904,88.13819885253906
5.87221574658101,-36.61875915527344
-12.955988512618,-11.578516960144043
-14.4061745570978,-8.73586654663086
13.644333664082708,159.95352172851562
7.522446474796843,-13.076465606689453
2.858782897786812,-2.2748026847839355
-49.8653288018085,1.3279471397399902
-4.029904705212941,16.658597946166992
-6.2026319104393295,-20.619922637939453
4.452168509343501,-16.224254608154297
-16.475900892606802,-41.125885009765625
-11.03094492075089,5.128382682800293
-8.08045020128908,-56.268287658691406
1.39259946716825,27.31339454650879
-14.885807229381896,7.972222328186035
-11.113180908425988,-13.929530143737793
5.506094216928792,26.054126739501953
5.29091659278858,6.187748908996582
3.42106467876526,-1.5176572799682617
5.162821279449693,20.20340347290039
6.020551076354931,-17.391021728515625
0.8086942897832163,-29.836872100830078
-8.80546181278599,-7.0202507972717285
-7.42349600405968,0.832663893699646
-14.4731176558811,-220.588134765625
-35.5448186771701,-1.7837786674499512
-1.657597602265355,4.80084228515625
-1.930224441335125,-31.514942169189453
-10.398648228661925,-3.9406347274780273
-1.6521884315998507,9.72944450378418
1.3131129859732091,-20.210561752319336
-0.1240821746904601,13.269035339355469
-35.1709788883515,0.7112873792648315
0.6771989561182002,-6.433794975280762
-5.8677981963370005,-2.1635570526123047
0.7982616963508231,4.533354759216309
2.595279020812243,22.417724609375
6.9472187772133225,-52.27643585205078
-41.1395198834054,2.792551279067993
-35.4604736838065,1.2007724046707153
7.87379173269718,6.991741180419922
-8.72128086410909,1.7416831254959106
-82.13826531723697,27.216571807861328
-9.70693692529289,-1.227677345275879
-61.4386715672369,29.360313415527344
7.10938257895085,-155.39596557617188
0.4007388327427847,-59.16667175292969
-0.7455370396145937,-11.998828887939453
1.674966057420845,0.25929903984069824
11.877856996640997,10.48318099975586
-0.9096556467231308,-206.300048828125
-1.4680391508473674,-0.9599761962890625
15.6414782015599,-9.971431732177734
-10.35739215730591,-25.6883544921875
1.926107182225645,-39.218170166015625
6.99756701325662,51.1473388671875
3.54836143321337,-7.52778434753418
-7.726553411266567,0.8853504657745361
-48.51478094223695,1.139527678489685
-3.0453156276270903,-4.74241828918457
-3.454798154796729,-6.107010841369629
9.503977484174175,-45.26603698730469
6.001532732018722,-0.8725738525390625
1.775572054007981,-6.506546974182129
-2.6871577689602653,-0.582648515701294
-7.920344649869953,-2.8860912322998047
2.578081311550471,-23.60296058654785
-14.434457477598505,0.5948710441589355
-1.338045882914232,1.2923316955566406
-44.1817825469333,-12.673528671264648
2.4314234692194163,-1.5078229904174805
-2.35314836228574,-16.09029769897461
-2.07036107592124,4.426929473876953
-6.560167066336443,-4.391212463378906
-2.54688332955635,-11.65538215637207
-7.940842049461227,0.9715578556060791
-7.789052707582185,-679.4119873046875
-1.4295761119406232,2.4070887565612793
7.206977941743588,-16.31771469116211
-4.081394009803599,-21.416488647460938
-30.167243616457,-11.427003860473633
11.7225687296843,-16.607559204101562
-0.8984319813221007,-31.66668128967285
10.349523074958825,27.561552047729492
5.42147270471237,-161.88357543945312
-0.3136273830120112,23.2198486328125
4.398848813602776,9.13597297668457
2.099307195887115,-75.37784576416016
-61.6890402284636,-4.592344284057617
-7.08434802004719,-6.521764755249023
0.6962467393230812,22.75395965576172
9.0758909366509,-60.23085021972656
-1.9263965715605047,-20.729108810424805
-6.262949496708321,-13.836395263671875
-4.739766082030863,-32.5294075012207
-36.8822022827233,0.9132241010665894
3.24770439300306,-15.754623413085938
-2.289513933263135,7.861706733703613
1.41805545618482,24.30767822265625
-24.4432878855492,-10.221478462219238
-24.96156751119129,-6.428079128265381
-7.734574598544068,-5.23226261138916
2.79124989437018,-8.362918853759766
-5.17831154550348,-13.666292190551758
1.5275640312561216,21.17399787902832
3.682989905065457,29.822471618652344
-10.8237586662752,1.6988667249679565
-6.929951553081727,-2.838608741760254
-27.96215708599589,0.7643532752990723
-2.88087637063392,-17.080690383911133
-5.960419628776203,-20.510498046875
-37.189874708633695,2.2528676986694336
1.1496085756031087,-8.805229187011719
-12.7137936794919,4.847689628601074
8.398744223780918,-12.379981994628906
-33.3004252633332,1.7732152938842773
9.144089281431205,2.6111788749694824
4.065326821312747,-21.05759620666504
-41.9047429025821,1.1651268005371094
7.383552345763623,13.615696907043457
6.364261125349779,-21.653152465820312
4.841793570156368,-39.985328674316406
1.6198341998494314,11.123931884765625
4.179707781567577,178.91583251953125
-14.7229944429405,404.3555908203125
7.078924552126015,-20.58055877685547
-12.898019313824,-27.942272186279297
-70.8116033690518,16.780376434326172
12.7359625054994,0.744384765625
5.586124430090477,14.679885864257812
3.028467183462371,20.6795654296875
-5.830142578087577,0.9168449640274048
-22.6841489367301,17.804553985595703
-1.51657819068512,-2.73439884185791
-81.52648016021857,-3.844604730606079
-3.36903782007548,-45.57761764526367
-18.707844022,-6.079761505126953
-34.48768519828235,-1.546304702758789
-39.7169735486916,-24.751747131347656
-1.593720937577549,2.290952444076538
-23.2954444871652,-0.5621063709259033
-45.30258920076982,0.5775473117828369
12.5056328567953,-48.81717300415039
-11.9299972333177,290.0262451171875
-37.9495035857927,35.3499641418457
0.7001962140772594,-9.24362850189209
4.49418879319923,12.002080917358398
-39.0646563811545,-15.898008346557617
-9.09730633851708,7.637988567352295
-17.5589533745204,0.9418240785598755
-4.92782811871599,34.276458740234375
-8.2299173561342,-24.144588470458984
2.60625970962018,-64.10872650146484
2.726862934921635,-57.963348388671875
4.071661498679735,1.1631708145141602
-13.2494383747796,5.933775901794434
-11.9154244975033,108.49484252929688
0.9090871567987184,9.536417007446289
7.92708077877978,-139.74749755859375
-3.119647295186995,37.33514404296875
-2.248378586620203,1.2703315019607544
1.6646916021852596,2.3552207946777344
0.1590569364430157,6.110620975494385
-77.3623903172369,1.7892204523086548
15.8859560938761,-3.2314453125
-3.11888044241469,-7.467246055603027
-2.7468186065138984,22.6436824798584
2.77922195660905,-16.83907699584961
4.052279150357491,23.178726196289062
-4.03806373695381,-1.4630467891693115
-2.4461467814868523,-19.45647430419922
-0.1639564470097907,-33.40290069580078
0.8542168432631491,-32.27983856201172
5.84905996845087,-6.4085001945495605
-5.77665564868809,-9.057769775390625
-3.7008288999313423,8.399003982543945
-7.18713065449027,-0.16294002532958984
-0.9529303605806088,-86.50486755371094
-15.902118442879,-34.889404296875
-28.0636361890057,1.9237958192825317
-26.912205886836706,-12.177803039550781
8.596988309863011,-50.63323974609375
0.2877587512502297,4.984715461730957
3.3899996482015826,-6.478827476501465
-20.5869014386951,-19.088287353515625
-9.341800010912078,-4.141732215881348
0.1692077246922899,-10.843002319335938
-1.857666460494741,-23.42163848876953
-13.2752747780792,1.9760887622833252
0.7445982178878973,37.899147033691406
4.49646859469848,-4.3425421714782715
3.60913262992784,3.279064655303955
-5.653435188749545,-12.462282180786133
1.51502173443586,-31.086700439453125
8.143116180793372,-5.798085689544678
-8.36164856265281,7.576528072357178
-1.130678948105339,-5.464739799499512
-4.349210006555943,171.51565551757812
0.2594141505344826,-1.5437297821044922
-32.1283374054069,-3.1663198471069336
-1.9051378030600723,7.246056079864502
4.768047800449637,1.1571438312530518
2.264898495983479,6.5178446769714355
-6.47138721063866,28.247188568115234
4.93167956005568,6.210162162780762
2.4851768276660025,-11.241941452026367
-3.930469946192945,2.953380584716797
11.923948375295712,-3.1361236572265625
11.616605850275496,48.123390197753906
10.41580460128629,5.949937343597412
-8.700462669667385,-35.41699981689453
13.1991243046288,-6.251344680786133
-4.75101729862813,-76.45792388916016
-1.4230966237807086,-10.827790260314941
-2.07861348348741,6.476119518280029
10.292368565007404,61.8175048828125
1.9007667723773176,4.297739028930664
17.1612744381531,-78.75615692138672
-0.1428452494230792,-12.207359313964844
2.4933992323843923,-6.498725414276123
-13.861300672159,2.1229023933410645
-1.7943154401891548,1.380995750427246
-4.15624175439773,12.566041946411133
-14.277645616907492,38.004432678222656
2.713132201978397,-2.764113664627075
-13.315456279797685,5.473781585693359
-5.36204355968609,-19.116439819335938
-1.4872271509121793,-31.026962280273438
0.31232235517322,56.535308837890625
3.0307168501552093,14.416730880737305
3.4484762474106,16.53230094909668
-34.0729170807354,9.202458381652832
-25.0659802428987,-43.225181579589844
0.86771933446589,-16.96587371826172
-11.996919710325,12.32401180267334
17.2594267615487,-327.08917236328125
-56.2560888739038,33.37999725341797
-12.7386491421071,9.117819786071777
-3.520787796436005,12.412315368652344
-0.8014467498558491,10.900779724121094
-34.7812340468876,-6.941775798797607
7.158235365631607,54.1530876159668
3.29681579894721,-30.245071411132812
0.046018285265003,10.637003898620605
2.046344769010002,1.7570807933807373
4.25403099118957,1.6824471950531006
3.7804230286959792,41.200592041015625
-3.773219093074008,0.8274343013763428
-9.722403045722997,10.176410675048828
2.81101468536903,-4.925400733947754
-23.7494411406013,4.05708122253418
-75.56229656723696,44.12867736816406
4.366245372711767,-348.79547119140625
9.94612085382829,-106.89898681640625
-8.207132148775708,28.856069564819336
-3.09775596823669,16.230119705200195
3.77256113899207,-0.18093585968017578
0.2016574678685985,-6.286718368530273
4.38808277416547,-4.4602532386779785
3.7092867134231,4.782558441162109
1.6740112862957208,16.568187713623047
-5.472376660417956,3.81361985206604
12.283123760680592,-2.8921737670898438
4.417989059347175,-14.25192642211914
1.907333647224608,4.6670379638671875
-3.73521146317182,19.696847915649414
7.837521570550837,-184.01597595214844
4.82455755953161,42.857852935791016
-0.6472060937938101,2.038834571838379
-8.237956686764985,0.9248775243759155
7.36579899286375,4.863945007324219
7.859716520666763,-4.135022163391113
2.765011277030255,-16.722183227539062
4.62415639298937,-261.07470703125
6.430237727930085,37.999935150146484
2.44728958086436,61.24149703979492
-1.93656353174353,88.42557525634766
-33.7845903951132,43.175819396972656
10.960301672714698,15.15625
6.147225205740463,12.00721263885498
2.4659746492236927,101.780517578125
18.2642273209106,4.248342990875244
7.656482330373112,142.0166015625
-63.2346715672369,2.185495615005493
-22.9610154952969,0.07758069038391113
4.39789099231211,-12.465733528137207
-46.587141393021525,-25.512100219726562
-12.281506448986304,-38.82432556152344
5.220668557811489,10.061796188354492
-1.4412632820262703,-12.48345947265625
-35.163016426576704,-6.24653434753418
-31.380009974583203,1.0401383638381958
-40.7258600860177,-3.1074485778808594
-35.3994683825842,1.0701063871383667
-10.968565079401992,-0.11787891387939453
15.384553292915324,20.500911712646484
-0.4271227388875901,5.163002014160156
-7.69948364751984,-10.114648818969727
-26.6822467124322,-19.845428466796875
-0.2823200449385875,-3.1870975494384766
-3.8453528225106623,-8.231947898864746
-2.4599041427842496,-72.5909423828125
-12.7315114055493,7.037881851196289
1.418014053180695,-6.191457271575928
-3.4922781726655696,-4.848720073699951
9.58062385928767,66.82921600341797
-17.5801214502402,-14.01433277130127
-49.5120706514507,-41.74046325683594
-0.4503474699443348,47.529052734375
2.332279780348585,-5.7263922691345215
-42.2483635713802,3.2043063640594482
-5.00028834575103,-11.27662467956543
-5.14141487663266,1.3095685243606567
-19.923371510770203,15.598435401916504
4.28301459624688,-18.925369262695312
0.3224388648416145,2.2107112407684326
6.795393661635613,207.72669982910156
6.720388221210122,-581.8901977539062
-20.7558388881914,-5.325407028198242
-12.5922662394529,3.612082004547119
-5.19085420781142,-6.048709869384766
-27.3858072066324,0.8919748067855835
6.488490212037078,-30.369300842285156
-12.5233171201947,6.0262250900268555
0.996650643215182,1.3546236753463745
3.27144637329635,-3.3633341789245605
1.203208947199059,2.4430227279663086
4.5031585012656095,-23.85140609741211
-46.6686841099013,1.4684308767318726
3.600655729290548,1.1598742008209229
-2.7077151362496297,-12.949729919433594
-42.936846127142296,2.0480127334594727
2.679404112105611,58.36701965332031
-23.975827854410426,-49.76416015625
-24.4869919201538,-27.028017044067383
-6.22433036882608,-7.87837028503418
-24.992167376126925,-0.5433968305587769
-9.742168339465294,-5.194680213928223
0.1235817830644999,15.607563972473145
-11.607028837624,13.548666000366211
5.321680837772678,21.92059326171875
3.3452637215970498,-22.10443115234375
13.015759276594096,139.7874755859375
-6.13466459150186,-5.418524265289307
3.0897024917955025,-0.909820556640625
3.557691046156,-149.20343017578125
2.0008593011464906,-7.258739948272705
-1.2671721747064446,8.062506675720215
-2.989164004622407,5.290757179260254
-2.43808381047612,1.0144511461257935
-11.30813578108209,-20.328935623168945
-9.619042312244815,-15.94991397857666
-4.01456885639382,-4.9856977462768555
-4.853312003098937,1.7324566841125488
2.78743688363977,-49.48335266113281
3.6035536346157695,-27.519412994384766
6.09033976794457,75.01309967041016
-5.89266438028177,-8.211042404174805
4.780848076735348,3.512258291244507
-20.7592210135025,-33.857059478759766
-3.637071869773312,3.443274736404419
-4.396710286499547,-16.039669036865234
9.04709717330502,-3.984790802001953
1.69213972357191,18.242000579833984
-27.068723822751306,-5.337404727935791
0.2886204877907422,-7.989919662475586
-0.592182005541919,-6.139204978942871
-4.736229867816737,152.0284423828125
7.877641553655238,34.464813232421875
-2.588665914009158,-6.376633644104004
4.72846919446815,2.9677677154541016
3.42669038506664,-9.607649803161621
-10.274169876330886,-8.951469421386719
-1.289264920121349,1.0049517154693604
-6.9648772325347394,-18.746458053588867
-1.2236747050651609,22.06610870361328
-12.208208404490907,1.9923700094223022
4.40921359309415,241.89553833007812
16.4171583068458,-113.17748260498047
-15.991582533821994,-34.673583984375
7.809600001042748,27.67609977722168
-3.0331069492891496,597.88427734375
2.603164662477901,-31.77853775024414
-24.2572199033326,0.8812223672866821
13.667582002208905,-14.463134765625
8.19307228691883,5.751236915588379
0.4664503305112299,-29.190784454345703
-6.46133524603972,-0.1374727487564087
-19.7520332208299,-0.9446103572845459
-7.75971004909346,-35.862003326416016
7.66334596528203,4.10675048828125
-27.64770126959135,1.4196876287460327
2.125547882163602,5.710232734680176
-1.8239337240231768,-6.494733810424805
3.3696784995100426,-19.84358787536621
5.265272900492549,-16.206256866455078
6.753311816554961,-8.093408584594727
0.9434331950199416,-4.608616352081299
2.13745295521649,-17.989776611328125
2.76912169862866,509.995361328125
2.409764321136161,-7.302833557128906
3.7606671418030695,2.749772071838379
0.555665600488549,-36.54303741455078
-89.04756219223692,-3.033947467803955
6.987950206462267,-2.3733301162719727
-10.09410467002709,-3.927492141723633
8.16191414696451,-45.868507385253906
-10.731303688850904,-1.6897965669631958
7.588764503474316,15.00442886352539
-5.25293160621848,2.075782299041748
2.3065604778561424,96.69342041015625
-3.8022266666193874,1.0976593494415283
3.22816419080692,26.47846794128418
1.1941842843275,-0.1923065185546875
9.772192422094813,-15.083574295043945
-2.489313079893845,-186.300537109375
-13.547300817594484,-35.46622848510742
-1.5403494549472296,20.798709869384766
-5.139364658294922,6.547769546508789
-1.32131943338233,-4.094951152801514
-0.5284321769112605,18.026809692382812
0.1119561526876595,-11.162424087524414
14.8508222506114,-118.7454833984375
-0.0918051514147744,1.0162479877471924
-1.7237618714553775,5.2894110679626465
-1.5699354762224491,-45.895263671875
1.5718362711845366,6.727816581726074
3.58036180553514,9.50149917602539
7.45084701577923,2.8385002613067627
-7.378812419643663,-176.1015625
-33.1832620874725,-0.2047119140625
-6.066411004621831,19.10186767578125
-16.4910721624856,-4.80917501449585
0.8267526169764301,10.842721939086914
-9.762453719841735,1.4149855375289917
8.07102955700163,100.45515441894531
1.741670982094262,23.109590530395508
-0.0053525606393112,-11.04794979095459
-51.4043293278057,-10.49301528930664
14.9415296965116,-42.78094482421875
8.70853787657841,8.734023094177246
-2.149900469098629,1.096733570098877
14.8229623836697,-132.02645874023438
-0.0379657812584102,-11.350509643554688
-15.3173389528898,4.550273418426514
-1.7663441991754285,-12.732881546020508
-6.708306328674888,4.854796409606934
-78.7451798053926,1.7353260517120361
-0.5413656534735456,-15.478541374206543
9.625121597198186,-6.548847675323486
-3.15562863494722,15.618236541748047
9.60447820177431,-41.19779968261719
-3.31847606547329,17.218265533447266
-4.12581810820042,6.8639140129089355
1.7706121017107803,-5.817364692687988
0.5117341060036625,3.318225383758545
2.63157412115867,29.397003173828125
-4.763634360062484,-19.08470344543457
-11.18181257464061,-6.894423484802246
-39.4932668903457,-5.969168663024902
9.206200380526292,35.53380584716797
-2.93911844531118,5.120464324951172
-28.13472322157985,1.215158224105835
9.62907409316032,1.7037200927734375
-7.042636248773623,-1.7686572074890137
-4.03025121975644,-6.459329605102539
3.42951329804928,-32.9527587890625
2.5565427438131976,-5.647918224334717
2.8513084033656,12.265403747558594
-5.5623675139736175,-1.6094741821289062
16.9968892380515,-115.06703186035156
-4.144685584269085,-22.524429321289062
-11.221818720505304,-2.7147865295410156
-2.111656589218961,-9.98184585571289
-1.626797120535592,10.993927955627441
0.7652624054000594,-20.519012451171875
-21.5531296050118,8.273245811462402
-13.053772031257305,-0.23096966743469238
5.42509465390903,-8.108195304870605
-5.5186956836840375,-1.5831102132797241
-2.260381023139061,322.1189270019531
-30.3377383335249,-3.822964668273926
7.380729755239978,-0.7197651863098145
-4.172986764275874,-8.112957000732422
-1.2036514942358316,7.445529937744141
-35.2906329121599,-3.7664706707000732
-2.54595208771381,-8.516931533813477
-10.901275449743116,8.335949897766113
-17.0078420331655,5.1280670166015625
-17.0314498829154,-0.9877948760986328
-11.9784507557909,-6.7709856033325195
-19.469018973061075,-7.104886054992676
-3.2142130797467816,1.50823974609375
-0.5663484394051013,155.78445434570312
-21.2195468929047,1.4118810892105103
8.077984978184695,-3.450939416885376
-17.0119321722455,-4.701097011566162
4.67424026120176,-18.72270965576172
-47.9875704511971,1.6811953783035278
4.316615136301563,308.8758544921875
11.2728180991378,-19.879364013671875
-3.5546157663424616,2.2765302658081055
-3.15887949932979,0.8788948059082031
-1.6422791314174887,68.99298095703125
-3.448025235667948,-14.7841215133667
-13.5632540546311,-1.8511126041412354
0.8825935384285006,-1.8647133111953735
3.27100049685324,2.059131145477295
-0.7762273913233743,115.10973358154297
1.026942322157092,11.30636978149414
9.859104788483815,-22.725727081298828
-1.9977872313530125,-1.7148137092590332
-13.1809903671301,253.0460205078125
-35.1782981083837,2.2787423133850098
-35.8337806803641,0.6544300317764282
-7.639409008216227,324.194580078125
-15.746453943284,1.453229546546936
1.055995951979529,34.02412414550781
3.987299411465438,1.429264783859253
-37.0930621901092,-25.083499908447266
16.694612728237402,3.831129550933838
-4.527979888097892,-5.023923873901367
14.6352674345898,4.98218297958374
5.034618319433818,-15.43742561340332
-3.77133000272187,-8.688911437988281
-1.61504571199055,-4.7602128982543945
-56.3663437951974,-4.959137916564941
10.088450856398616,-13.083805084228516
-14.285610883283098,2.1847825050354004
2.6210618799141923,63.321571350097656
-2.308732762121495,0.2888476848602295
-83.9761260280997,1.85234534740448
-1.03656181464744,-19.667932510375977
10.16232173056559,333.9854736328125
-3.12013961477547,18.63983154296875
3.010752586641185,-5.95896053314209
-1.5178355576616795,36.13017272949219
-2.60072537807549,-9.653594970703125
-2.367312137177082,-29.472326278686523
6.075310726130807,22.878524780273438
2.24572304437811,32.03777313232422
0.2044267191685782,5.688446998596191
3.85944773684647,20.238582611083984
-14.409506408843407,-5.751433372497559
-2.683955047842884,77.87112426757812
-0.0075038478591599,0.9831578731536865
7.190050317883171,10.275039672851562
-2.1691769605730515,11.085429191589355
-7.910003358009165,-5.564358711242676
-69.1366966634013,3.952241897583008
1.437241653553571,22.236953735351562
-20.7409218490905,3.4309308528900146
3.78247800369874,-90.23553466796875
7.909526276907584,2.981581926345825
6.097122298913325,0.9464247226715088
24.5800902168924,-159.85394287109375
-9.979741434164584,-11.061482429504395
3.1327986373042376,28.89989471435547
-8.393586343504198,-21.61358642578125
8.678125432705007,-97.99322509765625
20.7428439693387,0.7074260711669922
-1.511416195100045,4.048781394958496
-23.3725501337939,8.178173065185547
4.69437535963172,12.359922409057617
8.24149319055937,-11.428671836853027
-0.2898522089969393,-5.898697853088379
-7.19378137939456,-5.486500263214111
1.0271109700113177,-5.717555999755859
-14.564555056626377,-6.734407901763916
-9.657849716236,10.007867813110352
-0.7280966227290082,-21.55609130859375
-21.8962191024866,9.667069435119629
-40.2614734397264,-12.155869483947754
-1.77750068778882,-4.253640651702881
-28.3488859938485,-18.295875549316406
-8.184373188662292,-1.270296573638916
-6.135426654744688,-25.872909545898438
-3.270422191581055,1.5691232681274414
-6.055427015859325,-4.8872971534729
-34.3143130117107,-3.13847017288208
-50.4820483838523,1.885140299797058
-4.639593570653838,2.1006250381469727
-21.0606958753072,-69.74258422851562
8.747205755218493,18.568824768066406
0.6884341878779402,-46.734535217285156
0.300408103033295,-3.440943717956543
-17.2817979072755,-4.497286796569824
5.79128728304933,-22.722633361816406
3.7921116228684086,28.301315307617188
0.51700222845629,-4.649582862854004
1.0966146270020711,-231.1966552734375
-6.613686761665703,1.7237924337387085
-39.873530292237,-1.4433836936950684
-35.0272315856836,1.853665828704834
0.2475632146873464,158.21392822265625
5.59963570142504,-27.04502296447754
5.29419053806362,-8.223556518554688
6.457932781589695,-42.52423095703125
6.4251548431743295,3.784364938735962
-19.7885249955934,-4.712294578552246
-2.4097304318056905,-17.855703353881836
7.543407488617369,232.3157958984375
1.83593808226401,131.97341918945312
-1.5082203021212124,-18.049671173095703
5.99108205682079,-3.8071651458740234
-18.1797235112709,414.98681640625
-12.840088322870097,-1.3749256134033203
-2.23616712442702,132.499755859375
-4.662511414401839,0.8421511650085449
3.41802282280863,-8.01423168182373
-12.0320822507053,-4.645236968994141
-25.9801803981754,-5.832086086273193
-5.97419023328963,-8.938467025756836
15.4186986077963,-27.381927490234375
4.480465220149085,-1.6137118339538574
-13.2363849677504,-8.730774879455566
-9.362863686069195,-1.49359130859375
4.128157012788561,29.761144638061523
2.26767773086615,0.8462730646133423
-24.1634597090208,-7.882429122924805
10.013204486477417,126.68734741210938
-31.934070451053,-0.8208390474319458
-22.9515728231767,13.716117858886719
-11.219410776078313,-4.28954553604126
6.00089213826483,3.268665313720703
-28.9638748432599,-14.949216842651367
3.11049964318654,-34.59942626953125
-1.073248118887358,-26.018102645874023
-10.249148139079496,-4.434421539306641
-13.14009076535719,-18.477893829345703
0.7364260970712593,105.15902709960938
-44.9949251983702,-14.919065475463867
-5.159519294761907,3.422541618347168
1.869241020829697,-5.377739906311035
-55.54568697318505,2.102627992630005
0.3065104335081801,-14.508245468139648
-10.386374558578522,-3.736556053161621
-3.0345245902191325,2.4514942169189453
-57.144820014625296,-9.245189666748047
2.85060083445348,-32.337440490722656
2.446050707651698,-20.01630210876465
5.50221601830175,2.3372983932495117
3.455876052191651,-7.462682723999023
-14.6157572128631,5.803420066833496
-0.874105623616695,-23.38330078125
-1.378759213278819,-7.533588409423828
1.350733135180331,-68.78196716308594
-1.94666134980912,5.026035308837891
-3.36735139960915,-14.088733673095703
0.8319171014720902,8.179376602172852
-40.2101205720394,-19.987489700317383
-24.577379709126298,1.216226577758789
-18.6292132467089,-34.63627624511719
-46.39510994896701,-4.054093360900879
-2.487076105276776,-5.715598106384277
-4.752960817423343,-5.299681663513184
-0.1160299782726794,-3.514582395553589
-18.5277286275242,-4.617832183837891
-14.1325019191809,2.1671738624572754
10.909208084253878,4.08453369140625
1.30779520720034,75.26280975341797
-5.77436797253085,10.36867904663086
3.986867952152618,80.62832641601562
-21.7936206120663,1.5264793634414673
-2.643556292002,-3.5168843269348145
11.0853991753379,-3.3536596298217773
-12.9397422629832,-13.074941635131836
-0.190891674386513,-47.26641845703125
-6.32558602127377,8.94637680053711
5.391699208755202,60.36374282836914
-8.998840630677615,-3.9157040119171143
-1.6005087696864486,8.821208953857422
7.5482379424635875,-31.67218017578125
-7.642910278690365,-3.075873374938965
3.719171936095444,-26.34552001953125
-0.8981307679622897,32.07220458984375
7.06032809637297,-99.91397094726562
-3.134999611446543,1.3170039653778076
-5.94174589421185,-0.6966648101806641
-17.7883076547542,-0.801774263381958
-25.2381267145584,-20.571609497070312
-27.5445722402187,-5.58247709274292
2.6678241356197647,0.6582580804824829
5.02066543392875,-6.524972915649414
-1.67197513843126,4.3711652755737305
6.58117049992555,-30.558860778808594
3.12612254618191,8.191222190856934
-2.1147225087047508,0.9504003524780273
-76.9668504799361,-14.334755897521973
10.11870938841209,-15.928112030029297
4.755697845162629,195.6712646484375
16.5479703149859,65.15789794921875
4.001938538520379,2.8017961978912354
-14.1813773041305,2.0324037075042725
0.7709161631446207,9.347196578979492
-24.2508933717269,-0.04793143272399902
-22.3071231538392,5.155995845794678
7.2595381633228,-62.81999969482422
11.555346181601609,75.29338073730469
-26.258782255785,0.9386839866638184
10.3189652047012,25.951066970825195
0.809697096857583,11.25008773803711
-18.5255095356289,1.1428287029266357
-1.0680791130593923,-28.32977867126465
-3.5390830989045075,2.3643529415130615
10.468583156479704,-74.963134765625
-10.613183176373598,-5.691428184509277
-6.40442742836347,-79.29463195800781
7.196532980977684,-1.042612075805664
-10.586292641023492,24.606727600097656
-26.79502671025515,-6.153800964355469
-7.187555808667961,13.33277416229248
5.4465900456679694,-196.03216552734375
3.1988276731025875,2.1367721557617188
7.827394642815597,-10.761154174804688
3.887422638441485,-14.985321044921875
-3.41466344580097,-56.75516891479492
2.667044757168528,-4.906747817993164
1.0590749185315824,31.308956146240234
-3.9965921287470247,25.491451263427734
10.982614675109394,-113.95095825195312
0.4076170529080399,-3.000962257385254
2.71319811317338,-6.194417953491211
8.652061852316729,-66.58562469482422
-0.6579761516790089,-5.318604946136475
-51.6773231694491,1.2827813625335693
-2.8325461302865187,124.12806701660156
2.12749125232924,2.9899871349334717
3.562549470771905,40.66607666015625
-16.517773128145326,4.601789474487305
6.874655354673765,-65.8250732421875
0.2047767843086013,6.447320938110352
-2.698758931910008,-56.32966613769531
1.8601156760560384,-0.34241342544555664
-22.2455703021075,2.5505456924438477
2.4288820651169605,-97.84408569335938
-16.8307740899425,-68.0722427368164
20.7191486697607,-47.096771240234375
-30.7261055182573,0.3208014965057373
-38.4849400567448,-3.3708407878875732
-14.3103126367969,3.9968013763427734
0.7860328468455551,-19.496536254882812
-48.3858044800915,2.930647850036621
-3.21662088766757,102.64990234375
1.675245639565673,19.46395492553711
-90.3299705619704,0.3699009418487549
-9.28527551691871,-88.22294616699219
-1.2293411329062325,-5.968983173370361
-4.534682244798708,4.590405464172363
-68.1959205924323,1.1734702587127686
-24.5242345195019,-3.057547092437744
-2.77042962989298,-7.3849568367004395
3.8009101564042025,5.671417236328125
8.933703319425492,-44.4942626953125
-11.341527235964405,-3.8305578231811523
6.71098989067457,129.92459106445312
4.54734483862441,35.31495666503906
-5.16341129781556,11.905416488647461
-49.062306315025,-6.384644985198975
5.26551760771767,-23.04337501525879
3.33951124606136,123.5672607421875
5.006519903780723,2.7901840209960938
4.05485944970297,-10.046944618225098
2.283405953189745,-60.589656829833984
-2.66483863280114,22.334062576293945
12.566471603210276,-73.8247299194336
-27.9020155354992,30.926095962524414
8.88265541550952,63.185394287109375
0.1652887870268324,9.664108276367188
15.4985727759109,-133.7091064453125
9.014890317831036,-6.009777069091797
1.4803529144374856,-8.011526107788086
18.1939100849816,4.33734130859375
-2.6304973605131474,23.585222244262695
-5.493763326806099,-3.2244718074798584
-0.6715208179901364,9.957295417785645
-36.7383193130824,-1.8652011156082153
5.062784719364307,-6.790587902069092
-12.026803679110706,1.905855417251587
-3.01321716593974,59.56632995605469
8.35813394800668,86.36653137207031
-3.60075442831331,163.54833984375
-9.509135784465323,1.42840576171875
-19.6175855102284,-8.10689640045166
-27.8629509568953,0.5659781694412231
1.74273211890989,-12.104543685913086
-2.19578977406709,-8.884708404541016
2.42002639701588,2.1459784507751465
-25.55316918036869,-0.18166208267211914
5.635020609606415,-7.2365336418151855
-34.727836669101,0.5755038261413574
4.4516036428765,5.252464294433594
4.967381413305823,-17.000038146972656
-6.81516141534704,-3.8332433700561523
-24.3954295810688,18.05478286743164
8.658679095048068,-53.137474060058594
3.7347243087796,-10.58806037902832
-12.909633143366396,-8.532514572143555
-60.49569009623433,-3.2118964195251465
-3.790702882666694,-5.945120334625244
-12.41068356063,-3.172477960586548
2.76740193393285,-89.39936828613281
-18.9061714872788,-398.7850341796875
-3.681083449701528,35.97085952758789
8.13893448615947,-73.53643798828125
-51.402683514636095,29.116304397583008
-3.0703466753296,-515.260986328125
0.4646043967887734,9.801325798034668
5.989492839405608,0.16632747650146484
8.833837192566008,-56.45428466796875
-26.1965705632023,1.5739803314208984
0.0804428699766095,16.18338394165039
10.229168329440906,-5.350839614868164
2.12042655289975,-6.709400177001953
3.88810032819938,0.3690299987792969
-31.515616413872173,0.01167607307434082
2.28163515100639,0.9141795635223389
-9.633163292669298,0.6312868595123291
2.63206586722876,12.036282539367676
0.3189015990893598,33.82530212402344
-6.31868596379813,4.144859790802002
-6.4648984000359935,3.63559627532959
8.91646092056966,-12.165969848632812
-42.637521131086125,0.17298007011413574
-89.5439156156453,0.022377967834472656
9.179556151687803,-0.854827880859375
8.754663680824095,-36.716148376464844
0.8838679103249854,-17.280153274536133
4.338369925074482,-2.4087142944335938
-18.23432595343749,7.320147514343262
6.92534745147092,-8.097820281982422
-1.768261666543676,12.960916519165039
-7.87226820943855,10.015779495239258
-12.0847368637308,56.88832092285156
-4.4222229386498375,-20.858213424682617
6.63109301847755,-4.8946638107299805
1.675381804264854,45.73914337158203
-6.897600670415837,-2.323925733566284
-12.2774867069717,-3.9923617839813232
-3.963646539183849,-220.88134765625
-2.552277046947741,32.16969680786133
-10.78700495517378,23.489410400390625
-6.426376983867103,-0.0782623291015625
8.2142562177934,-6.130434036254883
-16.967828162594074,26.45416259765625
6.07843040491799,0.9567337036132812
3.08443697315444,-11.776439666748047
-1.3811964732242277,-4.041799545288086
-4.51305804704249,-4.382692813873291
-9.93375477053989,-6.018976211547852
-0.6581754288220045,4.907076358795166
-7.952166005584182,0.3469454050064087
-13.563015982384195,-16.75579833984375
-47.9957157156951,4.319030284881592
4.96190002222477,-21.420425415039062
-2.0240269290899,1.1011009216308594
3.47166270740147,-27.898866653442383
-5.2815921348029296,17.30824851989746
2.369358494612781,16.17132568359375
-4.214346026907057,7.745203018188477
-23.8934551543691,-2.7087903022766113
-1.0659561461183158,0.6080384254455566
3.126169348435272,-2.877167224884033
2.35164464781062,34.35074234008789
-1.79502295092813,-7.044185638427734
-15.957982665262508,0.33925747871398926
-64.65676531723692,-31.288532257080078
-27.8195558011628,4.420117378234863
-10.480511156242285,-21.85904884338379
-6.18357684414468,-12.96858024597168
-6.75960002722117,-2.4928603172302246
4.4105627388370605,-14.20428466796875
5.58846482112586,11.246838569641113
-16.8483709423333,-4.214962005615234
16.1850033157246,120.60843658447266
-3.34531377329845,-10.020668029785156
5.893700156574014,-57.0975341796875
2.745769909533195,-349.2970275878906
2.53362859007723,8.311785697937012
1.0880788430276551,37.5762939453125
