Score,Pred Score
-13.812973987503693,45.00685119628906
-14.6311710829416,2.685934543609619
-15.020937907067507,1.0406341552734375
5.61896917638109,328.94390869140625
0.1461877509898399,0.4824718236923218
3.59745169898486,-32.97356414794922
-6.72144892291601,44.266876220703125
4.304204520484877,-13.291994094848633
3.37898618824583,-10.760473251342773
3.939818822274421,9.229240417480469
13.9953943577381,-249.3386993408203
-5.39913759737588,56.26176834106445
-2.204579993178592,16.101272583007812
8.829561804598438,21.717529296875
6.01696699102072,113.66456604003906
-6.376202369524528,-4.737192153930664
-6.50906463316165,-3.6883010864257812
-60.92137282626391,-4.013435363769531
1.99934019108803,-1.8981459140777588
2.188685633501576,137.80477905273438
4.07090957771029,-14.469240188598633
0.5211206139658471,22.337894439697266
12.5580583918003,-51.671390533447266
3.320229681965675,-21.924131393432617
-0.4381862293696001,3.385295867919922
0.1752112379752922,-7.838748931884766
4.123908949931413,-43.74948501586914
-14.2382866820043,30.195632934570312
12.966325580978296,136.13372802734375
7.692941411907634,1.5294232368469238
-62.9031214125763,1.0738685131072998
-5.800670766453999,-12.592744827270508
-11.705366535732304,-24.374691009521484
-4.786538605318405,14.801690101623535
-82.4887013651952,-0.6223633289337158
-8.251107402184557,-6.440216064453125
1.61677665352485,-39.491981506347656
-11.916211326129387,-0.29876983165740967
-45.634880019414,-1.1348991394042969
-0.568998602339841,17.406084060668945
-12.147399114840605,-22.168638229370117
-27.4476544011683,-53.44475555419922
-2.306526469902426,-0.5733325481414795
-0.4835459876036119,-2.134974956512451
-8.39479061793487,11.436779975891113
-46.862925671502296,-32.373512268066406
0.3837795244341289,11.382720947265625
7.184930267876617,115.20681762695312
2.8348518495029404,-6.4385223388671875
-9.859535687586003,2.8836822509765625
-6.00025755794808,0.4391360282897949
-4.764629840066975,-3.41688871383667
-2.377061578670744,-18.67779541015625
-2.0585753436264698,15.294294357299805
1.1848602197973823,-32.70072555541992
4.97603191479674,-33.03634262084961
4.27399441028646,3.782447338104248
-46.2372447228831,-24.53180694580078
-31.4759298257721,-3.431527614593506
-50.1674018945849,0.5236365795135498
0.9601515747159592,-0.9746747016906738
-11.864177458483407,-36.96704864501953
-0.538262620928304,43.64794921875
-0.6920482116816997,-2.9117259979248047
-1.5184696160120892,-8.103448867797852
-3.0836644409391925,0.37413108348846436
11.316750179392892,-20.24432373046875
-11.183106529127476,-12.670366287231445
3.59102041590596,-16.063678741455078
4.55602013063716,6.487346172332764
11.579228393987275,98.82208251953125
2.3067635611900137,0.49359130859375
10.480393919522983,-39.514366149902344
-2.698100773809443,0.36011743545532227
3.776985072333982,-10.490487098693848
-11.773766374328297,3.0025386810302734
8.681027307740193,11.093799591064453
-1.1091988250418725,38.35533905029297
4.484288991501213,0.4685516357421875
0.0548896546292299,11.050651550292969
0.1118559290339978,-9.63882827758789
3.9797293996962297,31.403472900390625
-22.42608065327665,0.3996931314468384
7.37064384347005,-3.6527271270751953
-0.2642143205483515,21.313762664794922
5.344594984386832,-5.142083168029785
-1.2497809936708242,10.109189987182617
13.71198107208239,-145.9420166015625
0.5045482395984724,-1.4601298570632935
2.86709961553106,-7.986233711242676
0.4423212163888063,-11.492170333862305
-3.724573545179619,-21.488525390625
0.2570808252882703,-4.492275238037109
-70.65073406723695,0.9685084819793701
-33.9587360563784,0.028676390647888184
9.2088386022025,-18.762771606445312
1.3318185914773402,-89.46517181396484
-9.176001953270983,-17.839828491210938
-10.497767159210698,7.762310028076172
-0.4402086584014632,0.48357248306274414
2.1560784090827942,0.6213812828063965
-27.1636490162131,8.15369987487793
-0.670930828719279,-0.627838134765625
-22.794043146736,0.7720292806625366
0.8105828534072201,3.713430404663086
1.2287673509824204,6.073863983154297
-0.6435038581465955,60.49943542480469
8.474782023793379,16.88591766357422
-9.601847091024196,-4.151037216186523
-1.6610011043127195,-0.47484588623046875
-0.1091636509260827,-8.708688735961914
7.570838092245207,-5.969061851501465
-7.211196994815285,-8.27920913696289
9.090654061652296,0.6140713691711426
-26.6651088566214,-9.439910888671875
-17.309192174305,-17.397356033325195
4.14054171285972,-4.137993812561035
4.097668935846943,17.536346435546875
-0.29408409265346,-3.6281280517578125
-35.8165916579592,3.2668099403381348
10.898098675545494,3.536972999572754
-1.6552655274048038,-14.598594665527344
1.6729502580778592,-18.50659942626953
-6.42491227706334,0.41370105743408203
-15.4752611754195,0.4756810665130615
-0.6907348474047925,-2.4574365615844727
-21.3629045873375,-24.340456008911133
4.219145585451182,-2.4001059532165527
-3.019531285218114,-2.6685357093811035
4.25311060075082,-5.792189598083496
-15.0412339008878,83.85151672363281
-8.237627320974727,4.686738014221191
-1.0683487237199796,-3.7424211502075195
-1.7174251595272625,-1.264355182647705
4.069163600073605,-11.712641716003418
-10.162041561092582,-21.858129501342773
-5.97248436581227,15.663558959960938
6.120538767403939,-2.1340255737304688
-0.8028238008287005,-17.149301528930664
-23.6042929930625,0.523301362991333
-0.1777753404752198,651.05224609375
-5.785469568057495,-0.0370335578918457
-0.0556983764780604,-7.582370758056641
-25.4508968849616,30.12973976135254
-5.3185412482723295,-12.497011184692383
9.1356503291117,-102.37667846679688
4.020569536845237,31.104156494140625
-58.5527340809363,-6.084342956542969
-6.291328737399075,-3.5361976623535156
4.187869588752649,-22.072406768798828
8.922207576391518,2.5417938232421875
22.7414116448382,-28.165771484375
-44.6057608529879,0.25191402435302734
-26.5129077898497,-9.199930191040039
-2.13735826282737,336.0079345703125
-1.14890133483728,0.5557861328125
-15.2234416939723,39.69009017944336
0.369316059642221,-1.297600269317627
-0.6884117876070912,-39.80265808105469
-5.8772631055401,-2.574108123779297
3.6053774296538297,-14.01389217376709
5.07108724357905,1.562018871307373
1.292753014965791,-6.555633544921875
8.440986836263871,13.403837203979492
-3.43040335892423,-2.1845171451568604
0.7651079053562314,1.7778112888336182
-37.13962469223695,-22.610326766967773
-5.822632503482525,-31.149700164794922
-6.879472048396067,-25.09562873840332
2.11024229353816,6.253705978393555
-7.1526743450051855,-12.98465347290039
-1.122073026503361,20.566694259643555
0.3302260274555297,20.755159378051758
-1.178255647098801,-5.543902397155762
-2.99361591491145,-21.377960205078125
-18.1070051290659,-2.9621264934539795
-3.0332808194811403,68.31733703613281
2.6303171850506604,-0.6734576225280762
-9.72499716390718,5.534492015838623
0.2729453578388601,-1.7077809572219849
-21.4503408223732,0.20671629905700684
-4.99755531471552,489.18603515625
-18.0018409950579,-7.735971450805664
4.00031385473591,1.8973913192749023
12.0378145652987,96.3674545288086
14.1235470599023,0.04258584976196289
6.55729051148795,17.4300479888916
11.19992297656359,-22.064865112304688
-7.81388191369781,-10.253911018371582
-2.924593214648255,0.20573711395263672
3.7667366885646025,-3.4209022521972656
-6.68253431604433,-26.152193069458008
0.7345204104922589,-203.32666015625
-10.626155896203898,-22.618553161621094
8.106852576346123,45.79766845703125
-58.24412469223692,-20.019317626953125
1.4955767028094,24.91411590576172
-17.6906096863185,22.978954315185547
-4.813871520282443,65.00791931152344
-11.8973420493851,-4.463144302368164
-2.67676896274171,-100.786865234375
-3.9331393974605526,-9.653392791748047
8.756217929094177,-48.89862060546875
-29.2662792150344,-2.897624969482422
1.7249239205326918,17.521451950073242
-6.686975812883663,-11.188121795654297
11.10272802991041,-14.345916748046875
-10.956818171714705,-9.963233947753906
-6.3500959185649,-5.785470962524414
0.6681105368389735,-64.17158508300781
-12.500029270357295,-4.652787685394287
-2.591242863373206,5.742602348327637
5.954690473588823,-4.762453079223633
-43.929359067237,3.812333106994629
-17.4841411730512,-17.259082794189453
3.61441892535489,-6.643081188201904
2.1112971208509976,-22.183956146240234
-41.8026500314277,6.448620796203613
7.028135642932115,-62.20388412475586
8.463248256721428,-9.76576042175293
-13.037072413777096,-0.4846644401550293
-1.6307504375632549,-27.3272647857666
-0.3284521577656807,-3.826481342315674
0.4685622181175212,-2.1862573623657227
-5.316952415477393,-6.811868667602539
4.584421564331302,25.8289737701416
-20.3593816575191,-3.4555463790893555
3.67041582610247,7.968625545501709
2.204062447972561,-5.910937309265137
-4.666937653128132,-2.566650390625
-12.3781694316975,-11.546424865722656
7.06923762363823,-13.419818878173828
-37.2883298194418,0.3007664680480957
6.442434166934048,-54.77734375
-12.2162083245621,-15.952080726623535
-20.3623076046531,3.1610445976257324
-5.45440876641342,-9.872632026672363
3.1416241584890576,-6.820853233337402
-4.96580172718434,0.2744934558868408
-37.4061766871973,-18.2454833984375
6.46185690649625,21.827199935913086
0.5403453062071405,11.1436767578125
8.656689402528613,-14.667816162109375
12.331931266595111,78.5177001953125
2.75380173901167,-4.185395240783691
-2.8447496930443927,30.97856903076172
0.0285872237409883,-11.509204864501953
-73.5286754265322,3.820374011993408
7.285509446842615,0.35437798500061035
6.72046542688671,-44.05223083496094
-6.19730890695259,-113.945556640625
-16.4599719883519,-1.9565067291259766
-10.288292260688207,-7.963717460632324
-10.285920522724917,0.27398061752319336
-30.8171784242839,38.472923278808594
-4.65691689928222,-8.112668991088867
-37.1716279374795,0.20805931091308594
-36.50577458359941,27.237022399902344
0.7942566624333496,3.972750186920166
-34.8552692363716,1.9095035791397095
-2.491707941339629,6.473456382751465
1.7387039934851498,33.688262939453125
18.9715733525152,6.16876220703125
-13.8996269060666,373.7957763671875
4.17561229224804,2.883009910583496
4.7680640763497,-0.34553003311157227
-6.745372906074374,-4.336215019226074
7.262818938793504,-3.5241646766662598
-55.7541546140486,-10.454233169555664
8.453421074249384,-49.953392028808594
-5.85807143580148,-17.22440528869629
-52.7336020518746,-15.707484245300293
-1.995826789875676,-13.479028701782227
-1.3326443092463092,-17.921781539916992
5.029017096161708,86.044921875
-0.71117494174041,-8.894458770751953
8.243548509216069,87.95111083984375
5.81602235619721,-17.57557487487793
5.978124919049687,1.7856700420379639
-2.8859593337581737,-46.51355743408203
-26.0047332498617,-23.325973510742188
-1.5220929784942658,-28.817218780517578
-3.195242757261453,114.0927505493164
-15.0089303719363,1.0320720672607422
-1.757118944268968,-7.042334079742432
-13.5091075877696,-4.186258316040039
-4.0681667574955,1.1127734184265137
4.43276114617859,-6.0795769691467285
-4.665207913971671,-21.19375228881836
7.33919324558513,-1.2770845890045166
-11.69780882660921,-3.296144962310791
5.960801203295765,-33.447181701660156
-29.9162730471743,-0.5531411170959473
-5.331847529263395,-3.986175537109375
4.2006804390709,214.1285400390625
4.76541245752904,73.8906021118164
5.87221574658101,-4.1983489990234375
-12.955988512618,-10.250251770019531
-14.4061745570978,-13.533753395080566
13.644333664082708,127.88026428222656
7.522446474796843,-11.665247917175293
2.858782897786812,-1.5912514925003052
-49.8653288018085,0.6310116052627563
-4.029904705212941,10.442813873291016
-6.2026319104393295,-18.25432014465332
4.452168509343501,-14.371355056762695
-16.475900892606802,-26.876949310302734
-11.03094492075089,2.2717502117156982
-8.08045020128908,-33.406005859375
1.39259946716825,22.26133155822754
-14.885807229381896,5.671779632568359
-11.113180908425988,-13.066316604614258
5.506094216928792,23.59311866760254
5.29091659278858,3.95792555809021
3.42106467876526,5.166266918182373
5.162821279449693,10.127429962158203
6.020551076354931,-15.982561111450195
0.8086942897832163,-17.650646209716797
-8.80546181278599,-12.179659843444824
-7.42349600405968,0.27662014961242676
-14.4731176558811,-150.912353515625
-35.5448186771701,-2.565945863723755
-1.657597602265355,2.385161876678467
-1.930224441335125,-29.728168487548828
-10.398648228661925,-3.030651092529297
-1.6521884315998507,6.272369384765625
1.3131129859732091,-9.623552322387695
-0.1240821746904601,8.89130973815918
-35.1709788883515,0.13330042362213135
0.6771989561182002,-6.246600151062012
-5.8677981963370005,-2.418943405151367
0.7982616963508231,2.4406135082244873
2.595279020812243,9.894172668457031
6.9472187772133225,-33.42548751831055
-41.1395198834054,0.7521052360534668
-35.4604736838065,0.41577422618865967
7.87379173269718,6.916341781616211
-8.72128086410909,0.8777201175689697
-82.13826531723697,14.029869079589844
-9.70693692529289,-5.4453229904174805
-61.4386715672369,12.982982635498047
7.10938257895085,-102.17947387695312
0.4007388327427847,-18.845184326171875
-0.7455370396145937,-14.907203674316406
1.674966057420845,-1.2755613327026367
11.877856996640997,6.294211387634277
-0.9096556467231308,-186.5721435546875
-1.4680391508473674,-2.3043432235717773
15.6414782015599,-11.173118591308594
-10.35739215730591,-15.27975845336914
1.926107182225645,-31.16185760498047
6.99756701325662,65.02566528320312
3.54836143321337,-5.256353378295898
-7.726553411266567,0.19901204109191895
-48.51478094223695,0.38559913635253906
-3.0453156276270903,-3.31674861907959
-3.454798154796729,-10.471443176269531
9.503977484174175,-16.522300720214844
6.001532732018722,14.809768676757812
1.775572054007981,-4.715564727783203
-2.6871577689602653,-2.5906076431274414
-7.920344649869953,-4.791990280151367
2.578081311550471,-13.473714828491211
-14.434457477598505,2.900239944458008
-1.338045882914232,-3.4088315963745117
-44.1817825469333,-15.129613876342773
2.4314234692194163,-3.554169178009033
-2.35314836228574,-18.54744529724121
-2.07036107592124,4.650947570800781
-6.560167066336443,-4.920011043548584
-2.54688332955635,-7.261116027832031
-7.940842049461227,0.2546384334564209
-7.789052707582185,-577.47900390625
-1.4295761119406232,1.496145248413086
7.206977941743588,-9.53572940826416
-4.081394009803599,-12.582727432250977
-30.167243616457,-8.06307315826416
11.7225687296843,-40.142730712890625
-0.8984319813221007,-17.740833282470703
10.349523074958825,22.706180572509766
5.42147270471237,-114.87606811523438
-0.3136273830120112,16.54354476928711
4.398848813602776,5.93243932723999
2.099307195887115,-48.7647705078125
-61.6890402284636,-3.1865437030792236
-7.08434802004719,-3.328460693359375
0.6962467393230812,6.879339218139648
9.0758909366509,-39.486114501953125
-1.9263965715605047,-19.910404205322266
-6.262949496708321,-13.36547565460205
-4.739766082030863,-21.738101959228516
-36.8822022827233,-0.4278547763824463
3.24770439300306,-9.332328796386719
-2.289513933263135,4.68171501159668
1.41805545618482,29.105072021484375
-24.4432878855492,-7.965834617614746
-24.96156751119129,-4.440608024597168
-7.734574598544068,-3.6914830207824707
2.79124989437018,-6.7651543617248535
-5.17831154550348,-14.945870399475098
1.5275640312561216,11.875715255737305
3.682989905065457,14.3637056350708
-10.8237586662752,1.0724632740020752
-6.929951553081727,-4.785928726196289
-27.96215708599589,-0.24698257446289062
-2.88087637063392,-8.777363777160645
-5.960419628776203,-12.465997695922852
-37.189874708633695,0.6911892890930176
1.1496085756031087,-6.791961193084717
-12.7137936794919,-2.9489288330078125
8.398744223780918,-14.09876823425293
-33.3004252633332,1.110100269317627
9.144089281431205,-0.41320013999938965
4.065326821312747,-11.249777793884277
-41.9047429025821,0.5441402196884155
7.383552345763623,6.01814079284668
6.364261125349779,-15.540251731872559
4.841793570156368,-35.66291809082031
1.6198341998494314,6.986746311187744
4.179707781567577,109.736083984375
-14.7229944429405,321.2318115234375
7.078924552126015,-16.048992156982422
-12.898019313824,-24.570697784423828
-70.8116033690518,6.397200584411621
12.7359625054994,19.801849365234375
5.586124430090477,30.13409423828125
3.028467183462371,8.119979858398438
-5.830142578087577,0.37475550174713135
-22.6841489367301,6.883597373962402
-1.51657819068512,-8.093521118164062
-81.52648016021857,-2.5438945293426514
-3.36903782007548,-27.641403198242188
-18.707844022,-4.338413238525391
-34.48768519828235,-5.240274429321289
-39.7169735486916,-21.971988677978516
-1.593720937577549,1.525438904762268
-23.2954444871652,-1.5764899253845215
-45.30258920076982,0.1206139326095581
12.5056328567953,-37.846717834472656
-11.9299972333177,178.5948486328125
-37.9495035857927,32.25614929199219
0.7001962140772594,-7.354828834533691
4.49418879319923,-21.68746566772461
-39.0646563811545,-14.682397842407227
-9.09730633851708,4.196068286895752
-17.5589533745204,0.43769145011901855
-4.92782811871599,56.778350830078125
-8.2299173561342,-21.046897888183594
2.60625970962018,-30.80815887451172
2.726862934921635,-23.177764892578125
4.071661498679735,0.7284204959869385
-13.2494383747796,4.341526031494141
-11.9154244975033,50.610595703125
0.9090871567987184,5.714608669281006
7.92708077877978,-82.63787841796875
-3.119647295186995,24.91550636291504
-2.248378586620203,0.6240696907043457
1.6646916021852596,-1.8180656433105469
0.1590569364430157,4.423564910888672
-77.3623903172369,0.9783023595809937
15.8859560938761,-24.7921142578125
-3.11888044241469,-4.75781774520874
-2.7468186065138984,18.53020668029785
2.77922195660905,-10.269904136657715
4.052279150357491,13.741739273071289
-4.03806373695381,-3.0173866748809814
-2.4461467814868523,-14.36844253540039
-0.1639564470097907,-26.249160766601562
0.8542168432631491,-27.59048080444336
5.84905996845087,-4.066309928894043
-5.77665564868809,21.84064483642578
-3.7008288999313423,11.684225082397461
-7.18713065449027,-1.9605693817138672
-0.9529303605806088,-50.03942108154297
-15.902118442879,-30.09073257446289
-28.0636361890057,0.7983171939849854
-26.912205886836706,-13.183406829833984
8.596988309863011,-35.5780029296875
0.2877587512502297,3.386157512664795
3.3899996482015826,-3.810990810394287
-20.5869014386951,-17.224292755126953
-9.341800010912078,-2.742648124694824
0.1692077246922899,0.48146820068359375
-1.857666460494741,-12.768392562866211
-13.2752747780792,1.2519822120666504
0.7445982178878973,30.696853637695312
4.49646859469848,-2.8283708095550537
3.60913262992784,4.173418998718262
-5.653435188749545,-14.536065101623535
1.51502173443586,-7.0516815185546875
8.143116180793372,-3.2737560272216797
-8.36164856265281,4.97859525680542
-1.130678948105339,-3.1646833419799805
-4.349210006555943,110.57892608642578
0.2594141505344826,-4.957984924316406
-32.1283374054069,-2.029388666152954
-1.9051378030600723,4.034841537475586
4.768047800449637,0.7537237405776978
2.264898495983479,4.565374374389648
-6.47138721063866,26.70366668701172
4.93167956005568,4.410036563873291
2.4851768276660025,-11.366802215576172
-3.930469946192945,-1.2609786987304688
11.923948375295712,-1.80712890625
11.616605850275496,51.894508361816406
10.41580460128629,3.854290246963501
-8.700462669667385,-29.629154205322266
13.1991243046288,-3.4895036220550537
-4.75101729862813,-46.870540618896484
-1.4230966237807086,-8.028066635131836
-2.07861348348741,7.483076095581055
10.292368565007404,35.43719482421875
1.9007667723773176,-3.9959707260131836
17.1612744381531,-35.063446044921875
-0.1428452494230792,-16.443294525146484
2.4933992323843923,-4.1649370193481445
-13.861300672159,1.2346758842468262
-1.7943154401891548,0.7163047790527344
-4.15624175439773,4.179355621337891
-14.277645616907492,19.76460075378418
2.713132201978397,-1.5365649461746216
-13.315456279797685,3.731041193008423
-5.36204355968609,-12.427477836608887
-1.4872271509121793,-27.396326065063477
0.31232235517322,22.90509033203125
3.0307168501552093,5.507495880126953
3.4484762474106,10.665275573730469
-34.0729170807354,1.5864572525024414
-25.0659802428987,-11.336761474609375
0.86771933446589,-10.255578994750977
-11.996919710325,7.204480171203613
17.2594267615487,-227.20794677734375
-56.2560888739038,17.715473175048828
-12.7386491421071,5.62584114074707
-3.520787796436005,7.704445838928223
-0.8014467498558491,6.207737922668457
-34.7812340468876,-4.716907024383545
7.158235365631607,33.14878463745117
3.29681579894721,-23.927675247192383
0.046018285265003,4.698544502258301
2.046344769010002,1.1628236770629883
4.25403099118957,-0.21256256103515625
3.7804230286959792,24.476240158081055
-3.773219093074008,0.23439037799835205
-9.722403045722997,6.752170562744141
2.81101468536903,-6.246244430541992
-23.7494411406013,2.1493611335754395
-75.56229656723696,24.62504005432129
4.366245372711767,-241.75511169433594
9.94612085382829,-39.93994140625
-8.207132148775708,14.479094505310059
-3.09775596823669,22.23020362854004
3.77256113899207,-0.32010459899902344
0.2016574678685985,-9.739198684692383
4.38808277416547,-2.8167357444763184
3.7092867134231,-0.8880376815795898
1.6740112862957208,21.504051208496094
-5.472376660417956,1.6359412670135498
12.283123760680592,27.883056640625
4.417989059347175,-17.176475524902344
1.907333647224608,-1.6902923583984375
-3.73521146317182,9.044073104858398
7.837521570550837,-116.66768646240234
4.82455755953161,25.60324478149414
-0.6472060937938101,-3.5167236328125
-8.237956686764985,0.31494641304016113
7.36579899286375,-1.1785240173339844
7.859716520666763,-3.2237837314605713
2.765011277030255,6.395423889160156
4.62415639298937,-183.903076171875
6.430237727930085,19.4515438079834
2.44728958086436,34.99705505371094
-1.93656353174353,95.22174835205078
-33.7845903951132,27.632511138916016
10.960301672714698,-3.0007705688476562
6.147225205740463,8.149894714355469
2.4659746492236927,115.95889282226562
18.2642273209106,2.1185834407806396
7.656482330373112,83.42431640625
-63.2346715672369,1.3392033576965332
-22.9610154952969,0.43905818462371826
4.39789099231211,-15.118035316467285
-46.587141393021525,-25.121366500854492
-12.281506448986304,-6.043212890625
5.220668557811489,5.070819854736328
-1.4412632820262703,-9.062461853027344
-35.163016426576704,-4.276214599609375
-31.380009974583203,0.4571880102157593
-40.7258600860177,-6.631641387939453
-35.3994683825842,0.4815866947174072
-10.968565079401992,-2.9578142166137695
15.384553292915324,13.299797058105469
-0.4271227388875901,-0.5451622009277344
-7.69948364751984,-6.052848815917969
-26.6822467124322,-21.747356414794922
-0.2823200449385875,-2.003750801086426
-3.8453528225106623,-12.295685768127441
-2.4599041427842496,-31.208648681640625
-12.7315114055493,0.4102611541748047
1.418014053180695,-4.190509796142578
-3.4922781726655696,-3.3291778564453125
9.58062385928767,53.39381408691406
-17.5801214502402,-14.484330177307129
-49.5120706514507,-38.130401611328125
-0.4503474699443348,72.76348876953125
2.332279780348585,-3.9835357666015625
-42.2483635713802,1.726603388786316
-5.00028834575103,-11.508091926574707
-5.14141487663266,0.5842185020446777
-19.923371510770203,11.061897277832031
4.28301459624688,-12.119583129882812
0.3224388648416145,1.1891319751739502
6.795393661635613,68.81307220458984
6.720388221210122,-452.43353271484375
-20.7558388881914,-3.6866533756256104
-12.5922662394529,2.039815902709961
-5.19085420781142,-3.758004903793335
-27.3858072066324,0.23351991176605225
6.488490212037078,-7.1347808837890625
-12.5233171201947,2.723842144012451
0.996650643215182,0.6219496726989746
3.27144637329635,-2.8415098190307617
1.203208947199059,-6.166739463806152
4.5031585012656095,-14.71191692352295
-46.6686841099013,0.7392373085021973
3.600655729290548,0.685218334197998
-2.7077151362496297,-10.085895538330078
-42.936846127142296,1.2083696126937866
2.679404112105611,57.08442687988281
-23.975827854410426,-43.21497344970703
-24.4869919201538,-26.18505096435547
-6.22433036882608,-10.188427925109863
-24.992167376126925,-1.6429097652435303
-9.742168339465294,-3.585991382598877
0.1235817830644999,10.67499828338623
-11.607028837624,8.465896606445312
5.321680837772678,13.84246826171875
3.3452637215970498,-13.694799423217773
13.015759276594096,202.8756103515625
-6.13466459150186,-3.759472370147705
3.0897024917955025,-6.921363830566406
3.557691046156,-105.05583190917969
2.0008593011464906,-11.390176773071289
-1.2671721747064446,4.386783599853516
-2.989164004622407,2.308208465576172
-2.43808381047612,0.461700439453125
-11.30813578108209,-10.216132164001465
-9.619042312244815,-12.294388771057129
-4.01456885639382,-3.3541340827941895
-4.853312003098937,1.038043737411499
2.78743688363977,-16.62366485595703
3.6035536346157695,-14.871648788452148
6.09033976794457,52.88683319091797
-5.89266438028177,-6.509139537811279
4.780848076735348,0.7657104730606079
-20.7592210135025,-32.82390594482422
-3.637071869773312,0.9964746236801147
-4.396710286499547,-15.711957931518555
9.04709717330502,-8.130714416503906
1.69213972357191,12.195850372314453
-27.068723822751306,-3.6930136680603027
0.2886204877907422,-5.833211898803711
-0.592182005541919,-8.28114128112793
-4.736229867816737,153.36611938476562
7.877641553655238,35.299400329589844
-2.588665914009158,-4.553068161010742
4.72846919446815,0.03903627395629883
3.42669038506664,-9.755219459533691
-10.274169876330886,-6.6620330810546875
-1.289264920121349,0.4559750556945801
-6.9648772325347394,-17.20665168762207
-1.2236747050651609,11.358392715454102
-12.208208404490907,1.0140271186828613
4.40921359309415,147.53675842285156
16.4171583068458,-77.25685119628906
-15.991582533821994,-31.96075439453125
7.809600001042748,19.23714828491211
-3.0331069492891496,386.106689453125
2.603164662477901,-30.688201904296875
-24.2572199033326,-0.5503537654876709
13.667582002208905,-42.36224365234375
8.19307228691883,2.5048954486846924
0.4664503305112299,-26.595703125
-6.46133524603972,0.0485532283782959
-19.7520332208299,-1.606247901916504
-7.75971004909346,-22.710472106933594
7.66334596528203,2.152013063430786
-27.64770126959135,0.33434391021728516
2.125547882163602,2.791033983230591
-1.8239337240231768,-4.975350379943848
3.3696784995100426,-26.44719696044922
5.265272900492549,-19.23198127746582
6.753311816554961,-17.566131591796875
0.9434331950199416,-3.0266857147216797
2.13745295521649,-13.945415496826172
2.76912169862866,257.0596923828125
2.409764321136161,-2.6986732482910156
3.7606671418030695,0.840313196182251
0.555665600488549,-34.69750213623047
-89.04756219223692,-1.8793927431106567
6.987950206462267,-2.8506720066070557
-10.09410467002709,-2.5812172889709473
8.16191414696451,-27.400829315185547
-10.731303688850904,-2.1597084999084473
7.588764503474316,10.01690673828125
-5.25293160621848,0.9986894130706787
2.3065604778561424,81.1966552734375
-3.8022266666193874,0.31100237369537354
3.22816419080692,12.087509155273438
1.1941842843275,6.78839111328125
9.772192422094813,-13.471192359924316
-2.489313079893845,-284.44061279296875
-13.547300817594484,-34.12546157836914
-1.5403494549472296,7.823897361755371
-5.139364658294922,-4.589590072631836
-1.32131943338233,-2.8383986949920654
-0.5284321769112605,10.644147872924805
0.1119561526876595,-6.098049163818359
14.8508222506114,-78.69075775146484
-0.0918051514147744,0.25190579891204834
-1.7237618714553775,5.137129783630371
-1.5699354762224491,-26.56881332397461
1.5718362711845366,5.830417633056641
3.58036180553514,5.136265754699707
7.45084701577923,0.8085901737213135
-7.378812419643663,-240.1270751953125
-33.1832620874725,-1.9124648571014404
-6.066411004621831,21.7208251953125
-16.4910721624856,-3.373060464859009
0.8267526169764301,5.654401779174805
-9.762453719841735,0.5026180744171143
8.07102955700163,54.824615478515625
1.741670982094262,15.534581184387207
-0.0053525606393112,-9.39068603515625
-51.4043293278057,-12.954374313354492
14.9415296965116,6.200286865234375
8.70853787657841,4.326852798461914
-2.149900469098629,0.30143821239471436
14.8229623836697,-96.31283569335938
-0.0379657812584102,-9.913627624511719
-15.3173389528898,1.6892824172973633
-1.7663441991754285,-4.494970321655273
-6.708306328674888,2.3094887733459473
-78.7451798053926,-0.25386977195739746
-0.5413656534735456,-12.322205543518066
9.625121597198186,-4.341231346130371
-3.15562863494722,19.666072845458984
9.60447820177431,-6.570198059082031
-3.31847606547329,9.367379188537598
-4.12581810820042,6.854296684265137
1.7706121017107803,-4.006689548492432
0.5117341060036625,0.7174103260040283
2.63157412115867,13.873542785644531
-4.763634360062484,-14.143293380737305
-11.18181257464061,-5.665533065795898
-39.4932668903457,-4.329129219055176
9.206200380526292,-43.919647216796875
-2.93911844531118,2.2726211547851562
-28.13472322157985,0.3757047653198242
9.62907409316032,9.860681533813477
-7.042636248773623,-3.642360210418701
-4.03025121975644,-7.876081466674805
3.42951329804928,-33.660736083984375
2.5565427438131976,-4.921988010406494
2.8513084033656,1.1146221160888672
-5.5623675139736175,-4.042659759521484
16.9968892380515,-75.0884780883789
-4.144685584269085,-4.7555999755859375
-11.221818720505304,-7.064436912536621
-2.111656589218961,-14.725032806396484
-1.626797120535592,7.313204288482666
0.7652624054000594,-11.90894603729248
-21.5531296050118,2.0540804862976074
-13.053772031257305,-1.150827407836914
5.42509465390903,-6.486206531524658
-5.5186956836840375,-0.9002909660339355
-2.260381023139061,191.16683959960938
-30.3377383335249,-5.738950729370117
7.380729755239978,-1.9004297256469727
-4.172986764275874,-11.969510078430176
-1.2036514942358316,8.80885124206543
-35.2906329121599,-2.6379964351654053
-2.54595208771381,-10.293964385986328
-10.901275449743116,4.60401725769043
-17.0078420331655,1.6299211978912354
-17.0314498829154,-5.065248489379883
-11.9784507557909,-8.109601020812988
-19.469018973061075,-8.001047134399414
-3.2142130797467816,-16.69439697265625
-0.5663484394051013,114.95477294921875
-21.2195468929047,-0.45245134830474854
8.077984978184695,-3.8592236042022705
-17.0119321722455,-10.55386734008789
4.67424026120176,11.726249694824219
-47.9875704511971,0.9820147156715393
4.316615136301563,131.754638671875
11.2728180991378,-10.758941650390625
-3.5546157663424616,1.1811940670013428
-3.15887949932979,0.3053802251815796
-1.6422791314174887,40.78840637207031
-3.448025235667948,-17.893356323242188
-13.5632540546311,-2.769876480102539
0.8825935384285006,-2.8974902629852295
3.27100049685324,1.151520013809204
-0.7762273913233743,96.18414306640625
1.026942322157092,11.855936050415039
9.859104788483815,-23.693561553955078
-1.9977872313530125,-0.8296223878860474
-13.1809903671301,101.7208251953125
-35.1782981083837,1.0075910091400146
-35.8337806803641,0.21113288402557373
-7.639409008216227,155.1182861328125
-15.746453943284,0.702325701713562
1.055995951979529,25.476104736328125
3.987299411465438,0.6008789539337158
-37.0930621901092,-18.973827362060547
16.694612728237402,1.9565279483795166
-4.527979888097892,-4.792208671569824
14.6352674345898,2.042576313018799
5.034618319433818,-17.963132858276367
-3.77133000272187,-6.652115345001221
-1.61504571199055,-6.800788879394531
-56.3663437951974,-3.347276449203491
10.088450856398616,-15.676787376403809
-14.285610883283098,0.5831869840621948
2.6210618799141923,45.233402252197266
-2.308732762121495,-0.49982261657714844
-83.9761260280997,0.3838486671447754
-1.03656181464744,-10.067479133605957
10.16232173056559,218.002685546875
-3.12013961477547,-0.483642578125
3.010752586641185,-4.037181854248047
-1.5178355576616795,36.49995422363281
-2.60072537807549,-41.43965148925781
-2.367312137177082,-23.50438690185547
6.075310726130807,30.726715087890625
2.24572304437811,34.13278579711914
0.2044267191685782,3.1203949451446533
3.85944773684647,33.10991287231445
-14.409506408843407,-9.93775749206543
-2.683955047842884,73.91162109375
-0.0075038478591599,0.2786668539047241
7.190050317883171,26.471969604492188
-2.1691769605730515,6.418813228607178
-7.910003358009165,-6.270740509033203
-69.1366966634013,1.3586180210113525
1.437241653553571,8.74677848815918
-20.7409218490905,1.717729091644287
3.78247800369874,-65.10186767578125
7.909526276907584,0.8792023658752441
6.097122298913325,0.2510780096054077
24.5800902168924,-110.9853515625
-9.979741434164584,-9.570843696594238
3.1327986373042376,30.710533142089844
-8.393586343504198,-16.97796630859375
8.678125432705007,-73.93881225585938
20.7428439693387,-2.6637840270996094
-1.511416195100045,1.8211157321929932
-23.3725501337939,4.427756309509277
4.69437535963172,1.273697853088379
8.24149319055937,-11.110490798950195
-0.2898522089969393,-4.935843467712402
-7.19378137939456,-3.953317165374756
1.0271109700113177,-4.8863606452941895
-14.564555056626377,-4.678037643432617
-9.657849716236,5.429109573364258
-0.7280966227290082,-16.30457878112793
-21.8962191024866,-0.5404543876647949
-40.2614734397264,-8.85364818572998
-1.77750068778882,-2.673569679260254
-28.3488859938485,-14.149881362915039
-8.184373188662292,-1.7008874416351318
-6.135426654744688,-12.740090370178223
-3.270422191581055,-3.8671650886535645
-6.055427015859325,-3.2654404640197754
-34.3143130117107,-2.230034351348877
-50.4820483838523,0.19051527976989746
-4.639593570653838,-0.5951242446899414
-21.0606958753072,-53.888336181640625
8.747205755218493,25.84020233154297
0.6884341878779402,-25.31332015991211
0.300408103033295,-2.0270402431488037
-17.2817979072755,-2.999002456665039
5.79128728304933,-13.643025398254395
3.7921116228684086,30.18213653564453
0.51700222845629,-3.2953414916992188
1.0966146270020711,-241.0166015625
-6.613686761665703,0.8946957588195801
-39.873530292237,-0.7706378698348999
-35.0272315856836,1.0036110877990723
0.2475632146873464,100.44609069824219
5.59963570142504,-26.295848846435547
5.29419053806362,-8.73383903503418
6.457932781589695,-36.707061767578125
6.4251548431743295,1.487971305847168
-19.7885249955934,-3.2677998542785645
-2.4097304318056905,-18.41344451904297
7.543407488617369,228.7894287109375
1.83593808226401,86.5262451171875
-1.5082203021212124,-14.910726547241211
5.99108205682079,-6.554821968078613
-18.1797235112709,284.4444580078125
-12.840088322870097,-2.2652361392974854
-2.23616712442702,67.7125244140625
-4.662511414401839,0.31079578399658203
3.41802282280863,-5.347031116485596
-12.0320822507053,-2.9779088497161865
-25.9801803981754,-4.094172477722168
-5.97419023328963,-7.396061897277832
15.4186986077963,8.608436584472656
4.480465220149085,-0.9419476985931396
-13.2363849677504,-7.198769569396973
-9.362863686069195,-7.094529151916504
4.128157012788561,22.856365203857422
2.26767773086615,0.3143812417984009
-24.1634597090208,-8.145767211914062
10.013204486477417,16.989492416381836
-31.934070451053,-1.868208885192871
-22.9515728231767,17.488910675048828
-11.219410776078313,-2.8680269718170166
6.00089213826483,1.0498316287994385
-28.9638748432599,-16.249195098876953
3.11049964318654,-27.315017700195312
-1.073248118887358,-25.81777000427246
-10.249148139079496,-3.047595739364624
-13.14009076535719,-16.588319778442383
0.7364260970712593,91.10029602050781
-44.9949251983702,-11.559737205505371
-5.159519294761907,0.8429727554321289
1.869241020829697,-3.700732707977295
-55.54568697318505,-2.01516056060791
0.3065104335081801,-7.225071907043457
-10.386374558578522,-4.140657424926758
-3.0345245902191325,1.9255046844482422
-57.144820014625296,-8.586755752563477
2.85060083445348,-4.949745178222656
2.446050707651698,-10.764481544494629
5.50221601830175,1.5514729022979736
3.455876052191651,-4.997397422790527
-14.6157572128631,2.306899070739746
-0.874105623616695,-12.667644500732422
-1.378759213278819,-11.917072296142578
1.350733135180331,-46.041954040527344
-1.94666134980912,2.9921793937683105
-3.36735139960915,-13.652997970581055
0.8319171014720902,0.19648075103759766
-40.2101205720394,-15.407716751098633
-24.577379709126298,0.5708922147750854
-18.6292132467089,-30.493690490722656
-46.39510994896701,-2.7612380981445312
-2.487076105276776,-4.047023296356201
-4.752960817423343,-3.623100757598877
-0.1160299782726794,-2.3253724575042725
-18.5277286275242,-5.486297607421875
-14.1325019191809,1.007968544960022
10.909208084253878,15.7642822265625
1.30779520720034,87.38932800292969
-5.77436797253085,-0.46677398681640625
3.986867952152618,57.006935119628906
-21.7936206120663,0.828658401966095
-2.643556292002,-2.3346967697143555
11.0853991753379,-3.866546154022217
-12.9397422629832,-14.840299606323242
-0.190891674386513,-31.25217056274414
-6.32558602127377,-2.5185012817382812
5.391699208755202,23.787063598632812
-8.998840630677615,-2.4220237731933594
-1.6005087696864486,1.2321300506591797
7.5482379424635875,-37.2613525390625
-7.642910278690365,-1.9445542097091675
3.719171936095444,-20.59765625
-0.8981307679622897,34.51513671875
7.06032809637297,-76.46096801757812
-3.134999611446543,-0.5860766172409058
-5.94174589421185,7.18675422668457
-17.7883076547542,-1.8739264011383057
-25.2381267145584,-22.541339874267578
-27.5445722402187,-3.8758385181427
2.6678241356197647,0.325092077255249
5.02066543392875,2.819547653198242
-1.67197513843126,1.2729072570800781
6.58117049992555,-24.678085327148438
3.12612254618191,4.231299877166748
-2.1147225087047508,-9.26524543762207
-76.9668504799361,-13.45740795135498
10.11870938841209,-17.81549835205078
4.755697845162629,78.1966552734375
16.5479703149859,67.31676483154297
4.001938538520379,-0.02201259136199951
-14.1813773041305,0.554692268371582
0.7709161631446207,5.120660781860352
-24.2508933717269,-5.630720138549805
-22.3071231538392,1.9323012828826904
7.2595381633228,-35.165550231933594
11.555346181601609,58.361610412597656
-26.258782255785,-0.5088009834289551
10.3189652047012,26.580228805541992
0.809697096857583,5.385975360870361
-18.5255095356289,0.39731156826019287
-1.0680791130593923,-26.191387176513672
-3.5390830989045075,0.5851786136627197
10.468583156479704,-63.78480529785156
-10.613183176373598,-3.939328670501709
-6.40442742836347,-57.049346923828125
7.196532980977684,-2.407944917678833
-10.586292641023492,13.831937789916992
-26.79502671025515,-4.138294696807861
-7.187555808667961,6.766440391540527
5.4465900456679694,-154.62518310546875
3.1988276731025875,1.2659647464752197
7.827394642815597,3.0491943359375
3.887422638441485,-10.928131103515625
-3.41466344580097,-54.297489166259766
2.667044757168528,4.07806396484375
1.0590749185315824,16.165691375732422
-3.9965921287470247,20.944021224975586
10.982614675109394,-98.54791259765625
0.4076170529080399,-1.9295144081115723
2.71319811317338,-4.374502182006836
8.652061852316729,-63.81403350830078
-0.6579761516790089,-3.626671314239502
-51.6773231694491,0.5458308458328247
-2.8325461302865187,37.42677307128906
2.12749125232924,0.8992369174957275
3.562549470771905,-110.84027099609375
-16.517773128145326,-3.512086868286133
6.874655354673765,-35.5482177734375
0.2047767843086013,-0.29990673065185547
-2.698758931910008,-43.32412338256836
1.8601156760560384,-2.034604549407959
-22.2455703021075,0.5173900127410889
2.4288820651169605,-75.59367370605469
-16.8307740899425,-44.074989318847656
20.7191486697607,-20.641921997070312
-30.7261055182573,-1.042224407196045
-38.4849400567448,-3.8770012855529785
-14.3103126367969,-3.0221786499023438
0.7860328468455551,13.216079711914062
-48.3858044800915,1.0939522981643677
-3.21662088766757,93.18310546875
1.675245639565673,4.180807113647461
-90.3299705619704,-1.0754938125610352
-9.28527551691871,-59.419044494628906
-1.2293411329062325,-5.522162437438965
-4.534682244798708,0.920710563659668
-68.1959205924323,0.6716736555099487
-24.5242345195019,-1.8679704666137695
-2.77042962989298,-5.183594703674316
3.8009101564042025,18.90869140625
8.933703319425492,-31.7432861328125
-11.341527235964405,-2.4970970153808594
6.71098989067457,114.26760864257812
4.54734483862441,25.077526092529297
-5.16341129781556,6.030398368835449
-49.062306315025,-4.2291998863220215
5.26551760771767,-18.293149948120117
3.33951124606136,111.791259765625
5.006519903780723,-5.303893089294434
4.05485944970297,-10.06779670715332
2.283405953189745,-36.50507354736328
-2.66483863280114,6.863454818725586
12.566471603210276,-34.077308654785156
-27.9020155354992,13.811846733093262
8.88265541550952,53.95555114746094
0.1652887870268324,4.877979278564453
15.4985727759109,-133.50750732421875
9.014890317831036,-5.5675811767578125
1.4803529144374856,-3.8694419860839844
18.1939100849816,-11.7623291015625
-2.6304973605131474,12.881389617919922
-5.493763326806099,-3.193904399871826
-0.6715208179901364,5.183935642242432
-36.7383193130824,-0.9906713962554932
5.062784719364307,-4.810780048370361
-12.026803679110706,0.4545583724975586
-3.01321716593974,51.37348175048828
8.35813394800668,6.260223388671875
-3.60075442831331,98.158935546875
-9.509135784465323,31.1756591796875
-19.6175855102284,-15.865117073059082
-27.8629509568953,0.12997055053710938
1.74273211890989,-10.448719024658203
-2.19578977406709,-15.013594627380371
2.42002639701588,-1.9205710887908936
-25.55316918036869,-1.4502153396606445
5.635020609606415,-5.831613540649414
-34.727836669101,0.14174258708953857
4.4516036428765,4.040946960449219
4.967381413305823,-7.740699768066406
-6.81516141534704,-8.489961624145508
-24.3954295810688,0.5063743591308594
8.658679095048068,-18.76648712158203
3.7347243087796,-7.9578938484191895
-12.909633143366396,-9.34245777130127
-60.49569009623433,-3.378012180328369
-3.790702882666694,-3.7776360511779785
-12.41068356063,-2.088870048522949
2.76740193393285,-45.18060302734375
-18.9061714872788,-256.720947265625
-3.681083449701528,18.307231903076172
8.13893448615947,-38.03724670410156
-51.402683514636095,12.974924087524414
-3.0703466753296,-415.1368408203125
0.4646043967887734,5.558834075927734
5.989492839405608,-0.21385884284973145
8.833837192566008,-34.74107360839844
-26.1965705632023,0.2823772430419922
0.0804428699766095,-1.0380630493164062
10.229168329440906,-3.573692798614502
2.12042655289975,-9.854620933532715
3.88810032819938,-2.7250137329101562
-31.515616413872173,-0.8477895259857178
2.28163515100639,0.3532649278640747
-9.633163292669298,0.17310762405395508
2.63206586722876,9.484490394592285
0.3189015990893598,15.468076705932617
-6.31868596379813,0.16176652908325195
-6.4648984000359935,0.9149580001831055
8.91646092056966,-9.227832794189453
-42.637521131086125,-0.20479893684387207
-89.5439156156453,-1.0276150703430176
9.179556151687803,15.400848388671875
8.754663680824095,-19.48471450805664
0.8838679103249854,-21.280193328857422
4.338369925074482,-9.366430282592773
-18.23432595343749,1.1464433670043945
6.92534745147092,-11.715580940246582
-1.768261666543676,7.658683776855469
-7.87226820943855,5.494726657867432
-12.0847368637308,31.38463020324707
-4.4222229386498375,-23.253517150878906
6.63109301847755,-3.376938819885254
1.675381804264854,25.38177490234375
-6.897600670415837,-1.8465266227722168
-12.2774867069717,-2.786104440689087
-3.963646539183849,-54.7288818359375
-2.552277046947741,14.927547454833984
-10.78700495517378,34.96952819824219
-6.426376983867103,-3.3215551376342773
8.2142562177934,-4.250123500823975
-16.967828162594074,9.596441268920898
6.07843040491799,-1.1535606384277344
3.08443697315444,-5.443584442138672
-1.3811964732242277,-2.743898868560791
-4.51305804704249,-2.9904627799987793
-9.93375477053989,-9.458742141723633
-0.6581754288220045,2.219980239868164
-7.952166005584182,0.048845529556274414
-13.563015982384195,-15.09774398803711
-47.9957157156951,2.6140058040618896
4.96190002222477,7.919544219970703
-2.0240269290899,-5.525559902191162
3.47166270740147,-22.689456939697266
-5.2815921348029296,8.262491226196289
2.369358494612781,98.01913452148438
-4.214346026907057,3.5135321617126465
-23.8934551543691,-1.6199121475219727
-1.0659561461183158,0.4087146520614624
3.126169348435272,-1.9527466297149658
2.35164464781062,33.13079833984375
-1.79502295092813,-6.03741979598999
-15.957982665262508,0.07969117164611816
-64.65676531723692,-32.12715148925781
-27.8195558011628,1.5312902927398682
-10.480511156242285,-20.103174209594727
-6.18357684414468,-19.401229858398438
-6.75960002722117,-1.5449397563934326
4.4105627388370605,-6.554750442504883
5.58846482112586,6.535648345947266
-16.8483709423333,-2.874768018722534
16.1850033157246,41.19627380371094
-3.34531377329845,-8.19323444366455
5.893700156574014,-16.375747680664062
2.745769909533195,-173.14013671875
2.53362859007723,5.222103118896484
1.0880788430276551,65.54241943359375
