Score,Pred Score
-13.812973987503693,73.62496948242188
-14.6311710829416,-3.9746978282928467
-15.020937907067507,-15.457551956176758
5.61896917638109,38.75102233886719
0.1461877509898399,-0.037659645080566406
3.59745169898486,15.342777252197266
-6.72144892291601,38.565521240234375
4.304204520484877,-7.225374221801758
3.37898618824583,-5.479584693908691
3.939818822274421,-7.595466613769531
13.9953943577381,-0.6055030822753906
-5.39913759737588,17.79192352294922
-2.204579993178592,34.413028717041016
8.829561804598438,7.7627105712890625
6.01696699102072,-21.395484924316406
-6.376202369524528,-1.8677489757537842
-6.50906463316165,-1.6171234846115112
-60.92137282626391,-2.044416904449463
1.99934019108803,-2.8517656326293945
2.188685633501576,12.779960632324219
4.07090957771029,-7.130615711212158
0.5211206139658471,12.38216781616211
12.5580583918003,1.7319469451904297
3.320229681965675,-8.592781066894531
-0.4381862293696001,-2.1481049060821533
0.1752112379752922,0.8254413604736328
4.123908949931413,-19.45193099975586
-14.2382866820043,38.836326599121094
12.966325580978296,11.08740234375
7.692941411907634,0.33437395095825195
-62.9031214125763,0.32888543605804443
-5.800670766453999,-9.040374755859375
-11.705366535732304,-8.291730880737305
-4.786538605318405,-5.759598731994629
-82.4887013651952,-3.9061872959136963
-8.251107402184557,-2.788604736328125
1.61677665352485,-12.882411003112793
-11.916211326129387,-4.04719352722168
-45.634880019414,-15.602432250976562
-0.568998602339841,6.665650367736816
-12.147399114840605,-22.643020629882812
-27.4476544011683,-14.141193389892578
-2.306526469902426,-3.9371140003204346
-0.4835459876036119,2.9411754608154297
-8.39479061793487,-14.33929443359375
-46.862925671502296,-11.739495277404785
0.3837795244341289,24.629928588867188
7.184930267876617,36.12950897216797
2.8348518495029404,-3.763317108154297
-9.859535687586003,-4.697509765625
-6.00025755794808,-0.05402541160583496
-4.764629840066975,-1.4447590112686157
-2.377061578670744,-7.106239318847656
-2.0585753436264698,-11.133273124694824
1.1848602197973823,-8.962886810302734
4.97603191479674,-15.952876091003418
4.27399441028646,-2.5597856044769287
-46.2372447228831,-10.416242599487305
-31.4759298257721,-1.665953516960144
-50.1674018945849,-3.4186720848083496
0.9601515747159592,4.74892520904541
-11.864177458483407,-9.103116035461426
-0.538262620928304,106.22467041015625
-0.6920482116816997,-20.212419509887695
-1.5184696160120892,-8.467381477355957
-3.0836644409391925,-0.3778352737426758
11.316750179392892,18.429916381835938
-11.183106529127476,-5.125707149505615
3.59102041590596,-8.139681816101074
4.55602013063716,-3.0628774166107178
11.579228393987275,23.676841735839844
2.3067635611900137,-0.004409074783325195
10.480393919522983,-8.880416870117188
-2.698100773809443,-0.3961644172668457
3.776985072333982,-6.240328311920166
-11.773766374328297,-7.39674186706543
8.681027307740193,11.404081344604492
-1.1091988250418725,-7.635454177856445
4.484288991501213,-8.100135803222656
0.0548896546292299,0.12812423706054688
0.1118559290339978,-15.460736274719238
3.9797293996962297,-12.6007080078125
-22.42608065327665,-0.37469685077667236
7.37064384347005,-8.263830184936523
-0.2642143205483515,-11.707799911499023
5.344594984386832,-10.075674057006836
-1.2497809936708242,-3.8549301624298096
13.71198107208239,-119.50726318359375
0.5045482395984724,-0.8320261240005493
2.86709961553106,-5.7714948654174805
0.4423212163888063,-6.335206508636475
-3.724573545179619,22.980789184570312
0.2570808252882703,-2.0667061805725098
-70.65073406723695,0.04950892925262451
-33.9587360563784,-0.6343667507171631
9.2088386022025,3.5456295013427734
1.3318185914773402,-39.1812744140625
-9.176001953270983,-5.873053550720215
-10.497767159210698,-4.697430610656738
-0.4402086584014632,-0.0618213415145874
2.1560784090827942,0.00342559814453125
-27.1636490162131,-6.914498329162598
-0.670930828719279,-8.973138809204102
-22.794043146736,-0.13689064979553223
0.8105828534072201,-6.119474411010742
1.2287673509824204,-6.316657066345215
-0.6435038581465955,19.70374870300293
8.474782023793379,5.800355911254883
-9.601847091024196,-2.1411356925964355
-1.6610011043127195,-7.249907970428467
-0.1091636509260827,-3.8261561393737793
7.570838092245207,-4.47899866104126
-7.211196994815285,-3.806844711303711
9.090654061652296,-3.6503779888153076
-26.6651088566214,-4.039376258850098
-17.309192174305,-17.105735778808594
4.14054171285972,-3.805647373199463
4.097668935846943,27.683029174804688
-0.29408409265346,-6.551753997802734
-35.8165916579592,-2.983232259750366
10.898098675545494,-7.047747611999512
-1.6552655274048038,3.255563735961914
1.6729502580778592,-5.080793857574463
-6.42491227706334,-0.3707529306411743
-15.4752611754195,-0.3228442668914795
-0.6907348474047925,-9.390983581542969
-21.3629045873375,-7.613541603088379
4.219145585451182,-1.2380340099334717
-3.019531285218114,-1.049040675163269
4.25311060075082,-4.102969169616699
-15.0412339008878,-10.833930969238281
-8.237627320974727,-4.241156578063965
-1.0683487237199796,-1.6932066679000854
-1.7174251595272625,-0.2712681293487549
4.069163600073605,-10.045527458190918
-10.162041561092582,-9.440746307373047
-5.97248436581227,-13.80044174194336
6.120538767403939,-9.725004196166992
-0.8028238008287005,-10.077404975891113
-23.6042929930625,0.11295199394226074
-0.1777753404752198,312.2001037597656
-5.785469568057495,-3.17169189453125
-0.0556983764780604,-4.916472911834717
-25.4508968849616,11.471160888671875
-5.3185412482723295,-5.306602478027344
9.1356503291117,-34.417999267578125
4.020569536845237,23.459129333496094
-58.5527340809363,-4.422942161560059
-6.291328737399075,-9.834152221679688
4.187869588752649,-22.536664962768555
8.922207576391518,-3.896799087524414
22.7414116448382,2.949291229248047
-44.6057608529879,-5.389402866363525
-26.5129077898497,-22.92441177368164
-2.13735826282737,104.39114379882812
-1.14890133483728,20.17975616455078
-15.2234416939723,14.207965850830078
0.369316059642221,-0.33408093452453613
-0.6884117876070912,-10.262737274169922
-5.8772631055401,-1.0143678188323975
3.6053774296538297,-10.87519645690918
5.07108724357905,-4.314617156982422
1.292753014965791,-14.756813049316406
8.440986836263871,-1.2750871181488037
-3.43040335892423,-0.99335777759552
0.7651079053562314,0.5076985359191895
-37.13962469223695,-23.23879623413086
-5.822632503482525,-7.8747711181640625
-6.879472048396067,-11.031539916992188
2.11024229353816,-18.040124893188477
-7.1526743450051855,-4.823206901550293
-1.122073026503361,2.089670181274414
0.3302260274555297,-13.792737007141113
-1.178255647098801,-2.968034029006958
-2.99361591491145,-13.814598083496094
-18.1070051290659,-4.276688575744629
-3.0332808194811403,12.18667221069336
2.6303171850506604,-0.14453089237213135
-9.72499716390718,-2.2656116485595703
0.2729453578388601,-0.6092410087585449
-21.4503408223732,-0.03003406524658203
-4.99755531471552,158.25668334960938
-18.0018409950579,-21.4883975982666
4.00031385473591,-4.130660533905029
12.0378145652987,34.63878631591797
14.1235470599023,-20.161399841308594
6.55729051148795,10.327302932739258
11.19992297656359,19.763347625732422
-7.81388191369781,-10.131348609924316
-2.924593214648255,0.15448439121246338
3.7667366885646025,-9.297407150268555
-6.68253431604433,-6.863315582275391
0.7345204104922589,-5.0197906494140625
-10.626155896203898,3.4837560653686523
8.106852576346123,-16.15667724609375
-58.24412469223692,-23.803062438964844
1.4955767028094,-1.9703102111816406
-17.6906096863185,-11.06948471069336
-4.813871520282443,17.886497497558594
-11.8973420493851,-2.073244571685791
-2.67676896274171,7.324859619140625
-3.9331393974605526,-4.217861175537109
8.756217929094177,-22.976715087890625
-29.2662792150344,-12.015262603759766
1.7249239205326918,-0.05193471908569336
-6.686975812883663,-3.697756767272949
11.10272802991041,0.17834854125976562
-10.956818171714705,-6.729616165161133
-6.3500959185649,-7.818194389343262
0.6681105368389735,-24.9448299407959
-12.500029270357295,-2.2139973640441895
-2.591242863373206,-17.92178726196289
5.954690473588823,-3.906217575073242
-43.929359067237,-15.520793914794922
-17.4841411730512,-5.821689605712891
3.61441892535489,-4.254691123962402
2.1112971208509976,-10.441523551940918
-41.8026500314277,-5.03131103515625
7.028135642932115,25.655044555664062
8.463248256721428,-6.417170524597168
-13.037072413777096,-4.506587982177734
-1.6307504375632549,-5.881774425506592
-0.3284521577656807,-6.222278118133545
0.4685622181175212,-5.1180925369262695
-5.316952415477393,-10.410923957824707
4.584421564331302,-8.850041389465332
-20.3593816575191,-1.7052967548370361
3.67041582610247,-7.538738250732422
2.204062447972561,-5.166984558105469
-4.666937653128132,-0.9422034025192261
-12.3781694316975,-9.849705696105957
7.06923762363823,-5.435672760009766
-37.2883298194418,0.13720059394836426
6.442434166934048,-22.529296875
-12.2162083245621,-7.574922561645508
-20.3623076046531,2.5887279510498047
-5.45440876641342,-6.462985992431641
3.1416241584890576,-26.71054458618164
-4.96580172718434,0.11879658699035645
-37.4061766871973,-11.416932106018066
6.46185690649625,0.2765014171600342
0.5403453062071405,11.979682922363281
8.656689402528613,26.187408447265625
12.331931266595111,-8.100860595703125
2.75380173901167,-6.125844955444336
-2.8447496930443927,17.56544303894043
0.0285872237409883,-4.000856876373291
-73.5286754265322,-3.2612712383270264
7.285509446842615,-4.148057460784912
6.72046542688671,-11.845710754394531
-6.19730890695259,-80.802978515625
-16.4599719883519,-5.400198936462402
-10.288292260688207,-7.499373435974121
-10.285920522724917,0.1236487627029419
-30.8171784242839,8.550515174865723
-4.65691689928222,-2.5572731494903564
-37.1716279374795,0.00024080276489257812
-36.50577458359941,3.7767391204833984
0.7942566624333496,-2.311856746673584
-34.8552692363716,-2.4805867671966553
-2.491707941339629,-5.125321865081787
1.7387039934851498,22.82027816772461
18.9715733525152,37.80874252319336
-13.8996269060666,57.2567138671875
4.17561229224804,-3.066671371459961
4.7680640763497,-4.4818806648254395
-6.745372906074374,-1.816230058670044
7.262818938793504,-1.6404030323028564
-55.7541546140486,-12.045482635498047
8.453421074249384,-12.300983428955078
-5.85807143580148,-13.140939712524414
-52.7336020518746,-9.251070976257324
-1.995826789875676,-5.9191436767578125
-1.3326443092463092,-9.75389289855957
5.029017096161708,15.44317626953125
-0.71117494174041,-4.1853179931640625
8.243548509216069,90.54368591308594
5.81602235619721,-18.78140640258789
5.978124919049687,0.3242957592010498
-2.8859593337581737,-10.196380615234375
-26.0047332498617,-12.708853721618652
-1.5220929784942658,-25.162338256835938
-3.195242757261453,31.18445587158203
-15.0089303719363,-3.69943904876709
-1.757118944268968,-19.335552215576172
-13.5091075877696,-2.126150369644165
-4.0681667574955,-5.0703935623168945
4.43276114617859,-5.931303977966309
-4.665207913971671,-7.312365531921387
7.33919324558513,-3.9248838424682617
-11.69780882660921,-4.406309604644775
5.960801203295765,-23.56334686279297
-29.9162730471743,-4.059943199157715
-5.331847529263395,-2.173043966293335
4.2006804390709,120.15869140625
4.76541245752904,11.146255493164062
5.87221574658101,-18.068252563476562
-12.955988512618,-5.593857288360596
-14.4061745570978,-21.502899169921875
13.644333664082708,21.317962646484375
7.522446474796843,-6.538812160491943
2.858782897786812,-0.5302282571792603
-49.8653288018085,0.2997918128967285
-4.029904705212941,5.360073089599609
-6.2026319104393295,-8.89631462097168
4.452168509343501,-17.499847412109375
-16.475900892606802,-18.86537742614746
-11.03094492075089,-3.7726094722747803
-8.08045020128908,-7.876607418060303
1.39259946716825,3.55197811126709
-14.885807229381896,6.36168098449707
-11.113180908425988,-7.014342784881592
5.506094216928792,3.21146559715271
5.29091659278858,-1.9655680656433105
3.42106467876526,-0.31517457962036133
5.162821279449693,-11.370080947875977
6.020551076354931,-7.632280349731445
0.8086942897832163,-11.752938270568848
-8.80546181278599,-21.32339096069336
-7.42349600405968,0.04536330699920654
-14.4731176558811,-71.5267333984375
-35.5448186771701,-5.030468940734863
-1.657597602265355,-3.2016522884368896
-1.930224441335125,-26.200790405273438
-10.398648228661925,-7.763744354248047
-1.6521884315998507,-1.2971758842468262
1.3131129859732091,-4.380954742431641
-0.1240821746904601,-3.701106071472168
-35.1709788883515,-0.15962839126586914
0.6771989561182002,-5.138786792755127
-5.8677981963370005,-9.133017539978027
0.7982616963508231,-3.427511692047119
2.595279020812243,-13.359017372131348
6.9472187772133225,-7.480388641357422
-41.1395198834054,-4.371885776519775
-35.4604736838065,0.037074923515319824
7.87379173269718,-3.514191150665283
-8.72128086410909,0.35121893882751465
-82.13826531723697,-13.229873657226562
-9.70693692529289,-19.961374282836914
-61.4386715672369,-15.4208345413208
7.10938257895085,-10.09666919708252
0.4007388327427847,-6.605548858642578
-0.7455370396145937,-7.516737461090088
1.674966057420845,-3.495159864425659
11.877856996640997,-3.090420722961426
-0.9096556467231308,-100.17596435546875
-1.4680391508473674,-5.549554824829102
15.6414782015599,-2.4951462745666504
-10.35739215730591,-10.154306411743164
1.926107182225645,-6.1226959228515625
6.99756701325662,25.5123291015625
3.54836143321337,-3.831979274749756
-7.726553411266567,-0.13696670532226562
-48.51478094223695,-0.028768301010131836
-3.0453156276270903,-1.5698281526565552
-3.454798154796729,0.6170101165771484
9.503977484174175,9.218673706054688
6.001532732018722,21.018226623535156
1.775572054007981,-2.3073196411132812
-2.6871577689602653,-2.90618896484375
-7.920344649869953,-8.955488204956055
2.578081311550471,-6.075439929962158
-14.434457477598505,-7.296806335449219
-1.338045882914232,-5.740538597106934
-44.1817825469333,-19.39899444580078
2.4314234692194163,-4.597782135009766
-2.35314836228574,-25.115089416503906
-2.07036107592124,-7.110212326049805
-6.560167066336443,-2.9176430702209473
-2.54688332955635,-3.94120192527771
-7.940842049461227,-0.09496760368347168
-7.789052707582185,-52.87916564941406
-1.4295761119406232,-0.3226437568664551
7.206977941743588,-5.370344161987305
-4.081394009803599,-7.692756652832031
-30.167243616457,-2.5484886169433594
11.7225687296843,-81.7041015625
-0.8984319813221007,-3.9713544845581055
10.349523074958825,2.8628108501434326
5.42147270471237,4.7201385498046875
-0.3136273830120112,5.301856994628906
4.398848813602776,-1.6831889152526855
2.099307195887115,-7.643765449523926
-61.6890402284636,-1.693602204322815
-7.08434802004719,-12.271203994750977
0.6962467393230812,-24.4918270111084
9.0758909366509,-16.133441925048828
-1.9263965715605047,-7.404345512390137
-6.262949496708321,-5.2517852783203125
-4.739766082030863,-13.20883560180664
-36.8822022827233,-5.624177932739258
3.24770439300306,-7.899145603179932
-2.289513933263135,-2.6960558891296387
1.41805545618482,-5.191963195800781
-24.4432878855492,-5.078211784362793
-24.96156751119129,-2.2002766132354736
-7.734574598544068,-2.152369737625122
2.79124989437018,-6.386545181274414
-5.17831154550348,-11.026693344116211
1.5275640312561216,-13.993509292602539
3.682989905065457,-0.9993038177490234
-10.8237586662752,0.22207140922546387
-6.929951553081727,-8.391294479370117
-27.96215708599589,-5.521456718444824
-2.88087637063392,-5.482108116149902
-5.960419628776203,-8.944429397583008
-37.189874708633695,-4.387946605682373
1.1496085756031087,-5.090484619140625
-12.7137936794919,-20.815332412719727
8.398744223780918,-8.853784561157227
-33.3004252633332,0.2904839515686035
9.144089281431205,-4.578838348388672
4.065326821312747,-6.64332389831543
-41.9047429025821,0.0023118257522583008
7.383552345763623,3.3666677474975586
6.364261125349779,-10.686624526977539
4.841793570156368,-9.985017776489258
1.6198341998494314,-1.017965316772461
4.179707781567577,12.223934173583984
-14.7229944429405,89.0517578125
7.078924552126015,-13.800414085388184
-12.898019313824,-9.214658737182617
-70.8116033690518,-18.8365478515625
12.7359625054994,4.176219940185547
5.586124430090477,15.15380859375
3.028467183462371,-14.630327224731445
-5.830142578087577,-0.1274784803390503
-22.6841489367301,-17.278587341308594
-1.51657819068512,1.1544790267944336
-81.52648016021857,-1.1906206607818604
-3.36903782007548,-9.955288887023926
-18.707844022,-2.4114863872528076
-34.48768519828235,-11.710611343383789
-39.7169735486916,-8.299566268920898
-1.593720937577549,0.3398808240890503
-23.2954444871652,-4.89790678024292
-45.30258920076982,-0.2874366044998169
12.5056328567953,-11.109610557556152
-11.9299972333177,57.93829345703125
-37.9495035857927,16.175403594970703
0.7001962140772594,-6.024693012237549
4.49418879319923,-5.274744987487793
-39.0646563811545,-10.305098533630371
-9.09730633851708,-2.5938141345977783
-17.5589533745204,-0.0938875675201416
-4.92782811871599,9.558784484863281
-8.2299173561342,-8.55401611328125
2.60625970962018,-28.769521713256836
2.726862934921635,1.3509521484375
4.071661498679735,0.136061429977417
-13.2494383747796,-3.1425654888153076
-11.9154244975033,19.622848510742188
0.9090871567987184,-4.071361541748047
7.92708077877978,-29.94317626953125
-3.119647295186995,-9.940727233886719
-2.248378586620203,-0.2134765386581421
1.6646916021852596,-11.7020902633667
0.1590569364430157,-2.6989574432373047
-77.3623903172369,0.022085189819335938
15.8859560938761,-60.8028564453125
-3.11888044241469,-3.001401901245117
-2.7468186065138984,1.0857656002044678
2.77922195660905,-4.203157424926758
4.052279150357491,-13.012993812561035
-4.03806373695381,-4.3553242683410645
-2.4461467814868523,2.945033073425293
-0.1639564470097907,-8.949968338012695
0.8542168432631491,-7.438350677490234
5.84905996845087,-3.967576026916504
-5.77665564868809,12.56939697265625
-3.7008288999313423,8.197393417358398
-7.18713065449027,-5.824558258056641
-0.9529303605806088,-16.115978240966797
-15.902118442879,-11.476405143737793
-28.0636361890057,-4.101367950439453
-26.912205886836706,-9.190264701843262
8.596988309863011,-7.2071990966796875
0.2877587512502297,-3.7960047721862793
3.3899996482015826,-3.73037052154541
-20.5869014386951,-6.1988420486450195
-9.341800010912078,-1.7017340660095215
0.1692077246922899,2.807210922241211
-1.857666460494741,-6.463138580322266
-13.2752747780792,0.24903512001037598
0.7445982178878973,-2.3298377990722656
4.49646859469848,-1.6201303005218506
3.60913262992784,-6.986503601074219
-5.653435188749545,-16.233680725097656
1.51502173443586,7.707210540771484
8.143116180793372,-3.7404515743255615
-8.36164856265281,-2.8867530822753906
-1.130678948105339,-3.6968116760253906
-4.349210006555943,-0.9902877807617188
0.2594141505344826,-6.7183427810668945
-32.1283374054069,-1.3092317581176758
-1.9051378030600723,6.722511291503906
4.768047800449637,0.09805047512054443
2.264898495983479,-2.5949289798736572
-6.47138721063866,14.588516235351562
4.93167956005568,-3.1084160804748535
2.4851768276660025,-6.280445575714111
-3.930469946192945,-5.43702507019043
11.923948375295712,5.302787780761719
11.616605850275496,11.852031707763672
10.41580460128629,-3.185492992401123
-8.700462669667385,-5.8042707443237305
13.1991243046288,-3.6870603561401367
-4.75101729862813,-4.465082168579102
-1.4230966237807086,-2.7671780586242676
-2.07861348348741,-6.537357330322266
10.292368565007404,-25.85986328125
1.9007667723773176,-8.795047760009766
17.1612744381531,24.16150665283203
-0.1428452494230792,-8.774341583251953
2.4933992323843923,-3.9775915145874023
-13.861300672159,-0.35066843032836914
-1.7943154401891548,0.3844718933105469
-4.15624175439773,-5.415755748748779
-14.277645616907492,-14.066459655761719
2.713132201978397,-0.4690207242965698
-13.315456279797685,-3.595207929611206
-5.36204355968609,-4.683781623840332
-1.4872271509121793,-9.749805450439453
0.31232235517322,-14.602569580078125
3.0307168501552093,-5.151602745056152
3.4484762474106,-5.120620250701904
-34.0729170807354,-7.409638404846191
-25.0659802428987,-9.821369171142578
0.86771933446589,-7.381036281585693
-11.996919710325,-3.007951021194458
17.2594267615487,-16.55821990966797
-56.2560888739038,-16.806869506835938
-12.7386491421071,-2.9394538402557373
-3.520787796436005,-3.6568753719329834
-0.8014467498558491,-3.545154333114624
-34.7812340468876,-2.2017199993133545
7.158235365631607,-9.829083442687988
3.29681579894721,1.7670164108276367
0.046018285265003,-9.342207908630371
2.046344769010002,0.09619879722595215
4.25403099118957,-2.979551315307617
3.7804230286959792,-16.695152282714844
-3.773219093074008,-0.02431666851043701
-9.722403045722997,-1.671339988708496
2.81101468536903,-4.932394027709961
-23.7494411406013,-4.499156951904297
-75.56229656723696,-16.722618103027344
4.366245372711767,-14.756080627441406
9.94612085382829,42.71455383300781
-8.207132148775708,-17.1571102142334
-3.09775596823669,8.026559829711914
3.77256113899207,-7.181181907653809
0.2016574678685985,-5.960704326629639
4.38808277416547,-1.3057489395141602
3.7092867134231,-11.796221733093262
1.6740112862957208,19.545703887939453
-5.472376660417956,-3.8463993072509766
12.283123760680592,19.95401954650879
4.417989059347175,-9.923528671264648
1.907333647224608,-4.813068866729736
-3.73521146317182,-15.929910659790039
7.837521570550837,4.173042297363281
4.82455755953161,-15.346944808959961
-0.6472060937938101,-6.5019683837890625
-8.237956686764985,0.03171217441558838
7.36579899286375,-9.317998886108398
7.859716520666763,-5.326021194458008
2.765011277030255,-5.4232177734375
4.62415639298937,37.692726135253906
6.430237727930085,-11.421882629394531
2.44728958086436,-12.678460121154785
-1.93656353174353,10.209983825683594
-33.7845903951132,-8.062155723571777
10.960301672714698,-12.570171356201172
6.147225205740463,-1.0126988887786865
2.4659746492236927,10.624259948730469
18.2642273209106,-3.978437900543213
7.656482330373112,-22.50421905517578
-63.2346715672369,-0.07767653465270996
-22.9610154952969,-0.6464054584503174
4.39789099231211,-2.6358871459960938
-46.587141393021525,-7.802691459655762
-12.281506448986304,4.045539855957031
5.220668557811489,7.274778366088867
-1.4412632820262703,-6.909748554229736
-35.163016426576704,-2.6419761180877686
-31.380009974583203,-0.5824376344680786
-40.7258600860177,-9.046926498413086
-35.3994683825842,-0.563806414604187
-10.968565079401992,-2.2469286918640137
15.384553292915324,-5.593827247619629
-0.4271227388875901,-13.461013793945312
-7.69948364751984,-6.480201721191406
-26.6822467124322,-5.859204292297363
-0.2823200449385875,-1.5485565662384033
-3.8453528225106623,-2.8880467414855957
-2.4599041427842496,5.512884140014648
-12.7315114055493,2.7761354446411133
1.418014053180695,-2.540593147277832
-3.4922781726655696,-2.334437131881714
9.58062385928767,15.124412536621094
-17.5801214502402,-4.088774681091309
-49.5120706514507,-10.877276420593262
-0.4503474699443348,30.91149139404297
2.332279780348585,-2.1929574012756348
-42.2483635713802,-3.955805540084839
-5.00028834575103,-2.227097511291504
-5.14141487663266,-0.4782378673553467
-19.923371510770203,-2.164144515991211
4.28301459624688,-7.42306661605835
0.3224388648416145,-0.05178999900817871
6.795393661635613,0.8079032897949219
6.720388221210122,-138.613525390625
-20.7558388881914,-2.600351095199585
-12.5922662394529,-4.072128772735596
-5.19085420781142,-3.78116512298584
-27.3858072066324,-0.7394958734512329
6.488490212037078,-5.179134368896484
-12.5233171201947,-4.0886054039001465
0.996650643215182,-0.4807546138763428
3.27144637329635,-7.034200668334961
1.203208947199059,-13.124351501464844
4.5031585012656095,-7.048394203186035
-46.6686841099013,-0.38440918922424316
3.600655729290548,-0.14195215702056885
-2.7077151362496297,-2.7041373252868652
-42.936846127142296,-0.09316611289978027
2.679404112105611,11.071636199951172
-23.975827854410426,-10.756987571716309
-24.4869919201538,-7.437544822692871
-6.22433036882608,-1.9419307708740234
-24.992167376126925,-4.4748334884643555
-9.742168339465294,-2.6019198894500732
0.1235817830644999,-1.2124853134155273
-11.607028837624,-2.1627540588378906
5.321680837772678,9.302999496459961
3.3452637215970498,-7.491106986999512
13.015759276594096,40.75067138671875
-6.13466459150186,-2.591305732727051
3.0897024917955025,-8.231161117553711
3.557691046156,-38.36800765991211
2.0008593011464906,-9.593161582946777
-1.2671721747064446,-7.062090873718262
-2.989164004622407,-4.450864315032959
-2.43808381047612,-0.4748952388763428
-11.30813578108209,-44.385780334472656
-9.619042312244815,-4.4213666915893555
-4.01456885639382,-2.108069896697998
-4.853312003098937,-0.04001200199127197
2.78743688363977,-15.400089263916016
3.6035536346157695,-7.5601630210876465
6.09033976794457,37.759403228759766
-5.89266438028177,-6.386719703674316
4.780848076735348,-2.842789649963379
-20.7592210135025,-13.798157691955566
-3.637071869773312,-3.86932635307312
-4.396710286499547,-5.582976341247559
9.04709717330502,-10.750809669494629
1.69213972357191,4.261497497558594
-27.068723822751306,-2.6561620235443115
0.2886204877907422,-9.95130729675293
-0.592182005541919,-4.578936576843262
-4.736229867816737,119.86053466796875
7.877641553655238,9.383567810058594
-2.588665914009158,-4.067139625549316
4.72846919446815,-5.167393207550049
3.42669038506664,-5.926163673400879
-10.274169876330886,-2.461455821990967
-1.289264920121349,-0.4774841070175171
-6.9648772325347394,-6.049043655395508
-1.2236747050651609,5.140460968017578
-12.208208404490907,-3.971431255340576
4.40921359309415,-21.88094139099121
16.4171583068458,12.62076187133789
-15.991582533821994,-0.7114791870117188
7.809600001042748,-4.331135272979736
-3.0331069492891496,216.58535766601562
2.603164662477901,-11.721506118774414
-24.2572199033326,-5.077479362487793
13.667582002208905,-25.213714599609375
8.19307228691883,-6.245265483856201
0.4664503305112299,-5.832001209259033
-6.46133524603972,-0.7634165287017822
-19.7520332208299,-5.241110801696777
-7.75971004909346,-9.268380165100098
7.66334596528203,-3.168795108795166
-27.64770126959135,-4.188915729522705
2.125547882163602,-2.578357458114624
-1.8239337240231768,-9.40058708190918
3.3696784995100426,-25.791858673095703
5.265272900492549,-9.447996139526367
6.753311816554961,-25.247188568115234
0.9434331950199416,-1.9139620065689087
2.13745295521649,-8.346410751342773
2.76912169862866,127.67315673828125
2.409764321136161,9.553661346435547
3.7606671418030695,-4.580658912658691
0.555665600488549,-22.96046257019043
-89.04756219223692,-1.4953402280807495
6.987950206462267,-3.780582904815674
-10.09410467002709,-1.8266329765319824
8.16191414696451,-16.682334899902344
-10.731303688850904,-4.785157680511475
7.588764503474316,0.5927257537841797
-5.25293160621848,0.7419511079788208
2.3065604778561424,40.493255615234375
-3.8022266666193874,0.46445298194885254
3.22816419080692,-14.975626945495605
1.1941842843275,7.0946044921875
9.772192422094813,-3.9512720108032227
-2.489313079893845,-80.93821716308594
-13.547300817594484,-15.848392486572266
-1.5403494549472296,-15.478057861328125
-5.139364658294922,-18.85198402404785
-1.32131943338233,-0.9314088821411133
-0.5284321769112605,4.92603874206543
0.1119561526876595,-5.377928733825684
14.8508222506114,40.78251647949219
-0.0918051514147744,0.4026477336883545
-1.7237618714553775,-0.535832405090332
-1.5699354762224491,-5.928045749664307
1.5718362711845366,-7.736322402954102
3.58036180553514,-2.6327719688415527
7.45084701577923,-3.6253867149353027
-7.378812419643663,-112.24003601074219
-33.1832620874725,-5.40230131149292
-6.066411004621831,4.5596771240234375
-16.4910721624856,-1.5543694496154785
0.8267526169764301,-3.466704845428467
-9.762453719841735,0.6036558151245117
8.07102955700163,30.52111053466797
1.741670982094262,-3.599670886993408
-0.0053525606393112,-0.13595199584960938
-51.4043293278057,-7.8124284744262695
14.9415296965116,-54.755859375
8.70853787657841,-2.6106810569763184
-2.149900469098629,0.4476656913757324
14.8229623836697,37.17351531982422
-0.0379657812584102,395.89630126953125
-15.3173389528898,-8.872814178466797
-1.7663441991754285,-3.963057518005371
-6.708306328674888,-3.7230710983276367
-78.7451798053926,-4.539994239807129
-0.5413656534735456,-0.6102466583251953
9.625121597198186,-3.9488556385040283
-3.15562863494722,15.501899719238281
9.60447820177431,-9.99267578125
-3.31847606547329,-5.189779758453369
-4.12581810820042,-6.8485260009765625
1.7706121017107803,-4.050534248352051
0.5117341060036625,-4.153351783752441
2.63157412115867,-14.370680809020996
-4.763634360062484,-42.23503494262695
-11.18181257464061,-3.8279976844787598
-39.4932668903457,-1.9645543098449707
9.206200380526292,-89.66211700439453
-2.93911844531118,-4.404335975646973
-28.13472322157985,0.5164055824279785
9.62907409316032,5.442914962768555
-7.042636248773623,-4.278965950012207
-4.03025121975644,-13.162863731384277
3.42951329804928,-7.755352020263672
2.5565427438131976,-5.760093688964844
2.8513084033656,-15.846450805664062
-5.5623675139736175,-8.9774169921875
16.9968892380515,25.654678344726562
-4.144685584269085,6.039125442504883
-11.221818720505304,3.5024948120117188
-2.111656589218961,-14.467796325683594
-1.626797120535592,6.787856101989746
0.7652624054000594,-5.888684272766113
-21.5531296050118,-16.796722412109375
-13.053772031257305,-6.271733283996582
5.42509465390903,-5.894660949707031
-5.5186956836840375,-0.9315528869628906
-2.260381023139061,25.44011688232422
-30.3377383335249,-8.656248092651367
7.380729755239978,-5.173466682434082
-4.172986764275874,-9.411569595336914
-1.2036514942358316,0.3653426170349121
-35.2906329121599,-1.8017704486846924
-2.54595208771381,-13.128806114196777
-10.901275449743116,-2.763065814971924
-17.0078420331655,-4.33553409576416
-17.0314498829154,-25.93558120727539
-11.9784507557909,-9.712993621826172
-19.469018973061075,-5.24100399017334
-3.2142130797467816,-23.291641235351562
-0.5663484394051013,28.661575317382812
-21.2195468929047,-4.984397888183594
8.077984978184695,-4.7450666427612305
-17.0119321722455,-23.685218811035156
4.67424026120176,-5.7026214599609375
-47.9875704511971,0.05044198036193848
4.316615136301563,-23.65631103515625
11.2728180991378,6.593635559082031
-3.5546157663424616,-3.9979124069213867
-3.15887949932979,-0.3518979549407959
-1.6422791314174887,-8.426177978515625
-3.448025235667948,-12.51528549194336
-13.5632540546311,-4.609491348266602
0.8825935384285006,-3.7345314025878906
3.27100049685324,0.08457958698272705
-0.7762273913233743,0.8686790466308594
1.026942322157092,5.588438987731934
9.859104788483815,-9.424543380737305
-1.9977872313530125,-0.7934432029724121
-13.1809903671301,-33.46551513671875
-35.1782981083837,-3.992347002029419
-35.8337806803641,-0.4150158166885376
-7.639409008216227,-17.9278564453125
-15.746453943284,-0.044093966484069824
1.055995951979529,8.57257080078125
3.987299411465438,0.05741322040557861
-37.0930621901092,-10.94436264038086
16.694612728237402,-3.6163954734802246
-4.527979888097892,-5.349616050720215
14.6352674345898,-3.402278184890747
5.034618319433818,-9.064265251159668
-3.77133000272187,-2.3461103439331055
-1.61504571199055,-10.38887882232666
-56.3663437951974,-2.1912312507629395
10.088450856398616,-8.165244102478027
-14.285610883283098,-3.079800605773926
2.6210618799141923,10.55398941040039
-2.308732762121495,-5.018732070922852
-83.9761260280997,-4.599835395812988
-1.03656181464744,-7.076570510864258
10.16232173056559,43.30638885498047
-3.12013961477547,-20.654388427734375
3.010752586641185,-2.3820552825927734
-1.5178355576616795,28.91009521484375
-2.60072537807549,17.340377807617188
-2.367312137177082,4.2725067138671875
6.075310726130807,27.510883331298828
2.24572304437811,14.558219909667969
0.2044267191685782,-4.028407096862793
3.85944773684647,53.48106384277344
-14.409506408843407,-9.698801040649414
-2.683955047842884,9.678607940673828
-0.0075038478591599,-0.17692947387695312
7.190050317883171,26.972156524658203
-2.1691769605730515,-4.841223239898682
-7.910003358009165,-4.2962493896484375
-69.1366966634013,-4.3135504722595215
1.437241653553571,-20.348892211914062
-20.7409218490905,-4.032214164733887
3.78247800369874,-2.067230224609375
7.909526276907584,-4.224186897277832
6.097122298913325,-0.19086039066314697
24.5800902168924,-20.809539794921875
-9.979741434164584,-5.060720443725586
3.1327986373042376,21.146236419677734
-8.393586343504198,22.68170928955078
8.678125432705007,49.147193908691406
20.7428439693387,-11.861528396606445
-1.511416195100045,-4.220064163208008
-23.3725501337939,-2.6590278148651123
4.69437535963172,-17.733474731445312
8.24149319055937,-17.061843872070312
-0.2898522089969393,-5.947025775909424
-7.19378137939456,-2.271489381790161
1.0271109700113177,-6.227540016174316
-14.564555056626377,-2.3032262325286865
-9.657849716236,-5.798186302185059
-0.7280966227290082,-4.935962200164795
-21.8962191024866,-16.816959381103516
-40.2614734397264,-3.052271842956543
-1.77750068778882,-1.3180859088897705
-28.3488859938485,-1.8556437492370605
-8.184373188662292,-3.7092175483703613
-6.135426654744688,-7.837410926818848
-3.270422191581055,-8.760201454162598
-6.055427015859325,-1.875685453414917
-34.3143130117107,-1.2803722620010376
-50.4820483838523,-4.152876377105713
-4.639593570653838,-3.270127773284912
-21.0606958753072,-80.71659851074219
8.747205755218493,43.63685607910156
0.6884341878779402,-16.307090759277344
0.300408103033295,-1.1893134117126465
-17.2817979072755,-1.5637414455413818
5.79128728304933,-11.519964218139648
3.7921116228684086,15.089483261108398
0.51700222845629,-1.8643238544464111
1.0966146270020711,104.13185119628906
-6.613686761665703,0.28668153285980225
-39.873530292237,-0.5826880931854248
-35.0272315856836,0.27848029136657715
0.2475632146873464,13.452156066894531
5.59963570142504,-10.782953262329102
5.29419053806362,-6.509191989898682
6.457932781589695,19.28087615966797
6.4251548431743295,-4.1150078773498535
-19.7885249955934,-1.7599738836288452
-2.4097304318056905,-4.09761381149292
7.543407488617369,-46.5694580078125
1.83593808226401,39.714271545410156
-1.5082203021212124,-8.024219512939453
5.99108205682079,-1.8592395782470703
-18.1797235112709,60.610595703125
-12.840088322870097,-4.355731010437012
-2.23616712442702,-18.444427490234375
-4.662511414401839,-0.12436020374298096
3.41802282280863,-4.403607368469238
-12.0320822507053,-1.9385626316070557
-25.9801803981754,-2.3347198963165283
-5.97419023328963,-6.464468955993652
15.4186986077963,-4.320163726806641
4.480465220149085,-0.8401222229003906
-13.2363849677504,-3.8882246017456055
-9.362863686069195,-14.104485511779785
4.128157012788561,-4.058633804321289
2.26767773086615,-0.12284982204437256
-24.1634597090208,-12.591337203979492
10.013204486477417,-114.24681091308594
-31.934070451053,-4.620509624481201
-22.9515728231767,9.950580596923828
-11.219410776078313,-1.8046603202819824
6.00089213826483,-4.148753643035889
-28.9638748432599,-7.083643913269043
3.11049964318654,1.7123794555664062
-1.073248118887358,-5.294186115264893
-10.249148139079496,-2.0381011962890625
-13.14009076535719,-6.548966407775879
0.7364260970712593,12.03805923461914
-44.9949251983702,-17.138160705566406
-5.159519294761907,-8.842460632324219
1.869241020829697,-2.425276041030884
-55.54568697318505,-11.823307037353516
0.3065104335081801,-4.586758613586426
-10.386374558578522,0.7223758697509766
-3.0345245902191325,0.04150128364562988
-57.144820014625296,-3.6156015396118164
2.85060083445348,-1.1000118255615234
2.446050707651698,-7.020894527435303
5.50221601830175,0.32533860206604004
3.455876052191651,-4.187241554260254
-14.6157572128631,-3.842776298522949
-0.874105623616695,-3.3220767974853516
-1.378759213278819,-16.53630828857422
1.350733135180331,-9.972883224487305
-1.94666134980912,-2.0349552631378174
-3.36735139960915,-1.0970649719238281
0.8319171014720902,-11.522506713867188
-40.2101205720394,-4.07167911529541
-24.577379709126298,0.026546478271484375
-18.6292132467089,-10.616317749023438
-46.39510994896701,-1.7801878452301025
-2.487076105276776,-1.9435477256774902
-4.752960817423343,-2.2234392166137695
-0.1160299782726794,-1.2299315929412842
-18.5277286275242,-6.002053260803223
-14.1325019191809,-3.780197858810425
10.909208084253878,5.48126220703125
1.30779520720034,26.71297836303711
-5.77436797253085,-18.027935028076172
3.986867952152618,12.377981185913086
-21.7936206120663,0.2736917734146118
-2.643556292002,-1.2624123096466064
11.0853991753379,-4.754810333251953
-12.9397422629832,-8.225048065185547
-0.190891674386513,-14.197343826293945
-6.32558602127377,-16.803386688232422
5.391699208755202,24.315593719482422
-8.998840630677615,-1.2361506223678589
-1.6005087696864486,-5.070047378540039
7.5482379424635875,-0.5829811096191406
-7.642910278690365,-0.7747805118560791
3.719171936095444,-5.644096374511719
-0.8981307679622897,17.435495376586914
7.06032809637297,-30.028091430664062
-3.134999611446543,-3.4940030574798584
-5.94174589421185,10.41207504272461
-17.7883076547542,-3.8868701457977295
-25.2381267145584,-11.609600067138672
-27.5445722402187,-2.145328998565674
2.6678241356197647,0.29856956005096436
5.02066543392875,7.369829177856445
-1.67197513843126,-2.978487968444824
6.58117049992555,-8.603450775146484
3.12612254618191,-0.856978178024292
-2.1147225087047508,2.9049735069274902
-76.9668504799361,-8.592208862304688
10.11870938841209,-7.529142379760742
4.755697845162629,9.673782348632812
16.5479703149859,41.81891632080078
4.001938538520379,-4.010913848876953
-14.1813773041305,-4.2201690673828125
0.7709161631446207,-1.5607061386108398
-24.2508933717269,-18.194820404052734
-22.3071231538392,-3.0266075134277344
7.2595381633228,-4.100425720214844
11.555346181601609,2.0034637451171875
-26.258782255785,-4.390832901000977
10.3189652047012,15.779542922973633
0.809697096857583,-1.7992959022521973
-18.5255095356289,0.20823419094085693
-1.0680791130593923,-10.099014282226562
-3.5390830989045075,-4.225869178771973
10.468583156479704,-1.7865333557128906
-10.613183176373598,-1.8088257312774658
-6.40442742836347,-11.084907531738281
7.196532980977684,-3.768238067626953
-10.586292641023492,-9.88482666015625
-26.79502671025515,-2.151257276535034
-7.187555808667961,5.0360307693481445
5.4465900456679694,-34.07578659057617
3.1988276731025875,0.3790266513824463
7.827394642815597,18.278213500976562
3.887422638441485,0.2004241943359375
-3.41466344580097,-8.14853286743164
2.667044757168528,2.820220947265625
1.0590749185315824,4.015557289123535
-3.9965921287470247,3.855475425720215
10.982614675109394,-35.51678466796875
0.4076170529080399,-0.9490869045257568
2.71319811317338,-4.370889663696289
8.652061852316729,-22.18975067138672
-0.6579761516790089,-1.888925313949585
-51.6773231694491,0.2741715908050537
-2.8325461302865187,-21.94487762451172
2.12749125232924,-3.960707664489746
3.562549470771905,12.904983520507812
-16.517773128145326,-5.882381439208984
6.874655354673765,68.259033203125
0.2047767843086013,1.1132640838623047
-2.698758931910008,-3.273798942565918
1.8601156760560384,-4.488527297973633
-22.2455703021075,-4.671856880187988
2.4288820651169605,-19.876529693603516
-16.8307740899425,-7.02056884765625
20.7191486697607,15.302173614501953
-30.7261055182573,-4.7795586585998535
-38.4849400567448,-4.8560357093811035
-14.3103126367969,-5.388633728027344
0.7860328468455551,-13.763858795166016
-48.3858044800915,-4.268731117248535
-3.21662088766757,34.998992919921875
1.675245639565673,-17.165283203125
-90.3299705619704,-6.032813549041748
-9.28527551691871,7.826030731201172
-1.2293411329062325,-6.184839725494385
-4.534682244798708,-6.8785400390625
-68.1959205924323,0.033721327781677246
-24.5242345195019,-1.1900370121002197
-2.77042962989298,-4.515700817108154
3.8009101564042025,10.399383544921875
8.933703319425492,-12.145122528076172
-11.341527235964405,-1.3755302429199219
6.71098989067457,39.277191162109375
4.54734483862441,-2.886859893798828
-5.16341129781556,-4.356576919555664
-49.062306315025,-2.417790412902832
5.26551760771767,-8.691232681274414
3.33951124606136,67.37385559082031
5.006519903780723,-6.945094108581543
4.05485944970297,-5.7781596183776855
2.283405953189745,-11.007648468017578
-2.66483863280114,-16.455949783325195
12.566471603210276,27.68547821044922
-27.9020155354992,-14.913013458251953
8.88265541550952,15.941471099853516
0.1652887870268324,-2.9448235034942627
15.4985727759109,14.466827392578125
9.014890317831036,-5.869316577911377
1.4803529144374856,-3.225616455078125
18.1939100849816,67.76785278320312
-2.6304973605131474,-12.786060333251953
-5.493763326806099,-7.869124889373779
-0.6715208179901364,-2.0026938915252686
-36.7383193130824,-0.8060570955276489
5.062784719364307,-4.168596267700195
-12.026803679110706,-4.6866044998168945
-3.01321716593974,17.01626968383789
8.35813394800668,-37.16874694824219
-3.60075442831331,-1.17578125
-9.509135784465323,-6.51513671875
-19.6175855102284,-22.27806854248047
-27.8629509568953,-0.3034999370574951
1.74273211890989,-6.920745849609375
-2.19578977406709,-12.939848899841309
2.42002639701588,-3.702028274536133
-25.55316918036869,-5.117242813110352
5.635020609606415,-4.932128429412842
-34.727836669101,-0.29557251930236816
4.4516036428765,5.041950225830078
4.967381413305823,-5.135424613952637
-6.81516141534704,-4.900886535644531
-24.3954295810688,-18.84636116027832
8.658679095048068,1.7865581512451172
3.7347243087796,-2.107508659362793
-12.909633143366396,-6.0598249435424805
-60.49569009623433,-4.5290374755859375
-3.790702882666694,-4.59814453125
-12.41068356063,-1.3067837953567505
2.76740193393285,-18.902027130126953
-18.9061714872788,-52.891326904296875
-3.681083449701528,-15.551450729370117
8.13893448615947,-12.661487579345703
-51.402683514636095,-14.457435607910156
-3.0703466753296,-156.15765380859375
0.4646043967887734,-2.362804651260376
5.989492839405608,-0.5834794044494629
8.833837192566008,-21.800537109375
-26.1965705632023,-5.035146713256836
0.0804428699766095,-18.084880828857422
10.229168329440906,-3.7324161529541016
2.12042655289975,-12.049442291259766
3.88810032819938,-3.2094478607177734
-31.515616413872173,-6.02703332901001
2.28163515100639,0.07534122467041016
-9.633163292669298,-0.2597670555114746
2.63206586722876,-5.056807518005371
0.3189015990893598,-12.792821884155273
-6.31868596379813,3.811086654663086
-6.4648984000359935,-4.320448875427246
8.91646092056966,-9.55465316772461
-42.637521131086125,-0.5780634880065918
-89.5439156156453,-3.950631618499756
9.179556151687803,-10.64404296875
8.754663680824095,12.849773406982422
0.8838679103249854,-8.807098388671875
4.338369925074482,-5.424298286437988
-18.23432595343749,-5.782093048095703
6.92534745147092,-4.073053359985352
-1.768261666543676,-2.9868252277374268
-7.87226820943855,-2.5861916542053223
-12.0847368637308,-7.256048202514648
-4.4222229386498375,-5.766750335693359
6.63109301847755,-3.764894962310791
1.675381804264854,-10.975122451782227
-6.897600670415837,-1.4491686820983887
-12.2774867069717,-1.725961446762085
-3.963646539183849,4.68426513671875
-2.552277046947741,-15.090639114379883
-10.78700495517378,-1.8014564514160156
-6.426376983867103,-2.5627222061157227
8.2142562177934,-3.970276355743408
-16.967828162594074,-11.193366050720215
6.07843040491799,-0.9019918441772461
3.08443697315444,-5.304719924926758
-1.3811964732242277,-1.683323621749878
-4.51305804704249,-1.7522128820419312
-9.93375477053989,-11.588983535766602
-0.6581754288220045,6.317667007446289
-7.952166005584182,-0.35753393173217773
-13.563015982384195,-5.2113447189331055
-47.9957157156951,-3.1801586151123047
4.96190002222477,38.98816680908203
-2.0240269290899,-5.469996452331543
3.47166270740147,-8.1231107711792
-5.2815921348029296,-8.917564392089844
2.369358494612781,-9.974578857421875
-4.214346026907057,-4.474344253540039
-23.8934551543691,-1.0825321674346924
-1.0659561461183158,-0.0334475040435791
3.126169348435272,-1.3718578815460205
2.35164464781062,19.34423065185547
-1.79502295092813,-6.261938571929932
-15.957982665262508,-0.48998022079467773
-64.65676531723692,-31.905048370361328
-27.8195558011628,-4.2450385093688965
-10.480511156242285,-6.81385612487793
-6.18357684414468,-8.569664001464844
-6.75960002722117,-0.9665695428848267
4.4105627388370605,-6.741711616516113
5.58846482112586,5.571025848388672
-16.8483709423333,-1.9570832252502441
16.1850033157246,-5.672706604003906
-3.34531377329845,-2.8660542964935303
5.893700156574014,48.24644470214844
2.745769909533195,3.1287384033203125
2.53362859007723,-8.559837341308594
1.0880788430276551,-10.09381103515625
