Score,Pred Score
-13.812973987503693,0.05554962158203125
-14.6311710829416,-42.21739196777344
-15.020937907067507,-9.079071044921875
5.61896917638109,3.8213348388671875
0.1461877509898399,-8.564783096313477
3.59745169898486,4.8542327880859375
-6.72144892291601,-5.515137672424316
4.304204520484877,-0.33960723876953125
3.37898618824583,5.318552017211914
3.939818822274421,2.6073436737060547
13.9953943577381,1.8201789855957031
-5.39913759737588,0.3363990783691406
-2.204579993178592,1.9195671081542969
8.829561804598438,-1.2660255432128906
6.01696699102072,6.124151229858398
-6.376202369524528,-4.795051574707031
-6.50906463316165,-4.7641706466674805
-60.92137282626391,-37.20415496826172
1.99934019108803,-1.3784446716308594
2.188685633501576,5.207935333251953
4.07090957771029,4.723674774169922
0.5211206139658471,-5.743244171142578
12.5580583918003,4.5554656982421875
3.320229681965675,-1.2650032043457031
-0.4381862293696001,1.7341976165771484
0.1752112379752922,1.0772628784179688
4.123908949931413,4.342191696166992
12.966325580978296,3.545572280883789
7.692941411907634,-1.4412899017333984
-62.9031214125763,-44.696929931640625
-5.800670766453999,-8.268522262573242
-11.705366535732304,-20.41602897644043
-4.786538605318405,-0.7937469482421875
-82.4887013651952,-54.48017501831055
-8.251107402184557,-3.4374446868896484
1.61677665352485,-10.125633239746094
-11.916211326129387,-17.5173282623291
-45.634880019414,-28.96053123474121
-0.568998602339841,-1.5967864990234375
-12.147399114840605,-10.908065795898438
-27.4476544011683,-38.8415412902832
-0.4835459876036119,1.0736865997314453
-8.39479061793487,-9.693659782409668
-46.862925671502296,-25.23685073852539
0.3837795244341289,0.5417270660400391
7.184930267876617,4.903799057006836
2.8348518495029404,-1.1213741302490234
-9.859535687586003,1.0982189178466797
-6.00025755794808,-1.1680984497070312
-4.764629840066975,-8.03367805480957
-2.377061578670744,-1.388235092163086
-2.0585753436264698,-2.5602264404296875
1.1848602197973823,-5.092990875244141
4.97603191479674,1.4713897705078125
4.27399441028646,6.448738098144531
-46.2372447228831,-47.98030090332031
-31.4759298257721,-35.240386962890625
-50.1674018945849,-26.957820892333984
0.9601515747159592,-0.15500640869140625
-11.864177458483407,-2.891341209411621
-0.538262620928304,-3.2016944885253906
-1.5184696160120892,1.1433219909667969
-3.0836644409391925,-4.898670196533203
11.316750179392892,10.119510650634766
-11.183106529127476,-11.125528335571289
3.59102041590596,-0.2603797912597656
4.55602013063716,3.108591079711914
11.579228393987275,-0.14323043823242188
2.3067635611900137,-2.220430374145508
10.480393919522983,3.1375598907470703
-2.698100773809443,-1.3740673065185547
3.776985072333982,2.678670883178711
-11.773766374328297,-8.54918384552002
8.681027307740193,-3.9666271209716797
-1.1091988250418725,-1.6485404968261719
4.484288991501213,2.0138092041015625
0.0548896546292299,-3.2849502563476562
0.1118559290339978,-7.5696868896484375
3.9797293996962297,3.743865966796875
-22.42608065327665,-24.610618591308594
7.37064384347005,-5.393110275268555
5.344594984386832,-3.6960372924804688
-1.2497809936708242,-1.43408203125
13.71198107208239,-2.87884521484375
0.5045482395984724,-3.246035575866699
2.86709961553106,-2.3529129028320312
0.4423212163888063,0.2605857849121094
-3.724573545179619,3.2339420318603516
0.2570808252882703,-6.441097259521484
-70.65073406723695,-56.53202438354492
-33.9587360563784,-22.99420166015625
9.2088386022025,4.664646148681641
1.3318185914773402,-7.791589736938477
-9.176001953270983,-10.668268203735352
-10.497767159210698,-11.89046859741211
-0.4402086584014632,-3.055633544921875
2.1560784090827942,6.305410385131836
-27.1636490162131,-7.449979782104492
-0.670930828719279,-5.695087432861328
-22.794043146736,-24.724828720092773
0.8105828534072201,-3.428295135498047
1.2287673509824204,-1.1032676696777344
-0.6435038581465955,-6.649517059326172
8.474782023793379,-0.39423561096191406
-9.601847091024196,-5.170494079589844
-1.6610011043127195,-2.165525436401367
-0.1091636509260827,-4.505838394165039
7.570838092245207,-5.9276275634765625
-7.211196994815285,-26.905902862548828
9.090654061652296,-4.90826416015625
-26.6651088566214,-0.9600372314453125
-17.309192174305,-0.5303487777709961
4.14054171285972,0.06998252868652344
4.097668935846943,0.06842994689941406
-0.29408409265346,-2.2187271118164062
-35.8165916579592,-25.94207191467285
10.898098675545494,2.4161109924316406
-1.6552655274048038,-2.1616477966308594
1.6729502580778592,-7.451984405517578
-6.42491227706334,-23.097360610961914
-15.4752611754195,-24.162256240844727
-0.6907348474047925,-6.641983985900879
-21.3629045873375,-9.600510597229004
4.219145585451182,-0.4597349166870117
-3.019531285218114,-5.817781448364258
4.25311060075082,-2.0835342407226562
-15.0412339008878,-4.834917068481445
-8.237627320974727,-25.488479614257812
-1.0683487237199796,-8.710830688476562
-1.7174251595272625,-0.7635526657104492
4.069163600073605,-0.8424091339111328
-10.162041561092582,-19.606616973876953
-5.97248436581227,0.4028167724609375
6.120538767403939,1.4869327545166016
-0.8028238008287005,-19.68680191040039
-23.6042929930625,-32.95719909667969
-0.1777753404752198,-0.39783477783203125
-5.785469568057495,-45.87465286254883
-0.0556983764780604,-2.029768943786621
-25.4508968849616,-5.8618364334106445
-5.3185412482723295,-3.4715957641601562
4.020569536845237,4.5350189208984375
-58.5527340809363,-5.309747695922852
-6.291328737399075,-4.547189712524414
8.922207576391518,-5.125343322753906
22.7414116448382,3.1109390258789062
-44.6057608529879,-49.956539154052734
-26.5129077898497,-18.148765563964844
-2.13735826282737,-5.740024566650391
-1.14890133483728,3.848325729370117
0.369316059642221,-1.9810600280761719
-0.6884117876070912,-10.488360404968262
-5.8772631055401,-9.099384307861328
3.6053774296538297,0.9533214569091797
5.07108724357905,-0.9566402435302734
1.292753014965791,4.255306243896484
-3.43040335892423,-9.826507568359375
0.7651079053562314,2.0342302322387695
-37.13962469223695,-32.769630432128906
-5.822632503482525,-2.8668651580810547
-6.879472048396067,-15.834264755249023
-7.1526743450051855,-7.838855743408203
0.3302260274555297,-0.17184066772460938
-1.178255647098801,0.564971923828125
-2.99361591491145,2.510896682739258
-18.1070051290659,-14.475598335266113
-3.0332808194811403,2.467548370361328
2.6303171850506604,-4.1681060791015625
-9.72499716390718,3.440000534057617
0.2729453578388601,-6.251987934112549
-21.4503408223732,-17.33982276916504
-4.99755531471552,-5.506523132324219
-18.0018409950579,-22.231245040893555
4.00031385473591,4.779487609863281
14.1235470599023,-7.796625137329102
6.55729051148795,-2.082866668701172
11.19992297656359,4.836153030395508
-7.81388191369781,-6.634688377380371
-2.924593214648255,-3.045642852783203
3.7667366885646025,-4.664530277252197
-6.68253431604433,-7.196067810058594
0.7345204104922589,3.399209976196289
-10.626155896203898,2.9523582458496094
8.106852576346123,8.120561599731445
-58.24412469223692,-45.75548553466797
1.4955767028094,-1.8411598205566406
-17.6906096863185,-34.90757369995117
-4.813871520282443,3.968526840209961
-11.8973420493851,-14.044843673706055
-2.67676896274171,-4.4499359130859375
-3.9331393974605526,-1.6990966796875
8.756217929094177,7.393825531005859
-29.2662792150344,-1.234975814819336
1.7249239205326918,-3.6209678649902344
-6.686975812883663,-19.224231719970703
11.10272802991041,5.309659957885742
-10.956818171714705,-12.661591529846191
-6.3500959185649,-12.435565948486328
0.6681105368389735,11.468210220336914
-12.500029270357295,-27.046205520629883
-2.591242863373206,0.8383712768554688
5.954690473588823,-2.0020751953125
-43.929359067237,-25.575855255126953
-17.4841411730512,-7.037477493286133
3.61441892535489,-1.4667243957519531
2.1112971208509976,0.17972183227539062
-41.8026500314277,-14.049766540527344
8.463248256721428,4.956979751586914
-13.037072413777096,-16.902719497680664
-1.6307504375632549,-4.601590156555176
-0.3284521577656807,-4.43214225769043
0.4685622181175212,-10.244697570800781
-5.316952415477393,1.4597816467285156
4.584421564331302,-6.019496440887451
-20.3593816575191,-23.219440460205078
3.67041582610247,-0.4607696533203125
2.204062447972561,0.9088516235351562
-4.666937653128132,-2.125896453857422
-12.3781694316975,-11.78868579864502
7.06923762363823,2.6627655029296875
-37.2883298194418,-28.18354606628418
6.442434166934048,6.979831695556641
-12.2162083245621,-6.662608623504639
-20.3623076046531,2.4865522384643555
-5.45440876641342,-2.1302623748779297
-4.96580172718434,-14.889352798461914
-37.4061766871973,-24.811683654785156
0.5403453062071405,-1.5809860229492188
8.656689402528613,6.103887557983398
12.331931266595111,8.93032455444336
2.75380173901167,5.337732315063477
-2.8447496930443927,-3.109461784362793
0.0285872237409883,2.2760772705078125
-73.5286754265322,-23.867328643798828
7.285509446842615,5.992404937744141
6.72046542688671,0.15218544006347656
-6.19730890695259,-2.3177757263183594
-16.4599719883519,-5.481079578399658
-10.288292260688207,0.7470455169677734
-10.285920522724917,-0.5524253845214844
-4.65691689928222,-6.153377532958984
-37.1716279374795,-23.346569061279297
-36.50577458359941,-1.875143051147461
0.7942566624333496,0.3997383117675781
-2.491707941339629,4.113849639892578
1.7387039934851498,3.363557815551758
-13.8996269060666,-1.6213111877441406
4.17561229224804,-2.795933246612549
4.7680640763497,-1.7337188720703125
-6.745372906074374,-5.676168441772461
7.262818938793504,-5.202828407287598
-55.7541546140486,-33.78765106201172
-5.85807143580148,-2.5537948608398438
-52.7336020518746,-41.988189697265625
-1.995826789875676,-2.716461181640625
-1.3326443092463092,-16.470020294189453
5.029017096161708,-1.5359020233154297
-0.71117494174041,-3.117940902709961
8.243548509216069,5.721794128417969
5.81602235619721,-9.623598098754883
5.978124919049687,7.803737640380859
-2.8859593337581737,-7.101621627807617
-26.0047332498617,-18.64420509338379
-1.5220929784942658,-14.242029190063477
-15.0089303719363,-5.170161247253418
-1.757118944268968,-23.728717803955078
-13.5091075877696,-2.9299354553222656
-4.0681667574955,-2.0982837677001953
4.43276114617859,-0.5649738311767578
-4.665207913971671,-1.7378349304199219
7.33919324558513,3.625570297241211
-11.69780882660921,-10.02920150756836
-29.9162730471743,-28.303817749023438
-5.331847529263395,-8.865072250366211
4.2006804390709,5.394161224365234
4.76541245752904,6.042745590209961
5.87221574658101,2.490467071533203
-12.955988512618,-43.225494384765625
-14.4061745570978,-22.79997444152832
13.644333664082708,8.293243408203125
7.522446474796843,-8.735645294189453
2.858782897786812,1.2386436462402344
-49.8653288018085,-51.72509002685547
-4.029904705212941,-1.7773094177246094
-6.2026319104393295,-18.460731506347656
4.452168509343501,1.8205070495605469
-16.475900892606802,-6.439872741699219
-11.03094492075089,-42.000850677490234
-8.08045020128908,2.4480857849121094
-14.885807229381896,-0.7676525115966797
-11.113180908425988,-5.728451728820801
5.506094216928792,-1.637801170349121
5.29091659278858,4.855123519897461
3.42106467876526,2.348651885986328
5.162821279449693,4.665985107421875
6.020551076354931,-1.3814001083374023
0.8086942897832163,4.780948638916016
-8.80546181278599,-16.606826782226562
-7.42349600405968,-0.9160366058349609
-14.4731176558811,-1.4518280029296875
-35.5448186771701,-13.435456275939941
-1.657597602265355,-6.902868747711182
-1.930224441335125,-11.085823059082031
-10.398648228661925,2.5945911407470703
1.3131129859732091,-0.02136993408203125
-0.1240821746904601,-3.7240333557128906
-35.1709788883515,-19.007062911987305
0.6771989561182002,-3.0617942810058594
-5.8677981963370005,-2.332174301147461
0.7982616963508231,-0.021982192993164062
2.595279020812243,-2.8455028533935547
6.9472187772133225,-2.383258819580078
-41.1395198834054,-9.388956069946289
-35.4604736838065,-26.130855560302734
7.87379173269718,5.9995574951171875
-8.72128086410909,-42.666259765625
-82.13826531723697,-14.009349822998047
-9.70693692529289,-18.58429718017578
-61.4386715672369,-48.58625411987305
7.10938257895085,2.2592220306396484
0.4007388327427847,0.2576484680175781
-0.7455370396145937,-1.0231828689575195
1.674966057420845,4.879344940185547
11.877856996640997,3.4655981063842773
-0.9096556467231308,-4.699851989746094
-1.4680391508473674,-10.853059768676758
15.6414782015599,-7.920289039611816
-10.35739215730591,-2.9979686737060547
1.926107182225645,-3.6083498001098633
6.99756701325662,4.072277069091797
3.54836143321337,0.15371322631835938
-7.726553411266567,-8.506017684936523
-48.51478094223695,-42.9249382019043
-3.0453156276270903,-1.4805183410644531
-3.454798154796729,-1.0777587890625
9.503977484174175,2.9331436157226562
6.001532732018722,4.915260314941406
1.775572054007981,3.1718788146972656
-2.6871577689602653,-8.383279800415039
-7.920344649869953,-8.528751373291016
2.578081311550471,2.9095096588134766
-14.434457477598505,-5.5849456787109375
-1.338045882914232,-2.0167598724365234
-44.1817825469333,-34.25486373901367
2.4314234692194163,-5.531280517578125
-2.07036107592124,-0.7390327453613281
-6.560167066336443,-10.933089256286621
-2.54688332955635,1.7668190002441406
-7.940842049461227,-8.958431243896484
-7.789052707582185,-4.22265625
-1.4295761119406232,-0.7697086334228516
7.206977941743588,-2.2573623657226562
-4.081394009803599,0.056171417236328125
-30.167243616457,-22.944856643676758
11.7225687296843,4.149965286254883
-0.8984319813221007,-1.33001708984375
10.349523074958825,1.2092342376708984
5.42147270471237,6.407758712768555
-0.3136273830120112,0.30503177642822266
4.398848813602776,5.046205520629883
2.099307195887115,0.3708000183105469
-61.6890402284636,-49.604705810546875
-7.08434802004719,-7.748258590698242
9.0758909366509,-1.5313873291015625
-1.9263965715605047,0.5753288269042969
-6.262949496708321,-5.705617427825928
-4.739766082030863,1.4450263977050781
-36.8822022827233,-30.58464813232422
3.24770439300306,2.470828056335449
1.41805545618482,2.713674545288086
-24.4432878855492,-16.510377883911133
-24.96156751119129,-22.55791473388672
-7.734574598544068,-20.243057250976562
2.79124989437018,1.3518753051757812
-5.17831154550348,-17.140995025634766
1.5275640312561216,-1.2318267822265625
3.682989905065457,3.5300865173339844
-10.8237586662752,-17.759645462036133
-6.929951553081727,-7.174339294433594
-27.96215708599589,-13.020556449890137
-2.88087637063392,1.552419662475586
-5.960419628776203,1.2127742767333984
-37.189874708633695,-26.849451065063477
1.1496085756031087,-0.4210052490234375
-12.7137936794919,-17.677152633666992
8.398744223780918,0.31552696228027344
-33.3004252633332,-20.679502487182617
4.065326821312747,3.479726791381836
-41.9047429025821,-24.19078254699707
7.383552345763623,1.6171550750732422
6.364261125349779,1.3156976699829102
4.841793570156368,-4.604114532470703
4.179707781567577,3.7808780670166016
-14.7229944429405,5.015712738037109
7.078924552126015,1.0047502517700195
-12.898019313824,-6.40626335144043
-70.8116033690518,-1.7275829315185547
12.7359625054994,7.909460067749023
5.586124430090477,3.906431198120117
3.028467183462371,1.0735435485839844
-5.830142578087577,-7.249795913696289
-22.6841489367301,-11.982975959777832
-1.51657819068512,-0.022125244140625
-81.52648016021857,-6.205715179443359
-3.36903782007548,-7.058481216430664
-18.707844022,-24.187217712402344
-34.48768519828235,-6.405664443969727
-39.7169735486916,-15.791158676147461
-1.593720937577549,-4.504275321960449
-23.2954444871652,-13.021858215332031
-45.30258920076982,-27.701614379882812
12.5056328567953,3.5302085876464844
-11.9299972333177,-5.4409332275390625
-37.9495035857927,-4.044346809387207
0.7001962140772594,-0.11569404602050781
4.49418879319923,4.668356895446777
-39.0646563811545,-38.86960983276367
-9.09730633851708,3.6039867401123047
-17.5589533745204,-12.662900924682617
-4.92782811871599,1.9135875701904297
-8.2299173561342,-7.148221969604492
2.60625970962018,0.2872123718261719
2.726862934921635,3.6165008544921875
4.071661498679735,-5.581239700317383
-11.9154244975033,9.256141662597656
0.9090871567987184,-8.375102996826172
7.92708077877978,6.026399612426758
-3.119647295186995,-8.379846572875977
-2.248378586620203,1.4901084899902344
1.6646916021852596,0.7512054443359375
0.1590569364430157,0.6697111129760742
-77.3623903172369,-50.51344299316406
15.8859560938761,7.5320281982421875
-3.11888044241469,-0.14786052703857422
-2.7468186065138984,-0.959843635559082
2.77922195660905,-5.278537750244141
4.052279150357491,-9.196280479431152
-4.03806373695381,-16.66461181640625
-2.4461467814868523,-9.624942779541016
-0.1639564470097907,2.1572036743164062
0.8542168432631491,-13.711071014404297
5.84905996845087,-2.8655223846435547
-5.77665564868809,0.7482013702392578
-3.7008288999313423,-5.017330169677734
-7.18713065449027,-6.200472831726074
-0.9529303605806088,3.674135208129883
-15.902118442879,-10.05104923248291
-28.0636361890057,-21.12250518798828
-26.912205886836706,-22.231006622314453
8.596988309863011,2.7431068420410156
0.2877587512502297,14.819351196289062
3.3899996482015826,-0.6936702728271484
-20.5869014386951,-6.355029106140137
-9.341800010912078,0.44490623474121094
0.1692077246922899,1.5763206481933594
-1.857666460494741,4.317192077636719
-13.2752747780792,-33.67124938964844
4.49646859469848,-4.919273376464844
3.60913262992784,-3.304750442504883
-5.653435188749545,-2.777324676513672
1.51502173443586,2.439563751220703
8.143116180793372,0.031416893005371094
-8.36164856265281,-33.013580322265625
-1.130678948105339,-0.1526327133178711
-4.349210006555943,7.574795722961426
0.2594141505344826,-9.807210922241211
-32.1283374054069,-19.464195251464844
-1.9051378030600723,0.7059745788574219
4.768047800449637,-1.2150449752807617
2.264898495983479,-2.3791332244873047
-6.47138721063866,-4.5048723220825195
4.93167956005568,-6.947225570678711
2.4851768276660025,-2.1531925201416016
-3.930469946192945,-10.395161628723145
11.923948375295712,6.110157012939453
10.41580460128629,1.5327224731445312
-8.700462669667385,-6.252483367919922
13.1991243046288,4.716922760009766
-4.75101729862813,1.6095046997070312
-1.4230966237807086,-6.713563919067383
-2.07861348348741,-2.1064319610595703
10.292368565007404,3.484344482421875
1.9007667723773176,1.1869182586669922
-0.1428452494230792,-3.881366729736328
2.4933992323843923,-12.876456260681152
-13.861300672159,-3.692164421081543
-1.7943154401891548,3.5760021209716797
-4.15624175439773,-8.935871124267578
-14.277645616907492,-2.166421890258789
2.713132201978397,-1.4240789413452148
-13.315456279797685,-31.339786529541016
-5.36204355968609,0.8528709411621094
-1.4872271509121793,-3.565855026245117
0.31232235517322,4.460124969482422
3.0307168501552093,-4.282917022705078
3.4484762474106,-4.632946014404297
-34.0729170807354,-22.53492546081543
-25.0659802428987,-4.30103874206543
0.86771933446589,4.740118026733398
-11.996919710325,2.1166725158691406
-56.2560888739038,-34.886287689208984
-12.7386491421071,-13.238397598266602
-3.520787796436005,-7.441198825836182
-0.8014467498558491,-5.939520835876465
-34.7812340468876,-26.620765686035156
7.158235365631607,-7.375245094299316
3.29681579894721,-2.9640960693359375
0.046018285265003,-18.7498836517334
2.046344769010002,-2.2712221145629883
4.25403099118957,0.4627056121826172
3.7804230286959792,-12.472128868103027
-3.773219093074008,-0.24807167053222656
-9.722403045722997,-4.022382736206055
2.81101468536903,-4.898097991943359
-23.7494411406013,-14.94174575805664
-75.56229656723696,-54.25263595581055
9.94612085382829,6.017665863037109
-8.207132148775708,-12.792337417602539
-3.09775596823669,-1.5144233703613281
3.77256113899207,-1.340641975402832
0.2016574678685985,-5.624370574951172
4.38808277416547,-2.158207893371582
3.7092867134231,-6.775993347167969
1.6740112862957208,-3.007884979248047
-5.472376660417956,-6.527811050415039
12.283123760680592,4.085948944091797
4.417989059347175,-2.044158935546875
1.907333647224608,2.66119384765625
7.837521570550837,11.102252960205078
4.82455755953161,-10.095909118652344
-0.6472060937938101,-1.8900337219238281
-8.237956686764985,-22.445287704467773
7.859716520666763,2.264049530029297
2.765011277030255,-2.124788284301758
4.62415639298937,3.3558807373046875
6.430237727930085,-3.0610084533691406
2.44728958086436,-4.894889831542969
-1.93656353174353,3.927715301513672
-33.7845903951132,-23.338857650756836
10.960301672714698,6.179544448852539
2.4659746492236927,-2.0843849182128906
18.2642273209106,7.399326324462891
7.656482330373112,5.030780792236328
-63.2346715672369,-53.78053283691406
-22.9610154952969,-23.08091926574707
4.39789099231211,2.015748977661133
-46.587141393021525,-40.132415771484375
-12.281506448986304,4.166658401489258
5.220668557811489,1.3945856094360352
-1.4412632820262703,-1.4670734405517578
-35.163016426576704,-28.78683090209961
-31.380009974583203,-15.798341751098633
-40.7258600860177,-8.698673248291016
-35.3994683825842,-22.617338180541992
-10.968565079401992,-6.7101874351501465
15.384553292915324,-17.83989715576172
-0.4271227388875901,1.8744926452636719
-7.69948364751984,-3.797863006591797
-26.6822467124322,-14.86825180053711
-0.2823200449385875,-2.1682090759277344
-3.8453528225106623,-14.71323299407959
-2.4599041427842496,4.182834625244141
-12.7315114055493,-5.3392415046691895
1.418014053180695,-8.042844772338867
-3.4922781726655696,-5.354131698608398
-17.5801214502402,-18.813922882080078
-49.5120706514507,-41.28631591796875
-0.4503474699443348,4.46577262878418
2.332279780348585,-5.037975311279297
-42.2483635713802,-45.65882873535156
-5.00028834575103,-5.69859504699707
-5.14141487663266,-4.00556755065918
-19.923371510770203,-4.798149108886719
4.28301459624688,3.7846450805664062
0.3224388648416145,-5.725722312927246
6.795393661635613,3.1165542602539062
6.720388221210122,5.856973648071289
-20.7558388881914,-3.0280494689941406
-12.5922662394529,-8.104637145996094
-5.19085420781142,-2.0532913208007812
-27.3858072066324,-19.97124481201172
6.488490212037078,3.4234676361083984
-12.5233171201947,-15.456088066101074
0.996650643215182,-8.759967803955078
3.27144637329635,0.8201828002929688
1.203208947199059,1.2498550415039062
4.5031585012656095,4.772871017456055
-46.6686841099013,-49.2674560546875
3.600655729290548,-0.7250499725341797
-2.7077151362496297,-12.002147674560547
-42.936846127142296,-37.404754638671875
2.679404112105611,4.77813720703125
-23.975827854410426,-23.681732177734375
-24.4869919201538,-24.74405860900879
-6.22433036882608,-4.709100723266602
-24.992167376126925,-15.981220245361328
-9.742168339465294,-6.390464782714844
0.1235817830644999,0.33351993560791016
-11.607028837624,-3.410236358642578
5.321680837772678,-2.7509098052978516
3.3452637215970498,2.5381336212158203
13.015759276594096,7.61772346496582
-6.13466459150186,-15.892547607421875
3.557691046156,0.5517520904541016
2.0008593011464906,-1.5608577728271484
-1.2671721747064446,-9.862552642822266
-2.989164004622407,-15.809576034545898
-2.43808381047612,1.2005939483642578
-11.30813578108209,-0.721196174621582
-9.619042312244815,-17.2811279296875
-4.01456885639382,-3.067110538482666
-4.853312003098937,-21.046974182128906
2.78743688363977,2.4110374450683594
3.6035536346157695,2.4505615234375
6.09033976794457,6.787830352783203
-5.89266438028177,1.22576904296875
-20.7592210135025,-24.177785873413086
-3.637071869773312,-8.758406639099121
-4.396710286499547,-3.120920181274414
9.04709717330502,-7.253986358642578
1.69213972357191,1.496450424194336
-27.068723822751306,-19.63237953186035
0.2886204877907422,-1.6889476776123047
-0.592182005541919,-15.461922645568848
-4.736229867816737,7.334136962890625
7.877641553655238,4.723604202270508
-2.588665914009158,-0.9728145599365234
4.72846919446815,-18.173484802246094
3.42669038506664,-3.5131072998046875
-10.274169876330886,-5.5718994140625
-1.289264920121349,-16.716419219970703
-6.9648772325347394,-1.431753158569336
-1.2236747050651609,4.52686882019043
-12.208208404490907,-31.24179458618164
4.40921359309415,6.682435989379883
-15.991582533821994,-2.4745407104492188
7.809600001042748,2.1661300659179688
-3.0331069492891496,-1.9826622009277344
2.603164662477901,-1.4635009765625
-24.2572199033326,-7.763887405395508
13.667582002208905,9.635839462280273
8.19307228691883,-4.663468360900879
0.4664503305112299,-3.4060840606689453
-6.46133524603972,-5.719699859619141
-19.7520332208299,-17.621374130249023
-7.75971004909346,-2.1641159057617188
7.66334596528203,5.983040809631348
-27.64770126959135,-6.428995132446289
-1.8239337240231768,-7.278898239135742
5.265272900492549,-1.1257743835449219
0.9434331950199416,-2.2700986862182617
2.13745295521649,1.5890321731567383
2.76912169862866,-4.639015197753906
2.409764321136161,-4.110054969787598
3.7606671418030695,4.722373962402344
-89.04756219223692,-38.1346321105957
6.987950206462267,2.5980300903320312
-10.09410467002709,-11.264001846313477
8.16191414696451,5.432832717895508
-10.731303688850904,-12.455081939697266
7.588764503474316,0.40518951416015625
-5.25293160621848,-1.6760826110839844
2.3065604778561424,4.34814453125
-3.8022266666193874,-15.415339469909668
3.22816419080692,3.5371150970458984
1.1941842843275,0.6977996826171875
9.772192422094813,-20.379501342773438
-2.489313079893845,-6.2868499755859375
-13.547300817594484,-32.1815071105957
-1.5403494549472296,-2.1188316345214844
-5.139364658294922,0.6907501220703125
-1.32131943338233,-0.08941364288330078
-0.5284321769112605,0.8242721557617188
0.1119561526876595,-0.031085968017578125
-0.0918051514147744,-4.37278938293457
-1.7237618714553775,4.429313659667969
-1.5699354762224491,2.6597442626953125
1.5718362711845366,2.4552669525146484
3.58036180553514,-3.9428281784057617
7.45084701577923,-11.113645553588867
-7.378812419643663,-4.250225067138672
-33.1832620874725,-31.37903594970703
-6.066411004621831,6.672109603881836
-16.4910721624856,-19.96954917907715
0.8267526169764301,-3.135099411010742
-9.762453719841735,-16.433616638183594
1.741670982094262,1.6555747985839844
-0.0053525606393112,-1.2251014709472656
-51.4043293278057,-27.15619468688965
14.9415296965116,10.490692138671875
8.70853787657841,5.779163360595703
-2.149900469098629,-2.681123733520508
-0.0379657812584102,3.5055389404296875
-15.3173389528898,-3.4874629974365234
-1.7663441991754285,0.9470252990722656
-6.708306328674888,8.30576229095459
-78.7451798053926,-64.74134826660156
-0.5413656534735456,-8.778155326843262
9.625121597198186,0.8999767303466797
-3.15562863494722,-3.987407684326172
9.60447820177431,4.137363433837891
-3.31847606547329,-7.334306716918945
-4.12581810820042,-0.6942424774169922
1.7706121017107803,-0.16579818725585938
0.5117341060036625,-4.519538879394531
2.63157412115867,-3.054370880126953
-4.763634360062484,3.5508785247802734
-11.18181257464061,2.9516639709472656
-39.4932668903457,-4.987129211425781
9.206200380526292,5.6779632568359375
-2.93911844531118,4.4772186279296875
-28.13472322157985,-13.148591995239258
9.62907409316032,-2.0188560485839844
-7.042636248773623,-0.17355728149414062
-4.03025121975644,-2.415058135986328
3.42951329804928,4.745763778686523
2.5565427438131976,3.1378040313720703
2.8513084033656,8.827981948852539
-5.5623675139736175,0.512427806854248
-4.144685584269085,4.281511306762695
-11.221818720505304,1.0346250534057617
-2.111656589218961,-2.448472023010254
-1.626797120535592,2.883784294128418
0.7652624054000594,5.7313079833984375
-21.5531296050118,-16.069225311279297
-13.053772031257305,-17.384754180908203
5.42509465390903,2.1470375061035156
-5.5186956836840375,-10.351268768310547
-2.260381023139061,3.862710952758789
-30.3377383335249,-22.845809936523438
7.380729755239978,3.884113311767578
-4.172986764275874,2.4673080444335938
-1.2036514942358316,3.570323944091797
-35.2906329121599,-23.247323989868164
-2.54595208771381,-4.676183700561523
-10.901275449743116,3.209718704223633
-17.0078420331655,-33.2941780090332
-11.9784507557909,-3.188624382019043
-19.469018973061075,-9.425346374511719
-3.2142130797467816,11.793190002441406
-0.5663484394051013,4.004261016845703
-21.2195468929047,-19.780038833618164
8.077984978184695,7.5751190185546875
-17.0119321722455,-11.174166679382324
4.67424026120176,5.8205461502075195
-47.9875704511971,-35.67022705078125
4.316615136301563,0.4835624694824219
11.2728180991378,6.961019515991211
-3.5546157663424616,-15.633817672729492
-3.15887949932979,6.37431526184082
-1.6422791314174887,8.572246551513672
-3.448025235667948,-33.77949523925781
-13.5632540546311,-16.298118591308594
0.8825935384285006,6.644497394561768
3.27100049685324,2.1687307357788086
-0.7762273913233743,4.036821365356445
1.026942322157092,1.6532859802246094
9.859104788483815,1.0228099822998047
-1.9977872313530125,-4.656742095947266
-13.1809903671301,-2.450836181640625
-35.1782981083837,-36.82472229003906
-35.8337806803641,-20.861421585083008
-7.639409008216227,-6.02691650390625
-15.746453943284,-23.67504119873047
1.055995951979529,7.809808731079102
3.987299411465438,-0.6039037704467773
-37.0930621901092,-0.7099390029907227
16.694612728237402,6.840587615966797
-4.527979888097892,-6.498151779174805
14.6352674345898,-1.6464729309082031
5.034618319433818,2.0906715393066406
-3.77133000272187,-6.538957118988037
-1.61504571199055,-1.5554351806640625
-56.3663437951974,-45.023338317871094
10.088450856398616,5.528179168701172
-14.285610883283098,-32.71969223022461
2.6210618799141923,-3.838592529296875
-2.308732762121495,-7.6065263748168945
-83.9761260280997,-41.47386932373047
-1.03656181464744,0.9645423889160156
10.16232173056559,5.669153213500977
-3.12013961477547,6.8095245361328125
3.010752586641185,-6.373088836669922
-1.5178355576616795,-1.0518455505371094
-2.60072537807549,6.992517471313477
-2.367312137177082,-6.540626049041748
6.075310726130807,5.088008880615234
2.24572304437811,-2.58056640625
0.2044267191685782,3.2727413177490234
-14.409506408843407,-10.419986724853516
-2.683955047842884,4.233482360839844
-0.0075038478591599,-6.448726654052734
7.190050317883171,1.5448551177978516
-2.1691769605730515,0.5484123229980469
-7.910003358009165,-3.9845657348632812
-69.1366966634013,-32.68467712402344
1.437241653553571,-18.71224594116211
-20.7409218490905,-19.442840576171875
3.78247800369874,4.764041900634766
7.909526276907584,4.00291633605957
6.097122298913325,-2.3987789154052734
24.5800902168924,4.04278564453125
-9.979741434164584,-10.874467849731445
3.1327986373042376,1.5338640213012695
-8.393586343504198,1.6866741180419922
8.678125432705007,6.972558975219727
20.7428439693387,-4.757630348205566
-1.511416195100045,-40.3270378112793
-23.3725501337939,0.9372425079345703
4.69437535963172,0.1891613006591797
8.24149319055937,1.0886945724487305
-0.2898522089969393,2.5565032958984375
-7.19378137939456,-11.029241561889648
1.0271109700113177,2.9887866973876953
-14.564555056626377,-11.182279586791992
-9.657849716236,-28.891624450683594
-0.7280966227290082,2.8781862258911133
-21.8962191024866,-13.683612823486328
-40.2614734397264,-24.849769592285156
-1.77750068778882,2.4113893508911133
-28.3488859938485,-31.39769172668457
-8.184373188662292,-48.18480682373047
-6.135426654744688,-4.218692779541016
-3.270422191581055,-3.211723804473877
-6.055427015859325,-7.880444526672363
-34.3143130117107,-32.74147415161133
-50.4820483838523,-29.851390838623047
-4.639593570653838,-4.303308486938477
-21.0606958753072,-14.493879318237305
8.747205755218493,9.276344299316406
0.6884341878779402,4.892478942871094
0.300408103033295,-2.877206802368164
-2.6184282494780104,0.8287162780761719
-37.3999740396079,-19.9141788482666
-10.594900847222812,-15.3509521484375
-23.227454082363305,-33.92408752441406
-15.4814292943448,-7.20354700088501
-6.89310310865277,-1.4924812316894531
-0.3887710448227697,-1.032217025756836
-4.0896099478500325,-1.2767066955566406
-42.6579269422049,-40.19224548339844
8.45389840526827,5.862361907958984
-15.5157954828953,-20.743362426757812
-1.9802660997523944,3.526693344116211
1.8368511005450223,-3.383342742919922
2.11900133622217,0.6241722106933594
-38.4962238749225,-44.86437225341797
0.8069046214032297,-6.511810302734375
-0.0780407432645869,-1.2561931610107422
5.009535132419683,-1.3474750518798828
-74.9399761386801,-49.06403350830078
2.806732553915905,4.776237487792969
-4.81834176383161,1.6625843048095703
-1.4920816076829602,-1.4583282470703125
-0.003939288658445,0.10639381408691406
5.86288473591452,4.404248237609863
0.4443344011282492,-1.0085945129394531
5.72263802046558,2.1136016845703125
5.46583466116103,-4.3568902015686035
5.05355462238675,4.043893814086914
-17.190033530139498,6.328998565673828
-10.1192188918475,-6.034509658813477
-10.539071528779305,-2.9288787841796875
0.2492257167476033,1.7838459014892578
14.9823899147147,8.885637283325195
1.7336328627834918,-2.5431365966796875
3.2582764286422226,5.581974029541016
-42.4099588259267,-30.477500915527344
-38.7823663998969,-23.504047393798828
11.644495901203598,2.942432403564453
-39.0956747424042,-0.2596311569213867
-38.6438610292767,-25.090801239013672
-40.5029244010595,-56.32613754272461
-0.897066728281827,-4.088458061218262
-17.6830733389949,1.5416126251220703
-0.0084306638066775,3.220682144165039
0.5394390329931549,5.243860244750977
-21.61387508166409,-8.457332611083984
5.053393098685065,7.701694488525391
-15.7834934865799,-10.580378532409668
-58.40351531723695,-55.028892517089844
8.86280218600469,3.8291893005371094
1.888243484494037,4.090173721313477
8.99923705482913,1.7331581115722656
4.133325903305868,3.4050979614257812
4.774357664359128,-2.5965118408203125
7.418770080750715,0.37080860137939453
-2.25262466719878,3.1425628662109375
-7.071587649042333,-1.2958688735961914
4.398742241377427,4.1586456298828125
-8.692928400841772,-4.51666259765625
2.334382802629,6.6413116455078125
2.8274240704709,5.164623260498047
2.1747311895065486,4.4945068359375
2.776867734737273,-2.8994674682617188
-12.4595255596924,-0.36306190490722656
6.86106163750481,-3.101438522338867
-0.3530077955256401,-4.503114700317383
-1.6020246929696491,-20.555267333984375
-7.57557880794988,-7.221290588378906
13.9692836454661,4.611789703369141
1.289294757415069,-2.587770462036133
-20.3746494688195,-12.001808166503906
-8.044482691931467,1.2928123474121094
2.51340467963473,-7.107453346252441
11.0282847349576,8.320663452148438
-1.3944922949507652,-5.484363555908203
-26.2706781913698,-28.690658569335938
-71.7765711158932,-42.38123321533203
-44.2857422252861,-32.28318786621094
10.116767222520318,9.114059448242188
-46.9980356488569,-14.954174041748047
-8.677497573270493,-6.913063049316406
-25.781275563237,-4.666110992431641
-26.5692742661385,-13.690386772155762
1.2555345380058751,-0.8470535278320312
-0.810306898238276,0.9168148040771484
0.2404076931068699,-19.883638381958008
-11.9846830308257,-8.994579315185547
-5.775806690181939,-2.1540489196777344
1.9806048133258944,-26.68142318725586
16.618750626525,10.381731033325195
8.204494762209066,9.127754211425781
6.80321923705408,-7.799282073974609
11.710679650337616,2.8444881439208984
3.181253849239128,-3.5836610794067383
0.90894434552881,2.4276199340820312
3.547124544521316,-14.422548294067383
-2.202886656443709,0.7263259887695312
-11.133669865203094,-15.16626262664795
9.328533024448705,-0.4160270690917969
-0.7012610501602399,-0.30565452575683594
-0.3170472839931941,-1.0071372985839844
-2.3458288386735573,3.9573612213134766
-26.1191329979098,-17.004764556884766
-2.33292598982445,-4.268255233764648
2.461922216333884,0.2394237518310547
-22.4462583852743,-26.659135818481445
16.899113604615202,4.820472717285156
-2.85382252753121,5.569375991821289
1.2705701336207027,-1.8295974731445312
7.960789166364423,8.327878952026367
2.71808902854303,5.962105751037598
5.5273920092716775,-21.234947204589844
-4.11149235653684,-13.985519409179688
-20.9676231329802,-7.104070663452148
-0.89184437235696,0.094451904296875
-1.2816619609782416,-2.413393974304199
4.85634828411675,8.450368881225586
4.71112087372323,7.155139923095703
-30.7199022255615,-3.16580867767334
-3.8590388668775,2.8662452697753906
-10.6557437737239,-2.2539825439453125
-13.4460672849668,-13.616132736206055
-5.527709296795018,-2.429380416870117
-1.876637029070265,-6.502368927001953
10.2532613363299,11.312039375305176
3.00680128293027,1.0209293365478516
19.33685959748449,11.420677185058594
-0.1058882282985149,6.087395668029785
14.3436638764016,1.7107086181640625
-16.1535771788668,-20.95891761779785
0.9480162028997956,5.321315765380859
-18.5891767455387,-31.096240997314453
6.02246857213521,4.679155349731445
5.16750826555368,3.353954315185547
-1.0190872666435924,-3.756511688232422
-19.100904418149,-9.443881034851074
4.743603615290096,2.235213279724121
-13.8157551615103,-1.656198501586914
-3.802611775309477,6.905059814453125
4.30511943579503,5.578544616699219
-22.482844278002705,-8.07874870300293
0.60779733849738,-0.1845855712890625
-38.4626262988146,-17.859041213989258
-0.6089836493556324,4.211223602294922
0.8617451361473882,3.896656036376953
-2.40000424902785,0.21338272094726562
-2.390619984667185,4.795658111572266
-15.559462368784592,-13.810218811035156
-13.790764753514,2.522083282470703
-9.325981865786185,-4.982780456542969
-58.4491138315396,-41.924163818359375
9.550892694239591,5.2042694091796875
-2.3538192484503564,-2.254444122314453
-5.83438093189622,6.79401969909668
-7.10827059552493,-6.6374101638793945
-12.414939844598162,-5.78050422668457
6.6154810826822,7.883670806884766
1.3155747227446202,1.7467193603515625
-2.56542276271332,0.7606563568115234
-13.546032832554804,-1.3885478973388672
-16.600339428286603,-14.154467582702637
6.167862854629888,1.2863988876342773
-40.922076323723,-35.300296783447266
16.9349100756105,7.768318176269531
-12.24911226903676,-20.627016067504883
4.867927463076468,2.58038330078125
-21.6327950573002,-24.71440315246582
7.11033993521173,7.532209396362305
-9.59094984812801,-18.59160804748535
4.92186081619874,5.9720458984375
-7.815562497274902,7.355031967163086
-2.20364176327536,6.2108917236328125
-19.6754058911438,-47.766109466552734
-91.8886792382854,-9.00692367553711
-20.9507978903398,-42.92990493774414
-17.8084408175675,-12.537850379943848
-62.9612541332419,-36.46401596069336
5.598134989920393,2.7738094329833984
-7.283890318199592,-1.6825084686279297
6.1026124307435,4.582233428955078
7.42840635595139,2.0146026611328125
-5.179391847578812,-3.727825164794922
-4.873152982370568,-4.623528480529785
7.276768036701751,-0.1262073516845703
-10.739322929783883,2.1848373413085938
-22.9219832537164,-36.49702453613281
1.5259403537211615,6.870292663574219
-44.7886924625105,-47.423465728759766
-3.72583443525641,4.919122695922852
-14.57002364123529,-26.07740592956543
-10.128266274366498,-22.523345947265625
-28.0249952668106,-39.937461853027344
-26.24662901330595,-26.778791427612305
-40.3645652505015,-23.724151611328125
-30.8056950922951,-20.548328399658203
-3.9552380984537248,-0.8356208801269531
-2.1789667599796294,-2.788638114929199
-0.5734820606807138,-0.7738008499145508
-1.1617148968623687,-4.114227294921875
3.42848617073407,-4.456539154052734
-17.4030551064212,4.075956344604492
3.88109013796494,-1.3670692443847656
9.400493271217616,0.8695240020751953
-11.302161927872188,-17.907108306884766
-13.3709137252944,-18.656822204589844
-6.79658968512302,2.4700536727905273
4.509456424718162,5.501649856567383
5.45103123545738,4.0960283279418945
-12.909180343140196,5.691654205322266
-6.61979034735207,-0.3320941925048828
11.9978624338519,6.421566009521484
-12.53254789251529,-3.2069578170776367
-8.36198121766124,-6.013006210327148
-4.361976736345532,1.0341100692749023
-0.1898191226144924,-1.6526813507080078
2.3166834950764685,5.697293281555176
-12.6203596574975,-18.693538665771484
-1.207429910073891,2.6891860961914062
-29.7403775200217,-12.137958526611328
5.31082796058257,-0.8000812530517578
2.97844031586002,-4.71490478515625
-12.533050119535002,-23.88766098022461
-5.8684323426223,3.465656280517578
2.391980620215489,1.3198432922363281
7.73570234615748,1.595815658569336
6.093529951556334,5.003087997436523
17.709922444879297,2.8481407165527344
11.779516260068313,-1.0867938995361328
2.4866177573815964,1.8667221069335938
-30.89708550466269,-44.862430572509766
-9.231606713935047,-1.0534553527832031
-13.4089268865456,-13.324481010437012
-9.06573754635488,-9.155600547790527
9.30630078585379,4.118947982788086
-7.156550033865472,-12.391633987426758
-10.5414716495377,-2.6739883422851562
-27.8178569354009,-39.854366302490234
5.3817717725564,-2.7504653930664062
-35.155236696245,-37.36310577392578
-21.4141717786538,-24.483154296875
-2.6053130644292946,6.358526229858398
-9.953220777101093,-8.418460845947266
-8.798237091769485,-12.430864334106445
-27.6920167541674,-11.218921661376953
8.017093587799739,-0.13565826416015625
-1.19024715514191,-3.44925594329834
-3.2855896341823474,-21.09269142150879
-30.7366736665872,-36.18037033081055
-11.338238855350506,-11.340863227844238
-1.059512617215007,-4.126762390136719
-33.7712071062874,-31.664241790771484
3.812227003524945,0.1833343505859375
-2.8472026300298463,-18.582408905029297
-21.5871320482388,4.989053726196289
1.845960760756301,-1.8466815948486328
-13.950148061363093,-14.856225967407227
-15.1006814359747,3.406362533569336
-8.65496498210776,-11.004416465759277
-31.18852367408345,-19.17378807067871
2.35160533891099,-1.5523567199707031
-7.06329362397977,-8.91427230834961
-11.299328727708405,0.8199062347412109
-5.73967918172164,0.25657081604003906
-4.062121175440552,1.5132999420166016
3.62056380925444,2.194141387939453
-6.512385872303066,-14.80142593383789
-17.2817979072755,-26.32515525817871
5.79128728304933,6.931541442871094
3.7921116228684086,2.1328659057617188
0.51700222845629,-6.674091339111328
1.0966146270020711,-1.9452743530273438
-6.613686761665703,-21.89581298828125
-39.873530292237,-22.793161392211914
-35.0272315856836,-22.185707092285156
0.2475632146873464,5.231531143188477
5.59963570142504,-2.323770523071289
5.29419053806362,-2.4722747802734375
6.457932781589695,2.1135787963867188
6.4251548431743295,3.9213733673095703
-19.7885249955934,-25.608877182006836
-2.4097304318056905,-1.4461956024169922
7.543407488617369,9.382335662841797
1.83593808226401,2.4355716705322266
-1.5082203021212124,4.75993537902832
5.99108205682079,-0.48673057556152344
-18.1797235112709,-4.206474304199219
-12.840088322870097,-12.351873397827148
-2.23616712442702,8.075630187988281
-4.662511414401839,-4.638639450073242
3.41802282280863,2.7493953704833984
-12.0320822507053,-15.108184814453125
-25.9801803981754,-8.432673454284668
-5.97419023328963,1.0391693115234375
15.4186986077963,2.7120361328125
4.480465220149085,0.9562139511108398
-13.2363849677504,-12.896598815917969
-9.362863686069195,-10.251669883728027
4.128157012788561,-2.2788429260253906
2.26767773086615,-2.7106857299804688
-24.1634597090208,-34.771759033203125
10.013204486477417,8.028023719787598
-31.934070451053,-13.480671882629395
-22.9515728231767,-1.86602783203125
-11.219410776078313,-14.340583801269531
6.00089213826483,-0.9147357940673828
-28.9638748432599,-39.284820556640625
3.11049964318654,3.151050567626953
-1.073248118887358,1.6858282089233398
-10.249148139079496,-24.297840118408203
-13.14009076535719,-29.981666564941406
0.7364260970712593,5.363410949707031
-44.9949251983702,-1.9996509552001953
-5.159519294761907,-4.7782511711120605
1.869241020829697,-23.684358596801758
-55.54568697318505,-51.192691802978516
0.3065104335081801,-2.3997802734375
-10.386374558578522,-2.3548126220703125
-3.0345245902191325,-1.4999313354492188
-57.144820014625296,-22.650283813476562
2.85060083445348,7.561151504516602
2.446050707651698,-2.9230690002441406
5.50221601830175,-0.12529754638671875
3.455876052191651,-0.4547748565673828
-14.6157572128631,-20.48527717590332
-0.874105623616695,-2.2498531341552734
-1.378759213278819,-2.8922977447509766
1.350733135180331,3.4964523315429688
-1.94666134980912,-1.601527214050293
-3.36735139960915,-2.1377792358398438
0.8319171014720902,0.48989105224609375
-40.2101205720394,-3.4248571395874023
-24.577379709126298,-35.04683303833008
-18.6292132467089,-13.368959426879883
-46.39510994896701,-26.421497344970703
-2.487076105276776,-0.2651329040527344
-4.752960817423343,-24.785531997680664
-0.1160299782726794,-3.3831071853637695
-18.5277286275242,-9.862482070922852
-14.1325019191809,-14.420852661132812
10.909208084253878,3.996929168701172
1.30779520720034,3.836833953857422
3.986867952152618,1.8964004516601562
-21.7936206120663,-27.59685516357422
-2.643556292002,-6.599259376525879
11.0853991753379,-7.085329055786133
-12.9397422629832,-17.317596435546875
-0.190891674386513,2.4320907592773438
-6.32558602127377,-1.2996139526367188
5.391699208755202,5.687400817871094
-8.998840630677615,-5.213132858276367
-1.6005087696864486,-5.284336090087891
7.5482379424635875,4.006877899169922
-7.642910278690365,-3.1568098068237305
3.719171936095444,2.0551509857177734
-0.8981307679622897,-2.4560928344726562
7.06032809637297,4.8463134765625
-3.134999611446543,1.095747947692871
-5.94174589421185,-0.7963523864746094
-17.7883076547542,-20.10579490661621
-25.2381267145584,-50.38884353637695
-27.5445722402187,-42.15325164794922
2.6678241356197647,-0.6832427978515625
5.02066543392875,-7.518163681030273
-1.67197513843126,-48.91162109375
6.58117049992555,0.8833341598510742
-2.1147225087047508,0.1979684829711914
-76.9668504799361,-12.510120391845703
10.11870938841209,0.6096305847167969
4.755697845162629,5.503442764282227
4.001938538520379,-6.386003017425537
-14.1813773041305,-22.92285919189453
-24.2508933717269,-19.609554290771484
-22.3071231538392,-58.548866271972656
7.2595381633228,5.780628204345703
11.555346181601609,7.684638977050781
-26.258782255785,-16.31659698486328
10.3189652047012,-4.531765937805176
-18.5255095356289,-35.86637878417969
-1.0680791130593923,-1.4703960418701172
-3.5390830989045075,-8.606898307800293
10.468583156479704,4.018962860107422
-10.613183176373598,-5.786325454711914
-6.40442742836347,5.360116958618164
7.196532980977684,9.842790603637695
-10.586292641023492,-0.5255928039550781
-26.79502671025515,-28.3385009765625
-7.187555808667961,-0.5148372650146484
3.1988276731025875,-3.73507022857666
7.827394642815597,7.5326385498046875
3.887422638441485,7.669523239135742
-3.41466344580097,4.052013397216797
2.667044757168528,-1.7852039337158203
1.0590749185315824,1.4892902374267578
-3.9965921287470247,-6.084892272949219
10.982614675109394,6.622989654541016
0.4076170529080399,-4.974176406860352
2.71319811317338,-1.8561763763427734
8.652061852316729,2.6749401092529297
-0.6579761516790089,-8.756537437438965
-51.6773231694491,-23.25428581237793
-2.8325461302865187,6.043107986450195
2.12749125232924,-15.478826522827148
3.562549470771905,-1.4051246643066406
-16.517773128145326,-5.180459976196289
6.874655354673765,7.332010269165039
0.2047767843086013,0.1232004165649414
-2.698758931910008,0.03544044494628906
1.8601156760560384,3.475536346435547
-22.2455703021075,-26.740306854248047
2.4288820651169605,5.073640823364258
-16.8307740899425,3.8254432678222656
20.7191486697607,8.31649398803711
-30.7261055182573,-32.989341735839844
-38.4849400567448,-29.335023880004883
-14.3103126367969,-11.984931945800781
0.7860328468455551,0.01612091064453125
-48.3858044800915,-51.49454116821289
-3.21662088766757,-3.5121421813964844
1.675245639565673,-4.420377731323242
-90.3299705619704,-54.17268371582031
-9.28527551691871,3.156435012817383
-1.2293411329062325,-0.23386192321777344
-4.534682244798708,-7.477031707763672
-68.1959205924323,-27.960464477539062
-24.5242345195019,-27.460224151611328
-2.77042962989298,-0.8294773101806641
3.8009101564042025,1.7336387634277344
8.933703319425492,3.3701648712158203
-11.341527235964405,0.6897287368774414
6.71098989067457,7.577898025512695
4.54734483862441,2.8209075927734375
-5.16341129781556,-7.0039472579956055
-49.062306315025,-41.22968292236328
5.26551760771767,7.654407501220703
3.33951124606136,-4.529582977294922
5.006519903780723,-4.923000335693359
4.05485944970297,-3.244251251220703
2.283405953189745,0.9173469543457031
-2.66483863280114,-2.2152938842773438
12.566471603210276,6.939115524291992
-27.9020155354992,-21.476776123046875
8.88265541550952,4.67881965637207
0.1652887870268324,4.831111907958984
15.4985727759109,8.596755981445312
9.014890317831036,7.001352310180664
1.4803529144374856,1.1770477294921875
18.1939100849816,9.613822937011719
-2.6304973605131474,-4.686149597167969
-5.493763326806099,-3.985057830810547
-36.7383193130824,-30.304676055908203
5.062784719364307,2.913776397705078
-12.026803679110706,-26.793697357177734
-3.01321716593974,-4.113307952880859
8.35813394800668,3.2385997772216797
-3.60075442831331,-2.3132286071777344
-9.509135784465323,0.11346435546875
-19.6175855102284,-17.070087432861328
-27.8629509568953,-24.50851058959961
1.74273211890989,-0.076385498046875
-2.19578977406709,-0.819854736328125
2.42002639701588,1.4964799880981445
-25.55316918036869,-12.50850772857666
5.635020609606415,-4.735834121704102
-34.727836669101,-25.036218643188477
4.4516036428765,1.573472023010254
4.967381413305823,-1.5549736022949219
-6.81516141534704,-3.351451873779297
8.658679095048068,6.629434585571289
3.7347243087796,0.0018100738525390625
-12.909633143366396,-6.258691310882568
-60.49569009623433,-43.35480880737305
-3.790702882666694,-3.5008621215820312
-12.41068356063,-7.595455169677734
2.76740193393285,0.9873237609863281
-18.9061714872788,-6.7486572265625
-3.681083449701528,-14.099048614501953
8.13893448615947,6.71763801574707
-51.402683514636095,-35.885589599609375
-3.0703466753296,-4.546363830566406
5.989492839405608,-23.384178161621094
8.833837192566008,6.734832763671875
-26.1965705632023,-11.017950057983398
10.229168329440906,-1.3537158966064453
2.12042655289975,-1.1341371536254883
3.88810032819938,-0.37602806091308594
-31.515616413872173,-21.234230041503906
2.28163515100639,-0.6607160568237305
-9.633163292669298,-20.09139633178711
2.63206586722876,-6.870365142822266
0.3189015990893598,-2.699464797973633
-6.31868596379813,0.7282695770263672
-6.4648984000359935,-14.467620849609375
8.91646092056966,-2.591245174407959
-42.637521131086125,-17.265588760375977
-89.5439156156453,-48.34101104736328
9.179556151687803,1.1050262451171875
8.754663680824095,-0.3206205368041992
0.8838679103249854,-3.273739814758301
4.338369925074482,-3.654111862182617
-18.23432595343749,-14.506429672241211
6.92534745147092,1.4308700561523438
-1.768261666543676,-1.5852165222167969
-7.87226820943855,-0.5364570617675781
-12.0847368637308,-8.457677841186523
-4.4222229386498375,-0.6269950866699219
6.63109301847755,-1.9730587005615234
1.675381804264854,-4.395162582397461
-6.897600670415837,1.544886589050293
-12.2774867069717,-25.593624114990234
-3.963646539183849,8.443422317504883
-2.552277046947741,-4.923770904541016
-10.78700495517378,-2.0824337005615234
-6.426376983867103,-4.320697784423828
8.2142562177934,1.224874496459961
6.07843040491799,1.498326301574707
3.08443697315444,0.1847515106201172
-1.3811964732242277,-3.2136363983154297
-4.51305804704249,-18.634422302246094
-9.93375477053989,-4.933103561401367
-0.6581754288220045,3.9000864028930664
-7.952166005584182,-13.346207618713379
-13.563015982384195,-9.818767547607422
-47.9957157156951,-21.11234474182129
4.96190002222477,6.671642303466797
-2.0240269290899,-2.512187957763672
3.47166270740147,-3.9967308044433594
-5.2815921348029296,-5.047950744628906
2.369358494612781,3.5249290466308594
-4.214346026907057,-3.9053215980529785
-23.8934551543691,-32.301727294921875
-1.0659561461183158,-0.27181339263916016
3.126169348435272,-32.798770904541016
2.35164464781062,-6.015214920043945
-1.79502295092813,-2.0261764526367188
-15.957982665262508,-26.560794830322266
-64.65676531723692,-49.18082809448242
-27.8195558011628,-25.44862174987793
-10.480511156242285,-12.889848709106445
-6.18357684414468,-1.3376197814941406
-6.75960002722117,-10.495386123657227
4.4105627388370605,-0.37856101989746094
5.58846482112586,-0.22631072998046875
-16.8483709423333,-4.507322311401367
-3.34531377329845,1.2574758529663086
5.893700156574014,6.349983215332031
2.745769909533195,6.328296661376953
2.53362859007723,-6.765918731689453
1.0880788430276551,4.842868804931641
