Score,Pred Score
-13.812973987503693,1.0471916198730469
-14.6311710829416,-41.4211311340332
-15.020937907067507,-8.616785049438477
5.61896917638109,3.4422969818115234
0.1461877509898399,-9.436647415161133
3.59745169898486,4.153144836425781
-6.72144892291601,-5.076168060302734
4.304204520484877,0.15874290466308594
3.37898618824583,5.770063400268555
3.939818822274421,2.423053741455078
13.9953943577381,1.9424476623535156
-5.39913759737588,0.021282196044921875
-2.204579993178592,2.62628173828125
8.829561804598438,0.3085479736328125
6.01696699102072,7.036895751953125
-6.376202369524528,-3.9788312911987305
-6.50906463316165,-5.310703277587891
-60.92137282626391,-36.40806579589844
1.99934019108803,-2.482680320739746
2.188685633501576,4.82246208190918
4.07090957771029,4.713327407836914
0.5211206139658471,-6.419700622558594
12.5580583918003,3.977846145629883
3.320229681965675,-0.30039024353027344
-0.4381862293696001,2.218822479248047
0.1752112379752922,1.508316993713379
4.123908949931413,4.4830322265625
12.966325580978296,4.037666320800781
7.692941411907634,-1.1096439361572266
-62.9031214125763,-41.21767807006836
-5.800670766453999,-6.259428024291992
-11.705366535732304,-19.42627716064453
-4.786538605318405,-0.7314262390136719
-82.4887013651952,-49.95478439331055
-8.251107402184557,-2.225889205932617
1.61677665352485,-10.436984062194824
-11.916211326129387,-20.35559844970703
-45.634880019414,-27.151731491088867
-0.568998602339841,-0.5596199035644531
-12.147399114840605,-11.043484687805176
-27.4476544011683,-39.09661102294922
-0.4835459876036119,1.9358978271484375
-8.39479061793487,-10.020625114440918
-46.862925671502296,-24.699525833129883
0.3837795244341289,2.5708274841308594
7.184930267876617,4.148681640625
2.8348518495029404,-1.9942169189453125
-9.859535687586003,0.8638954162597656
-6.00025755794808,-2.0986900329589844
-4.764629840066975,-6.48927116394043
-2.377061578670744,-2.000448226928711
-2.0585753436264698,-3.221588134765625
1.1848602197973823,-4.254695892333984
4.97603191479674,1.2353019714355469
4.27399441028646,6.508634567260742
-46.2372447228831,-44.96295928955078
-31.4759298257721,-34.049381256103516
-50.1674018945849,-25.28435516357422
0.9601515747159592,-0.034252166748046875
-11.864177458483407,-1.9817781448364258
-0.538262620928304,-3.376605987548828
-1.5184696160120892,1.5322227478027344
-3.0836644409391925,-4.0374908447265625
11.316750179392892,10.345487594604492
-11.183106529127476,-10.980673789978027
3.59102041590596,-0.7009296417236328
4.55602013063716,2.1919736862182617
11.579228393987275,0.6666107177734375
2.3067635611900137,-1.0631589889526367
10.480393919522983,1.366628646850586
-2.698100773809443,-2.8266468048095703
3.776985072333982,3.5781898498535156
-11.773766374328297,-8.933195114135742
8.681027307740193,-5.4067840576171875
-1.1091988250418725,-2.577953338623047
4.484288991501213,0.7634849548339844
0.0548896546292299,-4.262538909912109
0.1118559290339978,-6.839031219482422
3.9797293996962297,1.5056781768798828
-22.42608065327665,-24.998260498046875
7.37064384347005,-3.618654251098633
5.344594984386832,-4.060493469238281
-1.2497809936708242,-1.6033611297607422
13.71198107208239,-3.5678443908691406
0.5045482395984724,-2.8120179176330566
2.86709961553106,-3.801790237426758
0.4423212163888063,-0.5329856872558594
-3.724573545179619,2.8566246032714844
0.2570808252882703,-6.188947677612305
-70.65073406723695,-53.32346725463867
-33.9587360563784,-24.332000732421875
9.2088386022025,3.3859634399414062
1.3318185914773402,-9.985292434692383
-9.176001953270983,-10.750528335571289
-10.497767159210698,-11.840776443481445
-0.4402086584014632,-2.41805362701416
2.1560784090827942,7.275022506713867
-27.1636490162131,-7.184623718261719
-0.670930828719279,-6.485050201416016
-22.794043146736,-25.494895935058594
0.8105828534072201,-3.3383235931396484
1.2287673509824204,-1.8770885467529297
-0.6435038581465955,-7.502407073974609
8.474782023793379,-0.08189010620117188
-9.601847091024196,-5.151425361633301
-1.6610011043127195,-1.105142593383789
-0.1091636509260827,-5.5240020751953125
7.570838092245207,-7.062341690063477
-7.211196994815285,-28.85621452331543
9.090654061652296,-5.507026672363281
-26.6651088566214,-1.958968162536621
-17.309192174305,0.3904294967651367
4.14054171285972,-1.0319805145263672
4.097668935846943,-0.30731964111328125
-0.29408409265346,-2.2912654876708984
-35.8165916579592,-25.981098175048828
10.898098675545494,1.9094657897949219
-1.6552655274048038,-2.757923126220703
1.6729502580778592,-6.68720006942749
-6.42491227706334,-24.059795379638672
-15.4752611754195,-24.40365982055664
-0.6907348474047925,-5.719457626342773
-21.3629045873375,-10.179508209228516
4.219145585451182,-0.3327159881591797
-3.019531285218114,-6.832862854003906
4.25311060075082,-2.372346878051758
-15.0412339008878,-5.82850456237793
-8.237627320974727,-27.436017990112305
-1.0683487237199796,-7.242834091186523
-1.7174251595272625,0.22313404083251953
4.069163600073605,-1.3330650329589844
-10.162041561092582,-21.024032592773438
-5.97248436581227,1.301910400390625
6.120538767403939,2.755342483520508
-0.8028238008287005,-21.400238037109375
-23.6042929930625,-31.232219696044922
-0.1777753404752198,-0.017566680908203125
-5.785469568057495,-43.8028564453125
-0.0556983764780604,-2.339949607849121
-25.4508968849616,-6.393073081970215
-5.3185412482723295,-3.104095458984375
4.020569536845237,3.5513839721679688
-58.5527340809363,-4.246822357177734
-6.291328737399075,-3.2856836318969727
8.922207576391518,-5.97161865234375
22.7414116448382,2.8471412658691406
-44.6057608529879,-48.354103088378906
-26.5129077898497,-17.792043685913086
-2.13735826282737,-6.233070373535156
-1.14890133483728,4.397167205810547
0.369316059642221,-1.4617290496826172
-0.6884117876070912,-10.4238920211792
-5.8772631055401,-8.31686019897461
3.6053774296538297,1.6770086288452148
5.07108724357905,-0.8932056427001953
1.292753014965791,4.290367126464844
-3.43040335892423,-9.07414436340332
0.7651079053562314,2.9342660903930664
-37.13962469223695,-31.299970626831055
-5.822632503482525,-2.0084228515625
-6.879472048396067,-15.386894226074219
-7.1526743450051855,-7.447169780731201
0.3302260274555297,0.47679710388183594
-1.178255647098801,1.184844970703125
-2.99361591491145,0.9754257202148438
-18.1070051290659,-13.464120864868164
-3.0332808194811403,1.9017353057861328
2.6303171850506604,-4.218620300292969
-9.72499716390718,2.8698081970214844
0.2729453578388601,-6.617116451263428
-21.4503408223732,-16.19775390625
-4.99755531471552,-6.363445281982422
-18.0018409950579,-22.828725814819336
4.00031385473591,4.127197265625
14.1235470599023,-8.365335464477539
6.55729051148795,-3.5592803955078125
11.19992297656359,3.9066505432128906
-7.81388191369781,-7.08296012878418
-2.924593214648255,-2.2370595932006836
3.7667366885646025,-2.899416923522949
-6.68253431604433,-6.762553691864014
0.7345204104922589,2.5874805450439453
-10.626155896203898,3.003664016723633
8.106852576346123,8.804218292236328
-58.24412469223692,-42.33403015136719
1.4955767028094,-1.5644874572753906
-17.6906096863185,-34.25729751586914
-4.813871520282443,4.539770126342773
-11.8973420493851,-12.970930099487305
-2.67676896274171,-4.137615203857422
-3.9331393974605526,-1.117288589477539
8.756217929094177,7.938570022583008
-29.2662792150344,-0.5315208435058594
1.7249239205326918,-3.396566390991211
-6.686975812883663,-20.957406997680664
11.10272802991041,7.011867523193359
-10.956818171714705,-12.918641090393066
-6.3500959185649,-14.869556427001953
0.6681105368389735,12.81719970703125
-12.500029270357295,-25.07155990600586
-2.591242863373206,1.6731758117675781
5.954690473588823,-1.011143684387207
-43.929359067237,-23.468456268310547
-17.4841411730512,-5.841126441955566
3.61441892535489,0.447906494140625
2.1112971208509976,0.7531671524047852
-41.8026500314277,-13.289396286010742
8.463248256721428,4.286247253417969
-13.037072413777096,-17.74919891357422
-1.6307504375632549,-4.588460922241211
-0.3284521577656807,-3.579782485961914
0.4685622181175212,-9.455511093139648
-5.316952415477393,1.1140861511230469
4.584421564331302,-6.812595367431641
-20.3593816575191,-22.82550621032715
3.67041582610247,0.7038764953613281
2.204062447972561,0.40360450744628906
-4.666937653128132,-1.7047252655029297
-12.3781694316975,-10.955132484436035
7.06923762363823,4.3937530517578125
-37.2883298194418,-25.647018432617188
6.442434166934048,7.858366012573242
-12.2162083245621,-6.331851005554199
-20.3623076046531,3.605341911315918
-5.45440876641342,-0.7285022735595703
-4.96580172718434,-13.339746475219727
-37.4061766871973,-24.425273895263672
0.5403453062071405,-1.3227500915527344
8.656689402528613,5.479036331176758
12.331931266595111,8.806623458862305
2.75380173901167,4.900638580322266
-2.8447496930443927,-3.335559844970703
0.0285872237409883,2.6050643920898438
-73.5286754265322,-17.759586334228516
7.285509446842615,6.692939758300781
6.72046542688671,1.2880783081054688
-6.19730890695259,-2.0183563232421875
-16.4599719883519,-4.471574306488037
-10.288292260688207,1.4084930419921875
-10.285920522724917,-1.2807083129882812
-4.65691689928222,-5.398738861083984
-37.1716279374795,-21.614280700683594
-36.50577458359941,-0.033623695373535156
0.7942566624333496,2.104249954223633
-2.491707941339629,3.4517364501953125
1.7387039934851498,3.089902877807617
-13.8996269060666,-1.1536941528320312
4.17561229224804,-4.257967472076416
4.7680640763497,-2.8355298042297363
-6.745372906074374,-4.106949329376221
7.262818938793504,-5.368096351623535
-55.7541546140486,-33.1434326171875
-5.85807143580148,-0.7490615844726562
-52.7336020518746,-38.66645431518555
-1.995826789875676,-0.8995280265808105
-1.3326443092463092,-16.464618682861328
5.029017096161708,-1.0886383056640625
-0.71117494174041,-3.1203250885009766
8.243548509216069,5.586545944213867
5.81602235619721,-8.847023010253906
5.978124919049687,9.719603538513184
-2.8859593337581737,-5.404335021972656
-26.0047332498617,-19.420249938964844
-1.5220929784942658,-14.597349166870117
-15.0089303719363,-4.707402229309082
-1.757118944268968,-24.773242950439453
-13.5091075877696,-2.172840118408203
-4.0681667574955,-2.117847442626953
4.43276114617859,-1.01873779296875
-4.665207913971671,-2.0725326538085938
7.33919324558513,3.2189197540283203
-11.69780882660921,-10.568670272827148
-29.9162730471743,-26.3588809967041
-5.331847529263395,-8.458564758300781
4.2006804390709,5.772380828857422
4.76541245752904,6.2599639892578125
5.87221574658101,1.8258380889892578
-12.955988512618,-43.11610412597656
-14.4061745570978,-22.03515625
13.644333664082708,7.244876861572266
7.522446474796843,-9.236044883728027
2.858782897786812,1.4253969192504883
-49.8653288018085,-48.96489715576172
-4.029904705212941,-0.7919855117797852
-6.2026319104393295,-21.9384822845459
4.452168509343501,2.828606605529785
-16.475900892606802,-7.454994201660156
-11.03094492075089,-42.06090545654297
-8.08045020128908,2.4497785568237305
-14.885807229381896,-0.5214176177978516
-11.113180908425988,-4.382201194763184
5.506094216928792,-1.2961139678955078
5.29091659278858,7.468794822692871
3.42106467876526,1.8964729309082031
5.162821279449693,3.0369529724121094
6.020551076354931,-0.6013612747192383
0.8086942897832163,4.065324783325195
-8.80546181278599,-16.197179794311523
-7.42349600405968,-1.4896564483642578
-14.4731176558811,-1.5441017150878906
-35.5448186771701,-10.924358367919922
-1.657597602265355,-6.532054901123047
-1.930224441335125,-11.547588348388672
-10.398648228661925,2.7422475814819336
1.3131129859732091,-0.47939109802246094
-0.1240821746904601,-3.8413171768188477
-35.1709788883515,-19.07152557373047
0.6771989561182002,-3.3810806274414062
-5.8677981963370005,-2.806036949157715
0.7982616963508231,0.2251443862915039
2.595279020812243,-3.239187240600586
6.9472187772133225,-2.2075042724609375
-41.1395198834054,-7.407161235809326
-35.4604736838065,-23.588661193847656
7.87379173269718,5.148530960083008
-8.72128086410909,-41.41225051879883
-82.13826531723697,-12.771129608154297
-9.70693692529289,-17.937761306762695
-61.4386715672369,-45.65134048461914
7.10938257895085,2.363466262817383
0.4007388327427847,-0.2045001983642578
-0.7455370396145937,-1.5241336822509766
1.674966057420845,3.9527339935302734
11.877856996640997,1.9663286209106445
-0.9096556467231308,-5.969535827636719
-1.4680391508473674,-10.034317016601562
15.6414782015599,-8.79000473022461
-10.35739215730591,-2.909168243408203
1.926107182225645,-4.119820594787598
6.99756701325662,3.1843013763427734
3.54836143321337,0.47414207458496094
-7.726553411266567,-9.087955474853516
-48.51478094223695,-39.714359283447266
-3.0453156276270903,-0.9926137924194336
-3.454798154796729,-0.2323284149169922
9.503977484174175,1.9689521789550781
6.001532732018722,3.8264217376708984
1.775572054007981,3.351560592651367
-2.6871577689602653,-5.393276214599609
-7.920344649869953,-10.677713394165039
2.578081311550471,2.406381607055664
-14.434457477598505,-5.219366073608398
-1.338045882914232,-2.527118682861328
-44.1817825469333,-33.502254486083984
2.4314234692194163,-4.9826273918151855
-2.07036107592124,-0.8211307525634766
-6.560167066336443,-10.497759819030762
-2.54688332955635,1.3379287719726562
-7.940842049461227,-7.453084945678711
-7.789052707582185,-4.467296600341797
-1.4295761119406232,-1.101731300354004
7.206977941743588,-2.0769901275634766
-4.081394009803599,-0.448150634765625
-30.167243616457,-20.73720932006836
11.7225687296843,3.9229373931884766
-0.8984319813221007,0.074127197265625
10.349523074958825,1.1815452575683594
5.42147270471237,5.479923248291016
-0.3136273830120112,0.09276008605957031
4.398848813602776,7.9122772216796875
2.099307195887115,1.2981796264648438
-61.6890402284636,-46.65358352661133
-7.08434802004719,-7.011513710021973
9.0758909366509,-1.2034358978271484
-1.9263965715605047,-0.44920921325683594
-6.262949496708321,-5.620862007141113
-4.739766082030863,2.9286975860595703
-36.8822022827233,-29.867633819580078
3.24770439300306,1.164952278137207
1.41805545618482,1.8489036560058594
-24.4432878855492,-13.291261672973633
-24.96156751119129,-22.67697525024414
-7.734574598544068,-20.01378631591797
2.79124989437018,0.04868507385253906
-5.17831154550348,-16.717117309570312
1.5275640312561216,-1.4985847473144531
3.682989905065457,4.147804260253906
-10.8237586662752,-17.892160415649414
-6.929951553081727,-6.833696365356445
-27.96215708599589,-12.302348136901855
-2.88087637063392,0.7369632720947266
-5.960419628776203,0.5866813659667969
-37.189874708633695,-27.520896911621094
1.1496085756031087,0.7262201309204102
-12.7137936794919,-17.28863525390625
8.398744223780918,0.3824806213378906
-33.3004252633332,-20.162254333496094
4.065326821312747,2.798187255859375
-41.9047429025821,-22.153602600097656
7.383552345763623,0.4342632293701172
6.364261125349779,1.288442611694336
4.841793570156368,-5.356201171875
4.179707781567577,3.533924102783203
-14.7229944429405,5.490264892578125
7.078924552126015,0.6573772430419922
-12.898019313824,-9.135494232177734
-70.8116033690518,-1.6124687194824219
12.7359625054994,7.045995712280273
5.586124430090477,3.7362918853759766
3.028467183462371,0.12679290771484375
-5.830142578087577,-7.982976913452148
-22.6841489367301,-12.395732879638672
-1.51657819068512,-0.22079849243164062
-81.52648016021857,-4.95012092590332
-3.36903782007548,-6.437969207763672
-18.707844022,-23.234603881835938
-34.48768519828235,-7.366558074951172
-39.7169735486916,-14.190064430236816
-1.593720937577549,-4.18562126159668
-23.2954444871652,-13.363187789916992
-45.30258920076982,-26.596912384033203
12.5056328567953,3.4621315002441406
-11.9299972333177,-5.338798522949219
-37.9495035857927,-5.281410217285156
0.7001962140772594,-0.7039318084716797
4.49418879319923,5.697093963623047
-39.0646563811545,-38.60124969482422
-9.09730633851708,3.5835018157958984
-17.5589533745204,-14.850383758544922
-4.92782811871599,2.2053070068359375
-8.2299173561342,-9.228099822998047
2.60625970962018,-1.0988845825195312
2.726862934921635,3.061616897583008
4.071661498679735,-3.6847267150878906
-11.9154244975033,8.693328857421875
0.9090871567987184,-8.58179759979248
7.92708077877978,5.259714126586914
-3.119647295186995,-6.545198440551758
-2.248378586620203,0.01923370361328125
1.6646916021852596,0.35628700256347656
0.1590569364430157,1.2333741188049316
-77.3623903172369,-47.08662033081055
15.8859560938761,7.701587677001953
-3.11888044241469,-1.0040655136108398
-2.7468186065138984,-1.5530099868774414
2.77922195660905,-5.788330078125
4.052279150357491,-9.7213134765625
-4.03806373695381,-15.196271896362305
-2.4461467814868523,-10.006429672241211
-0.1639564470097907,1.744802474975586
0.8542168432631491,-14.269716262817383
5.84905996845087,-2.711599349975586
-5.77665564868809,1.3157539367675781
-3.7008288999313423,-5.123641014099121
-7.18713065449027,-5.283111095428467
-0.9529303605806088,2.517852783203125
-15.902118442879,-10.205448150634766
-28.0636361890057,-18.019777297973633
-26.912205886836706,-22.992630004882812
8.596988309863011,0.870819091796875
0.2877587512502297,14.75961685180664
3.3899996482015826,-2.001453399658203
-20.5869014386951,-5.1790690422058105
-9.341800010912078,2.340160369873047
0.1692077246922899,1.1433353424072266
-1.857666460494741,2.1342849731445312
-13.2752747780792,-35.089046478271484
4.49646859469848,-6.2610273361206055
3.60913262992784,-4.534828186035156
-5.653435188749545,-3.571068286895752
1.51502173443586,1.9161338806152344
8.143116180793372,-0.8500537872314453
-8.36164856265281,-36.5540885925293
-1.130678948105339,-1.2346677780151367
-4.349210006555943,5.342878341674805
0.2594141505344826,-10.489148139953613
-32.1283374054069,-19.29117202758789
-1.9051378030600723,-0.928314208984375
4.768047800449637,-1.9923677444458008
2.264898495983479,-3.386686325073242
-6.47138721063866,-5.960379600524902
4.93167956005568,-7.055757522583008
2.4851768276660025,-2.836284637451172
-3.930469946192945,-10.3942289352417
11.923948375295712,4.519229888916016
10.41580460128629,0.5017738342285156
-8.700462669667385,-6.003509521484375
13.1991243046288,4.072993278503418
-4.75101729862813,1.2660655975341797
-1.4230966237807086,-8.393379211425781
-2.07861348348741,-3.1371822357177734
10.292368565007404,3.2599716186523438
1.9007667723773176,0.8441505432128906
-0.1428452494230792,-3.8288612365722656
2.4933992323843923,-12.299161911010742
-13.861300672159,-3.761810302734375
-1.7943154401891548,2.3756208419799805
-4.15624175439773,-9.876534461975098
-14.277645616907492,-2.5237178802490234
2.713132201978397,-3.7501420974731445
-13.315456279797685,-32.110328674316406
-5.36204355968609,0.7827510833740234
-1.4872271509121793,-3.985158920288086
0.31232235517322,2.5297107696533203
3.0307168501552093,-5.07194709777832
3.4484762474106,-5.041851043701172
-34.0729170807354,-24.61188507080078
-25.0659802428987,-5.227933883666992
0.86771933446589,4.7732696533203125
-11.996919710325,3.2722702026367188
-56.2560888739038,-34.373497009277344
-12.7386491421071,-15.107739448547363
-3.520787796436005,-11.590291976928711
-0.8014467498558491,-7.683935165405273
-34.7812340468876,-25.654735565185547
7.158235365631607,-8.408472061157227
3.29681579894721,-4.081279754638672
0.046018285265003,-21.626041412353516
2.046344769010002,-3.0056819915771484
4.25403099118957,-0.5188198089599609
3.7804230286959792,-13.654491424560547
-3.773219093074008,-1.4681777954101562
-9.722403045722997,-4.085338592529297
2.81101468536903,-5.947460174560547
-23.7494411406013,-15.929588317871094
-75.56229656723696,-51.7093505859375
9.94612085382829,4.957845687866211
-8.207132148775708,-14.240238189697266
-3.09775596823669,-2.601238250732422
3.77256113899207,-1.5244951248168945
0.2016574678685985,-4.60908317565918
4.38808277416547,-1.7692499160766602
3.7092867134231,-6.892740249633789
1.6740112862957208,-4.197813034057617
-5.472376660417956,-4.985618591308594
12.283123760680592,1.410369873046875
4.417989059347175,-1.8659591674804688
1.907333647224608,1.9394111633300781
7.837521570550837,9.764318466186523
4.82455755953161,-10.995068550109863
-0.6472060937938101,-2.1105403900146484
-8.237956686764985,-23.26503562927246
7.859716520666763,1.7735519409179688
2.765011277030255,-1.2531681060791016
4.62415639298937,2.767139434814453
6.430237727930085,-2.9413604736328125
2.44728958086436,-5.538187026977539
-1.93656353174353,4.617301940917969
-33.7845903951132,-23.620285034179688
10.960301672714698,5.846065521240234
2.4659746492236927,-2.0745277404785156
18.2642273209106,5.6925811767578125
7.656482330373112,4.987920761108398
-63.2346715672369,-51.51949691772461
-22.9610154952969,-24.776317596435547
4.39789099231211,2.7663002014160156
-46.587141393021525,-40.41535568237305
-12.281506448986304,2.8535919189453125
5.220668557811489,1.0176067352294922
-1.4412632820262703,-1.9973163604736328
-35.163016426576704,-26.754192352294922
-31.380009974583203,-16.280366897583008
-40.7258600860177,-7.599967956542969
-35.3994683825842,-22.208385467529297
-10.968565079401992,-5.807631492614746
15.384553292915324,-18.709095001220703
-0.4271227388875901,0.7871360778808594
-7.69948364751984,-3.8904504776000977
-26.6822467124322,-15.980003356933594
-0.2823200449385875,-3.640535354614258
-3.8453528225106623,-14.892984390258789
-2.4599041427842496,4.055751800537109
-12.7315114055493,-6.779253005981445
1.418014053180695,-8.333364486694336
-3.4922781726655696,-6.275083541870117
-17.5801214502402,-19.939661026000977
-49.5120706514507,-39.69288635253906
-0.4503474699443348,5.506654739379883
2.332279780348585,-5.624173641204834
-42.2483635713802,-45.383060455322266
-5.00028834575103,-6.606441974639893
-5.14141487663266,-4.77186393737793
-19.923371510770203,-3.0247764587402344
4.28301459624688,3.726083755493164
0.3224388648416145,-6.459969520568848
6.795393661635613,2.0437698364257812
6.720388221210122,5.259845733642578
-20.7558388881914,-3.333271026611328
-12.5922662394529,-6.810981750488281
-5.19085420781142,-0.06322383880615234
-27.3858072066324,-17.82076644897461
6.488490212037078,4.681390762329102
-12.5233171201947,-16.016042709350586
0.996650643215182,-8.054990768432617
3.27144637329635,-0.6736984252929688
1.203208947199059,3.4948272705078125
4.5031585012656095,4.448038101196289
-46.6686841099013,-46.83204650878906
3.600655729290548,-0.8808193206787109
-2.7077151362496297,-11.666030883789062
-42.936846127142296,-36.51594543457031
2.679404112105611,5.51814079284668
-23.975827854410426,-23.522964477539062
-24.4869919201538,-23.92267608642578
-6.22433036882608,-3.9940223693847656
-24.992167376126925,-13.871463775634766
-9.742168339465294,-6.211269378662109
0.1235817830644999,0.5690708160400391
-11.607028837624,-1.9953155517578125
5.321680837772678,-1.5331554412841797
3.3452637215970498,3.271434783935547
13.015759276594096,8.00510025024414
-6.13466459150186,-14.170488357543945
3.557691046156,0.7318935394287109
2.0008593011464906,-0.6644725799560547
-1.2671721747064446,-10.540035247802734
-2.989164004622407,-18.550724029541016
-2.43808381047612,0.9183273315429688
-11.30813578108209,0.4849987030029297
-9.619042312244815,-15.773679733276367
-4.01456885639382,-2.569490432739258
-4.853312003098937,-21.210203170776367
2.78743688363977,1.943359375
3.6035536346157695,2.794748306274414
6.09033976794457,7.26671028137207
-5.89266438028177,0.7671260833740234
-20.7592210135025,-25.902061462402344
-3.637071869773312,-10.243146896362305
-4.396710286499547,-1.9589052200317383
9.04709717330502,-8.878368377685547
1.69213972357191,1.1410789489746094
-27.068723822751306,-18.114360809326172
0.2886204877907422,-1.0868759155273438
-0.592182005541919,-16.8945255279541
-4.736229867816737,7.408306121826172
7.877641553655238,4.975065231323242
-2.588665914009158,-1.1365375518798828
4.72846919446815,-17.999055862426758
3.42669038506664,-3.321359634399414
-10.274169876330886,-4.622921943664551
-1.289264920121349,-15.670281410217285
-6.9648772325347394,-1.39898681640625
-1.2236747050651609,4.359838485717773
-12.208208404490907,-31.719268798828125
4.40921359309415,6.077749252319336
-15.991582533821994,-1.3333091735839844
7.809600001042748,2.549144744873047
-3.0331069492891496,-1.3058853149414062
2.603164662477901,1.1894683837890625
-24.2572199033326,-5.434228897094727
13.667582002208905,9.663410186767578
8.19307228691883,-5.878137588500977
0.4664503305112299,-3.0438709259033203
-6.46133524603972,-4.885108947753906
-19.7520332208299,-18.096832275390625
-7.75971004909346,-0.5123100280761719
7.66334596528203,6.667031288146973
-27.64770126959135,-5.6682610511779785
-1.8239337240231768,-6.459598541259766
5.265272900492549,-0.4698028564453125
0.9434331950199416,-2.3373451232910156
2.13745295521649,2.4194650650024414
2.76912169862866,-4.215976715087891
2.409764321136161,-3.754521369934082
3.7606671418030695,4.7379150390625
-89.04756219223692,-36.27595520019531
6.987950206462267,2.132261276245117
-10.09410467002709,-12.097713470458984
8.16191414696451,4.484016418457031
-10.731303688850904,-10.582326889038086
7.588764503474316,1.3447265625
-5.25293160621848,-1.4082098007202148
2.3065604778561424,4.398509979248047
-3.8022266666193874,-15.0394926071167
3.22816419080692,4.210807800292969
1.1941842843275,0.14147567749023438
9.772192422094813,-23.26757049560547
-2.489313079893845,-4.8886871337890625
-13.547300817594484,-31.92436408996582
-1.5403494549472296,-1.0798187255859375
-5.139364658294922,2.06756591796875
-1.32131943338233,0.5539188385009766
-0.5284321769112605,0.9994773864746094
0.1119561526876595,-0.285400390625
-0.0918051514147744,-3.0667457580566406
-1.7237618714553775,4.992496490478516
-1.5699354762224491,3.791959762573242
1.5718362711845366,3.3174829483032227
3.58036180553514,-1.2214508056640625
7.45084701577923,-11.61979866027832
-7.378812419643663,-2.8286170959472656
-33.1832620874725,-28.017526626586914
-6.066411004621831,7.3816070556640625
-16.4910721624856,-19.030954360961914
0.8267526169764301,-3.941234588623047
-9.762453719841735,-16.502288818359375
1.741670982094262,2.666015625
-0.0053525606393112,-1.1896514892578125
-51.4043293278057,-24.91421127319336
14.9415296965116,10.723867416381836
8.70853787657841,5.352996826171875
-2.149900469098629,-2.707517623901367
-0.0379657812584102,2.570476531982422
-15.3173389528898,-3.0387516021728516
-1.7663441991754285,0.8061885833740234
-6.708306328674888,7.369833946228027
-78.7451798053926,-60.01362609863281
-0.5413656534735456,-8.07206916809082
9.625121597198186,1.1755714416503906
-3.15562863494722,-3.5363101959228516
9.60447820177431,2.1618785858154297
-3.31847606547329,-6.368452072143555
-4.12581810820042,-0.013902664184570312
1.7706121017107803,1.5468158721923828
0.5117341060036625,-4.987155914306641
2.63157412115867,-3.5519771575927734
-4.763634360062484,2.9221630096435547
-11.18181257464061,2.5581607818603516
-39.4932668903457,-4.998788833618164
9.206200380526292,4.488393783569336
-2.93911844531118,4.375162124633789
-28.13472322157985,-13.31833553314209
9.62907409316032,-4.336265563964844
-7.042636248773623,0.1508312225341797
-4.03025121975644,-1.956106185913086
3.42951329804928,4.096134185791016
2.5565427438131976,0.41297149658203125
2.8513084033656,8.413078308105469
-5.5623675139736175,0.3862876892089844
-4.144685584269085,3.9585113525390625
-11.221818720505304,1.0501232147216797
-2.111656589218961,-2.0799312591552734
-1.626797120535592,2.7139177322387695
0.7652624054000594,5.283117294311523
-21.5531296050118,-17.197277069091797
-13.053772031257305,-17.517709732055664
5.42509465390903,-0.8605728149414062
-5.5186956836840375,-9.658329010009766
-2.260381023139061,2.6575241088867188
-30.3377383335249,-26.779613494873047
7.380729755239978,2.448479652404785
-4.172986764275874,1.8776206970214844
-1.2036514942358316,2.5345687866210938
-35.2906329121599,-22.68146514892578
-2.54595208771381,-7.7631988525390625
-10.901275449743116,2.2436370849609375
-17.0078420331655,-34.140472412109375
-11.9784507557909,-3.042196750640869
-19.469018973061075,-8.874913215637207
-3.2142130797467816,10.833732604980469
-0.5663484394051013,2.5488052368164062
-21.2195468929047,-18.105796813964844
8.077984978184695,6.299098968505859
-17.0119321722455,-12.570253372192383
4.67424026120176,3.240673065185547
-47.9875704511971,-34.082515716552734
4.316615136301563,-0.7398452758789062
11.2728180991378,5.865337371826172
-3.5546157663424616,-17.621883392333984
-3.15887949932979,6.573539733886719
-1.6422791314174887,8.260406494140625
-3.448025235667948,-33.30089569091797
-13.5632540546311,-18.082927703857422
0.8825935384285006,4.492328643798828
3.27100049685324,2.3107967376708984
-0.7762273913233743,3.7825489044189453
1.026942322157092,1.4306526184082031
9.859104788483815,-0.6701679229736328
-1.9977872313530125,-5.526900291442871
-13.1809903671301,-3.75909423828125
-35.1782981083837,-37.80693435668945
-35.8337806803641,-19.99939727783203
-7.639409008216227,-6.211414337158203
-15.746453943284,-23.014907836914062
1.055995951979529,7.508882522583008
3.987299411465438,1.2464723587036133
-37.0930621901092,-0.8032140731811523
16.694612728237402,4.886104583740234
-4.527979888097892,-8.24940013885498
14.6352674345898,-4.510095596313477
5.034618319433818,1.2305183410644531
-3.77133000272187,-7.118196964263916
-1.61504571199055,-2.8050689697265625
-56.3663437951974,-43.12306213378906
10.088450856398616,3.7453689575195312
-14.285610883283098,-32.38268280029297
2.6210618799141923,-5.198551177978516
-2.308732762121495,-10.409253120422363
-83.9761260280997,-41.93516159057617
-1.03656181464744,-0.6535530090332031
10.16232173056559,5.745857238769531
-3.12013961477547,4.841131210327148
3.010752586641185,-6.515161514282227
-1.5178355576616795,-1.38916015625
-2.60072537807549,7.152889251708984
-2.367312137177082,-6.225468635559082
6.075310726130807,3.0539474487304688
2.24572304437811,-5.197349548339844
0.2044267191685782,1.8336410522460938
-14.409506408843407,-11.244980812072754
-2.683955047842884,3.153837203979492
-0.0075038478591599,-7.884614944458008
7.190050317883171,-0.0916900634765625
-2.1691769605730515,0.7035045623779297
-7.910003358009165,-5.652063369750977
-69.1366966634013,-32.69270706176758
1.437241653553571,-19.281768798828125
-20.7409218490905,-20.14031219482422
3.78247800369874,4.242633819580078
7.909526276907584,3.270343780517578
6.097122298913325,-3.3784427642822266
24.5800902168924,3.459209442138672
-9.979741434164584,-12.30755615234375
3.1327986373042376,0.8117914199829102
-8.393586343504198,-0.390411376953125
8.678125432705007,6.797994613647461
20.7428439693387,-4.7523908615112305
-1.511416195100045,-37.43800354003906
-23.3725501337939,0.4576606750488281
4.69437535963172,-1.2496795654296875
8.24149319055937,1.3276796340942383
-0.2898522089969393,-0.31780052185058594
-7.19378137939456,-9.738717079162598
1.0271109700113177,1.0361671447753906
-14.564555056626377,-11.89585018157959
-9.657849716236,-31.616283416748047
-0.7280966227290082,2.861970901489258
-21.8962191024866,-13.962308883666992
-40.2614734397264,-23.423442840576172
-1.77750068778882,2.7912349700927734
-28.3488859938485,-32.111534118652344
-8.184373188662292,-49.248558044433594
-6.135426654744688,-4.456836700439453
-3.270422191581055,-4.272128105163574
-6.055427015859325,-8.250282287597656
-34.3143130117107,-32.51898956298828
-50.4820483838523,-28.615938186645508
-4.639593570653838,-4.721052169799805
-21.0606958753072,-14.51663589477539
8.747205755218493,7.518129348754883
0.6884341878779402,3.6443119049072266
0.300408103033295,-5.423468589782715
-2.6184282494780104,0.19622421264648438
-37.3999740396079,-22.544052124023438
-10.594900847222812,-17.24691390991211
-23.227454082363305,-33.63593292236328
-15.4814292943448,-7.9959635734558105
-6.89310310865277,-1.1705780029296875
-0.3887710448227697,-2.199678421020508
-4.0896099478500325,-1.0718994140625
-42.6579269422049,-39.97370147705078
8.45389840526827,5.135656356811523
-15.5157954828953,-19.573205947875977
-1.9802660997523944,2.3413782119750977
1.8368511005450223,-4.273809432983398
2.11900133622217,-0.13824462890625
-38.4962238749225,-42.780029296875
0.8069046214032297,-5.918476104736328
-0.0780407432645869,-0.9916172027587891
5.009535132419683,-0.6613674163818359
-74.9399761386801,-47.70427703857422
2.806732553915905,3.5190792083740234
-4.81834176383161,0.9047470092773438
-1.4920816076829602,-2.2006874084472656
-0.003939288658445,1.9191055297851562
5.86288473591452,2.8570404052734375
0.4443344011282492,-2.102985382080078
5.72263802046558,0.8424186706542969
5.46583466116103,-3.9617557525634766
5.05355462238675,4.096220016479492
-17.190033530139498,6.268400192260742
-10.1192188918475,-6.469404220581055
-10.539071528779305,-3.002962112426758
0.2492257167476033,1.5044746398925781
14.9823899147147,7.034757614135742
1.7336328627834918,-4.246528625488281
3.2582764286422226,4.281306266784668
-42.4099588259267,-29.22681999206543
-38.7823663998969,-24.16794204711914
11.644495901203598,1.6372222900390625
-39.0956747424042,0.16953468322753906
-38.6438610292767,-25.728769302368164
-40.5029244010595,-53.62261199951172
-0.897066728281827,-5.187150955200195
-17.6830733389949,0.9683799743652344
-0.0084306638066775,3.3557357788085938
0.5394390329931549,4.344991683959961
-21.61387508166409,-9.460311889648438
5.053393098685065,6.974811553955078
-15.7834934865799,-10.589876174926758
-58.40351531723695,-51.52040481567383
8.86280218600469,4.499448776245117
1.888243484494037,3.3012752532958984
8.99923705482913,1.9857559204101562
4.133325903305868,2.3102970123291016
4.774357664359128,-2.5222787857055664
7.418770080750715,-0.9118180274963379
-2.25262466719878,2.7327308654785156
-7.071587649042333,-2.3628005981445312
4.398742241377427,4.244621276855469
-8.692928400841772,-5.33251953125
2.334382802629,4.562294006347656
2.8274240704709,3.7082700729370117
2.1747311895065486,4.295858383178711
2.776867734737273,-3.1809520721435547
-12.4595255596924,-1.1060266494750977
6.86106163750481,-4.89349365234375
-0.3530077955256401,-5.454465866088867
-1.6020246929696491,-20.725557327270508
-7.57557880794988,-8.402478218078613
13.9692836454661,3.243183135986328
1.289294757415069,-3.9810123443603516
-20.3746494688195,-14.645702362060547
-8.044482691931467,0.5289173126220703
2.51340467963473,-6.827014923095703
11.0282847349576,8.022483825683594
-1.3944922949507652,-6.166804313659668
-26.2706781913698,-29.15353012084961
-71.7765711158932,-40.64445114135742
-44.2857422252861,-31.25589370727539
10.116767222520318,7.674446105957031
-46.9980356488569,-14.989546775817871
-8.677497573270493,-7.475322723388672
-25.781275563237,-3.124147415161133
-26.5692742661385,-13.086132049560547
1.2555345380058751,-0.9817790985107422
-0.810306898238276,-0.353790283203125
0.2404076931068699,-19.087207794189453
-11.9846830308257,-9.752256393432617
-5.775806690181939,-3.3925418853759766
1.9806048133258944,-28.562686920166016
16.618750626525,9.36416244506836
8.204494762209066,8.102411270141602
6.80321923705408,-8.755258560180664
11.710679650337616,1.4313774108886719
3.181253849239128,-4.706193923950195
0.90894434552881,1.3856430053710938
3.547124544521316,-16.088191986083984
-2.202886656443709,0.7824516296386719
-11.133669865203094,-16.608692169189453
9.328533024448705,-1.0678367614746094
-0.7012610501602399,-0.37836265563964844
-0.3170472839931941,-2.264643669128418
-2.3458288386735573,3.136362075805664
-26.1191329979098,-17.538036346435547
-2.33292598982445,-4.446707725524902
2.461922216333884,-0.9437046051025391
-22.4462583852743,-26.23651695251465
16.899113604615202,3.0074806213378906
-2.85382252753121,5.713691711425781
1.2705701336207027,-3.4096336364746094
7.960789166364423,5.624311447143555
2.71808902854303,7.830926895141602
5.5273920092716775,-23.18655014038086
-4.11149235653684,-14.450265884399414
-20.9676231329802,-8.248624801635742
-0.89184437235696,0.9669599533081055
-1.2816619609782416,-3.043031692504883
4.85634828411675,7.369688034057617
4.71112087372323,6.03141975402832
-30.7199022255615,-4.353784561157227
-3.8590388668775,2.4770259857177734
-10.6557437737239,-3.3949813842773438
-13.4460672849668,-15.75982666015625
-5.527709296795018,-3.6530284881591797
-1.876637029070265,-6.679876327514648
10.2532613363299,10.018814086914062
3.00680128293027,-1.8369331359863281
19.33685959748449,10.379518508911133
-0.1058882282985149,4.674196243286133
14.3436638764016,2.5398807525634766
-16.1535771788668,-23.329811096191406
0.9480162028997956,4.733009338378906
-18.5891767455387,-31.308679580688477
6.02246857213521,5.315055847167969
5.16750826555368,2.887918472290039
-1.0190872666435924,-4.185483932495117
-19.100904418149,-11.180702209472656
4.743603615290096,3.9060592651367188
-13.8157551615103,-0.7196559906005859
-3.802611775309477,6.987510681152344
4.30511943579503,5.64508056640625
-22.482844278002705,-9.790412902832031
0.60779733849738,0.04804229736328125
-38.4626262988146,-17.779510498046875
-0.6089836493556324,3.3204307556152344
0.8617451361473882,4.472997665405273
-2.40000424902785,-0.6313762664794922
-2.390619984667185,3.689274787902832
-15.559462368784592,-13.8324613571167
-13.790764753514,2.3758678436279297
-9.325981865786185,-7.74431037902832
-58.4491138315396,-41.132266998291016
9.550892694239591,5.491779327392578
-2.3538192484503564,-3.041444778442383
-5.83438093189622,5.402654647827148
-7.10827059552493,-8.527175903320312
-12.414939844598162,-4.884199142456055
6.6154810826822,6.686393737792969
1.3155747227446202,1.0149269104003906
-2.56542276271332,0.9006271362304688
-13.546032832554804,-1.9737396240234375
-16.600339428286603,-13.529098510742188
6.167862854629888,0.8142223358154297
-40.922076323723,-35.4166374206543
16.9349100756105,7.880178451538086
-12.24911226903676,-20.435718536376953
4.867927463076468,1.54290771484375
-21.6327950573002,-23.35501480102539
7.11033993521173,6.943531036376953
-9.59094984812801,-19.342451095581055
4.92186081619874,6.673622131347656
-7.815562497274902,7.72370719909668
-2.20364176327536,5.536275863647461
-19.6754058911438,-46.345977783203125
-91.8886792382854,-6.87763786315918
-20.9507978903398,-42.85289001464844
-17.8084408175675,-12.497589111328125
-62.9612541332419,-35.116065979003906
5.598134989920393,3.4651412963867188
-7.283890318199592,-0.5635366439819336
6.1026124307435,5.030370712280273
7.42840635595139,1.7569103240966797
-5.179391847578812,-2.4534077644348145
-4.873152982370568,-2.8953585624694824
7.276768036701751,-0.37484169006347656
-10.739322929783883,-0.11031150817871094
-22.9219832537164,-37.278282165527344
1.5259403537211615,6.9564208984375
-44.7886924625105,-45.66997146606445
-3.72583443525641,4.913370132446289
-14.57002364123529,-25.54656219482422
-10.128266274366498,-23.43972396850586
-28.0249952668106,-36.74711608886719
-26.24662901330595,-27.14158058166504
-40.3645652505015,-22.33133888244629
-30.8056950922951,-18.808029174804688
-3.9552380984537248,-2.259305953979492
-2.1789667599796294,-3.269118309020996
-0.5734820606807138,-0.8004093170166016
-1.1617148968623687,-3.2114572525024414
3.42848617073407,-3.9599509239196777
-17.4030551064212,4.622749328613281
3.88109013796494,-1.4733753204345703
9.400493271217616,0.21075057983398438
-11.302161927872188,-18.806005477905273
-13.3709137252944,-19.59083366394043
-6.79658968512302,4.478269577026367
4.509456424718162,4.552577972412109
5.45103123545738,3.525615692138672
-12.909180343140196,5.146633148193359
-6.61979034735207,0.08332061767578125
11.9978624338519,3.7730445861816406
-12.53254789251529,-2.0824155807495117
-8.36198121766124,-5.917446136474609
-4.361976736345532,1.7144174575805664
-0.1898191226144924,-3.493692398071289
2.3166834950764685,6.738033294677734
-12.6203596574975,-19.009145736694336
-1.207429910073891,3.016789436340332
-29.7403775200217,-12.418716430664062
5.31082796058257,-0.5462646484375
2.97844031586002,-4.947704315185547
-12.533050119535002,-23.644184112548828
-5.8684323426223,3.948263168334961
2.391980620215489,1.9153823852539062
7.73570234615748,1.1461048126220703
6.093529951556334,3.5147762298583984
17.709922444879297,2.3255233764648438
11.779516260068313,-2.489103317260742
2.4866177573815964,1.6508216857910156
-30.89708550466269,-43.34115219116211
-9.231606713935047,-1.2026710510253906
-13.4089268865456,-14.058566093444824
-9.06573754635488,-9.001931190490723
9.30630078585379,3.9957408905029297
-7.156550033865472,-13.554764747619629
-10.5414716495377,-1.8482298851013184
-27.8178569354009,-39.311668395996094
5.3817717725564,-3.667856216430664
-35.155236696245,-38.175926208496094
-21.4141717786538,-23.77206039428711
-2.6053130644292946,5.886024475097656
-9.953220777101093,-8.87502670288086
-8.798237091769485,-13.047849655151367
-27.6920167541674,-12.155030250549316
8.017093587799739,-1.7018203735351562
-1.19024715514191,-3.669304847717285
-3.2855896341823474,-21.437076568603516
-30.7366736665872,-34.826271057128906
-11.338238855350506,-10.941309928894043
-1.059512617215007,-5.557125091552734
-33.7712071062874,-33.82284164428711
3.812227003524945,-0.09502029418945312
-2.8472026300298463,-20.37015151977539
-21.5871320482388,5.025196075439453
1.845960760756301,-0.8588657379150391
-13.950148061363093,-15.743175506591797
-15.1006814359747,3.087890625
-8.65496498210776,-10.979291915893555
-31.18852367408345,-16.914249420166016
2.35160533891099,-0.7179059982299805
-7.06329362397977,-7.885074615478516
-11.299328727708405,-0.05855560302734375
-5.73967918172164,1.1592731475830078
-4.062121175440552,0.8729896545410156
3.62056380925444,3.5348587036132812
-6.512385872303066,-13.816299438476562
-17.2817979072755,-25.05621910095215
5.79128728304933,6.328496932983398
3.7921116228684086,2.6265106201171875
0.51700222845629,-5.779014587402344
1.0966146270020711,-1.9468727111816406
-6.613686761665703,-21.6027889251709
-39.873530292237,-21.671241760253906
-35.0272315856836,-20.79926109313965
0.2475632146873464,5.166721343994141
5.59963570142504,-1.5792217254638672
5.29419053806362,-2.1061134338378906
6.457932781589695,2.205821990966797
6.4251548431743295,3.1246109008789062
-19.7885249955934,-28.205860137939453
-2.4097304318056905,0.2616386413574219
7.543407488617369,9.868057250976562
1.83593808226401,2.333131790161133
-1.5082203021212124,4.870412826538086
5.99108205682079,0.23668289184570312
-18.1797235112709,-4.2934722900390625
-12.840088322870097,-13.071578979492188
-2.23616712442702,8.323047637939453
-4.662511414401839,-5.401676177978516
3.41802282280863,2.45166015625
-12.0320822507053,-14.731605529785156
-25.9801803981754,-7.9070844650268555
-5.97419023328963,2.633106231689453
15.4186986077963,2.949064254760742
4.480465220149085,-0.2700490951538086
-13.2363849677504,-13.389129638671875
-9.362863686069195,-9.999466896057129
4.128157012788561,-1.8639907836914062
2.26767773086615,-1.9022464752197266
-24.1634597090208,-34.58464050292969
10.013204486477417,7.781896591186523
-31.934070451053,-14.947894096374512
-22.9515728231767,-1.9917984008789062
-11.219410776078313,-14.128965377807617
6.00089213826483,-0.8069534301757812
-28.9638748432599,-39.060638427734375
3.11049964318654,2.797588348388672
-1.073248118887358,1.7461462020874023
-10.249148139079496,-22.248201370239258
-13.14009076535719,-30.231056213378906
0.7364260970712593,5.414884567260742
-44.9949251983702,-0.9104709625244141
-5.159519294761907,-3.9927611351013184
1.869241020829697,-22.198122024536133
-55.54568697318505,-46.950653076171875
0.3065104335081801,-2.2012882232666016
-10.386374558578522,-2.1258544921875
-3.0345245902191325,-1.2949657440185547
-57.144820014625296,-23.80470848083496
2.85060083445348,7.128171920776367
2.446050707651698,-3.0340118408203125
5.50221601830175,-1.3411598205566406
3.455876052191651,-1.903829574584961
-14.6157572128631,-21.601593017578125
-0.874105623616695,-2.4877119064331055
-1.378759213278819,-2.2762107849121094
1.350733135180331,2.016246795654297
-1.94666134980912,-1.8627643585205078
-3.36735139960915,-2.2238922119140625
0.8319171014720902,0.2491455078125
-40.2101205720394,-2.900750160217285
-24.577379709126298,-32.89762496948242
-18.6292132467089,-13.798715591430664
-46.39510994896701,-25.99276351928711
-2.487076105276776,-0.6258602142333984
-4.752960817423343,-23.467618942260742
-0.1160299782726794,-2.701406478881836
-18.5277286275242,-10.130184173583984
-14.1325019191809,-14.036712646484375
10.909208084253878,4.187292098999023
1.30779520720034,2.0827560424804688
3.986867952152618,2.3699283599853516
-21.7936206120663,-25.600284576416016
-2.643556292002,-6.755287170410156
11.0853991753379,-7.1476311683654785
-12.9397422629832,-17.488628387451172
-0.190891674386513,2.5205001831054688
-6.32558602127377,-3.0223426818847656
5.391699208755202,5.851261138916016
-8.998840630677615,-5.297874450683594
-1.6005087696864486,-5.034830093383789
7.5482379424635875,3.7905960083007812
-7.642910278690365,-3.3266072273254395
3.719171936095444,1.698699951171875
-0.8981307679622897,-4.064888000488281
7.06032809637297,4.021535873413086
-3.134999611446543,1.304081916809082
-5.94174589421185,-1.5065574645996094
-17.7883076547542,-21.79889678955078
-25.2381267145584,-50.732749938964844
-27.5445722402187,-40.576019287109375
2.6678241356197647,-0.9656085968017578
5.02066543392875,-8.824249267578125
-1.67197513843126,-49.27564239501953
6.58117049992555,0.661412239074707
-2.1147225087047508,-0.6011018753051758
-76.9668504799361,-11.481534957885742
10.11870938841209,0.6954250335693359
4.755697845162629,5.34766960144043
4.001938538520379,-8.409528732299805
-14.1813773041305,-23.656177520751953
-24.2508933717269,-19.914756774902344
-22.3071231538392,-58.080894470214844
7.2595381633228,5.5060272216796875
11.555346181601609,5.160245895385742
-26.258782255785,-16.835115432739258
10.3189652047012,-5.079387664794922
-18.5255095356289,-34.21727752685547
-1.0680791130593923,0.2803993225097656
-3.5390830989045075,-11.550288200378418
10.468583156479704,3.1066455841064453
-10.613183176373598,-6.639981269836426
-6.40442742836347,4.056865692138672
7.196532980977684,9.198223114013672
-10.586292641023492,-0.4581890106201172
-26.79502671025515,-26.990968704223633
-7.187555808667961,-1.113189697265625
3.1988276731025875,-2.2364206314086914
7.827394642815597,6.118827819824219
3.887422638441485,8.182050704956055
-3.41466344580097,4.416864395141602
2.667044757168528,-3.118906021118164
1.0590749185315824,1.4095115661621094
-3.9965921287470247,-6.409397125244141
10.982614675109394,6.042791366577148
0.4076170529080399,-4.384571075439453
2.71319811317338,-1.320683479309082
8.652061852316729,2.9060840606689453
-0.6579761516790089,-8.115886688232422
-51.6773231694491,-21.925554275512695
-2.8325461302865187,4.119760513305664
2.12749125232924,-18.29897689819336
3.562549470771905,-1.1235542297363281
-16.517773128145326,-4.683099746704102
6.874655354673765,7.783193588256836
0.2047767843086013,0.056908607482910156
-2.698758931910008,0.3665275573730469
1.8601156760560384,3.7668685913085938
-22.2455703021075,-26.748641967773438
2.4288820651169605,3.6509628295898438
-16.8307740899425,3.6574840545654297
20.7191486697607,5.843385696411133
-30.7261055182573,-30.478891372680664
-38.4849400567448,-28.11466407775879
-14.3103126367969,-12.335358619689941
0.7860328468455551,-0.03704643249511719
-48.3858044800915,-50.10426712036133
-3.21662088766757,-3.374126434326172
1.675245639565673,-2.704792022705078
-90.3299705619704,-52.08000564575195
-9.28527551691871,3.381519317626953
-1.2293411329062325,0.15878582000732422
-4.534682244798708,-9.489133834838867
-68.1959205924323,-25.439340591430664
-24.5242345195019,-26.50091552734375
-2.77042962989298,-0.21552085876464844
3.8009101564042025,1.995889663696289
8.933703319425492,4.123264312744141
-11.341527235964405,1.3606491088867188
6.71098989067457,7.395221710205078
4.54734483862441,2.9515533447265625
-5.16341129781556,-8.974225997924805
-49.062306315025,-38.64720153808594
5.26551760771767,7.816658020019531
3.33951124606136,-4.754787445068359
5.006519903780723,-3.101043701171875
4.05485944970297,-2.7996654510498047
2.283405953189745,0.811396598815918
-2.66483863280114,-1.4012279510498047
12.566471603210276,7.890520095825195
-27.9020155354992,-20.949810028076172
8.88265541550952,3.9533824920654297
0.1652887870268324,4.431222915649414
15.4985727759109,8.411083221435547
9.014890317831036,6.403084754943848
1.4803529144374856,1.3887863159179688
18.1939100849816,9.299507141113281
-2.6304973605131474,-4.377342224121094
-5.493763326806099,-4.605072021484375
-36.7383193130824,-28.526615142822266
5.062784719364307,3.7721071243286133
-12.026803679110706,-28.112815856933594
-3.01321716593974,-4.500762939453125
8.35813394800668,2.0874900817871094
-3.60075442831331,-2.5407257080078125
-9.509135784465323,-1.17242431640625
-19.6175855102284,-17.455028533935547
-27.8629509568953,-24.3553466796875
1.74273211890989,-1.1572418212890625
-2.19578977406709,-1.1498136520385742
2.42002639701588,-0.009922981262207031
-25.55316918036869,-13.27566909790039
5.635020609606415,-4.205156326293945
-34.727836669101,-24.084022521972656
4.4516036428765,1.8418283462524414
4.967381413305823,-1.3994064331054688
-6.81516141534704,-3.58087158203125
8.658679095048068,5.390539169311523
3.7347243087796,0.31722354888916016
-12.909633143366396,-6.724184989929199
-60.49569009623433,-43.40458679199219
-3.790702882666694,-3.3105640411376953
-12.41068356063,-8.44944953918457
2.76740193393285,1.9414539337158203
-18.9061714872788,-6.6910552978515625
-3.681083449701528,-15.065475463867188
8.13893448615947,4.745639801025391
-51.402683514636095,-34.398414611816406
-3.0703466753296,-4.796550750732422
5.989492839405608,-25.43918800354004
8.833837192566008,6.406999588012695
-26.1965705632023,-9.652454376220703
10.229168329440906,-3.8806228637695312
2.12042655289975,-1.2385492324829102
3.88810032819938,-0.9644546508789062
-31.515616413872173,-19.842601776123047
2.28163515100639,-0.9280834197998047
-9.633163292669298,-21.897371292114258
2.63206586722876,-6.376976013183594
0.3189015990893598,-2.057659149169922
-6.31868596379813,0.2321796417236328
-6.4648984000359935,-18.433284759521484
8.91646092056966,-3.014774799346924
-42.637521131086125,-16.46466827392578
-89.5439156156453,-45.32374572753906
9.179556151687803,-0.016092300415039062
8.754663680824095,-0.6769342422485352
0.8838679103249854,-3.4932661056518555
4.338369925074482,-4.703212738037109
-18.23432595343749,-14.236770629882812
6.92534745147092,1.1993827819824219
-1.768261666543676,-2.2655792236328125
-7.87226820943855,-0.5019474029541016
-12.0847368637308,-9.484770774841309
-4.4222229386498375,-1.1991806030273438
6.63109301847755,-1.588582992553711
1.675381804264854,-3.5908031463623047
-6.897600670415837,0.8959856033325195
-12.2774867069717,-25.951343536376953
-3.963646539183849,8.392265319824219
-2.552277046947741,-3.73101806640625
-10.78700495517378,-3.282205581665039
-6.426376983867103,-4.166206359863281
8.2142562177934,1.516592025756836
6.07843040491799,0.8950586318969727
3.08443697315444,0.2731037139892578
-1.3811964732242277,-3.4569644927978516
-4.51305804704249,-20.850378036499023
-9.93375477053989,-4.912395477294922
-0.6581754288220045,3.207103729248047
-7.952166005584182,-15.554874420166016
-13.563015982384195,-9.010961532592773
-47.9957157156951,-21.19009780883789
4.96190002222477,4.96525764465332
-2.0240269290899,-2.071065902709961
3.47166270740147,-3.9180679321289062
-5.2815921348029296,-5.845985412597656
2.369358494612781,3.5022811889648438
-4.214346026907057,-6.0648040771484375
-23.8934551543691,-32.15693664550781
-1.0659561461183158,-0.08748054504394531
3.126169348435272,-30.927953720092773
2.35164464781062,-7.239551544189453
-1.79502295092813,-2.0695552825927734
-15.957982665262508,-25.222745895385742
-64.65676531723692,-46.949623107910156
-27.8195558011628,-26.002506256103516
-10.480511156242285,-13.887928009033203
-6.18357684414468,-1.6272544860839844
-6.75960002722117,-9.627565383911133
4.4105627388370605,-0.07109451293945312
5.58846482112586,0.35148048400878906
-16.8483709423333,-5.030433654785156
-3.34531377329845,1.631805419921875
5.893700156574014,6.199804306030273
2.745769909533195,6.182933807373047
2.53362859007723,-6.262748718261719
1.0880788430276551,5.063739776611328
