Score,Pred Score
-13.812973987503693,-28.2374267578125
-14.6311710829416,72.65237426757812
-15.020937907067507,-57.42474365234375
5.61896917638109,269.69921875
0.1461877509898399,-118.656982421875
3.59745169898486,190.5283203125
-6.72144892291601,-431.7927856445313
4.304204520484877,1102.060546875
3.37898618824583,-62.48175048828125
3.939818822274421,324.9111328125
13.9953943577381,-121.5977783203125
-5.39913759737588,17.923828125
-2.204579993178592,-644.2092895507812
8.829561804598438,399.050537109375
6.01696699102072,-1324.1787109375
-6.376202369524528,1211.1884765625
-6.50906463316165,1009.1669921875
-60.92137282626391,239.82373046875
1.99934019108803,98.67315673828124
2.188685633501576,-411.1555786132813
4.07090957771029,516.12109375
0.5211206139658471,-687.8681640625
12.5580583918003,-232.8349609375
3.320229681965675,800.607421875
-0.4381862293696001,41.983154296875
0.1752112379752922,-18.8363037109375
4.123908949931413,-1532.8798828125
-14.2382866820043,105.29953002929688
12.966325580978296,-450.69384765625
7.692941411907634,-128.9375
-62.9031214125763,-192.29351806640625
-5.800670766453999,-202.45274353027344
-11.705366535732304,-579.132080078125
-4.786538605318405,155.06365966796875
-82.4887013651952,63.625244140625
-8.251107402184557,-327.71466064453125
1.61677665352485,416.75628662109375
-11.916211326129387,-91.55352783203124
-45.634880019414,-890.9735717773438
-0.568998602339841,259.0341796875
-12.147399114840605,226.2335205078125
-27.4476544011683,-189.1331787109375
-2.306526469902426,130.76348876953125
-0.4835459876036119,-2020.8109130859373
-8.39479061793487,-240.2186584472656
-46.862925671502296,109.77748107910156
0.3837795244341289,558.7848510742188
7.184930267876617,6846.123046875
2.8348518495029404,138.570068359375
-9.859535687586003,1668.4921875
-6.00025755794808,-857.5670166015625
-4.764629840066975,-2029.845703125
-2.377061578670744,-218.98583984375
-2.0585753436264698,-62.13839721679688
1.1848602197973823,-1504.033203125
4.97603191479674,268.7972717285156
4.27399441028646,-102.70953369140624
-46.2372447228831,-401.3789978027344
-31.4759298257721,-174.6640625
-50.1674018945849,3.5098876953125
0.9601515747159592,-102.7413330078125
-11.864177458483407,284.2158203125
-0.538262620928304,129.7787628173828
-0.6920482116816997,39.414459228515625
-1.5184696160120892,84.00592041015625
-3.0836644409391925,-96.977783203125
11.316750179392892,351.5062866210937
-11.183106529127476,315.3447265625
3.59102041590596,-564.1083984375
4.55602013063716,103.41152954101562
11.579228393987275,348.7410888671875
2.3067635611900137,-513.5087890625
10.480393919522983,-367.9849853515625
-2.698100773809443,-38.29302978515625
3.776985072333982,-547.408203125
-11.773766374328297,-121.33636474609376
8.681027307740193,-1745.943359375
-1.1091988250418725,-33.52435302734375
4.484288991501213,-1515.311279296875
0.0548896546292299,-758.78466796875
0.1118559290339978,-1.154296875
3.9797293996962297,651.886962890625
-22.42608065327665,-452.9737854003906
7.37064384347005,138.40182495117188
-0.2642143205483515,-244.67523193359372
5.344594984386832,278.2232666015625
-1.2497809936708242,-122.6824188232422
13.71198107208239,440.7817687988281
0.5045482395984724,606.50244140625
2.86709961553106,119.46640014648438
0.4423212163888063,676.52294921875
-3.724573545179619,-19.0955810546875
0.2570808252882703,3973.4296875
-70.65073406723695,1160.388916015625
-33.9587360563784,-785.9263916015625
9.2088386022025,428.982666015625
1.3318185914773402,-5504.861328125
-9.176001953270983,-13.4427490234375
-10.497767159210698,-135.85751342773438
-0.4402086584014632,252.5386962890625
2.1560784090827942,-109.26934814453124
-27.1636490162131,-815.4947509765625
-0.670930828719279,482.6890869140625
-22.794043146736,-146.86361694335938
0.8105828534072201,130.50830078125
1.2287673509824204,-125.93072509765624
-0.6435038581465955,-3509.14013671875
8.474782023793379,241.86886596679688
-9.601847091024196,572.529296875
-1.6610011043127195,-167.00848388671875
-0.1091636509260827,656.51123046875
7.570838092245207,-126.50430297851562
-7.211196994815285,480.275634765625
9.090654061652296,209.61468505859372
-26.6651088566214,366.5286865234375
-17.309192174305,3.4609375
4.14054171285972,172.04364013671875
4.097668935846943,1254.9952392578125
-0.29408409265346,-396.3043212890625
-35.8165916579592,155.88168334960938
10.898098675545494,12.015090942382812
-1.6552655274048038,118.8432388305664
1.6729502580778592,543.1156005859375
-6.42491227706334,-279.6610717773437
-15.4752611754195,-88.83436584472656
-0.6907348474047925,2776.77490234375
-21.3629045873375,31.92449951171875
4.219145585451182,647.5791015625
-3.019531285218114,-1472.1220703125
4.25311060075082,-203.9913330078125
-15.0412339008878,1451.26171875
-8.237627320974727,155.99310302734375
-1.0683487237199796,-1654.255859375
-1.7174251595272625,-916.8984375
4.069163600073605,-3.4386138916015625
-10.162041561092582,-67.22093200683594
-5.97248436581227,-283.9515380859375
6.120538767403939,832.112548828125
-0.8028238008287005,109.94694519042967
-23.6042929930625,-380.01708984375
-0.1777753404752198,1175.84912109375
-5.785469568057495,69.77073669433594
-0.0556983764780604,454.97991943359375
-25.4508968849616,-1203.8076171875
-5.3185412482723295,298.6371154785156
9.1356503291117,192.24484252929688
4.020569536845237,-186.72332763671875
-58.5527340809363,231.2911376953125
-6.291328737399075,118.46340942382812
4.187869588752649,1308.76708984375
8.922207576391518,-65.2515869140625
22.7414116448382,143.300537109375
-44.6057608529879,109.5421142578125
-26.5129077898497,169.54376220703125
-2.13735826282737,501.9114379882813
-1.14890133483728,-201.72775268554688
-15.2234416939723,-112.02694702148438
0.369316059642221,-1338.7978515625
-0.6884117876070912,-195.16900634765625
-5.8772631055401,-390.50830078125
3.6053774296538297,89.2034912109375
5.07108724357905,166.1279296875
1.292753014965791,302.4658203125
8.440986836263871,-214.02175903320312
-3.43040335892423,-1255.712890625
0.7651079053562314,396.9080810546875
-37.13962469223695,1288.8182373046875
-5.822632503482525,-444.812744140625
-6.879472048396067,111.49288940429688
2.11024229353816,290.66162109375
-7.1526743450051855,-326.11785888671875
-1.122073026503361,-152.52047729492188
0.3302260274555297,331.7539367675781
-1.178255647098801,-4836.0634765625
-2.99361591491145,-2801.224609375
-18.1070051290659,-147.76522827148438
-3.0332808194811403,356.766357421875
2.6303171850506604,-85.53857421875
-9.72499716390718,21.07994079589844
0.2729453578388601,-2555.2529296875
-21.4503408223732,80.66154479980469
-4.99755531471552,-1296.7568359375
-18.0018409950579,-154.34219360351562
4.00031385473591,-68.61090087890625
12.0378145652987,1576.212158203125
14.1235470599023,-392.7427368164063
6.55729051148795,-559.30859375
11.19992297656359,-113.0504150390625
-7.81388191369781,-364.212890625
-2.924593214648255,-97.37255859375
3.7667366885646025,-577.287109375
-6.68253431604433,-375.4549560546875
0.7345204104922589,488.8237915039063
-10.626155896203898,-200.90745544433597
8.106852576346123,-399.275634765625
-58.24412469223692,59.958251953125
1.4955767028094,757.7919921875
-17.6906096863185,-96.12960815429688
-4.813871520282443,24.895233154296875
-11.8973420493851,503.7021484375
-2.67676896274171,602.0305786132812
-3.9331393974605526,1200.8037109375
8.756217929094177,-572.99658203125
-29.2662792150344,523.5213623046875
1.7249239205326918,257.9652709960937
-6.686975812883663,626.997314453125
11.10272802991041,115.0380859375
-10.956818171714705,-305.2949523925781
-6.3500959185649,-227.85223388671875
0.6681105368389735,6004.6083984375
-12.500029270357295,1907.0302734375
-2.591242863373206,-339.67193603515625
5.954690473588823,-316.8405456542969
-43.929359067237,149.8820343017578
-17.4841411730512,178.38890075683594
3.61441892535489,-51.74151611328125
2.1112971208509976,78.09344482421875
-41.8026500314277,26.2171630859375
7.028135642932115,1150.3487548828125
8.463248256721428,1588.81640625
-13.037072413777096,105.86614990234376
-1.6307504375632549,3598.96875
-0.3284521577656807,323.1534729003906
0.4685622181175212,-2.3846588134765625
-5.316952415477393,1120.568115234375
4.584421564331302,-3.9971923828125
-20.3593816575191,953.31689453125
3.67041582610247,-354.2710266113281
2.204062447972561,47.56866455078125
-4.666937653128132,656.5615234375
-12.3781694316975,423.046875
7.06923762363823,1252.9765625
-37.2883298194418,-622.3817138671875
6.442434166934048,486.322021484375
-12.2162083245621,-27.17124938964844
-20.3623076046531,1059.470458984375
-5.45440876641342,-22.29013061523437
3.1416241584890576,-432.7261962890625
-4.96580172718434,-194.36346435546875
-37.4061766871973,-123.7401123046875
6.46185690649625,255.7273712158203
0.5403453062071405,651.225830078125
8.656689402528613,-633.6356811523438
12.331931266595111,943.8562622070312
2.75380173901167,-49.430938720703125
-2.8447496930443927,702.50927734375
0.0285872237409883,1447.3017578125
-73.5286754265322,189.9726409912109
7.285509446842615,-2.503570556640625
6.72046542688671,-8.79656982421875
-6.19730890695259,437.1148681640625
-16.4599719883519,732.673828125
-10.288292260688207,300.953125
-10.285920522724917,171.22320556640625
-30.8171784242839,293.6552734375
-4.65691689928222,1348.16015625
-37.1716279374795,-303.59210205078125
-36.50577458359941,-52.01678466796875
0.7942566624333496,595.9208984375
-34.8552692363716,-34.49146270751953
-2.491707941339629,-13.524383544921877
1.7387039934851498,-489.6358642578125
18.9715733525152,139.58975219726562
-13.8996269060666,-660.39892578125
4.17561229224804,-47.07362365722656
4.7680640763497,-131.10467529296875
-6.745372906074374,-1964.15234375
7.262818938793504,429.9580078125
-55.7541546140486,-165.021484375
8.453421074249384,-86.05673217773438
-5.85807143580148,-274.0728759765625
-52.7336020518746,-310.66143798828125
-1.995826789875676,-429.04931640625
-1.3326443092463092,-318.1207580566406
5.029017096161708,109.96432495117188
-0.71117494174041,-871.8318481445312
8.243548509216069,770.6139526367188
5.81602235619721,999.4449462890624
5.978124919049687,104.4552001953125
-2.8859593337581737,1641.1787109375
-26.0047332498617,-676.4437255859375
-1.5220929784942658,557.0352783203125
-3.195242757261453,1019.7645263671876
-15.0089303719363,-258.8970642089844
-1.757118944268968,-211.50645446777344
-13.5091075877696,-1209.3427734375
-4.0681667574955,111.83901977539062
4.43276114617859,195.8065490722656
-4.665207913971671,423.9016418457031
7.33919324558513,-2.45465087890625
-11.69780882660921,53.16780471801758
5.960801203295765,126.1314697265625
-29.9162730471743,-71.83392333984375
-5.331847529263395,-1511.279296875
-40.7258600860177,-603.416259765625
-35.3994683825842,-242.14385986328125
-10.968565079401992,-62.056640625
15.384553292915324,-450.02484130859375
-0.4271227388875901,119.19953918457033
-7.69948364751984,70.831298828125
-26.6822467124322,26.54183959960937
-0.2823200449385875,-1680.41357421875
-3.8453528225106623,-225.55377197265625
-2.4599041427842496,782.380859375
-12.7315114055493,23.927276611328125
1.418014053180695,-1745.736328125
-3.4922781726655696,-2217.5146484375
9.58062385928767,463.3917846679688
-17.5801214502402,74.03125
-49.5120706514507,57.45068359375
-0.4503474699443348,218.04150390625
2.332279780348585,-2096.337890625
-42.2483635713802,-49.23248291015625
-5.00028834575103,-326.6819763183594
-5.14141487663266,-169.7872314453125
-19.923371510770203,14.563095092773438
4.28301459624688,509.5791015625
0.3224388648416145,277.031494140625
6.795393661635613,761.9296875
6.720388221210122,887.2330322265625
-20.7558388881914,20.8564453125
-12.5922662394529,-91.64791870117188
-5.19085420781142,-71.65310668945312
-27.3858072066324,144.06494140625
6.488490212037078,777.1778564453125
-12.5233171201947,125.4861297607422
0.996650643215182,-80.37786865234375
3.27144637329635,-51.70245361328125
1.203208947199059,-407.1961669921875
4.5031585012656095,2660.2587890625
-46.6686841099013,-245.7596740722656
3.600655729290548,170.52362060546875
-2.7077151362496297,3334.642578125
-42.936846127142296,155.27288818359375
2.679404112105611,389.34381103515625
-23.975827854410426,1229.8160400390625
-24.4869919201538,-456.8349914550781
-6.22433036882608,92.62936401367188
-24.992167376126925,-133.0479278564453
-9.742168339465294,-241.703125
0.1235817830644999,139.28155517578125
-11.607028837624,134.03720092773438
5.321680837772678,889.13232421875
3.3452637215970498,3265.2919921875
13.015759276594096,-347.9871826171875
-6.13466459150186,601.443359375
3.0897024917955025,-367.8453063964844
3.557691046156,330.148681640625
2.0008593011464906,-539.969970703125
-1.2671721747064446,208.60476684570312
-2.989164004622407,183.41143798828125
-2.43808381047612,-261.12579345703125
-11.30813578108209,3976.794921875
-9.619042312244815,1848.09375
-4.01456885639382,2120.888671875
-4.853312003098937,-476.6711730957031
2.78743688363977,335.615234375
3.6035536346157695,406.0
6.09033976794457,98.02227783203124
-5.89266438028177,440.8264770507813
4.780848076735348,323.7632141113281
-20.7592210135025,-167.43115234375
-3.637071869773312,31.2681884765625
-4.396710286499547,268.4333801269531
9.04709717330502,144.56195068359375
1.69213972357191,15.179931640625
-27.068723822751306,1610.19189453125
0.2886204877907422,-424.0978393554688
-0.592182005541919,226.7349853515625
-4.736229867816737,223.25177001953125
7.877641553655238,751.022216796875
-2.588665914009158,-785.6233520507812
4.72846919446815,456.0748291015625
3.42669038506664,34.57623291015625
-10.274169876330886,1758.8359375
-1.289264920121349,-138.05841064453125
-6.9648772325347394,16.72998046875
-1.2236747050651609,461.175537109375
-12.208208404490907,-14.51068115234375
4.40921359309415,868.3308715820312
16.4171583068458,325.8868103027344
-15.991582533821994,167.96728515625
7.809600001042748,188.44259643554688
-3.0331069492891496,591.9293212890625
2.603164662477901,-707.1112060546875
-24.2572199033326,53.279876708984375
13.667582002208905,-179.9415283203125
8.19307228691883,-130.3865966796875
0.4664503305112299,-191.9774169921875
-6.46133524603972,-468.08056640625
-19.7520332208299,196.8492889404297
-7.75971004909346,-1536.838623046875
7.66334596528203,86.9569091796875
-27.64770126959135,-86.21591186523438
2.125547882163602,52.14501953125
-1.8239337240231768,-197.381591796875
3.3696784995100426,-240.88375854492188
5.265272900492549,-75.66072082519531
6.753311816554961,-96.31692504882812
0.9434331950199416,-1220.88916015625
2.13745295521649,736.0538330078125
2.76912169862866,639.2282104492188
2.409764321136161,-366.1001586914063
3.7606671418030695,90.99343872070312
0.555665600488549,-20.922653198242188
-89.04756219223692,-730.20849609375
6.987950206462267,601.4330444335938
-10.09410467002709,-1690.396484375
8.16191414696451,398.198974609375
-10.731303688850904,75.30377197265625
7.588764503474316,209.48239135742188
-5.25293160621848,-56.23443603515625
2.3065604778561424,337.341064453125
-3.8022266666193874,-397.39788818359375
3.22816419080692,-955.0313720703124
1.1941842843275,155.93775939941406
9.772192422094813,-92.21337890625
-2.489313079893845,877.3391723632812
-13.547300817594484,109.2891845703125
-1.5403494549472296,-100.97140502929688
-5.139364658294922,508.1832580566406
-1.32131943338233,73.720703125
-0.5284321769112605,-293.36260986328125
0.1119561526876595,-218.60107421875
14.8508222506114,229.15185546875
-0.0918051514147744,731.8150634765625
-1.7237618714553775,111.07452392578124
-1.5699354762224491,-128.501708984375
1.5718362711845366,1973.14599609375
3.58036180553514,53.79095458984375
7.45084701577923,13.81915283203125
-7.378812419643663,561.9907836914062
-33.1832620874725,156.74972534179688
-6.066411004621831,486.2297973632813
-16.4910721624856,-1280.05908203125
0.8267526169764301,251.8601837158203
-9.762453719841735,624.8783569335938
8.07102955700163,1014.4384155273438
1.741670982094262,268.4083251953125
-0.0053525606393112,-2159.1171875
-51.4043293278057,92.2435302734375
14.9415296965116,538.5631103515625
8.70853787657841,229.1731109619141
-2.149900469098629,-530.6712646484375
14.8229623836697,-255.5069580078125
-0.0379657812584102,-1200.716796875
-15.3173389528898,-828.4888916015625
-1.7663441991754285,-394.09423828125
-6.708306328674888,363.5627136230469
-78.7451798053926,233.58946228027344
-0.5413656534735456,1277.2744140625
9.625121597198186,633.6832275390625
-3.15562863494722,2684.17578125
9.60447820177431,1025.8544921875
-3.31847606547329,25.32025146484375
-4.12581810820042,-116.04034423828124
1.7706121017107803,-101.06387329101562
0.5117341060036625,-92.04778289794922
2.63157412115867,8.78778076171875
-4.763634360062484,1462.365234375
-11.18181257464061,539.6969604492188
-39.4932668903457,1086.7060546875
9.206200380526292,-540.618408203125
-2.93911844531118,473.3953857421875
-28.13472322157985,-48.33245849609375
9.62907409316032,539.722900390625
-7.042636248773623,163.0313720703125
-4.03025121975644,-139.387939453125
3.42951329804928,-637.6904296875
2.5565427438131976,867.4248046875
2.8513084033656,611.776611328125
-5.5623675139736175,566.93505859375
16.9968892380515,7.1475830078125
-4.144685584269085,-248.4198760986328
-11.221818720505304,1358.512939453125
-2.111656589218961,101.76800537109376
-1.626797120535592,662.3743896484375
0.7652624054000594,1375.71728515625
-21.5531296050118,-547.873779296875
-13.053772031257305,255.22998046875
5.42509465390903,338.2090759277344
-5.5186956836840375,1150.759765625
-2.260381023139061,-93.7987060546875
-30.3377383335249,269.8978881835937
7.380729755239978,163.05230712890625
-4.172986764275874,-345.412109375
-1.2036514942358316,74.59002685546875
-35.2906329121599,955.9697265625
-2.54595208771381,506.6568603515625
-10.901275449743116,1.5552215576171875
-17.0078420331655,70.27349853515625
-17.0314498829154,-463.3687133789063
-11.9784507557909,221.0892333984375
-19.469018973061075,623.96728515625
-3.2142130797467816,344.5819702148437
-0.5663484394051013,696.4270629882812
-21.2195468929047,-76.10916137695312
8.077984978184695,381.0177307128906
-17.0119321722455,3.4593505859375
4.67424026120176,776.103515625
-47.9875704511971,164.41943359375
4.316615136301563,519.9488525390625
11.2728180991378,460.1043090820313
-3.5546157663424616,-32.652984619140625
-3.15887949932979,1074.3125
-1.6422791314174887,222.7030029296875
-3.448025235667948,-96.59872436523438
-13.5632540546311,174.03982543945312
0.8825935384285006,189.5936279296875
3.27100049685324,147.55050659179688
-0.7762273913233743,216.0899658203125
1.026942322157092,79.0936279296875
9.859104788483815,16.78692626953125
-1.9977872313530125,-145.63525390625
-13.1809903671301,632.8314208984375
-35.1782981083837,107.44387817382812
-35.8337806803641,-215.443359375
-7.639409008216227,266.6046142578125
-15.746453943284,-751.0687255859375
1.055995951979529,253.31089782714844
3.987299411465438,421.255615234375
-37.0930621901092,368.18310546875
16.694612728237402,97.16119384765624
-4.527979888097892,25.450469970703125
14.6352674345898,-528.8306884765625
5.034618319433818,-179.267333984375
-3.77133000272187,-2524.3671875
-1.61504571199055,-200.25604248046875
-56.3663437951974,-2255.8564453125
10.088450856398616,-364.185302734375
-14.285610883283098,231.07180786132807
2.6210618799141923,-501.152587890625
-2.308732762121495,189.83477783203125
-83.9761260280997,60.0830078125
-1.03656181464744,-231.4140625
10.16232173056559,-1324.5714111328125
-3.12013961477547,416.713134765625
3.010752586641185,-2479.41796875
-1.5178355576616795,-814.613037109375
-2.60072537807549,-262.58837890625
-2.367312137177082,-363.182373046875
6.075310726130807,464.5166015625
2.24572304437811,-3958.2783203125
0.2044267191685782,34.069793701171875
3.85944773684647,356.56842041015625
-14.409506408843407,-9.19744873046875
-2.683955047842884,-3224.890625
-0.0075038478591599,1169.9876708984375
7.190050317883171,-144.36434936523438
-2.1691769605730515,-109.71370697021484
-7.910003358009165,318.2301330566406
-69.1366966634013,82.35903930664062
1.437241653553571,410.6245727539063
-20.7409218490905,187.973388671875
3.78247800369874,421.13232421875
7.909526276907584,1.037872314453125
6.097122298913325,-388.1082763671875
24.5800902168924,-419.4693603515625
-9.979741434164584,-543.65087890625
3.1327986373042376,408.7160339355469
-8.393586343504198,-562.8484497070312
8.678125432705007,298.7426452636719
20.7428439693387,30.7681884765625
-1.511416195100045,72.45697021484375
-23.3725501337939,30.781116485595703
4.69437535963172,-72.71902465820312
8.24149319055937,212.9384765625
-0.2898522089969393,156.30807495117188
-7.19378137939456,-2187.71484375
1.0271109700113177,423.38970947265625
-14.564555056626377,-2699.55078125
-9.657849716236,-130.17044067382812
-0.7280966227290082,-2990.640625
-21.8962191024866,70.18527221679688
-40.2614734397264,-1613.154296875
-1.77750068778882,-946.739990234375
-28.3488859938485,1658.2646484375
-8.184373188662292,71.29590606689453
-6.135426654744688,1273.16796875
-3.270422191581055,183.126220703125
-6.055427015859325,-1748.277099609375
-34.3143130117107,736.9501953125
-50.4820483838523,219.93389892578125
-4.639593570653838,248.3149261474609
-21.0606958753072,4362.9365234375
8.747205755218493,-421.4117431640625
0.6884341878779402,3356.56689453125
0.300408103033295,896.1455078125
-2.6184282494780104,-456.8897399902344
-37.3999740396079,-156.12646484375
-10.594900847222812,157.24072265625
-23.227454082363305,-0.173187255859375
-15.4814292943448,-148.4483642578125
-6.89310310865277,-267.0926818847656
-11.7962452523223,-597.0128784179688
-0.3887710448227697,2050.17626953125
-4.0896099478500325,4.70001220703125
-42.6579269422049,-201.667724609375
-2.095241650043551,77.06564331054688
8.45389840526827,429.1689453125
-15.5157954828953,960.5048828125
-1.9802660997523944,-229.602294921875
1.8368511005450223,938.27587890625
2.11900133622217,166.71224975585938
-38.4962238749225,1476.87890625
0.8069046214032297,-331.3692321777344
-1.73607437190069,-170.94845581054688
-8.46093254820262,83.981201171875
-0.0780407432645869,3013.9130859375
5.009535132419683,509.0374145507813
-74.9399761386801,453.7805786132813
2.806732553915905,-488.31787109375
-10.415057364934407,96.6878433227539
-4.81834176383161,3691.025390625
-1.4920816076829602,395.0526123046875
-0.003939288658445,128.617431640625
5.86288473591452,356.351806640625
0.4443344011282492,-168.24893188476562
5.72263802046558,792.725830078125
5.46583466116103,409.04150390625
5.05355462238675,25.7474365234375
-17.190033530139498,322.8865966796875
-10.1192188918475,164.66156005859375
-10.539071528779305,-554.094970703125
0.2492257167476033,2791.84765625
5.35198813185094,285.20751953125
14.9823899147147,344.7977294921875
1.7336328627834918,-206.08453369140625
3.2582764286422226,2787.388671875
1.1615369027166365,207.4468994140625
-42.4099588259267,-458.4528198242188
-38.7823663998969,-496.5700073242188
7.99575647038201,-61.8428955078125
11.644495901203598,2381.859375
-39.0956747424042,704.619140625
-38.6438610292767,1114.7216796875
-40.5029244010595,138.28207397460938
-22.8644313188967,-255.59359741210935
-0.897066728281827,382.7288208007813
-17.6830733389949,1104.07958984375
-0.0084306638066775,-423.1866149902344
0.5394390329931549,16.819580078125
-21.61387508166409,454.19049072265625
5.053393098685065,364.6466674804688
-15.7834934865799,-94.15614318847656
-58.40351531723695,129.79771423339844
8.86280218600469,-598.8465576171875
1.888243484494037,354.70166015625
8.99923705482913,-921.2442626953124
4.133325903305868,2324.0888671875
4.774357664359128,-240.20947265625
7.418770080750715,-144.37112426757812
-2.25262466719878,672.93310546875
-7.071587649042333,-76.51470947265625
4.398742241377427,-1731.96484375
-8.692928400841772,-5416.060546875
2.334382802629,13.9127197265625
2.8274240704709,-80.39933776855469
2.1747311895065486,-517.7138671875
-11.9965988914421,-88.77207946777344
2.776867734737273,-131.427490234375
-12.4595255596924,-898.62353515625
18.5317724911246,-269.4992370605469
6.86106163750481,-2057.212890625
-19.1693792779686,-54.12608337402344
-4.20883890972707,-189.6978759765625
-0.3530077955256401,-356.2967529296875
-1.6020246929696491,46.559417724609375
-7.57557880794988,312.3687744140625
13.9692836454661,604.4432983398438
1.289294757415069,4.019775390625
-20.3746494688195,-46.98304748535156
-8.044482691931467,-18.705963134765625
2.51340467963473,-309.57354736328125
11.0282847349576,-915.3392333984376
-1.3944922949507652,-80.84660339355469
-26.2706781913698,-1348.5419921875
-71.7765711158932,-34.56946563720703
-44.2857422252861,-1221.8056640625
-3.057699221935841,-191.683349609375
10.116767222520318,831.1356201171875
-46.9980356488569,-83.82101440429688
-8.677497573270493,-1016.16650390625
-25.781275563237,143.87904357910156
-2.941164138388841,-539.7830810546875
-26.5692742661385,-12.654266357421877
1.2555345380058751,-410.13427734375
-0.810306898238276,81.02334594726562
0.2404076931068699,10.463150024414062
-2.5590885431480426,-366.4287109375
-11.9846830308257,-60.4647216796875
-5.775806690181939,463.2973937988281
1.9806048133258944,-407.685302734375
16.618750626525,-2146.07568359375
8.204494762209066,-78.05162048339844
6.80321923705408,-416.1513671875
11.710679650337616,-1774.748046875
3.181253849239128,-3793.435546875
0.90894434552881,12.715301513671877
3.547124544521316,-2640.693359375
-2.202886656443709,7.7470703125
-11.133669865203094,71.342041015625
9.328533024448705,-1006.951171875
-0.7012610501602399,-171.73873901367188
-0.3170472839931941,-352.1643371582031
-2.3458288386735573,-874.34765625
-26.1191329979098,128.98455810546875
-2.33292598982445,500.1669921875
2.461922216333884,-41.8330078125
3.73205068567752,40.64677429199219
-22.4462583852743,-1114.38671875
16.899113604615202,119.3834228515625
-2.85382252753121,44.52442932128906
1.2705701336207027,671.4688720703125
7.960789166364423,-451.1627807617188
2.71808902854303,-23.607574462890625
5.5273920092716775,208.97454833984372
-4.11149235653684,113.4132080078125
-20.9676231329802,1338.15185546875
-0.89184437235696,295.92047119140625
-1.2816619609782416,179.1068115234375
4.85634828411675,-172.263671875
6.429854346358795,-439.70501708984375
4.71112087372323,-503.40960693359375
-30.7199022255615,114.76870727539062
-3.8590388668775,755.51806640625
-10.6557437737239,773.4856567382812
-13.4460672849668,80.2236328125
-5.527709296795018,406.13665771484375
-1.876637029070265,-75.42236328125
10.2532613363299,1016.4775390625
3.00680128293027,747.291015625
19.33685959748449,-1577.52734375
-0.1058882282985149,-355.18768310546875
14.3436638764016,588.03076171875
-16.1535771788668,-45.084228515625
0.9480162028997956,-45.56640625
-18.5891767455387,-121.65130615234376
13.309934514349203,-290.8751220703125
6.02246857213521,206.18798828125
5.16750826555368,33.47520446777344
-1.0190872666435924,-722.61669921875
-19.100904418149,-201.98165893554688
4.743603615290096,-592.572509765625
-13.8157551615103,-658.43896484375
-3.802611775309477,-608.3140869140625
4.30511943579503,140.6513671875
-22.482844278002705,-4.7000732421875
0.60779733849738,-499.735107421875
17.8138573048897,-480.59857177734375
-38.4626262988146,-331.2748413085937
-0.6089836493556324,432.4075927734375
0.8617451361473882,1175.720458984375
-2.40000424902785,475.1894836425781
3.7078671714499096,92.68118286132812
-2.390619984667185,-476.162109375
-15.559462368784592,-99.09219360351562
-13.790764753514,6.347564697265625
-9.325981865786185,-134.1661376953125
-58.4491138315396,-111.86105346679688
9.550892694239591,-356.69744873046875
4.435147085081137,250.23294067382807
-2.3538192484503564,-159.83056640625
-5.83438093189622,-160.57766723632812
-7.10827059552493,202.4946746826172
-12.414939844598162,134.46322631835938
6.6154810826822,-190.03582763671875
1.3155747227446202,238.5683135986328
-2.56542276271332,130.4107666015625
-13.546032832554804,-42.3526611328125
-16.600339428286603,-299.39227294921875
2.9737175212081803,-628.0822143554688
6.167862854629888,-92.2089385986328
-40.922076323723,129.43365478515625
16.9349100756105,-1125.251708984375
-12.24911226903676,-197.42385864257807
4.867927463076468,65.86337280273438
-21.6327950573002,808.66162109375
7.11033993521173,245.17413330078125
-9.59094984812801,-207.5268402099609
4.92186081619874,-117.963134765625
-7.815562497274902,163.98599243164062
-2.20364176327536,254.138427734375
-19.6754058911438,-56.14801025390625
-91.8886792382854,319.3062744140625
-20.9507978903398,-287.4073181152344
-17.8084408175675,-240.3665771484375
-62.9612541332419,30.3062744140625
5.598134989920393,-332.5414428710937
-7.283890318199592,-443.2606201171875
6.1026124307435,-571.9884033203125
7.42840635595139,-365.08642578125
-5.179391847578812,365.25927734375
-4.873152982370568,96.9075927734375
7.276768036701751,418.2657470703125
-10.739322929783883,130.00802612304688
-22.9219832537164,216.04202270507807
1.5259403537211615,-625.44677734375
-44.7886924625105,89.06759643554688
-3.72583443525641,127.072265625
-14.57002364123529,-80.69625854492188
-10.128266274366498,65.8519287109375
-28.0249952668106,-81.53007507324219
-26.24662901330595,-91.9703369140625
-40.3645652505015,3632.294921875
-30.8056950922951,-213.251220703125
-3.9552380984537248,26.9403076171875
-2.1789667599796294,1463.21484375
-0.5734820606807138,179.114013671875
-1.1617148968623687,23.50202178955078
3.42848617073407,1076.7705078125
-17.4030551064212,-161.80618286132812
3.88109013796494,-37.128173828125
9.400493271217616,307.0147399902344
-11.302161927872188,275.0190734863281
-13.3709137252944,148.1744384765625
-6.79658968512302,445.4321899414063
4.509456424718162,-254.1092529296875
5.45103123545738,73.50434875488281
8.149714042401495,-163.99810791015625
-12.909180343140196,4.394775390625
-6.61979034735207,558.23486328125
11.9978624338519,110.91912841796876
-12.53254789251529,421.6324462890625
-8.36198121766124,-309.453125
-4.361976736345532,803.410888671875
-0.1898191226144924,85.97427368164062
2.3166834950764685,1316.2568359375
-12.6203596574975,3257.9140625
-1.207429910073891,1151.505859375
-29.7403775200217,558.0330200195312
5.31082796058257,248.74411010742188
2.97844031586002,86.38525390625
-12.533050119535002,-418.1463012695313
-5.8684323426223,-115.56829833984376
2.391980620215489,-73.76913452148438
7.73570234615748,-61.654571533203125
1.166748445159433,-161.41114807128906
6.093529951556334,-412.7774658203125
17.709922444879297,-366.967529296875
11.779516260068313,151.27606201171875
2.4866177573815964,224.55030822753903
-30.89708550466269,-98.10459899902344
-9.231606713935047,141.39462280273438
-13.4089268865456,113.7686004638672
-9.06573754635488,-170.78497314453125
9.30630078585379,182.591064453125
-7.156550033865472,-102.91485595703124
-10.5414716495377,-197.0152587890625
-27.8178569354009,-2092.2099609375
5.3817717725564,-762.665771484375
-35.155236696245,-310.9764404296875
-21.4141717786538,-327.8736572265625
-2.6053130644292946,-156.602783203125
-9.953220777101093,-138.412353515625
-8.798237091769485,-375.4259643554688
-27.6920167541674,-234.09458923339844
8.017093587799739,429.9296875
-0.3550158381598589,-157.07408142089844
-1.19024715514191,-1827.509765625
-3.2855896341823474,-1284.5380859375
1.844566842421384,-214.3880157470703
-30.7366736665872,790.20458984375
-11.338238855350506,1.9959869384765625
-1.059512617215007,-342.69537353515625
-33.7712071062874,-1218.64599609375
3.812227003524945,75.390625
-2.8472026300298463,-226.1461334228516
-21.5871320482388,437.744384765625
1.845960760756301,-1474.34375
9.06213659212517,-655.6537475585938
-13.950148061363093,-46.38323974609375
-15.1006814359747,890.3799438476562
-8.65496498210776,1245.21728515625
-31.18852367408345,-1068.8046875
2.35160533891099,-260.4826965332031
-7.06329362397977,373.21575927734375
-11.299328727708405,294.6796264648437
-5.73967918172164,-35.6092529296875
-4.062121175440552,899.1246948242188
3.62056380925444,-90.89898681640624
-6.512385872303066,-250.12179565429688
-17.2817979072755,-1249.9423828125
5.79128728304933,-4023.98828125
3.7921116228684086,139.14007568359375
0.51700222845629,-1744.2939453125
1.0966146270020711,-357.88623046875
-6.613686761665703,-88.14346313476562
-39.873530292237,-930.115234375
-35.0272315856836,-293.234375
0.2475632146873464,-116.1112060546875
5.59963570142504,-105.98345947265624
5.29419053806362,-33.719482421875
6.457932781589695,62.7724838256836
6.4251548431743295,-76.83828735351562
-19.7885249955934,-1131.2392578125
-2.4097304318056905,292.32098388671875
7.543407488617369,-317.2069091796875
1.83593808226401,-333.21466064453125
-1.5082203021212124,3097.25
5.99108205682079,-51.92125701904297
-18.1797235112709,-1055.9542236328125
-12.840088322870097,-53.27911376953125
-2.23616712442702,194.7830810546875
-4.662511414401839,-243.80572509765625
3.41802282280863,-34.382080078125
-12.0320822507053,1410.35546875
-25.9801803981754,3075.017578125
-5.97419023328963,964.1611328125
15.4186986077963,974.51171875
4.480465220149085,1256.0107421875
-13.2363849677504,110.85687255859376
-9.362863686069195,39.3526611328125
4.128157012788561,-109.16796875
2.26767773086615,-460.0019836425781
-24.1634597090208,-55.982666015625
10.013204486477417,-216.9892578125
-31.934070451053,50.00679397583008
-22.9515728231767,3139.283203125
-11.219410776078313,2019.3056640625
6.00089213826483,41.9322509765625
-28.9638748432599,272.7906494140625
3.11049964318654,256.219970703125
-1.073248118887358,700.8665771484375
-10.249148139079496,1880.005859375
-13.14009076535719,846.641357421875
0.7364260970712593,326.9942626953125
-44.9949251983702,420.1936645507813
-5.159519294761907,731.9271240234375
1.869241020829697,2201.9228515625
-55.54568697318505,-480.97412109375
0.3065104335081801,666.19921875
-10.386374558578522,-784.5557861328125
-3.0345245902191325,110.24179077148438
-57.144820014625296,538.633056640625
2.85060083445348,213.1444091796875
2.446050707651698,1048.27392578125
5.50221601830175,-447.12396240234375
3.455876052191651,96.0498046875
-14.6157572128631,137.93983459472656
-0.874105623616695,1920.90771484375
-1.378759213278819,163.28536987304688
1.350733135180331,-924.599609375
-1.94666134980912,77.35488891601562
-3.36735139960915,-475.24310302734375
0.8319171014720902,-298.09039306640625
-40.2101205720394,701.102783203125
-24.577379709126298,12.6846923828125
-18.6292132467089,-228.5908203125
-46.39510994896701,967.5712890625
-2.487076105276776,3162.97265625
-4.752960817423343,1703.728515625
-0.1160299782726794,2133.833984375
-18.5277286275242,-185.6297607421875
-14.1325019191809,17.79742431640625
10.909208084253878,-898.7342529296875
1.30779520720034,653.3736572265625
-5.77436797253085,136.7258758544922
3.986867952152618,515.1647338867188
-21.7936206120663,-124.0772705078125
-2.643556292002,-808.97119140625
11.0853991753379,237.5621337890625
-12.9397422629832,7.874725341796875
-0.190891674386513,2655.57080078125
-6.32558602127377,122.14788818359376
5.391699208755202,-3231.83203125
-8.998840630677615,5134.9970703125
-1.6005087696864486,-89.81036376953125
7.5482379424635875,-25.6414794921875
-7.642910278690365,-708.36279296875
3.719171936095444,307.9808349609375
-0.8981307679622897,5400.2041015625
7.06032809637297,374.11962890625
-3.134999611446543,31.528472900390625
-5.94174589421185,1939.677734375
-17.7883076547542,119.45611572265624
-25.2381267145584,-193.888916015625
-27.5445722402187,-1486.388671875
2.6678241356197647,-438.9733581542969
5.02066543392875,529.7896728515625
-1.67197513843126,79.5697021484375
6.58117049992555,-188.2325439453125
3.12612254618191,-72.6270751953125
-2.1147225087047508,278.5230712890625
-76.9668504799361,429.680908203125
10.11870938841209,205.107421875
4.755697845162629,549.5196533203125
16.5479703149859,-227.74749755859372
4.001938538520379,35.52058410644531
-14.1813773041305,27.6295166015625
0.7709161631446207,151.8228759765625
-24.2508933717269,-25.90283203125
-22.3071231538392,378.0789489746094
7.2595381633228,-5.596435546875
11.555346181601609,33.869049072265625
-26.258782255785,53.564544677734375
10.3189652047012,1401.86474609375
0.809697096857583,98.9713897705078
-18.5255095356289,-173.19989013671875
-1.0680791130593923,102.04055786132812
-3.5390830989045075,73.6739501953125
10.468583156479704,-633.6194458007812
-10.613183176373598,-326.841796875
-6.40442742836347,221.4407958984375
7.196532980977684,310.262939453125
-10.586292641023492,181.21206665039065
-26.79502671025515,-3148.82421875
-7.187555808667961,-40.31396484375
5.4465900456679694,-187.54933166503903
3.1988276731025875,400.5572509765625
7.827394642815597,152.84347534179688
3.887422638441485,-348.917236328125
-3.41466344580097,-327.8500061035156
2.667044757168528,-1844.45751953125
1.0590749185315824,-120.0142822265625
-3.9965921287470247,35.672882080078125
10.982614675109394,89.00830078125
0.4076170529080399,-921.41015625
2.71319811317338,237.852294921875
8.652061852316729,-2280.5810546875
-0.6579761516790089,-991.806640625
-51.6773231694491,-246.4483642578125
-2.8325461302865187,1285.05517578125
2.12749125232924,93.98216247558594
3.562549470771905,546.7724609375
-16.517773128145326,138.83694458007812
6.874655354673765,-651.6541748046875
0.2047767843086013,261.2955322265625
-2.698758931910008,1114.818359375
1.8601156760560384,-147.98110961914062
-22.2455703021075,13.438934326171877
2.4288820651169605,-305.4140625
-16.8307740899425,897.54833984375
20.7191486697607,251.7415771484375
-30.7261055182573,-46.1734619140625
-38.4849400567448,149.5592041015625
-14.3103126367969,-600.0382080078125
0.7860328468455551,925.908203125
-48.3858044800915,7.4874267578125
-3.21662088766757,138.29898071289062
1.675245639565673,-114.279052734375
-90.3299705619704,7.3426513671875
-9.28527551691871,543.119873046875
-1.2293411329062325,765.248046875
-4.534682244798708,629.2255859375
-68.1959205924323,-229.5306396484375
-24.5242345195019,564.490234375
-2.77042962989298,365.0938720703125
3.8009101564042025,396.7940673828125
8.933703319425492,525.95458984375
-11.341527235964405,886.644287109375
6.71098989067457,-664.3212890625
4.54734483862441,142.58055114746094
-5.16341129781556,-90.87547302246094
-49.062306315025,95.5322265625
5.26551760771767,1306.443359375
3.33951124606136,-794.06787109375
5.006519903780723,18.119537353515625
4.05485944970297,13.8487548828125
2.283405953189745,-1952.68115234375
-2.66483863280114,-344.3276672363281
12.566471603210276,-204.5128173828125
-27.9020155354992,-241.3917999267578
8.88265541550952,411.07623291015625
0.1652887870268324,443.3217468261719
15.4985727759109,-349.9111328125
9.014890317831036,-525.9281005859375
1.4803529144374856,1092.921875
18.1939100849816,200.7958984375
-2.6304973605131474,82.58174896240234
-5.493763326806099,-23.704833984375
-0.6715208179901364,275.8418273925781
-36.7383193130824,504.97998046875
5.062784719364307,314.4637451171875
-12.026803679110706,-52.69981384277344
-3.01321716593974,77.71759033203125
8.35813394800668,509.8098754882813
-3.60075442831331,13.3699951171875
-9.509135784465323,1095.2939453125
-19.6175855102284,1138.0869140625
-27.8629509568953,1073.504638671875
1.74273211890989,-613.977294921875
-2.19578977406709,-493.7706909179688
2.42002639701588,-54.47531127929688
-25.55316918036869,-115.90267944335938
5.635020609606415,-28.599273681640625
-34.727836669101,-164.183349609375
4.4516036428765,-237.0549468994141
4.967381413305823,-2235.3017578125
-6.81516141534704,-71.43106079101562
-24.3954295810688,-177.18016052246094
8.658679095048068,-107.6378173828125
3.7347243087796,-4695.533203125
-12.909633143366396,126.27685546875
-60.49569009623433,67.92111206054688
-3.790702882666694,144.6064453125
-12.41068356063,-1964.1630859375
2.76740193393285,350.54986572265625
-18.9061714872788,-595.1163940429688
-3.681083449701528,320.84100341796875
8.13893448615947,-90.7176513671875
-51.402683514636095,-106.32052612304688
-3.0703466753296,-1221.8724365234375
0.4646043967887734,316.7901611328125
5.989492839405608,575.0860595703125
8.833837192566008,414.5333251953125
-26.1965705632023,-445.808349609375
0.0804428699766095,180.26878356933597
10.229168329440906,15.3084716796875
2.12042655289975,188.0439453125
3.88810032819938,-103.50294494628906
-31.515616413872173,-63.92352294921875
2.28163515100639,-45.16279602050781
-9.633163292669298,377.9124755859375
2.63206586722876,159.68624877929688
0.3189015990893598,-281.4354858398437
-6.31868596379813,-655.460205078125
-6.4648984000359935,218.53594970703125
8.91646092056966,-224.59490966796875
-42.637521131086125,-285.62677001953125
-89.5439156156453,116.68214416503906
9.179556151687803,-3115.3916015625
8.754663680824095,-467.530517578125
0.8838679103249854,-265.559814453125
4.338369925074482,91.18173217773438
-18.23432595343749,-187.7147521972656
6.92534745147092,223.2900390625
-1.768261666543676,38.753936767578125
-7.87226820943855,263.2017517089844
-12.0847368637308,36.48419189453125
-4.4222229386498375,1444.9281005859375
6.63109301847755,-389.9101257324219
1.675381804264854,-54.44287109375
-6.897600670415837,-809.6357421875
-12.2774867069717,-2139.1962890625
-3.963646539183849,-54.048828125
-2.552277046947741,-579.8893432617188
-10.78700495517378,-1144.611328125
-6.426376983867103,-558.4080810546875
8.2142562177934,112.35494995117188
-16.967828162594074,425.4824523925781
6.07843040491799,-39.22915649414063
3.08443697315444,-908.0087890625
-1.3811964732242277,-1669.12255859375
-4.51305804704249,-2074.9140625
-9.93375477053989,1330.68359375
-0.6581754288220045,722.287353515625
-7.952166005584182,-490.7081298828125
-13.563015982384195,-307.93408203125
-47.9957157156951,69.65377807617188
4.96190002222477,1193.47705078125
-2.0240269290899,-309.35968017578125
3.47166270740147,78.099365234375
-5.2815921348029296,-27.49267578125
2.369358494612781,-355.2835693359375
-4.214346026907057,31.23925018310547
-23.8934551543691,-258.87890625
-1.0659561461183158,38.28265380859375
3.126169348435272,708.0029296875
2.35164464781062,290.15966796875
-1.79502295092813,-168.31478881835938
-15.957982665262508,-406.8684692382813
-64.65676531723692,-122.43670654296876
-27.8195558011628,-111.87540435791016
-10.480511156242285,237.420166015625
-6.18357684414468,-13.6444091796875
-6.75960002722117,1069.3076171875
4.4105627388370605,-166.5673828125
5.58846482112586,329.41357421875
-16.8483709423333,-301.517578125
16.1850033157246,-253.91978454589844
-3.34531377329845,-264.74609375
5.893700156574014,107.4635009765625
2.745769909533195,501.2545166015625
2.53362859007723,-576.9720458984375
1.0880788430276551,-425.134521484375
