Score,Pred Score
-13.812973987503693,-461.15557861328125
-14.6311710829416,43.786014556884766
-15.020937907067507,14.253143310546875
5.61896917638109,-2800.38671875
0.1461877509898399,27.040313720703125
3.59745169898486,-109.965087890625
-6.72144892291601,-135.57785034179688
4.304204520484877,-190.6650390625
3.37898618824583,-374.0115051269531
3.939818822274421,-73.9833984375
13.9953943577381,30.5692138671875
-5.39913759737588,-1440.546875
-2.204579993178592,-290.9735412597656
8.829561804598438,-6.277252197265625
6.01696699102072,-840.6185913085938
-6.376202369524528,-755.42919921875
-6.50906463316165,3.240234375
-60.92137282626391,-0.5556640625
1.99934019108803,-68.23345947265625
2.188685633501576,-86.64755249023438
4.07090957771029,-380.3935546875
0.5211206139658471,-841.9814453125
12.5580583918003,-148.606201171875
3.320229681965675,-522.4638671875
-0.4381862293696001,45.09434509277344
0.1752112379752922,-4.895263671875
4.123908949931413,-557.380859375
-14.2382866820043,-82.19940185546875
12.966325580978296,124.09619140625
7.692941411907634,-118.91876220703125
-62.9031214125763,36.18035888671875
-5.800670766453999,-155.05715942382812
-11.705366535732304,-204.75439453125
-4.786538605318405,102.20750427246094
-82.4887013651952,28.270782470703125
-8.251107402184557,-289.490966796875
1.61677665352485,269.12109375
-11.916211326129387,-46.17134094238281
-45.634880019414,-222.59954833984375
-0.568998602339841,-19.97412109375
-12.147399114840605,52.5755615234375
-27.4476544011683,-114.64990234375
-2.306526469902426,-12.109634399414062
-0.4835459876036119,-2180.3349609375
-8.39479061793487,-163.40753173828125
-46.862925671502296,-57.221160888671875
0.3837795244341289,99.82064056396484
7.184930267876617,-2866.44921875
2.8348518495029404,-164.0211181640625
-9.859535687586003,-974.5869140625
-6.00025755794808,-413.2939453125
-4.764629840066975,-2770.83203125
-2.377061578670744,-354.552490234375
-2.0585753436264698,70.29376220703125
1.1848602197973823,-1913.97607421875
4.97603191479674,46.55389404296875
4.27399441028646,-176.76901245117188
-46.2372447228831,-300.6705627441406
-31.4759298257721,-366.087890625
-50.1674018945849,102.06767272949219
0.9601515747159592,-183.0247802734375
-11.864177458483407,-266.751953125
-0.538262620928304,-261.3329772949219
-0.6920482116816997,-57.842437744140625
-1.5184696160120892,53.836669921875
-3.0836644409391925,-62.87078857421875
11.316750179392892,499.74652099609375
-11.183106529127476,-141.9556884765625
3.59102041590596,-81.13671875
4.55602013063716,0.6650390625
11.579228393987275,-24.83660888671875
2.3067635611900137,-129.00758361816406
10.480393919522983,-272.5047912597656
-2.698100773809443,-115.12234497070312
3.776985072333982,-19.3740234375
-11.773766374328297,79.3123779296875
8.681027307740193,-516.552734375
-1.1091988250418725,23.4254150390625
4.484288991501213,-585.45068359375
0.0548896546292299,-44.0380859375
0.1118559290339978,-282.57354736328125
3.9797293996962297,45.74304962158203
-22.42608065327665,-258.80596923828125
7.37064384347005,103.21952819824219
-0.2642143205483515,-202.1025390625
5.344594984386832,-14.030517578125
-1.2497809936708242,-111.16395568847656
13.71198107208239,24.835906982421875
0.5045482395984724,242.78564453125
2.86709961553106,210.8597412109375
0.4423212163888063,-113.10546875
-3.724573545179619,-155.60809326171875
0.2570808252882703,308.2001953125
-70.65073406723695,503.5302734375
-33.9587360563784,-136.5919189453125
9.2088386022025,-65.5186767578125
1.3318185914773402,-258.98046875
-9.176001953270983,141.6328125
-10.497767159210698,-120.3050537109375
-0.4402086584014632,-87.0548095703125
2.1560784090827942,-158.57510375976562
-27.1636490162131,-321.12530517578125
-0.670930828719279,335.2138671875
-22.794043146736,-119.46053314208984
0.8105828534072201,-464.5091552734375
1.2287673509824204,69.2720947265625
-0.6435038581465955,-1614.43310546875
8.474782023793379,107.30178833007812
-9.601847091024196,1.861328125
-1.6610011043127195,-60.28582763671875
-0.1091636509260827,-16.26904296875
7.570838092245207,-17.32440185546875
-7.211196994815285,191.9547119140625
9.090654061652296,198.11972045898438
-26.6651088566214,256.5999755859375
-17.309192174305,-39.716552734375
4.14054171285972,67.22406005859375
4.097668935846943,726.9987182617188
-0.29408409265346,-69.07781982421875
-35.8165916579592,-30.576126098632812
10.898098675545494,-16.108596801757812
-1.6552655274048038,59.36722183227539
1.6729502580778592,2.541748046875
-6.42491227706334,-178.83282470703125
-15.4752611754195,-17.3709716796875
-0.6907348474047925,1376.8642578125
-21.3629045873375,-93.42205810546875
4.219145585451182,-83.0673828125
-3.019531285218114,-289.1142578125
4.25311060075082,-32.17010498046875
-15.0412339008878,568.4609375
-8.237627320974727,-39.49278259277344
-1.0683487237199796,-594.42529296875
-1.7174251595272625,-146.43310546875
4.069163600073605,-16.568756103515625
-10.162041561092582,-38.3314208984375
-5.97248436581227,78.64776611328125
6.120538767403939,-143.9625244140625
-0.8028238008287005,166.78958129882812
-23.6042929930625,-177.80645751953125
-0.1777753404752198,399.5305480957031
-5.785469568057495,97.21497344970703
-0.0556983764780604,140.5456085205078
-25.4508968849616,-376.04541015625
-5.3185412482723295,65.771484375
9.1356503291117,31.838104248046875
4.020569536845237,16.273895263671875
-58.5527340809363,161.9266357421875
-6.291328737399075,241.35379028320312
4.187869588752649,412.52020263671875
8.922207576391518,25.189788818359375
22.7414116448382,233.72509765625
-44.6057608529879,36.817413330078125
-26.5129077898497,140.1749267578125
-2.13735826282737,195.1002960205078
-1.14890133483728,-14.863128662109375
-15.2234416939723,-101.04827880859375
0.369316059642221,-34.615234375
-0.6884117876070912,-129.6435546875
-5.8772631055401,-85.89892578125
3.6053774296538297,3.152099609375
5.07108724357905,54.103485107421875
1.292753014965791,-18.50079345703125
8.440986836263871,-158.288330078125
-3.43040335892423,84.39599609375
0.7651079053562314,-69.40240478515625
-37.13962469223695,370.59320068359375
-5.822632503482525,-165.442138671875
-6.879472048396067,171.39007568359375
2.11024229353816,140.37066650390625
-7.1526743450051855,189.24810791015625
-1.122073026503361,-99.99929809570312
0.3302260274555297,124.26513671875
-1.178255647098801,-35.8701171875
-2.99361591491145,-209.2939453125
-18.1070051290659,122.51689147949219
-3.0332808194811403,121.85366821289062
2.6303171850506604,10.9091796875
-9.72499716390718,98.1810302734375
0.2729453578388601,-1184.271240234375
-21.4503408223732,33.431304931640625
-4.99755531471552,-571.6939697265625
-18.0018409950579,-52.8133544921875
4.00031385473591,76.86528015136719
12.0378145652987,1008.931396484375
14.1235470599023,-73.848876953125
6.55729051148795,-927.5263671875
11.19992297656359,-355.02740478515625
-7.81388191369781,-70.005615234375
-2.924593214648255,-59.9755859375
3.7667366885646025,-158.96923828125
-6.68253431604433,-220.787841796875
0.7345204104922589,139.53231811523438
-10.626155896203898,-151.0734100341797
8.106852576346123,-322.7535095214844
-58.24412469223692,-277.9700927734375
1.4955767028094,67.24609375
-17.6906096863185,-147.90679931640625
-4.813871520282443,-71.76446533203125
-11.8973420493851,-234.765625
-2.67676896274171,-115.671630859375
-3.9331393974605526,465.25
8.756217929094177,398.615966796875
-29.2662792150344,119.9901123046875
1.7249239205326918,80.682373046875
-6.686975812883663,-58.1552734375
11.10272802991041,-74.93994140625
-10.956818171714705,-87.72735595703125
-6.3500959185649,-93.6109619140625
0.6681105368389735,293.0009765625
-12.500029270357295,360.8408203125
-2.591242863373206,-172.88165283203125
5.954690473588823,-67.50515747070312
-43.929359067237,-15.377166748046875
-17.4841411730512,65.94183349609375
3.61441892535489,147.32098388671875
2.1112971208509976,-85.68643188476562
-41.8026500314277,-35.43479919433594
7.028135642932115,377.49566650390625
8.463248256721428,133.53955078125
-13.037072413777096,72.87738037109375
-1.6307504375632549,148.111328125
-0.3284521577656807,123.18045043945312
0.4685622181175212,-0.28466796875
-5.316952415477393,409.30267333984375
4.584421564331302,17.76947021484375
-20.3593816575191,-69.3984375
3.67041582610247,-546.0516967773438
2.204062447972561,-241.10098266601562
-4.666937653128132,85.5185546875
-12.3781694316975,102.0406494140625
7.06923762363823,132.1337890625
-37.2883298194418,-278.4646301269531
6.442434166934048,-187.22998046875
-12.2162083245621,-97.5277099609375
-20.3623076046531,155.9169921875
-5.45440876641342,-175.09295654296875
3.1416241584890576,-149.0399169921875
-4.96580172718434,-102.674560546875
-37.4061766871973,-144.597412109375
6.46185690649625,98.416259765625
0.5403453062071405,867.53125
8.656689402528613,-264.45654296875
12.331931266595111,375.18701171875
2.75380173901167,0.96875
-2.8447496930443927,726.489013671875
0.0285872237409883,-51.236328125
-73.5286754265322,1.611236572265625
7.285509446842615,66.28878784179688
6.72046542688671,-40.08734130859375
-6.19730890695259,161.50567626953125
-16.4599719883519,200.713623046875
-10.288292260688207,-238.78125
-10.285920522724917,-321.5429382324219
-30.8171784242839,126.9662094116211
-4.65691689928222,422.697265625
-37.1716279374795,-95.7158203125
-36.50577458359941,-152.5732421875
0.7942566624333496,48.0078125
-34.8552692363716,44.232391357421875
-2.491707941339629,-51.001625061035156
1.7387039934851498,-181.84246826171875
18.9715733525152,104.23722839355469
-13.8996269060666,-413.8289794921875
4.17561229224804,7.610565185546875
4.7680640763497,83.08036804199219
-6.745372906074374,-69.853515625
7.262818938793504,396.82763671875
-55.7541546140486,27.12310791015625
8.453421074249384,-161.43939208984375
-5.85807143580148,-274.5587158203125
-52.7336020518746,-249.56759643554688
-1.995826789875676,-170.193115234375
-1.3326443092463092,-118.064208984375
5.029017096161708,-77.7035903930664
-0.71117494174041,-288.80328369140625
8.243548509216069,57.033416748046875
5.81602235619721,310.22857666015625
5.978124919049687,192.0299072265625
-2.8859593337581737,-202.09814453125
-26.0047332498617,-93.73681640625
-1.5220929784942658,398.48626708984375
-3.195242757261453,553.1904296875
-15.0089303719363,25.179885864257812
-1.757118944268968,-41.49604797363281
-13.5091075877696,-304.7685546875
-4.0681667574955,-1.24847412109375
4.43276114617859,184.6220703125
-4.665207913971671,208.7569580078125
7.33919324558513,7.556854248046875
-11.69780882660921,99.48809814453125
5.960801203295765,-67.3621826171875
-29.9162730471743,-110.20806884765625
-5.331847529263395,-125.3427734375
-40.7258600860177,-272.15374755859375
-35.3994683825842,-63.684814453125
-10.968565079401992,-77.7027587890625
15.384553292915324,-177.19122314453125
-0.4271227388875901,47.909698486328125
-7.69948364751984,-166.6270751953125
-26.6822467124322,181.2866668701172
-0.2823200449385875,-184.22021484375
-3.8453528225106623,-67.70867919921875
-2.4599041427842496,434.9004211425781
-12.7315114055493,121.6552734375
1.418014053180695,-259.015625
-3.4922781726655696,-459.654296875
9.58062385928767,459.44287109375
-17.5801214502402,45.3697509765625
-49.5120706514507,-102.85589599609375
-0.4503474699443348,216.511474609375
2.332279780348585,23.375
-42.2483635713802,-38.13018798828125
-5.00028834575103,-131.506103515625
-5.14141487663266,74.5084228515625
-19.923371510770203,-86.33929443359375
4.28301459624688,-53.360107421875
0.3224388648416145,172.09930419921875
6.795393661635613,-483.2802734375
6.720388221210122,524.89892578125
-20.7558388881914,-778.380859375
-12.5922662394529,-32.50685119628906
-5.19085420781142,-122.98590087890625
-27.3858072066324,167.24822998046875
6.488490212037078,-59.9910888671875
-12.5233171201947,84.33477783203125
0.996650643215182,-250.41851806640625
3.27144637329635,-127.61592864990234
1.203208947199059,-174.99050903320312
4.5031585012656095,220.2607421875
-46.6686841099013,-100.52099609375
3.600655729290548,-282.80548095703125
-2.7077151362496297,-45.796875
-42.936846127142296,-414.9878234863281
2.679404112105611,103.9981689453125
-23.975827854410426,302.56591796875
-24.4869919201538,-91.141845703125
-6.22433036882608,90.65570068359375
-24.992167376126925,-91.27643585205078
-9.742168339465294,-608.92041015625
0.1235817830644999,-26.85272216796875
-11.607028837624,79.37802124023438
5.321680837772678,25.34228515625
3.3452637215970498,397.5400390625
13.015759276594096,-138.787109375
-6.13466459150186,-378.3818359375
3.0897024917955025,-236.87008666992188
3.557691046156,149.56185913085938
2.0008593011464906,-216.48382568359375
-1.2671721747064446,13.819232940673828
-2.989164004622407,72.70039367675781
-2.43808381047612,-346.5697021484375
-11.30813578108209,260.6083984375
-9.619042312244815,-97.3662109375
-4.01456885639382,-748.876953125
-4.853312003098937,-154.1702880859375
2.78743688363977,-370.19140625
3.6035536346157695,-82.537109375
6.09033976794457,-104.20654296875
-5.89266438028177,364.30316162109375
4.780848076735348,175.4089813232422
-20.7592210135025,-95.08056640625
-3.637071869773312,53.00535583496094
-4.396710286499547,254.15985107421875
9.04709717330502,-167.9547119140625
1.69213972357191,-281.1531982421875
-27.068723822751306,57.830078125
0.2886204877907422,-176.59222412109375
-0.592182005541919,32.2613525390625
-4.736229867816737,-45.57611083984375
7.877641553655238,-57.0809326171875
-2.588665914009158,-524.213134765625
4.72846919446815,62.64373779296875
3.42669038506664,-192.91046142578125
-10.274169876330886,-247.4580078125
-1.289264920121349,-142.3963623046875
-6.9648772325347394,-291.4000244140625
-1.2236747050651609,-7.570556640625
-12.208208404490907,-155.70028686523438
4.40921359309415,123.36553955078125
16.4171583068458,-85.87062072753906
-15.991582533821994,-157.926025390625
7.809600001042748,86.49923706054688
-3.0331069492891496,258.7497863769531
2.603164662477901,-204.84176635742188
-24.2572199033326,72.4459457397461
13.667582002208905,-246.56201171875
8.19307228691883,-14.95538330078125
0.4664503305112299,53.7327880859375
-6.46133524603972,408.27783203125
-19.7520332208299,119.47065734863281
-7.75971004909346,-2453.079345703125
7.66334596528203,70.60618591308594
-27.64770126959135,52.419830322265625
2.125547882163602,-192.33041381835938
-1.8239337240231768,-481.8100280761719
3.3696784995100426,-79.25091552734375
5.265272900492549,-79.29824829101562
6.753311816554961,29.3153076171875
0.9434331950199416,-717.82763671875
2.13745295521649,177.558837890625
2.76912169862866,148.64398193359375
2.409764321136161,-217.45594787597656
3.7606671418030695,88.59603881835938
0.555665600488549,13.5269775390625
-89.04756219223692,355.88134765625
6.987950206462267,407.06951904296875
-10.09410467002709,359.119140625
8.16191414696451,219.6522216796875
-10.731303688850904,31.460556030273438
7.588764503474316,69.50784301757812
-5.25293160621848,-124.09600830078125
2.3065604778561424,323.6116943359375
-3.8022266666193874,-299.1524353027344
3.22816419080692,-286.09649658203125
1.1941842843275,85.65966796875
9.772192422094813,-126.0855712890625
-2.489313079893845,266.9207763671875
-13.547300817594484,70.92288208007812
-1.5403494549472296,-89.382080078125
-5.139364658294922,184.62037658691406
-1.32131943338233,683.91015625
-0.5284321769112605,-500.4827880859375
0.1119561526876595,-17.3526611328125
14.8508222506114,49.8232421875
-0.0918051514147744,58.1470947265625
-1.7237618714553775,24.729297637939453
-1.5699354762224491,-2014.52001953125
1.5718362711845366,660.6494140625
3.58036180553514,-41.659698486328125
7.45084701577923,113.77531433105469
-7.378812419643663,-28.68316650390625
-33.1832620874725,21.76495361328125
-6.066411004621831,310.3423156738281
-16.4910721624856,340.03271484375
0.8267526169764301,156.4438934326172
-9.762453719841735,230.45053100585938
8.07102955700163,450.28009033203125
1.741670982094262,101.50654602050781
-0.0053525606393112,591.58984375
-51.4043293278057,27.84100341796875
14.9415296965116,884.767333984375
8.70853787657841,118.57112121582031
-2.149900469098629,-144.16830444335938
14.8229623836697,115.69953918457031
-0.0379657812584102,-6782.064453125
-15.3173389528898,-347.2098388671875
-1.7663441991754285,651.8759765625
-6.708306328674888,141.14169311523438
-78.7451798053926,96.64704895019531
-0.5413656534735456,70.84765625
9.625121597198186,-41.3126220703125
-3.15562863494722,1061.18212890625
9.60447820177431,362.92041015625
-3.31847606547329,-31.873409271240234
-4.12581810820042,64.70803833007812
1.7706121017107803,-43.443634033203125
0.5117341060036625,28.366134643554688
2.63157412115867,-47.9984130859375
-4.763634360062484,-133.01953125
-11.18181257464061,283.8858642578125
-39.4932668903457,415.4375
9.206200380526292,-934.2738037109375
-2.93911844531118,145.86679077148438
-28.13472322157985,-85.30950927734375
9.62907409316032,-10.40625
-7.042636248773623,-39.1348876953125
-4.03025121975644,-306.86138916015625
3.42951329804928,-243.03758239746094
2.5565427438131976,251.5577850341797
2.8513084033656,241.0352783203125
-5.5623675139736175,190.4068603515625
16.9968892380515,-127.51048278808594
-4.144685584269085,-228.1827392578125
-11.221818720505304,453.690185546875
-2.111656589218961,-12.119865417480469
-1.626797120535592,118.1298828125
0.7652624054000594,495.9326171875
-21.5531296050118,-222.5294189453125
-13.053772031257305,80.4859619140625
5.42509465390903,36.862884521484375
-5.5186956836840375,375.524169921875
-2.260381023139061,58.0689697265625
-30.3377383335249,252.53515625
7.380729755239978,74.6646728515625
-4.172986764275874,-217.64013671875
-1.2036514942358316,-52.817596435546875
-35.2906329121599,366.28564453125
-2.54595208771381,163.353759765625
-10.901275449743116,-64.24482727050781
-17.0078420331655,20.36773681640625
-17.0314498829154,-156.67758178710938
-11.9784507557909,87.583984375
-19.469018973061075,119.478759765625
-3.2142130797467816,62.225860595703125
-0.5663484394051013,418.02545166015625
-21.2195468929047,-139.9525146484375
8.077984978184695,173.04832458496094
-17.0119321722455,-130.06402587890625
4.67424026120176,149.87890625
-47.9875704511971,152.1517333984375
4.316615136301563,89.04586791992188
11.2728180991378,75.95809936523438
-3.5546157663424616,0.837005615234375
-3.15887949932979,243.774169921875
-1.6422791314174887,155.64910888671875
-3.448025235667948,-147.41015625
-13.5632540546311,71.27255249023438
0.8825935384285006,18.953414916992188
3.27100049685324,22.758316040039062
-0.7762273913233743,-123.03819274902344
1.026942322157092,-84.94671630859375
9.859104788483815,-71.5948486328125
-1.9977872313530125,143.587158203125
-13.1809903671301,-192.90518188476562
-35.1782981083837,61.6549072265625
-35.8337806803641,76.8095703125
-7.639409008216227,64.41621398925781
-15.746453943284,-201.09552001953125
1.055995951979529,70.88804626464844
3.987299411465438,141.82891845703125
-37.0930621901092,144.5675048828125
16.694612728237402,-69.12652587890625
-4.527979888097892,12.618309020996094
14.6352674345898,-148.4727783203125
5.034618319433818,-32.188140869140625
-3.77133000272187,398.517578125
-1.61504571199055,-286.2313537597656
-56.3663437951974,-333.6357421875
10.088450856398616,-185.3299560546875
-14.285610883283098,-156.96273803710938
2.6210618799141923,3.556640625
-2.308732762121495,171.974365234375
-83.9761260280997,-48.95411682128906
-1.03656181464744,631.97998046875
10.16232173056559,-682.3551635742188
-3.12013961477547,134.9139862060547
3.010752586641185,-23.4296875
-1.5178355576616795,-249.83663940429688
-2.60072537807549,-185.32550048828125
-2.367312137177082,-205.89306640625
6.075310726130807,194.4849853515625
2.24572304437811,17.320556640625
0.2044267191685782,56.60359191894531
3.85944773684647,118.29541015625
-14.409506408843407,-9.666748046875
-2.683955047842884,384.9306640625
-0.0075038478591599,443.16644287109375
7.190050317883171,-297.798583984375
-2.1691769605730515,-74.9619140625
-7.910003358009165,194.19921875
-69.1366966634013,15.249073028564453
1.437241653553571,153.66351318359375
-20.7409218490905,10.769500732421875
3.78247800369874,164.712890625
7.909526276907584,29.01335906982422
6.097122298913325,-107.1956787109375
24.5800902168924,-178.6279296875
-9.979741434164584,102.219482421875
3.1327986373042376,273.4833679199219
-8.393586343504198,-398.1365051269531
8.678125432705007,278.1305847167969
20.7428439693387,91.33392333984375
-1.511416195100045,-1.4412841796875
-23.3725501337939,17.042068481445312
4.69437535963172,-115.27847290039062
8.24149319055937,117.3719482421875
-0.2898522089969393,-32.49488830566406
-7.19378137939456,84.55859375
1.0271109700113177,-133.31423950195312
-14.564555056626377,-115.2314453125
-9.657849716236,-272.4632263183594
-0.7280966227290082,-227.0947265625
-21.8962191024866,-19.026611328125
-40.2614734397264,565.607421875
-1.77750068778882,75.22802734375
-28.3488859938485,-920.3408203125
-8.184373188662292,41.316070556640625
-6.135426654744688,207.802734375
-3.270422191581055,164.47503662109375
-6.055427015859325,-412.056640625
-34.3143130117107,-15.98828125
-50.4820483838523,190.06475830078125
-4.639593570653838,228.917236328125
-21.0606958753072,-399.896484375
8.747205755218493,-792.6136474609375
0.6884341878779402,252.4150390625
0.300408103033295,-456.9423828125
-2.6184282494780104,-296.28814697265625
-37.3999740396079,-88.1072998046875
-10.594900847222812,-241.7529296875
-23.227454082363305,99.82899475097656
-15.4814292943448,-36.42547607421875
-6.89310310865277,-354.9159851074219
-11.7962452523223,-446.104736328125
-0.3887710448227697,363.76416015625
-4.0896099478500325,-55.1568603515625
-42.6579269422049,17.358612060546875
-2.095241650043551,111.01797485351562
8.45389840526827,333.896484375
-15.5157954828953,-614.4931640625
-1.9802660997523944,-92.88250732421875
1.8368511005450223,-154.14697265625
2.11900133622217,13.36041259765625
-38.4962238749225,-221.8359375
0.8069046214032297,-214.14532470703125
-1.73607437190069,-181.8135986328125
-8.46093254820262,50.39959716796875
-0.0780407432645869,-84.541015625
5.009535132419683,266.7037353515625
-74.9399761386801,104.390380859375
2.806732553915905,-359.61895751953125
-10.415057364934407,-12.593414306640625
-4.81834176383161,733.619140625
-1.4920816076829602,202.1090087890625
-0.003939288658445,-172.04193115234375
5.86288473591452,248.54873657226562
0.4443344011282492,-264.05572509765625
5.72263802046558,35.390380859375
5.46583466116103,-216.5128173828125
5.05355462238675,-139.31207275390625
-17.190033530139498,33.82562255859375
-10.1192188918475,111.46875
-10.539071528779305,-313.54779052734375
0.2492257167476033,1136.7177734375
5.35198813185094,-78.166015625
14.9823899147147,-101.7852783203125
1.7336328627834918,-161.54168701171875
3.2582764286422226,-276.6513671875
1.1615369027166365,46.894073486328125
-42.4099588259267,-153.4742431640625
-38.7823663998969,-180.5455322265625
7.99575647038201,37.372314453125
11.644495901203598,30.546875
-39.0956747424042,375.8345947265625
-38.6438610292767,-286.642578125
-40.5029244010595,-90.1416244506836
-22.8644313188967,-77.02410888671875
-0.897066728281827,-122.79875183105469
-17.6830733389949,-22.52490234375
-0.0084306638066775,-359.729248046875
0.5394390329931549,-38.77392578125
-21.61387508166409,223.30909729003906
5.053393098685065,356.2877197265625
-15.7834934865799,186.38214111328125
-58.40351531723695,-6.043609619140625
8.86280218600469,-348.3919982910156
1.888243484494037,208.23333740234375
8.99923705482913,-175.67578125
4.133325903305868,-413.0869140625
4.774357664359128,-12.273681640625
7.418770080750715,96.77963256835938
-2.25262466719878,231.1781005859375
-7.071587649042333,26.72637939453125
4.398742241377427,1925.560546875
-8.692928400841772,457.24609375
2.334382802629,-213.4697265625
2.8274240704709,-27.95110321044922
2.1747311895065486,-144.86767578125
-11.9965988914421,-15.035873413085938
2.776867734737273,364.7889404296875
-12.4595255596924,10.59033203125
18.5317724911246,-848.3123168945312
6.86106163750481,572.91064453125
-19.1693792779686,-162.82290649414062
-4.20883890972707,-150.01251220703125
-0.3530077955256401,38.8172607421875
-1.6020246929696491,220.42282104492188
-7.57557880794988,229.7020263671875
13.9692836454661,-34.29052734375
1.289294757415069,499.3241271972656
-20.3746494688195,-60.725807189941406
-8.044482691931467,137.285888671875
2.51340467963473,-55.97515869140625
11.0282847349576,249.0009765625
-1.3944922949507652,66.48544311523438
-26.2706781913698,264.291015625
-71.7765711158932,-50.276824951171875
-44.2857422252861,50.90234375
-3.057699221935841,-253.22193908691406
10.116767222520318,708.830810546875
-46.9980356488569,-22.205963134765625
-8.677497573270493,-171.231201171875
-25.781275563237,148.65664672851562
-2.941164138388841,-231.9080810546875
-26.5692742661385,32.66943359375
1.2555345380058751,-129.78369140625
-0.810306898238276,-353.61834716796875
0.2404076931068699,107.87200927734375
-2.5590885431480426,-127.73263549804688
-11.9846830308257,-78.1689453125
-5.775806690181939,286.9808349609375
1.9806048133258944,93.87646484375
16.618750626525,-600.212158203125
8.204494762209066,46.19560241699219
6.80321923705408,1379.201171875
11.710679650337616,-454.001953125
3.181253849239128,330.11962890625
0.90894434552881,-24.015182495117188
3.547124544521316,-31.17578125
-2.202886656443709,993.3193359375
-11.133669865203094,56.224365234375
9.328533024448705,866.9443359375
-0.7012610501602399,242.57110595703125
-0.3170472839931941,-99.69792175292969
-2.3458288386735573,155.4638671875
-26.1191329979098,52.54595947265625
-2.33292598982445,-111.0673828125
2.461922216333884,-224.6483154296875
3.73205068567752,-5.008209228515625
-22.4462583852743,-587.11328125
16.899113604615202,276.15728759765625
-2.85382252753121,-45.642822265625
1.2705701336207027,-114.0513916015625
7.960789166364423,33.255218505859375
2.71808902854303,76.03997802734375
5.5273920092716775,120.10845947265625
-4.11149235653684,-206.1551513671875
-20.9676231329802,-1668.007080078125
-0.89184437235696,114.35995483398438
-1.2816619609782416,-40.43754577636719
4.85634828411675,-79.00296020507812
6.429854346358795,-347.856689453125
4.71112087372323,-180.57196044921875
-30.7199022255615,182.08013916015625
-3.8590388668775,403.74072265625
-10.6557437737239,331.76324462890625
-13.4460672849668,-32.322265625
-5.527709296795018,331.26708984375
-1.876637029070265,-93.034423828125
10.2532613363299,488.6579284667969
3.00680128293027,54.01171875
19.33685959748449,-708.217041015625
-0.1058882282985149,-102.302490234375
14.3436638764016,202.4385223388672
-16.1535771788668,-239.442138671875
0.9480162028997956,-347.279296875
-18.5891767455387,25.9510498046875
13.309934514349203,166.04295349121094
6.02246857213521,64.970703125
5.16750826555368,-147.98822021484375
-1.0190872666435924,-1979.5439453125
-19.100904418149,-4.557464599609375
4.743603615290096,148.9521484375
-13.8157551615103,-163.2564697265625
-3.802611775309477,181.8739013671875
4.30511943579503,273.357421875
-22.482844278002705,-189.522216796875
0.60779733849738,-238.9683837890625
17.8138573048897,-356.335205078125
-38.4626262988146,-41.21209716796875
-0.6089836493556324,28.69708251953125
0.8617451361473882,354.44024658203125
-2.40000424902785,156.621826171875
3.7078671714499096,2.9334259033203125
-2.390619984667185,-156.5478515625
-15.559462368784592,26.78265380859375
-13.790764753514,125.34503173828125
-9.325981865786185,-76.1046142578125
-58.4491138315396,-152.7960205078125
9.550892694239591,341.480224609375
4.435147085081137,47.15882873535156
-2.3538192484503564,217.6273193359375
-5.83438093189622,-87.54873657226562
-7.10827059552493,116.86557006835938
-12.414939844598162,163.10394287109375
6.6154810826822,-295.1968688964844
1.3155747227446202,93.83438873291016
-2.56542276271332,12.29864501953125
-13.546032832554804,43.59625244140625
-16.600339428286603,128.1688232421875
2.9737175212081803,-295.83062744140625
6.167862854629888,30.590805053710938
-40.922076323723,74.41943359375
16.9349100756105,-83.444091796875
-12.24911226903676,-58.84819030761719
4.867927463076468,7.678531646728516
-21.6327950573002,64.64697265625
7.11033993521173,65.93093872070312
-9.59094984812801,-131.61297607421875
4.92186081619874,-303.35546875
-7.815562497274902,79.35899353027344
-2.20364176327536,-574.8994140625
-19.6754058911438,-131.9600830078125
-91.8886792382854,92.11224365234375
-20.9507978903398,-105.93392944335938
-17.8084408175675,-25.863922119140625
-62.9612541332419,-42.48492431640625
5.598134989920393,-184.234619140625
-7.283890318199592,-185.22506713867188
6.1026124307435,-191.88592529296875
7.42840635595139,-293.44189453125
-5.179391847578812,-172.2086181640625
-4.873152982370568,-81.712158203125
7.276768036701751,4.7884521484375
-10.739322929783883,8.8426513671875
-22.9219832537164,45.63763427734375
1.5259403537211615,-157.983642578125
-44.7886924625105,-69.28706359863281
-3.72583443525641,-713.59912109375
-14.57002364123529,-92.20394897460938
-10.128266274366498,138.0450439453125
-28.0249952668106,50.310272216796875
-26.24662901330595,-118.23399353027344
-40.3645652505015,165.005859375
-30.8056950922951,64.02621459960938
-3.9552380984537248,516.42236328125
-2.1789667599796294,-261.43359375
-0.5734820606807138,-216.95269775390625
-1.1617148968623687,-99.06399536132812
3.42848617073407,-162.0673828125
-17.4030551064212,-44.73994445800781
3.88109013796494,65.93959045410156
9.400493271217616,-139.83615112304688
-11.302161927872188,166.650634765625
-13.3709137252944,-193.72161865234375
-6.79658968512302,91.11492919921875
4.509456424718162,-340.8556213378906
5.45103123545738,-7.462181091308594
8.149714042401495,33.34272766113281
-12.909180343140196,143.4189453125
-6.61979034735207,226.9251708984375
11.9978624338519,74.31826782226562
-12.53254789251529,306.92535400390625
-8.36198121766124,-203.70782470703125
-4.361976736345532,284.615966796875
-0.1898191226144924,-25.1756591796875
2.3166834950764685,-59.50439453125
-12.6203596574975,-172.4921875
-1.207429910073891,234.9873046875
-29.7403775200217,-37.2669677734375
5.31082796058257,-6.3391876220703125
2.97844031586002,-9.78900146484375
-12.533050119535002,-145.80560302734375
-5.8684323426223,0.06817626953125
2.391980620215489,-22.568450927734375
7.73570234615748,7.0600128173828125
1.166748445159433,-113.46109008789062
6.093529951556334,-219.66416931152344
17.709922444879297,-335.49786376953125
11.779516260068313,-10.417236328125
2.4866177573815964,-249.40879821777344
-30.89708550466269,-29.872314453125
-9.231606713935047,9.044120788574219
-13.4089268865456,96.64323425292969
-9.06573754635488,-90.03875732421875
9.30630078585379,20.74853515625
-7.156550033865472,106.0357666015625
-10.5414716495377,-99.378173828125
-27.8178569354009,273.6318359375
5.3817717725564,-249.66064453125
-35.155236696245,-138.22039794921875
-21.4141717786538,-100.05889892578125
-2.6053130644292946,45.99560546875
-9.953220777101093,171.512939453125
-8.798237091769485,-212.4876708984375
-27.6920167541674,-173.30447387695312
8.017093587799739,304.55078125
-0.3550158381598589,162.89535522460938
-1.19024715514191,244.56640625
-3.2855896341823474,291.625
1.844566842421384,-8.630462646484375
-30.7366736665872,-12.923004150390625
-11.338238855350506,-24.160659790039062
-1.059512617215007,-68.03366088867188
-33.7712071062874,241.1650390625
3.812227003524945,235.580078125
-2.8472026300298463,-115.16281127929688
-21.5871320482388,293.39801025390625
1.845960760756301,-486.5029296875
9.06213659212517,105.34112548828125
-13.950148061363093,76.33252716064453
-15.1006814359747,612.2347412109375
-8.65496498210776,442.8570251464844
-31.18852367408345,100.15234375
2.35160533891099,-267.5240478515625
-7.06329362397977,314.290283203125
-11.299328727708405,162.25624084472656
-5.73967918172164,156.95208740234375
-4.062121175440552,347.724609375
3.62056380925444,-59.28607177734375
-6.512385872303066,-29.4703369140625
-17.2817979072755,138.5
5.79128728304933,-708.33203125
3.7921116228684086,-4.2381591796875
0.51700222845629,230.947265625
1.0966146270020711,-192.76742553710938
-6.613686761665703,-37.17890930175781
-39.873530292237,10.552734375
-35.0272315856836,-331.19818115234375
0.2475632146873464,-100.83444213867188
5.59963570142504,-109.60791015625
5.29419053806362,128.14794921875
6.457932781589695,68.47504425048828
6.4251548431743295,-29.985443115234375
-19.7885249955934,223.5810546875
-2.4097304318056905,113.10121154785156
7.543407488617369,-260.013427734375
1.83593808226401,-236.88137817382812
-1.5082203021212124,-66.353515625
5.99108205682079,45.129791259765625
-18.1797235112709,-265.0346374511719
-12.840088322870097,-48.8487548828125
-2.23616712442702,-105.0767822265625
-4.662511414401839,-115.44342041015625
3.41802282280863,-172.72100830078125
-12.0320822507053,177.697265625
-25.9801803981754,-25.70703125
-5.97419023328963,-1104.2373046875
15.4186986077963,-367.53515625
4.480465220149085,-405.017578125
-13.2363849677504,-120.24520874023438
-9.362863686069195,50.92034912109375
4.128157012788561,-291.520751953125
2.26767773086615,-236.54568481445312
-24.1634597090208,-117.40924072265625
10.013204486477417,-609.8372802734375
-31.934070451053,94.56411743164062
-22.9515728231767,-441.537353515625
-11.219410776078313,-108.24462890625
6.00089213826483,29.181976318359375
-28.9638748432599,-4.7288665771484375
3.11049964318654,-278.27099609375
-1.073248118887358,144.85748291015625
-10.249148139079496,-134.06298828125
-13.14009076535719,-5.526123046875
0.7364260970712593,102.6353759765625
-44.9949251983702,80.5321044921875
-5.159519294761907,127.4185791015625
1.869241020829697,-62.880859375
-55.54568697318505,-268.8885192871094
0.3065104335081801,52.1826171875
-10.386374558578522,-118.24864196777344
-3.0345245902191325,129.9041748046875
-57.144820014625296,72.134521484375
2.85060083445348,-82.00103759765625
2.446050707651698,402.56787109375
5.50221601830175,-333.43304443359375
3.455876052191651,-59.89961242675781
-14.6157572128631,117.28153991699219
-0.874105623616695,-1016.203125
-1.378759213278819,373.2138366699219
1.350733135180331,343.5703125
-1.94666134980912,77.80429077148438
-3.36735139960915,-146.49713134765625
0.8319171014720902,-107.4141845703125
-40.2101205720394,184.016357421875
-24.577379709126298,-200.3216552734375
-18.6292132467089,-152.30682373046875
-46.39510994896701,-189.265625
-2.487076105276776,-414.306640625
-4.752960817423343,-136.0791015625
-0.1160299782726794,-519.4716796875
-18.5277286275242,-108.91030883789062
-14.1325019191809,-5.584075927734375
10.909208084253878,-444.46209716796875
1.30779520720034,55.88787841796875
-5.77436797253085,143.30384826660156
3.986867952152618,254.39578247070312
-21.7936206120663,-179.7166748046875
-2.643556292002,460.06689453125
11.0853991753379,412.82403564453125
-12.9397422629832,108.73089599609375
-0.190891674386513,1091.82958984375
-6.32558602127377,67.11543273925781
5.391699208755202,431.9765625
-8.998840630677615,-52.26904296875
-1.6005087696864486,-115.01043701171875
7.5482379424635875,-257.6855163574219
-7.642910278690365,301.24462890625
3.719171936095444,188.5992431640625
-0.8981307679622897,1639.8453369140625
7.06032809637297,219.5919189453125
-3.134999611446543,-6.2552032470703125
-5.94174589421185,-245.14990234375
-17.7883076547542,98.22976684570312
-25.2381267145584,-144.63815307617188
-27.5445722402187,177.556640625
2.6678241356197647,-151.23519897460938
5.02066543392875,394.9346923828125
-1.67197513843126,9.643966674804688
6.58117049992555,-113.33026123046875
3.12612254618191,-21.728973388671875
-2.1147225087047508,91.9866943359375
-76.9668504799361,86.9871826171875
10.11870938841209,364.94171142578125
4.755697845162629,291.0953369140625
16.5479703149859,-235.64852905273438
4.001938538520379,100.46640014648438
-14.1813773041305,65.9273681640625
0.7709161631446207,61.421546936035156
-24.2508933717269,64.2435302734375
-22.3071231538392,194.64193725585938
7.2595381633228,70.37374877929688
11.555346181601609,-155.21871948242188
-26.258782255785,19.022109985351562
10.3189652047012,-1686.72265625
0.809697096857583,-25.911399841308594
-18.5255095356289,-138.86285400390625
-1.0680791130593923,-33.107177734375
-3.5390830989045075,59.73976135253906
10.468583156479704,-285.25665283203125
-10.613183176373598,-137.99609375
-6.40442742836347,38.23236083984375
7.196532980977684,67.94061279296875
-10.586292641023492,-5.5493011474609375
-26.79502671025515,-286.4931640625
-7.187555808667961,-94.040771484375
5.4465900456679694,-92.4852294921875
3.1988276731025875,67.591064453125
7.827394642815597,376.4203186035156
3.887422638441485,-243.111083984375
-3.41466344580097,-292.1855773925781
2.667044757168528,-966.453125
1.0590749185315824,-233.5284423828125
-3.9965921287470247,-14.106964111328125
10.982614675109394,60.02265930175781
0.4076170529080399,467.15966796875
2.71319811317338,55.3009033203125
8.652061852316729,352.5078125
-0.6579761516790089,474.314453125
-51.6773231694491,-149.03314208984375
-2.8325461302865187,1127.51953125
2.12749125232924,38.25482940673828
3.562549470771905,-308.0145263671875
-16.517773128145326,7.068634033203125
6.874655354673765,-162.429931640625
0.2047767843086013,35.652313232421875
-2.698758931910008,-450.9296875
1.8601156760560384,-6.925933837890625
-22.2455703021075,-50.09336853027344
2.4288820651169605,1219.0546875
-16.8307740899425,-31.120361328125
20.7191486697607,171.58355712890625
-30.7261055182573,-6.605316162109375
-38.4849400567448,-13.046112060546875
-14.3103126367969,-74.20574951171875
0.7860328468455551,694.6240234375
-48.3858044800915,0.53973388671875
-3.21662088766757,100.36016845703125
1.675245639565673,-133.14410400390625
-90.3299705619704,-23.3551025390625
-9.28527551691871,210.185546875
-1.2293411329062325,722.71630859375
-4.534682244798708,280.7001953125
-68.1959205924323,-148.46624755859375
-24.5242345195019,317.45654296875
-2.77042962989298,215.1018524169922
3.8009101564042025,-88.0159912109375
8.933703319425492,-38.801513671875
-11.341527235964405,223.180908203125
6.71098989067457,81.05078125
4.54734483862441,185.41607666015625
-5.16341129781556,9.006080627441406
-49.062306315025,392.3203125
5.26551760771767,295.056640625
3.33951124606136,-250.4954071044922
5.006519903780723,1.44482421875
4.05485944970297,97.854736328125
2.283405953189745,1321.501953125
-2.66483863280114,-138.494140625
12.566471603210276,-325.02734375
-27.9020155354992,-21.037384033203125
8.88265541550952,121.2094955444336
0.1652887870268324,75.26139831542969
15.4985727759109,-51.28955078125
9.014890317831036,383.027099609375
1.4803529144374856,228.55712890625
18.1939100849816,99.549072265625
-2.6304973605131474,22.08843231201172
-5.493763326806099,-57.812591552734375
-0.6715208179901364,-84.92185974121094
-36.7383193130824,46.072265625
5.062784719364307,-164.50555419921875
-12.026803679110706,-16.291244506835938
-3.01321716593974,-75.97822570800781
8.35813394800668,335.41021728515625
-3.60075442831331,114.47149658203125
-9.509135784465323,780.9716796875
-19.6175855102284,287.3702087402344
-27.8629509568953,157.49395751953125
1.74273211890989,-464.57977294921875
-2.19578977406709,-115.84759521484375
2.42002639701588,11.780609130859375
-25.55316918036869,22.290008544921875
5.635020609606415,-122.72088623046875
-34.727836669101,-121.6004638671875
4.4516036428765,-81.96176147460938
4.967381413305823,-4.7001953125
-6.81516141534704,73.38970947265625
-24.3954295810688,30.981307983398438
8.658679095048068,30.87890625
3.7347243087796,144.611328125
-12.909633143366396,57.850830078125
-60.49569009623433,39.0225830078125
-3.790702882666694,-98.5906982421875
-12.41068356063,-218.267578125
2.76740193393285,84.46013641357422
-18.9061714872788,-266.3829345703125
-3.681083449701528,181.2342987060547
8.13893448615947,51.648101806640625
-51.402683514636095,-3.152099609375
-3.0703466753296,-113.14501953125
0.4646043967887734,0.8752403259277344
5.989492839405608,336.7672119140625
8.833837192566008,136.238037109375
-26.1965705632023,238.97998046875
0.0804428699766095,128.4844970703125
10.229168329440906,-270.5483093261719
2.12042655289975,-22.27471923828125
3.88810032819938,30.746871948242188
-31.515616413872173,9.65939712524414
2.28163515100639,-35.254669189453125
-9.633163292669298,4.11004638671875
2.63206586722876,-43.70732116699219
0.3189015990893598,-99.1441650390625
-6.31868596379813,-511.802001953125
-6.4648984000359935,103.3617935180664
8.91646092056966,-36.774017333984375
-42.637521131086125,-60.1927490234375
-89.5439156156453,127.14935302734375
9.179556151687803,-159.9697265625
8.754663680824095,-403.131591796875
0.8838679103249854,-43.26153564453125
4.338369925074482,13.338470458984375
-18.23432595343749,-33.477813720703125
6.92534745147092,-85.44287109375
-1.768261666543676,-169.980712890625
-7.87226820943855,143.17364501953125
-12.0847368637308,115.40234375
-4.4222229386498375,20.879638671875
6.63109301847755,-187.72021484375
1.675381804264854,-92.3411865234375
-6.897600670415837,231.50927734375
-12.2774867069717,-67.43017578125
-3.963646539183849,449.742431640625
-2.552277046947741,-149.34991455078125
-10.78700495517378,106.6064453125
-6.426376983867103,-177.4233856201172
8.2142562177934,-30.927001953125
-16.967828162594074,340.93707275390625
6.07843040491799,82.08242797851562
3.08443697315444,465.517578125
-1.3811964732242277,230.8515625
-4.51305804704249,-101.591796875
-9.93375477053989,-143.7598876953125
-0.6581754288220045,461.79296875
-7.952166005584182,-53.945556640625
-13.563015982384195,-143.20941162109375
-47.9957157156951,18.5810546875
4.96190002222477,596.1832275390625
-2.0240269290899,-130.8487548828125
3.47166270740147,-284.9388427734375
-5.2815921348029296,-88.11807250976562
2.369358494612781,-85.014892578125
-4.214346026907057,103.18017578125
-23.8934551543691,-401.9150390625
-1.0659561461183158,-36.42333984375
3.126169348435272,-228.4384765625
2.35164464781062,235.466796875
-1.79502295092813,-218.71693420410156
-15.957982665262508,25.950714111328125
-64.65676531723692,-138.86688232421875
-27.8195558011628,-48.19171142578125
-10.480511156242285,-1.037353515625
-6.18357684414468,-0.06201171875
-6.75960002722117,-319.4140625
4.4105627388370605,-295.2900390625
5.58846482112586,33.523193359375
-16.8483709423333,-584.39306640625
16.1850033157246,-346.304443359375
-3.34531377329845,-770.576171875
5.893700156574014,189.2664794921875
2.745769909533195,390.0277099609375
2.53362859007723,-203.3499298095703
1.0880788430276551,118.959716796875
