Score,Pred Score
-13.812973987503693,-452.0762023925781
-14.6311710829416,57.364891052246094
-15.020937907067507,14.89642333984375
5.61896917638109,-2844.234375
0.1461877509898399,60.580902099609375
3.59745169898486,-129.185791015625
-6.72144892291601,-138.68701171875
4.304204520484877,-245.8603515625
3.37898618824583,-368.94671630859375
3.939818822274421,-30.4794921875
13.9953943577381,30.263427734375
-5.39913759737588,-1173.58203125
-2.204579993178592,-240.6525421142578
8.829561804598438,-24.336959838867188
6.01696699102072,-809.862548828125
-6.376202369524528,-457.833984375
-6.50906463316165,147.76904296875
-60.92137282626391,35.923828125
1.99934019108803,-62.641876220703125
2.188685633501576,-77.95462036132812
4.07090957771029,-478.1904296875
0.5211206139658471,-684.232421875
12.5580583918003,-145.31689453125
3.320229681965675,-622.7734375
-0.4381862293696001,39.945770263671875
0.1752112379752922,1.4615478515625
4.123908949931413,-429.6328125
-14.2382866820043,-79.07537841796875
12.966325580978296,138.204833984375
7.692941411907634,-100.214599609375
-62.9031214125763,51.52630615234375
-5.800670766453999,-126.18702697753906
-11.705366535732304,-188.439697265625
-4.786538605318405,122.48298645019531
-82.4887013651952,33.467437744140625
-8.251107402184557,-301.4254150390625
1.61677665352485,255.03662109375
-11.916211326129387,-42.085601806640625
-45.634880019414,-205.9678955078125
-0.568998602339841,-67.32177734375
-12.147399114840605,66.6951904296875
-27.4476544011683,-102.61279296875
-2.306526469902426,-34.47308349609375
-0.4835459876036119,-2148.75390625
-8.39479061793487,-159.36181640625
-46.862925671502296,-39.93389892578125
0.3837795244341289,84.29408264160156
7.184930267876617,-3089.4765625
2.8348518495029404,-162.66903686523438
-9.859535687586003,-922.5771484375
-6.00025755794808,-378.8840026855469
-4.764629840066975,-2603.333984375
-2.377061578670744,-377.36590576171875
-2.0585753436264698,56.62274169921875
1.1848602197973823,-1830.75634765625
4.97603191479674,33.401123046875
4.27399441028646,-187.7882080078125
-46.2372447228831,-292.19036865234375
-31.4759298257721,-351.345703125
-50.1674018945849,102.22462463378906
0.9601515747159592,-191.6734619140625
-11.864177458483407,-319.2998046875
-0.538262620928304,-262.5049133300781
-0.6920482116816997,-48.91229248046875
-1.5184696160120892,19.20159912109375
-3.0836644409391925,-24.62176513671875
11.316750179392892,466.76666259765625
-11.183106529127476,-145.9814453125
3.59102041590596,-19.5751953125
4.55602013063716,8.298965454101562
11.579228393987275,-30.563720703125
2.3067635611900137,-102.29106140136719
10.480393919522983,-281.87481689453125
-2.698100773809443,-85.66551208496094
3.776985072333982,-27.2021484375
-11.773766374328297,117.871826171875
8.681027307740193,-504.89892578125
-1.1091988250418725,22.59033203125
4.484288991501213,-593.109130859375
0.0548896546292299,-4.07861328125
0.1118559290339978,-291.1260070800781
3.9797293996962297,63.04620361328125
-22.42608065327665,-233.7303009033203
7.37064384347005,108.82406616210938
-0.2642143205483515,-168.61822509765625
5.344594984386832,-14.378173828125
-1.2497809936708242,-90.17770385742188
13.71198107208239,-6.0162353515625
0.5045482395984724,247.6171875
2.86709961553106,199.14605712890625
0.4423212163888063,-148.38525390625
-3.724573545179619,-135.80157470703125
0.2570808252882703,298.1787109375
-70.65073406723695,490.2896728515625
-33.9587360563784,-101.64341735839844
9.2088386022025,-74.69476318359375
1.3318185914773402,8.724609375
-9.176001953270983,147.2000732421875
-10.497767159210698,-110.14511108398438
-0.4402086584014632,-77.95745849609375
2.1560784090827942,-163.2595977783203
-27.1636490162131,-309.13092041015625
-0.670930828719279,290.2044677734375
-22.794043146736,-94.12796020507812
0.8105828534072201,-479.45947265625
1.2287673509824204,87.07763671875
-0.6435038581465955,-1377.23876953125
8.474782023793379,116.587646484375
-9.601847091024196,94.953125
-1.6610011043127195,-31.173583984375
-0.1091636509260827,-15.856201171875
7.570838092245207,-19.37530517578125
-7.211196994815285,174.54541015625
9.090654061652296,211.08865356445312
-26.6651088566214,227.284912109375
-17.309192174305,-46.384765625
4.14054171285972,57.76692199707031
4.097668935846943,688.9524536132812
-0.29408409265346,-32.72894287109375
-35.8165916579592,-27.770233154296875
10.898098675545494,-30.80321502685547
-1.6552655274048038,57.3214111328125
1.6729502580778592,-7.5986328125
-6.42491227706334,-149.45498657226562
-15.4752611754195,-8.6168212890625
-0.6907348474047925,1212.3304443359375
-21.3629045873375,-117.48333740234375
4.219145585451182,-71.32373046875
-3.019531285218114,-394.66015625
4.25311060075082,-33.5628662109375
-15.0412339008878,1019.216796875
-8.237627320974727,-31.61724853515625
-1.0683487237199796,-438.32421875
-1.7174251595272625,-142.201171875
4.069163600073605,-33.23486328125
-10.162041561092582,-21.544647216796875
-5.97248436581227,99.44049072265625
6.120538767403939,-98.468505859375
-0.8028238008287005,145.3120574951172
-23.6042929930625,-164.77459716796875
-0.1777753404752198,376.02960205078125
-5.785469568057495,117.50658416748047
-0.0556983764780604,136.66647338867188
-25.4508968849616,-264.17919921875
-5.3185412482723295,71.20820617675781
9.1356503291117,12.602325439453125
4.020569536845237,4.312103271484375
-58.5527340809363,124.6796875
-6.291328737399075,244.23696899414062
4.187869588752649,299.8747863769531
8.922207576391518,42.70501708984375
22.7414116448382,204.644775390625
-44.6057608529879,17.130401611328125
-26.5129077898497,158.1800537109375
-2.13735826282737,211.9723358154297
-1.14890133483728,-24.871795654296875
-15.2234416939723,-106.46932983398438
0.369316059642221,-45.0107421875
-0.6884117876070912,-101.04241943359375
-5.8772631055401,66.35595703125
3.6053774296538297,-21.43408203125
5.07108724357905,70.03860473632812
1.292753014965791,-32.5938720703125
8.440986836263871,-154.135009765625
-3.43040335892423,58.953125
0.7651079053562314,-71.8787841796875
-37.13962469223695,255.9971923828125
-5.822632503482525,-186.25927734375
-6.879472048396067,168.7977294921875
2.11024229353816,159.86199951171875
-7.1526743450051855,186.60391235351562
-1.122073026503361,-94.25689697265625
0.3302260274555297,104.94058227539062
-1.178255647098801,-20.1494140625
-2.99361591491145,-205.3505859375
-18.1070051290659,127.28866577148438
-3.0332808194811403,125.90316772460938
2.6303171850506604,-13.4345703125
-9.72499716390718,93.72955322265625
0.2729453578388601,-1192.132568359375
-21.4503408223732,50.7933349609375
-4.99755531471552,-503.31494140625
-18.0018409950579,-42.501953125
4.00031385473591,74.09230041503906
12.0378145652987,968.01123046875
14.1235470599023,-53.80230712890625
6.55729051148795,-652.5849609375
11.19992297656359,-364.82977294921875
-7.81388191369781,-59.03466796875
-2.924593214648255,-38.7080078125
3.7667366885646025,-187.6787109375
-6.68253431604433,-244.63671875
0.7345204104922589,125.83334350585938
-10.626155896203898,-120.41020202636719
8.106852576346123,-296.91693115234375
-58.24412469223692,-282.13470458984375
1.4955767028094,48.394775390625
-17.6906096863185,-143.66180419921875
-4.813871520282443,-48.7593994140625
-11.8973420493851,-317.7333984375
-2.67676896274171,-98.24987030029297
-3.9331393974605526,403.369140625
8.756217929094177,381.331787109375
-29.2662792150344,94.6256103515625
1.7249239205326918,63.38249206542969
-6.686975812883663,-91.9549560546875
11.10272802991041,-96.0823974609375
-10.956818171714705,-78.3975830078125
-6.3500959185649,-113.03057861328125
0.6681105368389735,143.111328125
-12.500029270357295,234.0869140625
-2.591242863373206,-151.4249267578125
5.954690473588823,-55.705810546875
-43.929359067237,-42.490692138671875
-17.4841411730512,77.59906005859375
3.61441892535489,142.2911376953125
2.1112971208509976,-117.2362060546875
-41.8026500314277,-39.61963653564453
7.028135642932115,367.429443359375
8.463248256721428,105.494140625
-13.037072413777096,71.93496704101562
-1.6307504375632549,58.541015625
-0.3284521577656807,124.84649658203125
0.4685622181175212,7.77764892578125
-5.316952415477393,345.1365966796875
4.584421564331302,22.976470947265625
-20.3593816575191,-185.41845703125
3.67041582610247,-562.5762939453125
2.204062447972561,-235.35897827148438
-4.666937653128132,44.818359375
-12.3781694316975,87.96136474609375
7.06923762363823,35.962890625
-37.2883298194418,-244.86483764648438
6.442434166934048,-183.7607421875
-12.2162083245621,-92.85682678222656
-20.3623076046531,98.2933349609375
-5.45440876641342,-162.50302124023438
3.1416241584890576,-120.7760009765625
-4.96580172718434,-73.75225830078125
-37.4061766871973,-119.37469482421875
6.46185690649625,104.0096435546875
0.5403453062071405,665.481689453125
8.656689402528613,-234.51565551757812
12.331931266595111,330.97705078125
2.75380173901167,4.597381591796875
-2.8447496930443927,593.0078125
0.0285872237409883,-205.7763671875
-73.5286754265322,-14.83428955078125
7.285509446842615,75.86961364746094
6.72046542688671,-7.99267578125
-6.19730890695259,130.08380126953125
-16.4599719883519,165.943603515625
-10.288292260688207,-289.4052734375
-10.285920522724917,-309.2457275390625
-30.8171784242839,117.494140625
-4.65691689928222,306.3857421875
-37.1716279374795,-102.82720947265625
-36.50577458359941,-167.70330810546875
0.7942566624333496,34.755615234375
-34.8552692363716,42.1146240234375
-2.491707941339629,-56.045684814453125
1.7387039934851498,-175.899169921875
18.9715733525152,94.76080322265625
-13.8996269060666,-361.5081787109375
4.17561229224804,-6.9837188720703125
4.7680640763497,71.49327087402344
-6.745372906074374,-136.08984375
7.262818938793504,361.14404296875
-55.7541546140486,33.92767333984375
8.453421074249384,-148.95361328125
-5.85807143580148,-467.5771484375
-52.7336020518746,-232.48431396484375
-1.995826789875676,-223.44921875
-1.3326443092463092,-123.10806274414062
5.029017096161708,-82.0114517211914
-0.71117494174041,-277.11322021484375
8.243548509216069,99.55021667480469
5.81602235619721,219.1862335205078
5.978124919049687,179.7430419921875
-2.8859593337581737,-288.08349609375
-26.0047332498617,-81.09698486328125
-1.5220929784942658,387.48028564453125
-3.195242757261453,513.4560546875
-15.0089303719363,19.670700073242188
-1.757118944268968,-24.551910400390625
-13.5091075877696,-292.234375
-4.0681667574955,-7.518829345703125
4.43276114617859,171.47915649414062
-4.665207913971671,199.99728393554688
7.33919324558513,14.68072509765625
-11.69780882660921,102.19302368164062
5.960801203295765,-85.1341552734375
-29.9162730471743,-107.15023803710938
-5.331847529263395,-74.29296875
-40.7258600860177,-252.326416015625
-35.3994683825842,-84.81298828125
-10.968565079401992,-112.23046875
15.384553292915324,-174.4296875
-0.4271227388875901,73.15682983398438
-7.69948364751984,-198.887939453125
-26.6822467124322,156.25869750976562
-0.2823200449385875,-168.3271484375
-3.8453528225106623,-66.11935424804688
-2.4599041427842496,396.75347900390625
-12.7315114055493,118.79942321777344
1.418014053180695,-243.095703125
-3.4922781726655696,-414.185546875
9.58062385928767,422.321044921875
-17.5801214502402,36.315673828125
-49.5120706514507,-104.10943603515625
-0.4503474699443348,189.01025390625
2.332279780348585,92.12109375
-42.2483635713802,-6.533447265625
-5.00028834575103,-116.9666748046875
-5.14141487663266,72.413818359375
-19.923371510770203,-87.49391174316406
4.28301459624688,-98.3525390625
0.3224388648416145,157.2486572265625
6.795393661635613,-448.470703125
6.720388221210122,480.56817626953125
-20.7558388881914,-731.5
-12.5922662394529,-37.47434997558594
-5.19085420781142,-107.88134765625
-27.3858072066324,192.66964721679688
6.488490212037078,-106.715576171875
-12.5233171201947,90.46630859375
0.996650643215182,-225.72027587890625
3.27144637329635,-151.9102020263672
1.203208947199059,-137.62326049804688
4.5031585012656095,214.0595703125
-46.6686841099013,-89.60586547851562
3.600655729290548,-275.8804626464844
-2.7077151362496297,-2.546875
-42.936846127142296,-440.31732177734375
2.679404112105611,105.73258209228516
-23.975827854410426,218.5618438720703
-24.4869919201538,-54.111328125
-6.22433036882608,109.14190673828125
-24.992167376126925,-96.42971801757812
-9.742168339465294,-579.072265625
0.1235817830644999,-27.77081298828125
-11.607028837624,81.38875579833984
5.321680837772678,-9.734130859375
3.3452637215970498,359.3359375
13.015759276594096,-123.35107421875
-6.13466459150186,-332.3076171875
3.0897024917955025,-214.87478637695312
3.557691046156,158.81993103027344
2.0008593011464906,-167.75457763671875
-1.2671721747064446,-2.6465110778808594
-2.989164004622407,71.53961944580078
-2.43808381047612,-354.0679626464844
-11.30813578108209,483.8134765625
-9.619042312244815,-105.7216796875
-4.01456885639382,-781.6240234375
-4.853312003098937,-122.17111206054688
2.78743688363977,-488.1083984375
3.6035536346157695,-83.91796875
6.09033976794457,-90.3543701171875
-5.89266438028177,338.9788818359375
4.780848076735348,171.11441040039062
-20.7592210135025,-88.17596435546875
-3.637071869773312,57.2333984375
-4.396710286499547,256.568603515625
9.04709717330502,-170.5479736328125
1.69213972357191,-319.51025390625
-27.068723822751306,84.134765625
0.2886204877907422,-151.47494506835938
-0.592182005541919,11.5732421875
-4.736229867816737,-42.91278076171875
7.877641553655238,-95.714111328125
-2.588665914009158,-499.6732482910156
4.72846919446815,51.593536376953125
3.42669038506664,-185.67977905273438
-10.274169876330886,-158.5869140625
-1.289264920121349,-111.83428955078125
-6.9648772325347394,-282.512939453125
-1.2236747050651609,18.642578125
-12.208208404490907,-157.43296813964844
4.40921359309415,125.90292358398438
16.4171583068458,-72.48150634765625
-15.991582533821994,-174.52197265625
7.809600001042748,71.8143310546875
-3.0331069492891496,221.30621337890625
2.603164662477901,-184.18655395507812
-24.2572199033326,73.59967041015625
13.667582002208905,-289.4822998046875
8.19307228691883,-0.28485107421875
0.4664503305112299,60.90380859375
-6.46133524603972,412.9111328125
-19.7520332208299,112.38282775878906
-7.75971004909346,-2416.20458984375
7.66334596528203,77.46647644042969
-27.64770126959135,58.49055480957031
2.125547882163602,-195.73916625976562
-1.8239337240231768,-468.6556091308594
3.3696784995100426,-85.86602783203125
5.265272900492549,-69.19845581054688
6.753311816554961,38.323638916015625
0.9434331950199416,-757.48876953125
2.13745295521649,148.05438232421875
2.76912169862866,197.03199768066406
2.409764321136161,-197.1189727783203
3.7606671418030695,100.28622436523438
0.555665600488549,-32.30078125
-89.04756219223692,336.001953125
6.987950206462267,383.1945495605469
-10.09410467002709,317.42626953125
8.16191414696451,209.0804443359375
-10.731303688850904,37.145538330078125
7.588764503474316,73.70783233642578
-5.25293160621848,-126.9217529296875
2.3065604778561424,308.4539489746094
-3.8022266666193874,-302.83001708984375
3.22816419080692,-235.8961181640625
1.1941842843275,93.77374267578125
9.772192422094813,-130.56884765625
-2.489313079893845,263.8179626464844
-13.547300817594484,32.422607421875
-1.5403494549472296,-72.79531860351562
-5.139364658294922,205.8461151123047
-1.32131943338233,575.9794921875
-0.5284321769112605,-493.31500244140625
0.1119561526876595,-19.2235107421875
14.8508222506114,56.04736328125
-0.0918051514147744,36.8175048828125
-1.7237618714553775,20.762950897216797
-1.5699354762224491,-2012.2177734375
1.5718362711845366,690.626708984375
3.58036180553514,-45.094879150390625
7.45084701577923,120.88813018798828
-7.378812419643663,-32.510162353515625
-33.1832620874725,25.1787109375
-6.066411004621831,302.2917175292969
-16.4910721624856,293.52294921875
0.8267526169764301,157.098388671875
-9.762453719841735,211.4456787109375
8.07102955700163,434.07818603515625
1.741670982094262,115.91073608398438
-0.0053525606393112,605.181640625
-51.4043293278057,8.342559814453125
14.9415296965116,833.176025390625
8.70853787657841,127.67564392089844
-2.149900469098629,-112.08401489257812
14.8229623836697,101.78843688964844
-0.0379657812584102,-6508.384765625
-15.3173389528898,-305.9655456542969
-1.7663441991754285,660.359619140625
-6.708306328674888,139.38656616210938
-78.7451798053926,86.64328002929688
-0.5413656534735456,81.798828125
9.625121597198186,-51.0010986328125
-3.15562863494722,796.349609375
9.60447820177431,276.82861328125
-3.31847606547329,-24.758747100830078
-4.12581810820042,53.440155029296875
1.7706121017107803,-47.0035400390625
0.5117341060036625,22.983413696289062
2.63157412115867,-57.3697509765625
-4.763634360062484,-161.1982421875
-11.18181257464061,272.78277587890625
-39.4932668903457,413.486328125
9.206200380526292,-895.025146484375
-2.93911844531118,155.31723022460938
-28.13472322157985,-62.00634765625
9.62907409316032,-110.86767578125
-7.042636248773623,-69.0982666015625
-4.03025121975644,-258.17767333984375
3.42951329804928,-190.87425231933594
2.5565427438131976,236.8787384033203
2.8513084033656,222.29579162597656
-5.5623675139736175,175.74365234375
16.9968892380515,-136.34762573242188
-4.144685584269085,-199.7498779296875
-11.221818720505304,386.81298828125
-2.111656589218961,4.124820709228516
-1.626797120535592,72.0142822265625
0.7652624054000594,403.158447265625
-21.5531296050118,-188.777099609375
-13.053772031257305,74.63589477539062
5.42509465390903,43.12652587890625
-5.5186956836840375,353.049560546875
-2.260381023139061,73.0936279296875
-30.3377383335249,237.2779541015625
7.380729755239978,74.64093017578125
-4.172986764275874,-193.3687744140625
-1.2036514942358316,-54.25750732421875
-35.2906329121599,320.0068359375
-2.54595208771381,137.9820556640625
-10.901275449743116,-65.91354370117188
-17.0078420331655,16.896636962890625
-17.0314498829154,-141.66265869140625
-11.9784507557909,68.16204833984375
-19.469018973061075,75.645751953125
-3.2142130797467816,59.538543701171875
-0.5663484394051013,422.75555419921875
-21.2195468929047,-133.42742919921875
8.077984978184695,173.2753448486328
-17.0119321722455,-103.7686767578125
4.67424026120176,135.0625
-47.9875704511971,157.6649169921875
4.316615136301563,99.29556274414062
11.2728180991378,60.743896484375
-3.5546157663424616,7.796630859375
-3.15887949932979,257.8314208984375
-1.6422791314174887,164.32177734375
-3.448025235667948,-133.232421875
-13.5632540546311,69.40509033203125
0.8825935384285006,21.928192138671875
3.27100049685324,33.61933898925781
-0.7762273913233743,-122.37203979492188
1.026942322157092,-82.05606079101562
9.859104788483815,-53.6146240234375
-1.9977872313530125,87.47607421875
-13.1809903671301,-175.83779907226562
-35.1782981083837,66.71450805664062
-35.8337806803641,87.43603515625
-7.639409008216227,82.50344848632812
-15.746453943284,-154.47674560546875
1.055995951979529,62.043670654296875
3.987299411465438,124.480224609375
-37.0930621901092,112.1484375
16.694612728237402,-71.28475952148438
-4.527979888097892,15.35540771484375
14.6352674345898,-141.930908203125
5.034618319433818,-33.2509765625
-3.77133000272187,184.998046875
-1.61504571199055,-297.97906494140625
-56.3663437951974,-325.33984375
10.088450856398616,-186.09295654296875
-14.285610883283098,-169.81591796875
2.6210618799141923,-50.7113037109375
-2.308732762121495,169.11097717285156
-83.9761260280997,-49.2685546875
-1.03656181464744,532.97216796875
10.16232173056559,-605.0245971679688
-3.12013961477547,139.83782958984375
3.010752586641185,-69.791015625
-1.5178355576616795,-217.34249877929688
-2.60072537807549,-200.2677001953125
-2.367312137177082,-216.5489501953125
6.075310726130807,160.3724365234375
2.24572304437811,-95.891845703125
0.2044267191685782,62.890602111816406
3.85944773684647,137.126708984375
-14.409506408843407,4.45257568359375
-2.683955047842884,-15.72265625
-0.0075038478591599,398.80743408203125
7.190050317883171,-286.1591491699219
-2.1691769605730515,-57.06414794921875
-7.910003358009165,212.9433135986328
-69.1366966634013,9.205768585205078
1.437241653553571,145.7374725341797
-20.7409218490905,10.642608642578125
3.78247800369874,160.556884765625
7.909526276907584,34.943695068359375
6.097122298913325,-96.53857421875
24.5800902168924,-157.86572265625
-9.979741434164584,101.675537109375
3.1327986373042376,251.1540985107422
-8.393586343504198,-359.251953125
8.678125432705007,296.4220275878906
20.7428439693387,84.15789794921875
-1.511416195100045,-17.964981079101562
-23.3725501337939,17.19586181640625
4.69437535963172,-93.84710693359375
8.24149319055937,95.9378662109375
-0.2898522089969393,-54.09562683105469
-7.19378137939456,61.544921875
1.0271109700113177,-132.4655303955078
-14.564555056626377,-156.0576171875
-9.657849716236,-266.7184753417969
-0.7280966227290082,-423.3701171875
-21.8962191024866,-13.47003173828125
-40.2614734397264,536.525390625
-1.77750068778882,54.21923828125
-28.3488859938485,-984.4580078125
-8.184373188662292,33.84483337402344
-6.135426654744688,186.658203125
-3.270422191581055,196.41326904296875
-6.055427015859325,-338.008544921875
-34.3143130117107,-82.13671875
-50.4820483838523,190.67974853515625
-4.639593570653838,234.22337341308594
-21.0606958753072,-540.373046875
8.747205755218493,-798.2249145507812
0.6884341878779402,360.8447265625
0.300408103033295,-428.5712890625
-2.6184282494780104,-257.6622314453125
-37.3999740396079,-111.316162109375
-10.594900847222812,-225.0693359375
-23.227454082363305,93.61820983886719
-15.4814292943448,-22.333709716796875
-6.89310310865277,-366.45330810546875
-11.7962452523223,-411.4361572265625
-0.3887710448227697,276.6259765625
-4.0896099478500325,10.19219970703125
-42.6579269422049,47.977752685546875
-2.095241650043551,100.47268676757812
8.45389840526827,477.9453125
-15.5157954828953,-613.083984375
-1.9802660997523944,-81.57257080078125
1.8368511005450223,-154.0087890625
2.11900133622217,30.648208618164062
-38.4962238749225,-246.0302734375
0.8069046214032297,-219.0302734375
-1.73607437190069,-145.98907470703125
-8.46093254820262,62.1378173828125
-0.0780407432645869,104.3515625
5.009535132419683,249.5238037109375
-74.9399761386801,94.72071838378906
2.806732553915905,-323.07525634765625
-10.415057364934407,-5.404022216796875
-4.81834176383161,716.3134765625
-1.4920816076829602,207.78497314453125
-0.003939288658445,-177.4710693359375
5.86288473591452,238.78106689453125
0.4443344011282492,-285.0897521972656
5.72263802046558,45.578369140625
5.46583466116103,-228.639892578125
5.05355462238675,-138.5716552734375
-17.190033530139498,34.81121826171875
-10.1192188918475,135.49041748046875
-10.539071528779305,-267.5228271484375
0.2492257167476033,943.451416015625
5.35198813185094,-72.98883056640625
14.9823899147147,-117.06524658203125
1.7336328627834918,-147.3712158203125
3.2582764286422226,-150.689453125
1.1615369027166365,45.359710693359375
-42.4099588259267,-108.37605285644531
-38.7823663998969,-173.22650146484375
7.99575647038201,49.2265625
11.644495901203598,103.111328125
-39.0956747424042,336.3404541015625
-38.6438610292767,-293.48046875
-40.5029244010595,-96.76049041748047
-22.8644313188967,-53.53607177734375
-0.897066728281827,-132.00038146972656
-17.6830733389949,-41.43603515625
-0.0084306638066775,-374.72711181640625
0.5394390329931549,-72.35595703125
-21.61387508166409,172.28762817382812
5.053393098685065,348.37042236328125
-15.7834934865799,165.82913208007812
-58.40351531723695,-35.85673522949219
8.86280218600469,-319.6136474609375
1.888243484494037,182.26669311523438
8.99923705482913,-172.0157470703125
4.133325903305868,-559.2568359375
4.774357664359128,-34.3909912109375
7.418770080750715,96.544921875
-2.25262466719878,229.0264434814453
-7.071587649042333,29.13470458984375
4.398742241377427,1776.263671875
-8.692928400841772,356.0625
2.334382802629,-215.76803588867188
2.8274240704709,-38.95921325683594
2.1747311895065486,-201.533935546875
-11.9965988914421,-6.864959716796875
2.776867734737273,396.412841796875
-12.4595255596924,-10.3193359375
18.5317724911246,-828.2476806640625
6.86106163750481,533.720458984375
-19.1693792779686,-155.94122314453125
-4.20883890972707,-138.115478515625
-0.3530077955256401,46.322021484375
-1.6020246929696491,214.21780395507812
-7.57557880794988,237.7969970703125
13.9692836454661,-56.96856689453125
1.289294757415069,450.07305908203125
-20.3746494688195,-65.14865112304688
-8.044482691931467,158.6522216796875
2.51340467963473,-48.2664794921875
11.0282847349576,218.8682861328125
-1.3944922949507652,64.74170684814453
-26.2706781913698,241.0009765625
-71.7765711158932,-16.604476928710938
-44.2857422252861,63.53515625
-3.057699221935841,-260.3523864746094
10.116767222520318,737.2039794921875
-46.9980356488569,-20.746795654296875
-8.677497573270493,-201.96533203125
-25.781275563237,160.6387176513672
-2.941164138388841,-198.5247802734375
-26.5692742661385,9.185989379882812
1.2555345380058751,-165.409423828125
-0.810306898238276,-350.8947448730469
0.2404076931068699,100.90005493164062
-2.5590885431480426,-97.53472900390625
-11.9846830308257,-74.19879150390625
-5.775806690181939,297.60906982421875
1.9806048133258944,68.76025390625
16.618750626525,-514.178955078125
8.204494762209066,57.61506652832031
6.80321923705408,1474.470703125
11.710679650337616,-477.66796875
3.181253849239128,423.64111328125
0.90894434552881,-33.66017150878906
3.547124544521316,-42.587890625
-2.202886656443709,951.33984375
-11.133669865203094,64.3997802734375
9.328533024448705,884.2392578125
-0.7012610501602399,292.25384521484375
-0.3170472839931941,-80.70614624023438
-2.3458288386735573,157.6484375
-26.1191329979098,67.02334594726562
-2.33292598982445,-160.517578125
2.461922216333884,-220.939208984375
3.73205068567752,-27.162307739257812
-22.4462583852743,-539.5234375
16.899113604615202,285.07037353515625
-2.85382252753121,-57.604888916015625
1.2705701336207027,-109.01641845703125
7.960789166364423,33.487274169921875
2.71808902854303,76.52641296386719
5.5273920092716775,89.997802734375
-4.11149235653684,-217.18743896484375
-20.9676231329802,-1551.48193359375
-0.89184437235696,101.900390625
-1.2816619609782416,-49.99659729003906
4.85634828411675,-31.643768310546875
6.429854346358795,-343.1603088378906
4.71112087372323,-164.45721435546875
-30.7199022255615,181.12818908691406
-3.8590388668775,357.77734375
-10.6557437737239,346.1617126464844
-13.4460672849668,-74.16015625
-5.527709296795018,323.38983154296875
-1.876637029070265,-105.161865234375
10.2532613363299,503.0046691894531
3.00680128293027,14.87890625
19.33685959748449,-653.4771728515625
-0.1058882282985149,-99.9578857421875
14.3436638764016,184.4766082763672
-16.1535771788668,-237.8634033203125
0.9480162028997956,-165.11328125
-18.5891767455387,22.558609008789062
13.309934514349203,139.11712646484375
6.02246857213521,46.43408203125
5.16750826555368,-147.04913330078125
-1.0190872666435924,-2305.886962890625
-19.100904418149,9.21380615234375
4.743603615290096,61.492919921875
-13.8157551615103,-145.3314208984375
-3.802611775309477,222.4794921875
4.30511943579503,277.833984375
-22.482844278002705,-174.88372802734375
0.60779733849738,-237.48663330078125
17.8138573048897,-367.1434326171875
-38.4626262988146,-34.57647705078125
-0.6089836493556324,37.611480712890625
0.8617451361473882,342.91619873046875
-2.40000424902785,174.1370849609375
3.7078671714499096,3.2029876708984375
-2.390619984667185,-199.3017578125
-15.559462368784592,38.13702392578125
-13.790764753514,151.71087646484375
-9.325981865786185,-108.2012939453125
-58.4491138315396,-135.0810546875
9.550892694239591,331.56103515625
4.435147085081137,28.53375244140625
-2.3538192484503564,201.80279541015625
-5.83438093189622,-76.90347290039062
-7.10827059552493,124.20376586914062
-12.414939844598162,163.38400268554688
6.6154810826822,-303.4936218261719
1.3155747227446202,98.1324234008789
-2.56542276271332,0.41363525390625
-13.546032832554804,33.88470458984375
-16.600339428286603,139.7354736328125
2.9737175212081803,-265.4452819824219
6.167862854629888,31.342437744140625
-40.922076323723,83.493896484375
16.9349100756105,-82.947021484375
-12.24911226903676,-50.3709716796875
4.867927463076468,6.344661712646484
-21.6327950573002,96.0048828125
7.11033993521173,90.43197631835938
-9.59094984812801,-124.00129699707031
4.92186081619874,-291.74560546875
-7.815562497274902,71.39535522460938
-2.20364176327536,-604.758056640625
-19.6754058911438,-125.85734558105469
-91.8886792382854,98.34124755859375
-20.9507978903398,-102.21728515625
-17.8084408175675,-35.269683837890625
-62.9612541332419,-20.393157958984375
5.598134989920393,-196.34939575195312
-7.283890318199592,-184.12310791015625
6.1026124307435,-148.89990234375
7.42840635595139,-300.9473876953125
-5.179391847578812,-192.1956787109375
-4.873152982370568,-87.30712890625
7.276768036701751,-12.962890625
-10.739322929783883,-0.9500732421875
-22.9219832537164,56.93102264404297
1.5259403537211615,-172.9005126953125
-44.7886924625105,-96.67539978027344
-3.72583443525641,-680.5155029296875
-14.57002364123529,-68.524658203125
-10.128266274366498,148.85675048828125
-28.0249952668106,48.01019287109375
-26.24662901330595,-131.10409545898438
-40.3645652505015,139.630859375
-30.8056950922951,71.0263671875
-3.9552380984537248,484.431640625
-2.1789667599796294,-280.94140625
-0.5734820606807138,-213.72332763671875
-1.1617148968623687,-91.75222778320312
3.42848617073407,-141.103515625
-17.4030551064212,-39.84405517578125
3.88109013796494,89.40473937988281
9.400493271217616,-127.51463317871094
-11.302161927872188,146.71932983398438
-13.3709137252944,-195.7601318359375
-6.79658968512302,116.37371826171875
4.509456424718162,-311.8965759277344
5.45103123545738,-0.1528778076171875
8.149714042401495,33.529571533203125
-12.909180343140196,114.090087890625
-6.61979034735207,181.59628295898438
11.9978624338519,80.04779052734375
-12.53254789251529,272.41998291015625
-8.36198121766124,-172.8692626953125
-4.361976736345532,312.5555419921875
-0.1898191226144924,-2.32293701171875
2.3166834950764685,-39.5
-12.6203596574975,-224.052734375
-1.207429910073891,99.6708984375
-29.7403775200217,-37.86627197265625
5.31082796058257,-11.71588134765625
2.97844031586002,-8.070068359375
-12.533050119535002,-130.07733154296875
-5.8684323426223,56.36181640625
2.391980620215489,-11.639373779296875
7.73570234615748,12.086158752441406
1.166748445159433,-84.62092590332031
6.093529951556334,-177.1605224609375
17.709922444879297,-291.0475158691406
11.779516260068313,-50.94744873046875
2.4866177573815964,-254.87747192382812
-30.89708550466269,-46.2938232421875
-9.231606713935047,13.820152282714844
-13.4089268865456,119.37776184082031
-9.06573754635488,-88.6829833984375
9.30630078585379,-0.0968017578125
-7.156550033865472,116.925537109375
-10.5414716495377,-93.8060302734375
-27.8178569354009,299.59765625
5.3817717725564,-159.877685546875
-35.155236696245,-145.37518310546875
-21.4141717786538,-69.44580078125
-2.6053130644292946,42.564697265625
-9.953220777101093,145.241943359375
-8.798237091769485,-186.67291259765625
-27.6920167541674,-183.8272705078125
8.017093587799739,307.984375
-0.3550158381598589,162.0806427001953
-1.19024715514191,251.443359375
-3.2855896341823474,250.337890625
1.844566842421384,-2.017333984375
-30.7366736665872,5.1011962890625
-11.338238855350506,-21.430389404296875
-1.059512617215007,-38.636199951171875
-33.7712071062874,238.09521484375
3.812227003524945,25.1220703125
-2.8472026300298463,-105.5938720703125
-21.5871320482388,283.1703186035156
1.845960760756301,-466.3818359375
9.06213659212517,64.5206298828125
-13.950148061363093,72.14972686767578
-15.1006814359747,591.1746826171875
-8.65496498210776,359.4666748046875
-31.18852367408345,119.154296875
2.35160533891099,-236.9656219482422
-7.06329362397977,283.87451171875
-11.299328727708405,151.05287170410156
-5.73967918172164,154.49945068359375
-4.062121175440552,327.7276611328125
3.62056380925444,-60.61871337890625
-6.512385872303066,-46.49847412109375
-17.2817979072755,153.78759765625
5.79128728304933,-681.548828125
3.7921116228684086,-9.884933471679688
0.51700222845629,226.248046875
1.0966146270020711,-182.1988525390625
-6.613686761665703,4.2240142822265625
-39.873530292237,-1.0517578125
-35.0272315856836,-344.9712219238281
0.2475632146873464,-116.13095092773438
5.59963570142504,-117.35003662109375
5.29419053806362,100.8123779296875
6.457932781589695,77.16343688964844
6.4251548431743295,-27.806732177734375
-19.7885249955934,178.130859375
-2.4097304318056905,111.37306213378906
7.543407488617369,-264.2001953125
1.83593808226401,-232.9088134765625
-1.5082203021212124,-124.6953125
5.99108205682079,39.385009765625
-18.1797235112709,-187.98959350585938
-12.840088322870097,-48.8458251953125
-2.23616712442702,-116.38070678710938
-4.662511414401839,-89.7890625
3.41802282280863,-194.49563598632812
-12.0320822507053,164.56640625
-25.9801803981754,-106.7763671875
-5.97419023328963,-1039.48681640625
15.4186986077963,-286.880859375
4.480465220149085,-389.142578125
-13.2363849677504,-114.39239501953125
-9.362863686069195,57.2626953125
4.128157012788561,-292.65289306640625
2.26767773086615,-175.2994842529297
-24.1634597090208,-109.6488037109375
10.013204486477417,-509.6749267578125
-31.934070451053,101.70880126953125
-22.9515728231767,-341.95703125
-11.219410776078313,-134.81201171875
6.00089213826483,13.238784790039062
-28.9638748432599,-6.348541259765625
3.11049964318654,-299.3006591796875
-1.073248118887358,132.65750122070312
-10.249148139079496,-155.396484375
-13.14009076535719,-6.060546875
0.7364260970712593,84.9957275390625
-44.9949251983702,69.4833984375
-5.159519294761907,101.4266357421875
1.869241020829697,-55.1494140625
-55.54568697318505,-257.4808349609375
0.3065104335081801,-1.978759765625
-10.386374558578522,-91.85421752929688
-3.0345245902191325,152.77169799804688
-57.144820014625296,45.613525390625
2.85060083445348,-82.1199951171875
2.446050707651698,393.64501953125
5.50221601830175,-312.9987487792969
3.455876052191651,-70.36187744140625
-14.6157572128631,117.36563110351562
-0.874105623616695,-930.93505859375
-1.378759213278819,364.124267578125
1.350733135180331,368.9716796875
-1.94666134980912,73.78768157958984
-3.36735139960915,-125.40789794921875
0.8319171014720902,-98.379150390625
-40.2101205720394,149.0224609375
-24.577379709126298,-156.93865966796875
-18.6292132467089,-168.1680908203125
-46.39510994896701,-199.49267578125
-2.487076105276776,-395.3125
-4.752960817423343,-125.7392578125
-0.1160299782726794,-516.642578125
-18.5277286275242,-104.90109252929688
-14.1325019191809,-11.316009521484375
10.909208084253878,-407.0408935546875
1.30779520720034,47.84002685546875
-5.77436797253085,143.02084350585938
3.986867952152618,245.42507934570312
-21.7936206120663,-148.2108154296875
-2.643556292002,451.48974609375
11.0853991753379,428.03759765625
-12.9397422629832,114.88421630859375
-0.190891674386513,952.01416015625
-6.32558602127377,59.129417419433594
5.391699208755202,336.15625
-8.998840630677615,7.637451171875
-1.6005087696864486,-96.203125
7.5482379424635875,-217.01437377929688
-7.642910278690365,283.16064453125
3.719171936095444,168.086181640625
-0.8981307679622897,1324.0045166015625
7.06032809637297,220.969482421875
-3.134999611446543,-1.4962310791015625
-5.94174589421185,-173.57861328125
-17.7883076547542,100.33653259277344
-25.2381267145584,-140.28814697265625
-27.5445722402187,187.7431640625
2.6678241356197647,-130.07220458984375
5.02066543392875,310.7869873046875
-1.67197513843126,11.861572265625
6.58117049992555,-102.96185302734375
3.12612254618191,-31.737762451171875
-2.1147225087047508,80.097412109375
-76.9668504799361,66.724609375
10.11870938841209,357.9223937988281
4.755697845162629,283.03564453125
16.5479703149859,-229.45933532714844
4.001938538520379,111.56507873535156
-14.1813773041305,64.3199234008789
0.7709161631446207,59.609405517578125
-24.2508933717269,58.67193603515625
-22.3071231538392,182.3289794921875
7.2595381633228,58.160552978515625
11.555346181601609,-169.51251220703125
-26.258782255785,13.686508178710938
10.3189652047012,-1641.14990234375
0.809697096857583,-31.992115020751953
-18.5255095356289,-134.90869140625
-1.0680791130593923,-68.25068664550781
-3.5390830989045075,62.50132751464844
10.468583156479704,-228.8809814453125
-10.613183176373598,-209.908203125
-6.40442742836347,21.9139404296875
7.196532980977684,82.03677368164062
-10.586292641023492,-11.736846923828125
-26.79502671025515,-243.1875
-7.187555808667961,-149.081787109375
5.4465900456679694,-99.97001647949219
3.1988276731025875,47.9185791015625
7.827394642815597,396.5263977050781
3.887422638441485,-232.44256591796875
-3.41466344580097,-283.5339660644531
2.667044757168528,-959.052734375
1.0590749185315824,-231.82769775390625
-3.9965921287470247,-26.173431396484375
10.982614675109394,64.85371398925781
0.4076170529080399,481.6123046875
2.71319811317338,54.455413818359375
8.652061852316729,215.796875
-0.6579761516790089,386.857421875
-51.6773231694491,-120.2882080078125
-2.8325461302865187,1096.26318359375
2.12749125232924,32.661293029785156
3.562549470771905,-359.67626953125
-16.517773128145326,-14.070709228515625
6.874655354673765,-148.4815673828125
0.2047767843086013,52.866851806640625
-2.698758931910008,-423.7578125
1.8601156760560384,-7.8504638671875
-22.2455703021075,-66.91889953613281
2.4288820651169605,1034.357421875
-16.8307740899425,-57.722412109375
20.7191486697607,163.38641357421875
-30.7261055182573,1.700469970703125
-38.4849400567448,-18.12689208984375
-14.3103126367969,-47.418212890625
0.7860328468455551,693.611328125
-48.3858044800915,0.457916259765625
-3.21662088766757,112.55069732666016
1.675245639565673,-140.1905517578125
-90.3299705619704,-17.64337158203125
-9.28527551691871,218.6014404296875
-1.2293411329062325,695.5281372070312
-4.534682244798708,277.32470703125
-68.1959205924323,-137.08673095703125
-24.5242345195019,296.52978515625
-2.77042962989298,183.46917724609375
3.8009101564042025,-110.2464599609375
8.933703319425492,-48.34808349609375
-11.341527235964405,200.8427734375
6.71098989067457,74.4395751953125
4.54734483862441,172.667724609375
-5.16341129781556,3.1512603759765625
-49.062306315025,476.4580078125
5.26551760771767,329.8095703125
3.33951124606136,-208.6123504638672
5.006519903780723,6.5115966796875
4.05485944970297,101.3770751953125
2.283405953189745,1234.867919921875
-2.66483863280114,-111.0224609375
12.566471603210276,-309.365966796875
-27.9020155354992,-15.640838623046875
8.88265541550952,108.17582702636719
0.1652887870268324,66.19161987304688
15.4985727759109,-86.987548828125
9.014890317831036,354.7196044921875
1.4803529144374856,217.67041015625
18.1939100849816,169.83740234375
-2.6304973605131474,21.365806579589844
-5.493763326806099,-58.049896240234375
-0.6715208179901364,-105.10078430175781
-36.7383193130824,63.5703125
5.062784719364307,-192.70867919921875
-12.026803679110706,-19.835006713867188
-3.01321716593974,-62.809295654296875
8.35813394800668,326.5459899902344
-3.60075442831331,54.82061767578125
-9.509135784465323,708.2412109375
-19.6175855102284,223.1560516357422
-27.8629509568953,128.53173828125
1.74273211890989,-437.00750732421875
-2.19578977406709,-93.6895751953125
2.42002639701588,8.3111572265625
-25.55316918036869,16.83343505859375
5.635020609606415,-120.01713562011719
-34.727836669101,-117.449462890625
4.4516036428765,-63.487884521484375
4.967381413305823,-20.708984375
-6.81516141534704,63.653900146484375
-24.3954295810688,9.063919067382812
8.658679095048068,22.021728515625
3.7347243087796,139.357421875
-12.909633143366396,48.365234375
-60.49569009623433,36.76690673828125
-3.790702882666694,-127.99139404296875
-12.41068356063,-208.25927734375
2.76740193393285,79.96573638916016
-18.9061714872788,-218.370849609375
-3.681083449701528,134.316650390625
8.13893448615947,72.43991088867188
-51.402683514636095,2.9832763671875
-3.0703466753296,-137.19091796875
0.4646043967887734,-2.1584243774414062
5.989492839405608,300.5059814453125
8.833837192566008,176.70556640625
-26.1965705632023,222.792236328125
0.0804428699766095,112.60478973388672
10.229168329440906,-275.81915283203125
2.12042655289975,-27.9593505859375
3.88810032819938,10.055374145507812
-31.515616413872173,6.039432525634766
2.28163515100639,-22.9183349609375
-9.633163292669298,9.65582275390625
2.63206586722876,-52.82904052734375
0.3189015990893598,-102.02542114257812
-6.31868596379813,-495.368408203125
-6.4648984000359935,103.81378936767578
8.91646092056966,-40.4022216796875
-42.637521131086125,-66.58026123046875
-89.5439156156453,136.4772186279297
9.179556151687803,-156.374755859375
8.754663680824095,-406.369873046875
0.8838679103249854,-60.10833740234375
4.338369925074482,7.158088684082031
-18.23432595343749,-57.815765380859375
6.92534745147092,-135.77197265625
-1.768261666543676,-169.70761108398438
-7.87226820943855,146.80709838867188
-12.0847368637308,126.2998046875
-4.4222229386498375,9.22052001953125
6.63109301847755,-191.53323364257812
1.675381804264854,-86.09326171875
-6.897600670415837,267.4287109375
-12.2774867069717,-41.18603515625
-3.963646539183849,461.4942626953125
-2.552277046947741,-112.4632568359375
-10.78700495517378,140.8408203125
-6.426376983867103,-155.86114501953125
8.2142562177934,-82.43728637695312
-16.967828162594074,299.6704406738281
6.07843040491799,78.43450927734375
3.08443697315444,448.00927734375
-1.3811964732242277,212.39697265625
-4.51305804704249,-72.6591796875
-9.93375477053989,-144.52276611328125
-0.6581754288220045,415.651123046875
-7.952166005584182,-37.797943115234375
-13.563015982384195,-140.0660400390625
-47.9957157156951,19.490509033203125
4.96190002222477,576.9593505859375
-2.0240269290899,-106.2724609375
3.47166270740147,-286.9979248046875
-5.2815921348029296,-83.4112319946289
2.369358494612781,-83.6865234375
-4.214346026907057,92.49647521972656
-23.8934551543691,-386.7265625
-1.0659561461183158,-12.09295654296875
3.126169348435272,-215.0908203125
2.35164464781062,185.89111328125
-1.79502295092813,-238.83282470703125
-15.957982665262508,41.61558532714844
-64.65676531723692,-132.68353271484375
-27.8195558011628,-48.23443603515625
-10.480511156242285,-2.188720703125
-6.18357684414468,27.209228515625
-6.75960002722117,-298.3173828125
4.4105627388370605,-311.767578125
5.58846482112586,-67.577880859375
-16.8483709423333,-617.0498046875
16.1850033157246,-358.7400207519531
-3.34531377329845,-183.8349609375
5.893700156574014,157.34027099609375
2.745769909533195,393.2135009765625
2.53362859007723,-157.52386474609375
1.0880788430276551,88.267578125
