Score,Pred Score
-13.812973987503693,0.7935791015625
-14.6311710829416,-21.85594940185547
-15.020937907067507,-14.666580200195312
5.61896917638109,-1.04931640625
0.1461877509898399,-13.622944831848145
3.59745169898486,0.4387476444244385
-6.72144892291601,-1.822313904762268
4.304204520484877,-2.721146583557129
3.37898618824583,-10.918464660644531
3.939818822274421,-4.208721160888672
13.9953943577381,2.704707622528076
-5.39913759737588,10.268814086914062
-2.204579993178592,1.1570327281951904
8.829561804598438,2.594001054763794
6.01696699102072,9.039566040039062
-6.376202369524528,0.41332054138183594
-6.50906463316165,0.22277164459228516
-60.92137282626391,-22.089914321899414
1.99934019108803,-4.293084144592285
2.188685633501576,6.873898983001709
4.07090957771029,3.357471466064453
0.5211206139658471,5.72344970703125
12.5580583918003,3.0752625465393066
3.320229681965675,21.365673065185547
-0.4381862293696001,-11.090083122253418
0.1752112379752922,-2.1179471015930176
4.123908949931413,10.206932067871094
-14.2382866820043,8.407812118530273
12.966325580978296,7.533907890319824
7.692941411907634,-6.595751762390137
-62.9031214125763,-18.44260025024414
-5.800670766453999,-0.7691259384155273
-11.705366535732304,-11.050077438354492
-4.786538605318405,-0.940995454788208
-82.4887013651952,-18.27121353149414
-8.251107402184557,1.8028895854949951
1.61677665352485,-16.052284240722656
-11.916211326129387,-21.66484832763672
-45.634880019414,-14.636594772338867
-0.568998602339841,-8.84890079498291
-12.147399114840605,-19.012386322021484
-27.4476544011683,-15.600656509399414
-2.306526469902426,-6.818675994873047
-0.4835459876036119,2.203624725341797
-8.39479061793487,-12.494853973388672
-46.862925671502296,-13.359743118286133
0.3837795244341289,2.2866768836975098
7.184930267876617,-1.7249336242675781
2.8348518495029404,0.22170042991638184
-9.859535687586003,-2.827230453491211
-6.00025755794808,-4.342451572418213
-4.764629840066975,-4.11482048034668
-2.377061578670744,3.8167800903320312
-2.0585753436264698,-9.7175874710083
1.1848602197973823,-1.7384796142578125
4.97603191479674,-1.330559492111206
4.27399441028646,-11.241886138916016
-46.2372447228831,-12.022130966186523
-31.4759298257721,-18.367631912231445
-50.1674018945849,-17.896289825439453
0.9601515747159592,1.3036792278289795
-11.864177458483407,-9.489967346191406
-0.538262620928304,6.553667068481445
-0.6920482116816997,-4.767786026000977
-1.5184696160120892,2.2232539653778076
-3.0836644409391925,-10.373687744140625
11.316750179392892,4.577077865600586
-11.183106529127476,-10.739789962768555
3.59102041590596,-2.3837738037109375
4.55602013063716,-4.548811912536621
11.579228393987275,1.687403917312622
2.3067635611900137,-6.270455360412598
10.480393919522983,8.217246055603027
-2.698100773809443,-8.596881866455078
3.776985072333982,-7.78779411315918
-11.773766374328297,-8.846418380737305
8.681027307740193,-6.839284896850586
-1.1091988250418725,-6.5919108390808105
4.484288991501213,-3.1098709106445312
0.0548896546292299,-5.281816482543945
0.1118559290339978,-5.889525890350342
3.9797293996962297,0.6682593822479248
-22.42608065327665,-9.555768013000488
7.37064384347005,-2.170106887817383
-0.2642143205483515,-2.4305334091186523
5.344594984386832,-6.480681419372559
-1.2497809936708242,-12.245342254638672
13.71198107208239,6.4395060539245605
0.5045482395984724,-9.922319412231445
2.86709961553106,1.797505497932434
0.4423212163888063,-8.45730972290039
-3.724573545179619,1.9358417987823486
0.2570808252882703,6.993564605712891
-70.65073406723695,-13.770910263061523
-33.9587360563784,-6.507420539855957
9.2088386022025,0.8504836559295654
1.3318185914773402,-3.1998977661132812
-9.176001953270983,-4.866440296173096
-10.497767159210698,-17.98722267150879
-0.4402086584014632,-7.450245380401611
2.1560784090827942,-6.024090766906738
-27.1636490162131,-1.363659143447876
-0.670930828719279,-14.947868347167969
-22.794043146736,-17.584285736083984
0.8105828534072201,-8.211352348327637
1.2287673509824204,-4.559675216674805
-0.6435038581465955,-8.360801696777344
8.474782023793379,0.31022167205810547
-9.601847091024196,-9.40518569946289
-1.6610011043127195,-1.7392644882202148
-0.1091636509260827,-2.4632527828216553
7.570838092245207,-7.080184459686279
-7.211196994815285,-9.919729232788086
9.090654061652296,-10.450522422790527
-26.6651088566214,-0.9149422645568848
-17.309192174305,-2.0342211723327637
4.14054171285972,-6.467339992523193
4.097668935846943,0.5049633979797363
-0.29408409265346,-4.819204807281494
-35.8165916579592,-15.770708084106445
10.898098675545494,-1.4529874324798584
-1.6552655274048038,-1.907235860824585
1.6729502580778592,-12.073636054992676
-6.42491227706334,-13.313872337341309
-15.4752611754195,-17.38971710205078
-0.6907348474047925,0.8990511894226074
-21.3629045873375,-6.441930770874023
4.219145585451182,-8.453543663024902
-3.019531285218114,-6.904134750366211
4.25311060075082,-12.773287773132324
-15.0412339008878,-12.75054931640625
-8.237627320974727,-20.093860626220703
-1.0683487237199796,-1.0073318481445312
-1.7174251595272625,-3.7300872802734375
4.069163600073605,-11.910086631774902
-10.162041561092582,-14.96695327758789
-5.97248436581227,-7.833305835723877
6.120538767403939,3.392239570617676
-0.8028238008287005,-14.714460372924805
-23.6042929930625,-19.056312561035156
-0.1777753404752198,6.3260273933410645
-5.785469568057495,-37.41499710083008
-0.0556983764780604,-10.898358345031738
-25.4508968849616,-1.1877822875976562
-5.3185412482723295,2.5441477298736572
9.1356503291117,8.747193336486816
4.020569536845237,-0.04794788360595703
-58.5527340809363,-8.593282699584961
-6.291328737399075,-6.802316665649414
4.187869588752649,-4.1804399490356445
8.922207576391518,-11.525153160095215
22.7414116448382,1.5688090324401855
-44.6057608529879,-19.213529586791992
-26.5129077898497,-16.45693588256836
-2.13735826282737,7.197754859924316
-1.14890133483728,7.353879928588867
-15.2234416939723,-5.287295818328857
0.369316059642221,-7.310976982116699
-0.6884117876070912,-16.151660919189453
-5.8772631055401,-3.306229591369629
3.6053774296538297,0.39206719398498535
5.07108724357905,-4.416903018951416
1.292753014965791,1.8903217315673828
8.440986836263871,-5.466519832611084
-3.43040335892423,-14.290916442871094
0.7651079053562314,-15.097551345825195
-37.13962469223695,-23.818031311035156
-5.822632503482525,-0.8607778549194336
-6.879472048396067,-15.050695419311523
2.11024229353816,-3.0276880264282227
-7.1526743450051855,-10.763216018676758
-1.122073026503361,-6.161553382873535
0.3302260274555297,-8.008612632751465
-1.178255647098801,24.112152099609375
-2.99361591491145,0.9188652038574219
-18.1070051290659,-16.807220458984375
-3.0332808194811403,2.75453519821167
2.6303171850506604,-8.727875709533691
-9.72499716390718,-11.16569709777832
0.2729453578388601,-2.996065139770508
-21.4503408223732,-21.582935333251953
-4.99755531471552,6.592105865478516
-18.0018409950579,-18.089393615722656
4.00031385473591,-7.613310813903809
12.0378145652987,12.405014991760254
14.1235470599023,-15.944518089294434
6.55729051148795,5.443916320800781
11.19992297656359,2.9414615631103516
-7.81388191369781,-12.160478591918945
-2.924593214648255,-10.20155143737793
3.7667366885646025,-12.567419052124023
-6.68253431604433,-9.682838439941406
0.7345204104922589,6.374553203582764
-10.626155896203898,-1.3770322799682617
8.106852576346123,5.256446838378906
-58.24412469223692,-15.442914962768555
1.4955767028094,-3.6739463806152344
-17.6906096863185,-13.402973175048828
-4.813871520282443,8.01204776763916
-11.8973420493851,-3.77242374420166
-2.67676896274171,8.179367065429688
-3.9331393974605526,-2.3017730712890625
8.756217929094177,3.366853713989258
-29.2662792150344,-11.864776611328125
1.7249239205326918,-5.508401393890381
-6.686975812883663,-8.013191223144531
11.10272802991041,2.3350443840026855
-10.956818171714705,-10.312820434570312
-6.3500959185649,-3.877993106842041
0.6681105368389735,6.140968322753906
-12.500029270357295,-20.89794158935547
-2.591242863373206,-3.938429594039917
5.954690473588823,-1.888260006904602
-43.929359067237,-16.25031852722168
-17.4841411730512,-12.294395446777344
3.61441892535489,-1.0589485168457031
2.1112971208509976,0.06833076477050781
-41.8026500314277,-17.632930755615234
7.028135642932115,4.340243816375732
8.463248256721428,-6.163930892944336
-13.037072413777096,-15.71350383758545
-1.6307504375632549,6.553651809692383
-0.3284521577656807,1.262636661529541
0.4685622181175212,-7.192515850067139
-5.316952415477393,-5.306321144104004
4.584421564331302,-11.49914264678955
-20.3593816575191,-15.983572006225586
3.67041582610247,0.33261793851852417
2.204062447972561,-0.9791721105575562
-4.666937653128132,-4.513673782348633
-12.3781694316975,-11.22864055633545
7.06923762363823,-0.21529579162597656
-37.2883298194418,-8.389836311340332
6.442434166934048,14.697206497192383
-12.2162083245621,-12.638838768005371
-20.3623076046531,-1.348254680633545
-5.45440876641342,-2.3400206565856934
3.1416241584890576,-2.8598365783691406
-4.96580172718434,-9.797403335571289
-37.4061766871973,-12.19672679901123
6.46185690649625,-5.083575248718262
0.5403453062071405,-14.627738952636719
8.656689402528613,6.879227638244629
12.331931266595111,11.14050006866455
2.75380173901167,-8.214701652526855
-2.8447496930443927,-10.323894500732422
0.0285872237409883,0.5088310241699219
-73.5286754265322,-5.416739463806152
7.285509446842615,-7.18489933013916
6.72046542688671,1.7800168991088867
-6.19730890695259,6.358403205871582
-16.4599719883519,-10.849047660827637
-10.288292260688207,8.246479034423828
-10.285920522724917,-8.484463691711426
-30.8171784242839,-5.107476711273193
-4.65691689928222,-2.371246337890625
-37.1716279374795,-20.654266357421875
-36.50577458359941,1.1985766887664795
0.7942566624333496,-11.25723934173584
-34.8552692363716,-7.605785846710205
-2.491707941339629,-19.122051239013672
1.7387039934851498,3.615940570831299
18.9715733525152,7.732344150543213
-13.8996269060666,8.17918872833252
4.17561229224804,-6.4240403175354
4.7680640763497,-17.000661849975586
-6.745372906074374,-13.222354888916016
7.262818938793504,5.321846008300781
-55.7541546140486,-11.065004348754883
8.453421074249384,9.845396041870117
-5.85807143580148,-0.10932207107543945
-52.7336020518746,-14.880278587341309
-1.995826789875676,-5.295042037963867
-1.3326443092463092,-15.263101577758789
5.029017096161708,1.4765803813934326
-0.71117494174041,-1.8818929195404053
8.243548509216069,6.078413009643555
5.81602235619721,-20.71615219116211
5.978124919049687,-7.518520832061768
-2.8859593337581737,4.854183197021484
-26.0047332498617,-13.314489364624023
-1.5220929784942658,-19.287670135498047
-3.195242757261453,8.708374977111816
-15.0089303719363,-15.745922088623047
-1.757118944268968,-18.190126419067383
-13.5091075877696,-26.48711395263672
-4.0681667574955,-8.332762718200684
4.43276114617859,-9.214381217956543
-4.665207913971671,-6.2927374839782715
7.33919324558513,-8.514193534851074
-11.69780882660921,-23.729541778564453
5.960801203295765,-2.638875961303711
-29.9162730471743,-19.391199111938477
-5.331847529263395,-29.615234375
4.2006804390709,9.820802688598633
4.76541245752904,7.479081153869629
5.87221574658101,-1.4102630615234375
-12.955988512618,-30.2768611907959
-14.4061745570978,-17.58401107788086
13.644333664082708,7.282260894775391
7.522446474796843,-30.94877052307129
2.858782897786812,-9.257150650024414
-49.8653288018085,-19.68824005126953
-4.029904705212941,0.7403066158294678
-6.2026319104393295,-18.801597595214844
4.452168509343501,-2.176776885986328
-16.475900892606802,-14.763809204101562
-11.03094492075089,-21.181015014648438
-8.08045020128908,-12.594856262207031
1.39259946716825,-9.203827857971191
-14.885807229381896,0.39362478256225586
-11.113180908425988,-17.53719711303711
5.506094216928792,-2.3292016983032227
5.29091659278858,-3.8342530727386475
3.42106467876526,0.06590461730957031
5.162821279449693,-0.3320043087005615
6.020551076354931,-1.3106061220169067
0.8086942897832163,0.5836944580078125
-8.80546181278599,-17.506513595581055
-7.42349600405968,-6.401633262634277
-14.4731176558811,6.175673961639404
-35.5448186771701,-18.628278732299805
-1.657597602265355,-3.949845790863037
-1.930224441335125,-15.472036361694336
-10.398648228661925,-0.1263643503189087
-1.6521884315998507,-5.718079566955566
1.3131129859732091,0.6532096862792969
-0.1240821746904601,-4.123368263244629
-35.1709788883515,-20.145313262939453
0.6771989561182002,-2.319197654724121
-5.8677981963370005,-7.024940490722656
0.7982616963508231,-4.234766960144043
2.595279020812243,-7.710848331451416
6.9472187772133225,-5.9853973388671875
-41.1395198834054,-17.472972869873047
-35.4604736838065,-15.951820373535156
7.87379173269718,-7.534502983093262
-8.72128086410909,-13.017460823059082
-82.13826531723697,-10.607717514038086
-9.70693692529289,-14.431283950805664
-61.4386715672369,-13.857464790344238
7.10938257895085,1.3828954696655273
0.4007388327427847,-1.2174625396728516
-0.7455370396145937,-1.8772108554840088
1.674966057420845,-3.2268059253692627
11.877856996640997,-3.6006948947906494
-0.9096556467231308,5.784703254699707
-1.4680391508473674,-3.3794174194335938
15.6414782015599,-9.746284484863281
-10.35739215730591,5.894966125488281
1.926107182225645,-1.5339903831481934
6.99756701325662,1.0564427375793457
3.54836143321337,-7.8306803703308105
-7.726553411266567,-10.158637046813965
-48.51478094223695,-17.18243980407715
-3.0453156276270903,0.18340110778808594
-3.454798154796729,-0.15854334831237793
9.503977484174175,1.412916660308838
6.001532732018722,9.339322090148926
1.775572054007981,6.821280479431152
-2.6871577689602653,-4.358600616455078
-7.920344649869953,-8.214323997497559
2.578081311550471,1.5985794067382812
-14.434457477598505,-2.515559434890747
-1.338045882914232,-5.106525421142578
-44.1817825469333,-15.058063507080078
2.4314234692194163,-3.161949872970581
-2.35314836228574,-2.6890738010406494
-2.07036107592124,-2.6079492568969727
-6.560167066336443,-8.128998756408691
-2.54688332955635,-4.364748001098633
-7.940842049461227,-10.330883026123047
-7.789052707582185,9.25456428527832
-1.4295761119406232,-1.3280645608901978
7.206977941743588,-0.6047039031982422
-4.081394009803599,0.901031494140625
-30.167243616457,-10.118091583251953
11.7225687296843,8.888164520263672
-0.8984319813221007,-8.304605484008789
10.349523074958825,-3.935439109802246
5.42147270471237,9.03244400024414
-0.3136273830120112,0.5894804000854492
4.398848813602776,-3.999891519546509
2.099307195887115,-0.3746471405029297
-61.6890402284636,-34.075843811035156
-7.08434802004719,0.8958557844161987
0.6962467393230812,-3.2185678482055664
9.0758909366509,-6.228096008300781
-1.9263965715605047,1.4311106204986572
-6.262949496708321,-11.106443405151367
-4.739766082030863,-16.147335052490234
-36.8822022827233,-21.667795181274414
3.24770439300306,-1.5147488117218018
-2.289513933263135,-7.673890113830566
1.41805545618482,1.601567029953003
-24.4432878855492,-10.219354629516602
-24.96156751119129,-36.449249267578125
-7.734574598544068,-27.369075775146484
2.79124989437018,-5.665050506591797
-5.17831154550348,-11.19887638092041
1.5275640312561216,1.3724839687347412
3.682989905065457,1.1810779571533203
-10.8237586662752,-7.112168788909912
-6.929951553081727,-11.124624252319336
-27.96215708599589,-22.97650909423828
-2.88087637063392,-7.507880210876465
-5.960419628776203,-6.737743377685547
-37.189874708633695,-24.64413833618164
1.1496085756031087,-0.8564482927322388
-12.7137936794919,-14.82877254486084
8.398744223780918,-9.815213203430176
-33.3004252633332,-14.772697448730469
9.144089281431205,-6.894908905029297
4.065326821312747,-4.205535888671875
-41.9047429025821,-18.16391372680664
7.383552345763623,0.7309632301330566
6.364261125349779,-2.75112247467041
4.841793570156368,-17.130464553833008
1.6198341998494314,-5.318329334259033
4.179707781567577,6.34789514541626
-14.7229944429405,3.780128002166748
7.078924552126015,-2.7087578773498535
-12.898019313824,-9.051131248474121
-70.8116033690518,-10.925019264221191
12.7359625054994,8.303196907043457
5.586124430090477,8.39072322845459
3.028467183462371,0.5936844348907471
-5.830142578087577,-8.40451717376709
-22.6841489367301,-14.28852653503418
-1.51657819068512,-8.210299491882324
-81.52648016021857,-6.288348197937012
-3.36903782007548,-11.74563217163086
-18.707844022,-27.02335548400879
-34.48768519828235,-9.535058975219727
-39.7169735486916,-7.553330421447754
-1.593720937577549,-8.751937866210938
-23.2954444871652,-18.203248977661133
-45.30258920076982,-19.7440128326416
12.5056328567953,-3.9041152000427246
-11.9299972333177,13.362096786499023
-37.9495035857927,-13.640914916992188
0.7001962140772594,-15.171051025390625
4.49418879319923,13.963481903076172
-39.0646563811545,-17.78219223022461
-9.09730633851708,-9.737787246704102
-17.5589533745204,-19.524044036865234
-4.92782811871599,2.769007921218872
-8.2299173561342,-9.294907569885254
2.60625970962018,-2.760395050048828
2.726862934921635,-2.4301598072052
4.071661498679735,-5.646859645843506
-13.2494383747796,-7.575864791870117
-11.9154244975033,5.264111518859863
0.9090871567987184,-16.775434494018555
7.92708077877978,1.0105173587799072
-3.119647295186995,-9.697498321533203
-2.248378586620203,-11.178733825683594
1.6646916021852596,-4.303096771240234
0.1590569364430157,-4.599702835083008
-77.3623903172369,-14.505231857299805
15.8859560938761,3.324376106262207
-3.11888044241469,-4.154054641723633
-2.7468186065138984,-5.797088623046875
2.77922195660905,-6.317602157592773
4.052279150357491,-12.114425659179688
-4.03806373695381,-1.8677010536193848
-2.4461467814868523,-35.11680221557617
-0.1639564470097907,-1.8169867992401123
0.8542168432631491,-9.023855209350586
5.84905996845087,1.376616358757019
-5.77665564868809,0.8731579780578613
-3.7008288999313423,0.8384895324707031
-7.18713065449027,-7.726836204528809
-0.9529303605806088,6.642261028289795
-15.902118442879,-9.764293670654297
-28.0636361890057,-19.22549819946289
-26.912205886836706,-13.339393615722656
8.596988309863011,3.888983964920044
0.2877587512502297,-8.527165412902832
3.3899996482015826,-2.2728960514068604
-20.5869014386951,-5.68773078918457
-9.341800010912078,-11.724343299865723
0.1692077246922899,-0.8894200325012207
-1.857666460494741,-2.4713268280029297
-13.2752747780792,-10.330533027648926
0.7445982178878973,-2.7078664302825928
4.49646859469848,-7.918495178222656
3.60913262992784,2.04866623878479
-5.653435188749545,0.40274202823638916
1.51502173443586,-1.3005609512329102
8.143116180793372,-13.361289978027344
-8.36164856265281,-29.605815887451172
-1.130678948105339,-3.7798969745635986
-4.349210006555943,6.090961933135986
0.2594141505344826,-10.766688346862793
-32.1283374054069,-20.61521339416504
-1.9051378030600723,-5.030379295349121
4.768047800449637,-7.2324299812316895
2.264898495983479,-10.286734580993652
-6.47138721063866,-11.20452880859375
4.93167956005568,-5.012923717498779
2.4851768276660025,-0.695691704750061
-3.930469946192945,-4.298016548156738
11.923948375295712,7.09763240814209
11.616605850275496,6.568375587463379
10.41580460128629,-14.660118103027344
-8.700462669667385,-8.721237182617188
13.1991243046288,1.580493450164795
-4.75101729862813,0.9353909492492676
-1.4230966237807086,-7.56974983215332
-2.07861348348741,-10.47610092163086
10.292368565007404,3.142470359802246
1.9007667723773176,-2.614283323287964
17.1612744381531,7.027991771697998
-0.1428452494230792,0.7465865612030029
2.4933992323843923,-0.8049087524414062
-13.861300672159,-4.855350494384766
-1.7943154401891548,-4.164288520812988
-4.15624175439773,-12.486089706420898
-14.277645616907492,-5.346145153045654
2.713132201978397,-7.419122219085693
-13.315456279797685,-21.33280372619629
-5.36204355968609,-2.1359310150146484
-1.4872271509121793,-0.4286065101623535
0.31232235517322,5.245941162109375
3.0307168501552093,-7.902921199798584
3.4484762474106,-0.3052217960357666
-34.0729170807354,-9.465237617492676
-25.0659802428987,-1.4686088562011719
0.86771933446589,-13.885242462158203
-11.996919710325,-12.06631088256836
17.2594267615487,6.921873569488525
-56.2560888739038,-15.780766487121582
-12.7386491421071,-18.42084312438965
-3.520787796436005,-21.408668518066406
-0.8014467498558491,-18.762596130371094
-34.7812340468876,-16.18832778930664
7.158235365631607,-13.04621410369873
3.29681579894721,-0.08082139492034912
0.046018285265003,-10.191486358642578
2.046344769010002,-11.425495147705078
4.25403099118957,-4.18582820892334
3.7804230286959792,-12.776346206665039
-3.773219093074008,-5.060544490814209
-9.722403045722997,-23.455068588256836
2.81101468536903,-1.126094102859497
-23.7494411406013,-17.628101348876953
-75.56229656723696,-13.684185028076172
4.366245372711767,6.909997940063477
9.94612085382829,2.4366559982299805
-8.207132148775708,-17.590106964111328
-3.09775596823669,-1.2248783111572266
3.77256113899207,1.2823258638381958
0.2016574678685985,0.8022942543029785
4.38808277416547,-0.021561622619628906
3.7092867134231,-5.62816047668457
1.6740112862957208,-5.774684906005859
-5.472376660417956,-3.962860584259033
12.283123760680592,0.5697917938232422
4.417989059347175,-3.071830987930298
1.907333647224608,-3.9889862537384033
-3.73521146317182,-4.812054634094238
7.837521570550837,6.466056823730469
4.82455755953161,-16.319183349609375
-0.6472060937938101,1.5195392370224
-8.237956686764985,-12.094892501831055
7.36579899286375,-2.504772663116455
7.859716520666763,0.7305030822753906
2.765011277030255,-1.2829093933105469
4.62415639298937,5.464663982391357
6.430237727930085,-17.226951599121094
2.44728958086436,-12.292203903198242
-1.93656353174353,-0.7391476631164551
-33.7845903951132,-12.699996948242188
10.960301672714698,8.357830047607422
6.147225205740463,-5.203527450561523
2.4659746492236927,1.484194278717041
18.2642273209106,-6.946772575378418
7.656482330373112,6.044461727142334
-63.2346715672369,-22.489103317260742
-22.9610154952969,-22.781848907470703
4.39789099231211,3.4621987342834473
-46.587141393021525,-11.133001327514648
-12.281506448986304,-0.14060449600219727
5.220668557811489,-2.3540115356445312
-1.4412632820262703,2.585594415664673
-35.163016426576704,-18.737995147705078
-31.380009974583203,-16.75153923034668
-2.6184282494780104,-2.427462577819824
-37.3999740396079,-8.306764602661133
-10.594900847222812,-21.294492721557617
-23.227454082363305,-17.461637496948242
-15.4814292943448,-18.688949584960938
-6.89310310865277,1.9517806768417358
-11.7962452523223,-2.250155210494995
-0.3887710448227697,4.223594665527344
-4.0896099478500325,0.41132211685180664
-42.6579269422049,-18.976119995117188
-2.095241650043551,-3.1489670276641846
8.45389840526827,16.050949096679688
-15.5157954828953,-14.920028686523438
-1.9802660997523944,-5.155381679534912
1.8368511005450223,-9.789204597473145
2.11900133622217,2.8943848609924316
-38.4962238749225,-23.371482849121094
0.8069046214032297,-7.151900291442871
-1.73607437190069,-1.8133924007415771
-8.46093254820262,-2.567887544631958
-0.0780407432645869,5.3987579345703125
5.009535132419683,1.3231260776519775
-74.9399761386801,-19.54386329650879
2.806732553915905,-1.226081132888794
-10.415057364934407,-10.046639442443848
-4.81834176383161,4.298469543457031
-1.4920816076829602,-4.771145820617676
-0.003939288658445,2.9725759029388428
5.86288473591452,1.4111242294311523
0.4443344011282492,3.1906545162200928
5.72263802046558,-1.6179370880126953
5.46583466116103,-10.055034637451172
5.05355462238675,-8.983168601989746
-17.190033530139498,2.565577268600464
-10.1192188918475,2.2887208461761475
-10.539071528779305,-1.160292387008667
0.2492257167476033,-6.748016357421875
5.35198813185094,-4.107003211975098
14.9823899147147,1.5711240768432617
1.7336328627834918,-11.632925033569336
3.2582764286422226,-1.928924560546875
1.1615369027166365,-5.9343366622924805
-42.4099588259267,-9.869722366333008
-38.7823663998969,-14.04364013671875
7.99575647038201,-3.245638370513916
11.644495901203598,-0.18227767944335938
-39.0956747424042,-2.553929567337036
-38.6438610292767,-21.903717041015625
-40.5029244010595,-18.271371841430664
-22.8644313188967,-4.670714378356934
-0.897066728281827,-7.0793938636779785
-17.6830733389949,0.10357284545898438
-0.0084306638066775,-1.612223744392395
0.5394390329931549,-3.3342113494873047
-21.61387508166409,-14.522529602050781
5.053393098685065,-12.7726411819458
-15.7834934865799,-13.986595153808594
-58.40351531723695,-18.296361923217773
8.86280218600469,5.778330326080322
1.888243484494037,1.6833187341690063
8.99923705482913,-0.7897980213165283
4.133325903305868,1.0340957641601562
4.774357664359128,-0.2501267194747925
7.418770080750715,-17.98556137084961
-2.25262466719878,-0.007597208023071289
-7.071587649042333,-8.315577507019043
4.398742241377427,2.2569961547851562
-8.692928400841772,-34.6143798828125
2.334382802629,-11.638069152832031
2.8274240704709,-4.356823444366455
2.1747311895065486,7.033332824707031
-11.9965988914421,-4.811619758605957
2.776867734737273,-25.34026336669922
-12.4595255596924,-5.775531768798828
18.5317724911246,7.272711277008057
6.86106163750481,-5.787448883056641
-19.1693792779686,-6.078675270080566
-4.20883890972707,-8.35429573059082
-0.3530077955256401,-6.262473106384277
-1.6020246929696491,-20.399017333984375
-7.57557880794988,-19.137619018554688
13.9692836454661,0.11429476737976074
1.289294757415069,-4.82966423034668
-20.3746494688195,-28.744770050048828
-8.044482691931467,-7.238622665405273
2.51340467963473,-8.867501258850098
11.0282847349576,4.313027381896973
-1.3944922949507652,-6.781166076660156
-26.2706781913698,-26.77797508239746
-71.7765711158932,-21.49988555908203
-44.2857422252861,-25.927907943725586
-3.057699221935841,7.624907970428467
10.116767222520318,1.780210018157959
-46.9980356488569,-18.14326286315918
-8.677497573270493,-16.443645477294922
-25.781275563237,-18.511470794677734
-2.941164138388841,-5.333017826080322
-26.5692742661385,-21.139589309692383
1.2555345380058751,-3.907061815261841
-0.810306898238276,-5.74441385269165
0.2404076931068699,-21.603557586669922
-2.5590885431480426,-3.6076488494873047
-11.9846830308257,-13.136091232299805
-5.775806690181939,-1.9550361633300781
1.9806048133258944,-14.42365837097168
16.618750626525,4.895389556884766
8.204494762209066,-6.520205497741699
6.80321923705408,-5.507453918457031
11.710679650337616,-6.590120792388916
3.181253849239128,-0.6253738403320312
0.90894434552881,0.8308300971984863
3.547124544521316,-43.488929748535156
-2.202886656443709,-10.746381759643555
-11.133669865203094,-31.956710815429688
9.328533024448705,-3.8375110626220703
-0.7012610501602399,-1.625491976737976
-0.3170472839931941,-4.1519551277160645
-2.3458288386735573,0.9096393585205078
-26.1191329979098,-13.785813331604004
-2.33292598982445,-2.2927608489990234
2.461922216333884,1.1625256538391113
3.73205068567752,7.285810470581055
-22.4462583852743,-38.332908630371094
16.899113604615202,1.3548078536987305
-2.85382252753121,-9.301210403442383
1.2705701336207027,14.547117233276367
7.960789166364423,6.141889572143555
2.71808902854303,-1.0817594528198242
5.5273920092716775,-18.412376403808594
-4.11149235653684,-12.158151626586914
-20.9676231329802,15.929088592529297
-0.89184437235696,-2.1326234340667725
-1.2816619609782416,-4.534356117248535
4.85634828411675,6.9405059814453125
6.429854346358795,6.7383317947387695
4.71112087372323,-7.853270053863525
-30.7199022255615,-20.775802612304688
-3.8590388668775,-10.297209739685059
-10.6557437737239,7.450356960296631
-13.4460672849668,-13.69713020324707
-5.527709296795018,-7.453704833984375
-1.876637029070265,-13.708128929138184
10.2532613363299,-3.250466823577881
3.00680128293027,-8.116708755493164
19.33685959748449,3.451289653778076
-0.1058882282985149,-6.025662422180176
14.3436638764016,0.7085549831390381
-16.1535771788668,-11.233845710754395
0.9480162028997956,-2.0220108032226562
-18.5891767455387,-20.940349578857422
13.309934514349203,6.502196311950684
6.02246857213521,-3.622295379638672
5.16750826555368,-9.190711975097656
-1.0190872666435924,7.189697265625
-19.100904418149,-18.822633743286133
4.743603615290096,-6.470773696899414
-13.8157551615103,-12.68178939819336
-3.802611775309477,4.186840057373047
4.30511943579503,-0.1430034637451172
-22.482844278002705,-10.682212829589844
0.60779733849738,0.2655128240585327
17.8138573048897,7.056238651275635
-38.4626262988146,-15.757349014282227
-0.6089836493556324,-0.9997022151947021
0.8617451361473882,2.279332160949707
-2.40000424902785,-0.04109382629394531
3.7078671714499096,-5.688636302947998
-2.390619984667185,-3.4391307830810547
-15.559462368784592,-16.458099365234375
-13.790764753514,-7.355473041534424
-9.325981865786185,-15.770586967468262
-58.4491138315396,-18.75851821899414
9.550892694239591,6.328514099121094
4.435147085081137,8.629091262817383
-2.3538192484503564,1.2539150714874268
-5.83438093189622,-4.783649444580078
-7.10827059552493,-27.97515869140625
-12.414939844598162,-7.231912612915039
6.6154810826822,6.6567535400390625
1.3155747227446202,-9.747337341308594
-2.56542276271332,0.8561885356903076
-13.546032832554804,-7.172736167907715
-16.600339428286603,-12.305581092834473
2.9737175212081803,-0.378873348236084
6.167862854629888,-18.839481353759766
-40.922076323723,-18.375734329223633
16.9349100756105,3.279078960418701
-12.24911226903676,-20.31192398071289
4.867927463076468,0.20511412620544434
-21.6327950573002,-21.262508392333984
7.11033993521173,9.148956298828125
-9.59094984812801,-22.916074752807617
4.92186081619874,3.439484119415283
-7.815562497274902,0.3364839553833008
-2.20364176327536,5.083625793457031
-19.6754058911438,-22.0883731842041
-91.8886792382854,-4.964560508728027
-20.9507978903398,-11.802404403686523
-17.8084408175675,-19.82493782043457
-62.9612541332419,-23.671125411987305
5.598134989920393,7.458710670471191
-7.283890318199592,-2.6356282234191895
6.1026124307435,0.8222155570983887
7.42840635595139,3.0072550773620605
-5.179391847578812,-9.189273834228516
-4.873152982370568,-11.479656219482422
7.276768036701751,-2.184319257736206
-10.739322929783883,-0.49727892875671387
-22.9219832537164,-25.248157501220703
1.5259403537211615,6.207813262939453
-44.7886924625105,-12.726841926574707
-3.72583443525641,0.7388744354248047
-14.57002364123529,-16.358264923095703
-10.128266274366498,-15.519323348999023
-28.0249952668106,-23.93694496154785
-26.24662901330595,-14.135498046875
-40.3645652505015,-23.71434783935547
-30.8056950922951,-15.462104797363281
-3.9552380984537248,-3.2994699478149414
-2.1789667599796294,-0.4461822509765625
-0.5734820606807138,-1.6485061645507812
-1.1617148968623687,-6.362893104553223
3.42848617073407,-4.073544502258301
-17.4030551064212,-14.996373176574707
3.88109013796494,3.7368273735046387
9.400493271217616,2.286129951477051
-11.302161927872188,-24.185344696044922
-13.3709137252944,-20.853439331054688
-6.79658968512302,-1.357513427734375
4.509456424718162,1.7155380249023438
5.45103123545738,-3.1347875595092773
8.149714042401495,-1.467771053314209
-12.909180343140196,3.313040256500244
-6.61979034735207,-6.001387596130371
11.9978624338519,-12.396627426147461
-12.53254789251529,-2.2199783325195312
-8.36198121766124,-22.271528244018555
-4.361976736345532,-1.255415678024292
-0.1898191226144924,-17.384788513183594
2.3166834950764685,1.993295669555664
-12.6203596574975,-27.03964614868164
-1.207429910073891,16.01616668701172
-29.7403775200217,-15.38662052154541
5.31082796058257,0.28781604766845703
2.97844031586002,0.26054883003234863
-12.533050119535002,-13.970719337463379
-5.8684323426223,12.807113647460938
2.391980620215489,-0.580808162689209
7.73570234615748,-12.133072853088379
1.166748445159433,7.995381832122803
6.093529951556334,0.9140300750732422
17.709922444879297,4.171178817749023
11.779516260068313,3.2778496742248535
2.4866177573815964,1.7657737731933594
-30.89708550466269,-14.15712833404541
-9.231606713935047,-0.7005233764648438
-13.4089268865456,-12.184774398803711
-9.06573754635488,-13.225639343261719
9.30630078585379,-0.36034393310546875
-7.156550033865472,-16.316205978393555
-10.5414716495377,-4.31351900100708
-27.8178569354009,-24.79627799987793
5.3817717725564,-5.643152236938477
-35.155236696245,-17.564666748046875
-21.4141717786538,-16.330970764160156
-2.6053130644292946,-0.512824535369873
-9.953220777101093,-9.269089698791504
-8.798237091769485,-13.267511367797852
-27.6920167541674,-11.601926803588867
8.017093587799739,-4.5605316162109375
-0.3550158381598589,7.657199859619141
-1.19024715514191,-4.811549186706543
-3.2855896341823474,-20.603225708007812
1.844566842421384,-4.68559455871582
-30.7366736665872,-14.91476821899414
-11.338238855350506,-16.136760711669922
-1.059512617215007,10.353801727294922
-33.7712071062874,-23.338714599609375
3.812227003524945,-6.109260559082031
-2.8472026300298463,-20.172544479370117
-21.5871320482388,1.3591902256011963
1.845960760756301,-5.817625045776367
9.06213659212517,7.048346996307373
-13.950148061363093,-16.211402893066406
-15.1006814359747,6.15383243560791
-8.65496498210776,-13.698301315307617
-31.18852367408345,-29.66263198852539
2.35160533891099,-9.843443870544434
-7.06329362397977,-15.591659545898438
-11.299328727708405,-22.907201766967773
-5.73967918172164,-2.755424976348877
-4.062121175440552,-0.6198669672012329
3.62056380925444,-4.9219489097595215
-6.512385872303066,-14.705802917480469
-17.2817979072755,-24.595401763916016
5.79128728304933,2.148345947265625
3.7921116228684086,-0.7485582828521729
0.51700222845629,-9.961057662963867
1.0966146270020711,7.234610080718994
-6.613686761665703,-11.816413879394531
-39.873530292237,-23.7183895111084
-35.0272315856836,-16.353181838989258
0.2475632146873464,7.040704250335693
5.59963570142504,-4.915071487426758
5.29419053806362,-4.214947700500488
6.457932781589695,2.1433732509613037
6.4251548431743295,-10.11397933959961
-19.7885249955934,-25.47758674621582
-2.4097304318056905,-4.209718227386475
7.543407488617369,5.241526126861572
1.83593808226401,6.77275276184082
-1.5082203021212124,12.542556762695312
5.99108205682079,-7.947412490844727
-18.1797235112709,7.362652778625488
-12.840088322870097,-19.664670944213867
-2.23616712442702,4.661099433898926
-4.662511414401839,-13.158561706542969
3.41802282280863,1.4085155725479126
-12.0320822507053,-24.148523330688477
-25.9801803981754,-15.910930633544922
-5.97419023328963,14.795040130615234
15.4186986077963,0.8074550628662109
4.480465220149085,-0.3255805969238281
-13.2363849677504,-4.789235591888428
-9.362863686069195,-15.794318199157715
4.128157012788561,0.19743728637695312
2.26767773086615,-3.5487356185913086
-24.1634597090208,-19.277252197265625
10.013204486477417,8.813838958740234
-31.934070451053,-19.73884391784668
-22.9515728231767,-2.3636627197265625
-11.219410776078313,-18.848026275634766
6.00089213826483,-18.013774871826172
-28.9638748432599,-11.233144760131836
3.11049964318654,1.1794347763061523
-1.073248118887358,-2.972048044204712
-10.249148139079496,-16.5404052734375
-13.14009076535719,-9.134349822998047
0.7364260970712593,-0.6529660224914551
-44.9949251983702,-0.22889971733093262
-5.159519294761907,-13.758627891540527
1.869241020829697,-19.576309204101562
-55.54568697318505,-14.913393020629883
0.3065104335081801,-0.9246845245361328
-10.386374558578522,1.5788874626159668
-3.0345245902191325,-5.312385082244873
-57.144820014625296,-13.808579444885254
2.85060083445348,1.8341176509857178
2.446050707651698,3.170867919921875
5.50221601830175,-1.9421498775482178
3.455876052191651,-4.374701499938965
-14.6157572128631,-20.829483032226562
-0.874105623616695,-6.435638427734375
-1.378759213278819,-9.929521560668945
1.350733135180331,-9.218833923339844
-1.94666134980912,-4.930974960327148
-3.36735139960915,-10.417284965515137
0.8319171014720902,-8.530058860778809
-40.2101205720394,-1.1021227836608887
-24.577379709126298,-22.260066986083984
-18.6292132467089,-8.80299186706543
-46.39510994896701,-13.425312042236328
-2.487076105276776,-5.355883598327637
-4.752960817423343,-25.55083465576172
-0.1160299782726794,8.349201202392578
-18.5277286275242,-2.757343053817749
-14.1325019191809,-16.94026756286621
10.909208084253878,6.138776779174805
1.30779520720034,0.2511467933654785
-5.77436797253085,-2.632359027862549
3.986867952152618,-0.35601091384887695
-21.7936206120663,-21.811561584472656
-2.643556292002,-3.2047157287597656
11.0853991753379,-9.07241439819336
-12.9397422629832,-11.441230773925781
-0.190891674386513,-3.8004913330078125
-6.32558602127377,-1.0757782459259033
5.391699208755202,11.391082763671875
-8.998840630677615,-2.4109649658203125
-1.6005087696864486,-5.290057182312012
7.5482379424635875,2.018728494644165
-7.642910278690365,-8.057443618774414
3.719171936095444,0.4903745651245117
-0.8981307679622897,-19.01861572265625
7.06032809637297,0.10188865661621094
-3.134999611446543,-4.2312798500061035
-5.94174589421185,-4.855777740478516
-17.7883076547542,-17.44109344482422
-25.2381267145584,-14.318564414978027
-27.5445722402187,-23.487382888793945
2.6678241356197647,-3.5176572799682617
5.02066543392875,-7.221714019775391
-1.67197513843126,-19.258649826049805
6.58117049992555,0.18353569507598877
3.12612254618191,-6.142697334289551
-2.1147225087047508,-0.36212825775146484
-76.9668504799361,-1.2487072944641113
10.11870938841209,-6.587729454040527
4.755697845162629,9.13732624053955
16.5479703149859,7.903595447540283
4.001938538520379,-27.864410400390625
-14.1813773041305,-17.020862579345703
0.7709161631446207,-5.087442398071289
-24.2508933717269,-14.167348861694336
-22.3071231538392,-22.50130844116211
7.2595381633228,6.573337554931641
11.555346181601609,7.1265130043029785
-26.258782255785,-16.304296493530273
10.3189652047012,-24.894393920898438
0.809697096857583,-3.6169278621673584
-18.5255095356289,-16.910518646240234
-1.0680791130593923,-1.2112882137298584
-3.5390830989045075,-18.55213165283203
10.468583156479704,1.3962430953979492
-10.613183176373598,0.6499061584472656
-6.40442742836347,0.7077071666717529
7.196532980977684,-4.907953262329102
-10.586292641023492,-0.8197259902954102
-26.79502671025515,-27.798500061035156
-7.187555808667961,0.3424549102783203
5.4465900456679694,7.022021293640137
3.1988276731025875,-9.162678718566895
7.827394642815597,0.12601304054260254
3.887422638441485,1.4202609062194824
-3.41466344580097,1.497739315032959
2.667044757168528,-6.566230773925781
1.0590749185315824,-1.3218848705291748
-3.9965921287470247,-4.130885124206543
10.982614675109394,1.3881518840789795
0.4076170529080399,-13.04263973236084
2.71319811317338,-7.073514938354492
8.652061852316729,5.133018493652344
-0.6579761516790089,-3.3818531036376953
-51.6773231694491,-17.30560874938965
-2.8325461302865187,4.645211219787598
2.12749125232924,-20.88926887512207
3.562549470771905,11.757631301879883
-16.517773128145326,-3.527775287628174
6.874655354673765,5.0071187019348145
0.2047767843086013,0.04516780376434326
-2.698758931910008,8.370040893554688
1.8601156760560384,-4.503217697143555
-22.2455703021075,-25.319034576416016
2.4288820651169605,-13.967231750488281
-16.8307740899425,-1.4040741920471191
20.7191486697607,1.9840402603149414
-30.7261055182573,-19.563140869140625
-38.4849400567448,-17.68797492980957
-14.3103126367969,-9.774012565612793
0.7860328468455551,-0.74542236328125
-48.3858044800915,-18.802831649780273
-3.21662088766757,9.956791877746582
1.675245639565673,-4.909177780151367
-90.3299705619704,-19.247161865234375
-9.28527551691871,0.23963546752929688
-1.2293411329062325,-4.216310024261475
-4.534682244798708,-16.537700653076172
-68.1959205924323,-17.995222091674805
-24.5242345195019,-19.100173950195312
-2.77042962989298,-3.3818063735961914
3.8009101564042025,1.3667805194854736
8.933703319425492,2.3629980087280273
-11.341527235964405,-4.728801727294922
6.71098989067457,6.351477146148682
4.54734483862441,1.2436208724975586
-5.16341129781556,-18.006702423095703
-49.062306315025,-29.41800308227539
5.26551760771767,6.079521179199219
3.33951124606136,6.347828388214111
5.006519903780723,-3.4882020950317383
4.05485944970297,-1.4652340412139893
2.283405953189745,-17.5167236328125
-2.66483863280114,-12.095255851745605
12.566471603210276,2.7718753814697266
-27.9020155354992,-12.62541675567627
8.88265541550952,1.6978744268417358
0.1652887870268324,-9.51183032989502
15.4985727759109,3.17012882232666
9.014890317831036,1.2073016166687012
1.4803529144374856,-8.267382621765137
18.1939100849816,3.109447479248047
-2.6304973605131474,-0.52398681640625
-5.493763326806099,-4.7732343673706055
-0.6715208179901364,-6.963369369506836
-36.7383193130824,-21.207881927490234
5.062784719364307,1.908104658126831
-12.026803679110706,-18.674114227294922
-3.01321716593974,0.05043363571166992
8.35813394800668,8.228604316711426
-3.60075442831331,5.579941272735596
-9.509135784465323,-1.4909439086914062
-19.6175855102284,-18.32390594482422
-27.8629509568953,-14.799256324768066
1.74273211890989,-5.372625827789307
-2.19578977406709,-2.3997654914855957
2.42002639701588,-4.283319473266602
-25.55316918036869,-16.382007598876953
5.635020609606415,-4.336269855499268
-34.727836669101,-18.046554565429688
4.4516036428765,-1.6335861682891846
4.967381413305823,-1.9327659606933594
-6.81516141534704,-0.02078080177307129
-24.3954295810688,-2.053760051727295
8.658679095048068,-2.2228574752807617
3.7347243087796,0.009042739868164062
-12.909633143366396,-6.530123710632324
-60.49569009623433,-19.273143768310547
-3.790702882666694,1.1252882480621338
-12.41068356063,-16.705265045166016
2.76740193393285,1.632217526435852
-18.9061714872788,11.036046981811523
-3.681083449701528,-14.43351936340332
8.13893448615947,1.8052293062210083
-51.402683514636095,-16.83365821838379
-3.0703466753296,5.121044158935547
0.4646043967887734,-4.517550945281982
5.989492839405608,-14.950760841369629
8.833837192566008,1.6400413513183594
-26.1965705632023,-7.696953773498535
0.0804428699766095,-2.3336312770843506
10.229168329440906,1.7619357109069824
2.12042655289975,-2.323883056640625
3.88810032819938,-1.2212859392166138
-31.515616413872173,-17.330238342285156
2.28163515100639,-10.671106338500977
-9.633163292669298,-13.863462448120117
2.63206586722876,0.7452917098999023
0.3189015990893598,-10.675945281982422
-6.31868596379813,3.1997971534729004
-6.4648984000359935,-19.419631958007812
8.91646092056966,1.0652687549591064
-42.637521131086125,-12.470479965209961
-89.5439156156453,-24.946929931640625
9.179556151687803,-0.4669380187988281
8.754663680824095,-0.17310452461242676
0.8838679103249854,-2.196197032928467
4.338369925074482,-14.611119270324707
-18.23432595343749,-10.98420524597168
6.92534745147092,2.23976993560791
-1.768261666543676,-10.142669677734375
-7.87226820943855,-6.853668689727783
-12.0847368637308,-11.483803749084473
-4.4222229386498375,-9.457929611206055
6.63109301847755,-0.5020628571510315
1.675381804264854,-7.754573822021484
-6.897600670415837,-10.911664009094238
-12.2774867069717,-23.176345825195312
-3.963646539183849,2.9032764434814453
-2.552277046947741,-9.153340339660645
-10.78700495517378,-4.869165420532227
-6.426376983867103,-7.4787211418151855
8.2142562177934,-1.279504418373108
-16.967828162594074,-3.5769200325012207
6.07843040491799,-1.253475308418274
3.08443697315444,-6.263607025146484
-1.3811964732242277,-14.336174964904785
-4.51305804704249,-26.243244171142578
-9.93375477053989,-10.880552291870117
-0.6581754288220045,-1.287379264831543
-7.952166005584182,-15.173274040222168
-13.563015982384195,-7.434567451477051
-47.9957157156951,-18.8344669342041
4.96190002222477,3.6658968925476074
-2.0240269290899,-2.685960531234741
3.47166270740147,-0.4749441146850586
-5.2815921348029296,4.971680641174316
2.369358494612781,11.468914031982422
-4.214346026907057,-20.534019470214844
-23.8934551543691,-24.05375862121582
-1.0659561461183158,-11.919625282287598
3.126169348435272,-18.947200775146484
2.35164464781062,7.537353515625
-1.79502295092813,1.3320811986923218
-15.957982665262508,-17.250856399536133
-64.65676531723692,-18.890663146972656
-27.8195558011628,-22.110870361328125
-10.480511156242285,-14.818561553955078
-6.18357684414468,-4.604336261749268
-6.75960002722117,-7.013521671295166
4.4105627388370605,-0.273406982421875
5.58846482112586,1.2546119689941406
-16.8483709423333,-10.225414276123047
16.1850033157246,13.709117889404297
-3.34531377329845,5.940055847167969
5.893700156574014,5.184361457824707
2.745769909533195,5.993102073669434
2.53362859007723,2.473358392715454
1.0880788430276551,3.2289209365844727
