Score,Pred Score
-13.812973987503693,-1.3423280715942383
-14.6311710829416,-19.498563766479492
-15.020937907067507,-14.06566047668457
5.61896917638109,13.360519409179688
0.1461877509898399,-13.81391716003418
3.59745169898486,-2.073087453842163
-6.72144892291601,-2.178523063659668
4.304204520484877,-3.64443302154541
3.37898618824583,-12.511603355407715
3.939818822274421,-2.6938552856445312
13.9953943577381,0.6960434913635254
-5.39913759737588,11.403854370117188
-2.204579993178592,-0.48903822898864746
8.829561804598438,0.5362832546234131
6.01696699102072,5.980713844299316
-6.376202369524528,0.06580162048339844
-6.50906463316165,-0.5973057746887207
-60.92137282626391,-25.00788116455078
1.99934019108803,-6.405139923095703
2.188685633501576,4.863739967346191
4.07090957771029,-0.5607185363769531
0.5211206139658471,8.980476379394531
12.5580583918003,0.5239076614379883
3.320229681965675,19.630311965942383
-0.4381862293696001,-12.111907958984375
0.1752112379752922,-3.739067792892456
4.123908949931413,14.729293823242188
-14.2382866820043,5.912037372589111
12.966325580978296,6.712737083435059
7.692941411907634,-7.482150077819824
-62.9031214125763,-15.6976957321167
-5.800670766453999,-1.667874813079834
-11.705366535732304,-10.097813606262207
-4.786538605318405,-3.5045464038848877
-82.4887013651952,-15.718057632446289
-8.251107402184557,0.45989692211151123
1.61677665352485,-15.014734268188477
-11.916211326129387,-18.79327964782715
-45.634880019414,-12.172143936157227
-0.568998602339841,-7.427942276000977
-12.147399114840605,-19.276092529296875
-27.4476544011683,-13.446725845336914
-2.306526469902426,-7.795287132263184
-0.4835459876036119,0.8266663551330566
-8.39479061793487,-11.179594039916992
-46.862925671502296,-11.198145866394043
0.3837795244341289,0.21740126609802246
7.184930267876617,8.660587310791016
2.8348518495029404,-2.0012404918670654
-9.859535687586003,2.884754180908203
-6.00025755794808,-6.002643585205078
-4.764629840066975,-3.0078840255737305
-2.377061578670744,4.725043296813965
-2.0585753436264698,-10.788848876953125
1.1848602197973823,-1.6018905639648438
4.97603191479674,-4.43259334564209
4.27399441028646,-12.450701713562012
-46.2372447228831,-9.433087348937988
-31.4759298257721,-21.495346069335938
-50.1674018945849,-15.901871681213379
0.9601515747159592,0.40099000930786133
-11.864177458483407,-10.85543441772461
-0.538262620928304,5.04357385635376
-0.6920482116816997,-6.214499473571777
-1.5184696160120892,-0.0067403316497802734
-3.0836644409391925,-10.70813274383545
11.316750179392892,2.656020164489746
-11.183106529127476,-12.353309631347656
3.59102041590596,-9.425313949584961
4.55602013063716,-6.301817893981934
11.579228393987275,-1.0721964836120605
2.3067635611900137,-7.556830883026123
10.480393919522983,4.036080837249756
-2.698100773809443,-11.574339866638184
3.776985072333982,-12.86678409576416
-11.773766374328297,-7.919675350189209
8.681027307740193,-10.072647094726562
-1.1091988250418725,-7.744235992431641
4.484288991501213,-6.695610046386719
0.0548896546292299,-9.200172424316406
0.1118559290339978,-6.987299919128418
3.9797293996962297,-0.6665201187133789
-22.42608065327665,-9.106159210205078
7.37064384347005,-3.6462152004241943
-0.2642143205483515,-3.320622205734253
5.344594984386832,-9.102251052856445
-1.2497809936708242,-13.706403732299805
13.71198107208239,4.21389627456665
0.5045482395984724,-13.577651023864746
2.86709961553106,0.626976490020752
0.4423212163888063,-13.540946960449219
-3.724573545179619,-0.7653467655181885
0.2570808252882703,11.79228401184082
-70.65073406723695,-12.242610931396484
-33.9587360563784,-7.634995460510254
9.2088386022025,-1.954001545906067
1.3318185914773402,-2.3383331298828125
-9.176001953270983,-5.893746376037598
-10.497767159210698,-17.70159912109375
-0.4402086584014632,-7.441459655761719
2.1560784090827942,-8.549476623535156
-27.1636490162131,-2.5809316635131836
-0.670930828719279,-17.653736114501953
-22.794043146736,-15.756394386291504
0.8105828534072201,-11.194421768188477
1.2287673509824204,-5.190062522888184
-0.6435038581465955,-15.734115600585938
8.474782023793379,-0.9938654899597168
-9.601847091024196,-8.331415176391602
-1.6610011043127195,-2.2601895332336426
-0.1091636509260827,-5.607261657714844
7.570838092245207,-7.525612831115723
-7.211196994815285,-10.271284103393555
9.090654061652296,-14.052694320678711
-26.6651088566214,-3.280691623687744
-17.309192174305,-4.817251205444336
4.14054171285972,-5.500319957733154
4.097668935846943,-2.212920665740967
-0.29408409265346,-6.400825500488281
-35.8165916579592,-15.514833450317383
10.898098675545494,-4.159231185913086
-1.6552655274048038,-4.5717973709106445
1.6729502580778592,-13.536229133605957
-6.42491227706334,-12.358704566955566
-15.4752611754195,-14.964066505432129
-0.6907348474047925,-0.2559242248535156
-21.3629045873375,-7.015650272369385
4.219145585451182,-13.643970489501953
-3.019531285218114,-6.523847579956055
4.25311060075082,-10.734776496887207
-15.0412339008878,-43.73406982421875
-8.237627320974727,-18.53187370300293
-1.0683487237199796,0.2856903076171875
-1.7174251595272625,-5.3792948722839355
4.069163600073605,-10.883136749267578
-10.162041561092582,-12.797096252441406
-5.97248436581227,-9.320417404174805
6.120538767403939,2.4914684295654297
-0.8028238008287005,-12.711938858032227
-23.6042929930625,-16.16189193725586
-0.1777753404752198,4.901538372039795
-5.785469568057495,-34.896732330322266
-0.0556983764780604,-10.144472122192383
-25.4508968849616,-0.4617500305175781
-5.3185412482723295,1.653921365737915
9.1356503291117,5.912138938903809
4.020569536845237,-3.287982702255249
-58.5527340809363,-10.483318328857422
-6.291328737399075,-5.427755355834961
4.187869588752649,-5.340967178344727
8.922207576391518,-12.818216323852539
22.7414116448382,-1.3668136596679688
-44.6057608529879,-16.903470993041992
-26.5129077898497,-15.50430679321289
-2.13735826282737,5.643631935119629
-1.14890133483728,5.668063163757324
-15.2234416939723,-6.514864444732666
0.369316059642221,-10.05487060546875
-0.6884117876070912,-15.846109390258789
-5.8772631055401,-5.448732376098633
3.6053774296538297,-1.6547688245773315
5.07108724357905,-9.145540237426758
1.292753014965791,-1.0663986206054688
8.440986836263871,-6.94635009765625
-3.43040335892423,-16.51708221435547
0.7651079053562314,-13.319334983825684
-37.13962469223695,-21.546846389770508
-5.822632503482525,-5.056227207183838
-6.879472048396067,-15.289596557617188
2.11024229353816,-4.073100566864014
-7.1526743450051855,-9.190744400024414
-1.122073026503361,-6.629000186920166
0.3302260274555297,-9.026644706726074
-1.178255647098801,20.292205810546875
-2.99361591491145,4.352317810058594
-18.1070051290659,-15.603538513183594
-3.0332808194811403,0.7717046737670898
2.6303171850506604,-10.055030822753906
-9.72499716390718,-12.84349536895752
0.2729453578388601,-6.75584602355957
-21.4503408223732,-18.67572784423828
-4.99755531471552,5.0998854637146
-18.0018409950579,-15.644044876098633
4.00031385473591,-9.228328704833984
12.0378145652987,7.569380283355713
14.1235470599023,-14.825264930725098
6.55729051148795,13.116348266601562
11.19992297656359,-0.053315162658691406
-7.81388191369781,-10.789410591125488
-2.924593214648255,-12.221551895141602
3.7667366885646025,-14.083863258361816
-6.68253431604433,-10.911052703857422
0.7345204104922589,4.412040710449219
-10.626155896203898,-2.799057960510254
8.106852576346123,3.205601453781128
-58.24412469223692,-11.428740501403809
1.4955767028094,-3.585585594177246
-17.6906096863185,-11.228626251220703
-4.813871520282443,4.65670108795166
-11.8973420493851,6.08837890625
-2.67676896274171,5.620034217834473
-3.9331393974605526,3.7855873107910156
8.756217929094177,2.246065139770508
-29.2662792150344,-10.950800895690918
1.7249239205326918,-7.321702480316162
-6.686975812883663,-6.968478202819824
11.10272802991041,0.9334225654602051
-10.956818171714705,-10.050970077514648
-6.3500959185649,-3.2767179012298584
0.6681105368389735,5.507965087890625
-12.500029270357295,-11.649332046508789
-2.591242863373206,-6.356658935546875
5.954690473588823,-4.33211088180542
-43.929359067237,-14.700191497802734
-17.4841411730512,-11.864816665649414
3.61441892535489,-6.554656505584717
2.1112971208509976,-1.2098615169525146
-41.8026500314277,-17.649127960205078
7.028135642932115,-0.7788295745849609
8.463248256721428,-2.144834518432617
-13.037072413777096,-16.135311126708984
-1.6307504375632549,16.506187438964844
-0.3284521577656807,-1.6311185359954834
0.4685622181175212,-8.437435150146484
-5.316952415477393,-5.045047760009766
4.584421564331302,-11.298802375793457
-20.3593816575191,-7.901224136352539
3.67041582610247,-2.5270841121673584
2.204062447972561,-0.6774088740348816
-4.666937653128132,-0.7454977035522461
-12.3781694316975,-10.16399097442627
7.06923762363823,7.8871612548828125
-37.2883298194418,-8.308399200439453
6.442434166934048,13.171243667602539
-12.2162083245621,-11.94859790802002
-20.3623076046531,-1.304074764251709
-5.45440876641342,-3.985687494277954
3.1416241584890576,-4.31682825088501
-4.96580172718434,-10.957571029663086
-37.4061766871973,-10.532361030578613
6.46185690649625,-6.868836879730225
0.5403453062071405,35.53748321533203
8.656689402528613,4.7366461753845215
12.331931266595111,7.333378791809082
2.75380173901167,-6.182009220123291
-2.8447496930443927,24.426673889160156
0.0285872237409883,13.538650512695312
-73.5286754265322,-8.84708023071289
7.285509446842615,-9.304134368896484
6.72046542688671,1.7013421058654785
-6.19730890695259,4.784936428070068
-16.4599719883519,-9.724308013916016
-10.288292260688207,9.935646057128906
-10.285920522724917,-12.445293426513672
-30.8171784242839,-6.7692670822143555
-4.65691689928222,9.68171501159668
-37.1716279374795,-17.44623565673828
-36.50577458359941,-0.11341202259063721
0.7942566624333496,-13.578792572021484
-34.8552692363716,-8.352834701538086
-2.491707941339629,-18.486005783081055
1.7387039934851498,1.4996682405471802
18.9715733525152,5.597629547119141
-13.8996269060666,5.619405746459961
4.17561229224804,-7.003025531768799
4.7680640763497,-16.257713317871094
-6.745372906074374,-18.87911033630371
7.262818938793504,8.33413028717041
-55.7541546140486,-8.310822486877441
8.453421074249384,5.827559471130371
-5.85807143580148,-4.571460247039795
-52.7336020518746,-13.247537612915039
-1.995826789875676,-5.216213226318359
-1.3326443092463092,-13.21536636352539
5.029017096161708,0.11533665657043457
-0.71117494174041,-3.04766583442688
8.243548509216069,4.698880195617676
5.81602235619721,-19.69641876220703
5.978124919049687,-9.072465896606445
-2.8859593337581737,13.548511505126953
-26.0047332498617,-11.030712127685547
-1.5220929784942658,-17.827190399169922
-3.195242757261453,2.825961112976074
-15.0089303719363,-16.022417068481445
-1.757118944268968,-15.601404190063477
-13.5091075877696,-34.86119079589844
-4.0681667574955,-9.860307693481445
4.43276114617859,-7.910754203796387
-4.665207913971671,-5.910489559173584
7.33919324558513,-10.985682487487793
-11.69780882660921,-22.92112159729004
5.960801203295765,-2.4523372650146484
-29.9162730471743,-17.597366333007812
-5.331847529263395,-37.588260650634766
4.2006804390709,6.675237655639648
4.76541245752904,4.216566562652588
5.87221574658101,-0.11932373046875
-12.955988512618,-27.342382431030273
-14.4061745570978,-16.26042366027832
13.644333664082708,5.590679168701172
7.522446474796843,-30.559635162353516
2.858782897786812,-12.939504623413086
-49.8653288018085,-17.046194076538086
-4.029904705212941,-0.8245455026626587
-6.2026319104393295,-19.62203598022461
4.452168509343501,-3.947956085205078
-16.475900892606802,-13.390380859375
-11.03094492075089,-18.730648040771484
-8.08045020128908,-12.36343002319336
1.39259946716825,-10.534449577331543
-14.885807229381896,-1.7211329936981201
-11.113180908425988,-19.220312118530273
5.506094216928792,-4.2164154052734375
5.29091659278858,-5.632133483886719
3.42106467876526,-2.583467483520508
5.162821279449693,-3.8719894886016846
6.020551076354931,-3.4182486534118652
0.8086942897832163,0.040370941162109375
-8.80546181278599,-16.919790267944336
-7.42349600405968,-7.18609619140625
-14.4731176558811,4.85984992980957
-35.5448186771701,-18.410070419311523
-1.657597602265355,-5.898383617401123
-1.930224441335125,-14.434060096740723
-10.398648228661925,-4.163785934448242
-1.6521884315998507,-7.712350845336914
1.3131129859732091,1.2310352325439453
-0.1240821746904601,-5.51302433013916
-35.1709788883515,-17.104833602905273
0.6771989561182002,-4.6024956703186035
-5.8677981963370005,-6.431797981262207
0.7982616963508231,-6.136444091796875
2.595279020812243,-8.858125686645508
6.9472187772133225,-5.490337371826172
-41.1395198834054,-17.221166610717773
-35.4604736838065,-15.505908012390137
7.87379173269718,-10.66213607788086
-8.72128086410909,-11.932783126831055
-82.13826531723697,-11.801862716674805
-9.70693692529289,-13.496658325195312
-61.4386715672369,-11.84720516204834
7.10938257895085,1.2857475280761719
0.4007388327427847,2.2208251953125
-0.7455370396145937,-2.813889503479004
1.674966057420845,-6.853750705718994
11.877856996640997,-5.6000471115112305
-0.9096556467231308,4.551629543304443
-1.4680391508473674,-5.178352355957031
15.6414782015599,-9.256874084472656
-10.35739215730591,8.035511016845703
1.926107182225645,-2.161508560180664
6.99756701325662,-0.803889274597168
3.54836143321337,-6.151017189025879
-7.726553411266567,-10.712699890136719
-48.51478094223695,-14.356321334838867
-3.0453156276270903,2.545198440551758
-3.454798154796729,-2.5846714973449707
9.503977484174175,-0.6638593673706055
6.001532732018722,5.591436386108398
1.775572054007981,10.95818042755127
-2.6871577689602653,-5.757122039794922
-7.920344649869953,-7.7268218994140625
2.578081311550471,2.709695816040039
-14.434457477598505,-3.171082019805908
-1.338045882914232,-6.06160831451416
-44.1817825469333,-12.033817291259766
2.4314234692194163,-3.607790470123291
-2.35314836228574,-3.6050450801849365
-2.07036107592124,-1.6046497821807861
-6.560167066336443,-8.29110336303711
-2.54688332955635,-3.3087692260742188
-7.940842049461227,-11.078629493713379
-7.789052707582185,8.250398635864258
-1.4295761119406232,-3.840847969055176
7.206977941743588,0.6899318695068359
-4.081394009803599,2.5812759399414062
-30.167243616457,-9.666141510009766
11.7225687296843,8.04020881652832
-0.8984319813221007,-9.455707550048828
10.349523074958825,-5.62060022354126
5.42147270471237,6.851545333862305
-0.3136273830120112,-0.9731961488723755
4.398848813602776,-5.735762596130371
2.099307195887115,-1.289687156677246
-61.6890402284636,-40.398162841796875
-7.08434802004719,-2.429536819458008
0.6962467393230812,-4.178619861602783
9.0758909366509,-5.3385162353515625
-1.9263965715605047,-1.8223932981491089
-6.262949496708321,-11.625566482543945
-4.739766082030863,-16.040904998779297
-36.8822022827233,-19.333730697631836
3.24770439300306,-1.6045079231262207
-2.289513933263135,-8.15194320678711
1.41805545618482,0.1493666172027588
-24.4432878855492,-9.287858963012695
-24.96156751119129,-46.6019401550293
-7.734574598544068,-35.38332748413086
2.79124989437018,-8.296195030212402
-5.17831154550348,-10.167278289794922
1.5275640312561216,-1.9088256359100342
3.682989905065457,-0.3820500373840332
-10.8237586662752,-7.8095197677612305
-6.929951553081727,-14.177146911621094
-27.96215708599589,-22.651111602783203
-2.88087637063392,-11.77900505065918
-5.960419628776203,-10.0029296875
-37.189874708633695,-21.788917541503906
1.1496085756031087,-5.377520561218262
-12.7137936794919,-14.472583770751953
8.398744223780918,-9.472152709960938
-33.3004252633332,-15.588260650634766
9.144089281431205,-10.029293060302734
4.065326821312747,-9.001123428344727
-41.9047429025821,-16.470199584960938
7.383552345763623,-0.3426823616027832
6.364261125349779,-6.348093032836914
4.841793570156368,-16.968830108642578
1.6198341998494314,-6.987752437591553
4.179707781567577,4.667891502380371
-14.7229944429405,1.8393001556396484
7.078924552126015,-5.564233303070068
-12.898019313824,-8.464962005615234
-70.8116033690518,-11.800397872924805
12.7359625054994,5.444241523742676
5.586124430090477,5.94539213180542
3.028467183462371,-3.5444486141204834
-5.830142578087577,-11.254085540771484
-22.6841489367301,-14.064933776855469
-1.51657819068512,-7.052186965942383
-81.52648016021857,-10.70151138305664
-3.36903782007548,-7.838104248046875
-18.707844022,-36.331451416015625
-34.48768519828235,-10.77863883972168
-39.7169735486916,-11.06313705444336
-1.593720937577549,-9.954293251037598
-23.2954444871652,-17.771442413330078
-45.30258920076982,-17.93701934814453
12.5056328567953,-4.9678473472595215
-11.9299972333177,12.536922454833984
-37.9495035857927,-1.1158905029296875
0.7001962140772594,-13.658761978149414
4.49418879319923,3.7351531982421875
-39.0646563811545,-16.649978637695312
-9.09730633851708,-12.104515075683594
-17.5589533745204,-17.618701934814453
-4.92782811871599,1.5225777626037598
-8.2299173561342,-9.042379379272461
2.60625970962018,-0.03180694580078125
2.726862934921635,-4.347116470336914
4.071661498679735,-7.936208724975586
-13.2494383747796,-8.423979759216309
-11.9154244975033,3.3168816566467285
0.9090871567987184,-16.547897338867188
7.92708077877978,0.13634967803955078
-3.119647295186995,-9.497127532958984
-2.248378586620203,-12.605263710021973
1.6646916021852596,-6.510813236236572
0.1590569364430157,-6.24901819229126
-77.3623903172369,-13.73000717163086
15.8859560938761,1.6215639114379883
-3.11888044241469,-6.336357116699219
-2.7468186065138984,-7.146700859069824
2.77922195660905,-6.050262451171875
4.052279150357491,-11.843539237976074
-4.03806373695381,-4.630115032196045
-2.4461467814868523,-42.97126007080078
-0.1639564470097907,-1.9680120944976807
0.8542168432631491,-8.576971054077148
5.84905996845087,-0.300126850605011
-5.77665564868809,-0.6882936954498291
-3.7008288999313423,2.8875389099121094
-7.18713065449027,-8.01797866821289
-0.9529303605806088,3.8242249488830566
-15.902118442879,-9.097766876220703
-28.0636361890057,-19.692211151123047
-26.912205886836706,-11.753290176391602
8.596988309863011,1.4902615547180176
0.2877587512502297,-13.22646427154541
3.3899996482015826,-4.690907955169678
-20.5869014386951,-5.924942970275879
-9.341800010912078,-13.206879615783691
0.1692077246922899,-1.9996092319488525
-1.857666460494741,-2.531810760498047
-13.2752747780792,-9.132194519042969
0.7445982178878973,-3.5139694213867188
4.49646859469848,-6.873553276062012
3.60913262992784,0.8407940864562988
-5.653435188749545,-1.2013819217681885
1.51502173443586,-2.0068252086639404
8.143116180793372,-11.561441421508789
-8.36164856265281,-29.342636108398438
-1.130678948105339,-5.215335369110107
-4.349210006555943,3.310863494873047
0.2594141505344826,-11.059659004211426
-32.1283374054069,-20.210092544555664
-1.9051378030600723,-4.130751609802246
4.768047800449637,-9.405299186706543
2.264898495983479,-11.671281814575195
-6.47138721063866,-12.860443115234375
4.93167956005568,-8.120633125305176
2.4851768276660025,-2.5230021476745605
-3.930469946192945,-6.506094932556152
11.923948375295712,4.212676048278809
11.616605850275496,3.7230563163757324
10.41580460128629,-14.91447639465332
-8.700462669667385,-8.135643005371094
13.1991243046288,-0.9076001048088074
-4.75101729862813,0.5744693279266357
-1.4230966237807086,-9.02267074584961
-2.07861348348741,-8.741143226623535
10.292368565007404,2.014249801635742
1.9007667723773176,-3.146584987640381
17.1612744381531,4.376914024353027
-0.1428452494230792,-3.2673215866088867
2.4933992323843923,-1.9723165035247803
-13.861300672159,-8.507516860961914
-1.7943154401891548,-7.36783504486084
-4.15624175439773,-11.95678997039795
-14.277645616907492,-8.246241569519043
2.713132201978397,-4.988429069519043
-13.315456279797685,-19.88469696044922
-5.36204355968609,1.6210975646972656
-1.4872271509121793,0.04800844192504883
0.31232235517322,1.1494159698486328
3.0307168501552093,-7.248361587524414
3.4484762474106,-2.6403543949127197
-34.0729170807354,-7.814400672912598
-25.0659802428987,-1.0621528625488281
0.86771933446589,-9.809816360473633
-11.996919710325,-19.02216148376465
17.2594267615487,5.28952693939209
-56.2560888739038,-13.024410247802734
-12.7386491421071,-18.415987014770508
-3.520787796436005,-20.915515899658203
-0.8014467498558491,-17.884838104248047
-34.7812340468876,-11.692636489868164
7.158235365631607,-13.0020751953125
3.29681579894721,-1.2055878639221191
0.046018285265003,-8.547269821166992
2.046344769010002,-12.113300323486328
4.25403099118957,-5.661744117736816
3.7804230286959792,-12.236064910888672
-3.773219093074008,-9.407299995422363
-9.722403045722997,-23.535335540771484
2.81101468536903,-3.228670120239258
-23.7494411406013,-16.38542366027832
-75.56229656723696,-11.08434772491455
4.366245372711767,4.86562967300415
9.94612085382829,0.31353044509887695
-8.207132148775708,-14.964863777160645
-3.09775596823669,-1.2490501403808594
3.77256113899207,-0.6961368322372437
0.2016574678685985,-1.0589842796325684
4.38808277416547,2.39044189453125
3.7092867134231,-6.5760908126831055
1.6740112862957208,-3.0125579833984375
-5.472376660417956,-7.31496524810791
12.283123760680592,-0.7140963077545166
4.417989059347175,-4.348951816558838
1.907333647224608,-5.1939287185668945
-3.73521146317182,-4.717448711395264
7.837521570550837,4.863799095153809
4.82455755953161,-15.738099098205566
-0.6472060937938101,-0.6438924074172974
-8.237956686764985,-13.319538116455078
7.36579899286375,-2.150822877883911
7.859716520666763,-1.6212844848632812
2.765011277030255,2.2338905334472656
4.62415639298937,3.6933889389038086
6.430237727930085,-15.706798553466797
2.44728958086436,-11.494053840637207
-1.93656353174353,-1.4182801246643066
-33.7845903951132,-11.225665092468262
10.960301672714698,4.318467140197754
6.147225205740463,-7.215031623840332
2.4659746492236927,0.1444554328918457
18.2642273209106,-8.834211349487305
7.656482330373112,4.418641567230225
-63.2346715672369,-19.98578643798828
-22.9610154952969,-21.420495986938477
4.39789099231211,2.397198438644409
-46.587141393021525,-9.00994873046875
-12.281506448986304,-2.582156181335449
5.220668557811489,-2.063230514526367
-1.4412632820262703,1.0108745098114014
-35.163016426576704,-27.29885482788086
-31.380009974583203,-15.032958984375
-2.6184282494780104,-2.8226423263549805
-37.3999740396079,-7.674632549285889
-10.594900847222812,-23.563831329345703
-23.227454082363305,-15.13902759552002
-15.4814292943448,-18.311355590820312
-6.89310310865277,0.7302532196044922
-11.7962452523223,-3.323836088180542
-0.3887710448227697,3.2270145416259766
-4.0896099478500325,-0.14220237731933594
-42.6579269422049,-15.803315162658691
-2.095241650043551,-3.375711441040039
8.45389840526827,9.288093566894531
-15.5157954828953,-19.242584228515625
-1.9802660997523944,-7.515176773071289
1.8368511005450223,-14.750441551208496
2.11900133622217,1.465639352798462
-38.4962238749225,-30.72120475769043
0.8069046214032297,-8.433870315551758
-1.73607437190069,-1.5434141159057617
-8.46093254820262,-3.135019063949585
-0.0780407432645869,6.8315277099609375
5.009535132419683,-1.9003082513809204
-74.9399761386801,-17.076141357421875
2.806732553915905,-2.1886587142944336
-10.415057364934407,-13.935571670532227
-4.81834176383161,-2.568744659423828
-1.4920816076829602,-4.156824111938477
-0.003939288658445,0.26726675033569336
5.86288473591452,0.8441882133483887
0.4443344011282492,2.481584072113037
5.72263802046558,-6.337400436401367
5.46583466116103,-11.001178741455078
5.05355462238675,-9.345987319946289
-17.190033530139498,0.035366058349609375
-10.1192188918475,2.1415841579437256
-10.539071528779305,-3.063354730606079
0.2492257167476033,-17.420555114746094
5.35198813185094,-5.5946455001831055
14.9823899147147,-2.267719268798828
1.7336328627834918,-12.115159034729004
3.2582764286422226,-1.5104293823242188
1.1615369027166365,-8.42716121673584
-42.4099588259267,-9.649894714355469
-38.7823663998969,-13.499817848205566
7.99575647038201,-4.8152642250061035
11.644495901203598,2.1129150390625
-39.0956747424042,-5.506138801574707
-38.6438610292767,-23.539133071899414
-40.5029244010595,-16.532573699951172
-22.8644313188967,-4.774714946746826
-0.897066728281827,-9.708093643188477
-17.6830733389949,-4.171938896179199
-0.0084306638066775,-3.7796273231506348
0.5394390329931549,-5.52443265914917
-21.61387508166409,-13.088350296020508
5.053393098685065,-14.643381118774414
-15.7834934865799,-13.042824745178223
-58.40351531723695,-16.022140502929688
8.86280218600469,3.29941725730896
1.888243484494037,-0.490059494972229
8.99923705482913,-2.690812826156616
4.133325903305868,10.980758666992188
4.774357664359128,-2.260282516479492
7.418770080750715,-17.963932037353516
-2.25262466719878,-0.7321844100952148
-7.071587649042333,-9.068771362304688
4.398742241377427,6.652000427246094
-8.692928400841772,30.96319580078125
2.334382802629,-12.67082691192627
2.8274240704709,-5.360558986663818
2.1747311895065486,5.891709804534912
-11.9965988914421,-6.621206283569336
2.776867734737273,-22.508499145507812
-12.4595255596924,-7.320489883422852
18.5317724911246,6.021633148193359
6.86106163750481,11.818405151367188
-19.1693792779686,-6.535672187805176
-4.20883890972707,-8.442550659179688
-0.3530077955256401,-8.386756896972656
-1.6020246929696491,-18.330413818359375
-7.57557880794988,-19.097270965576172
13.9692836454661,-2.5070338249206543
1.289294757415069,-5.980501651763916
-20.3746494688195,-26.53118896484375
-8.044482691931467,-5.937252998352051
2.51340467963473,-8.923555374145508
11.0282847349576,2.91133451461792
-1.3944922949507652,-8.614340782165527
-26.2706781913698,-27.325824737548828
-71.7765711158932,-19.491500854492188
-44.2857422252861,-26.132858276367188
-3.057699221935841,6.303980350494385
10.116767222520318,-0.2993950843811035
-46.9980356488569,-17.437732696533203
-8.677497573270493,-18.279701232910156
-25.781275563237,-23.39533233642578
-2.941164138388841,-5.390742301940918
-26.5692742661385,-21.261384963989258
1.2555345380058751,-5.591551780700684
-0.810306898238276,-4.917413234710693
0.2404076931068699,-21.05632972717285
-2.5590885431480426,-4.286352157592773
-11.9846830308257,-12.801187515258789
-5.775806690181939,-2.105912208557129
1.9806048133258944,-13.337389945983887
16.618750626525,2.352092742919922
8.204494762209066,-8.68044662475586
6.80321923705408,2.1310653686523438
11.710679650337616,-7.852892875671387
3.181253849239128,22.03394317626953
0.90894434552881,-1.7336235046386719
3.547124544521316,-47.027313232421875
-2.202886656443709,-10.632463455200195
-11.133669865203094,-31.807979583740234
9.328533024448705,-0.3136920928955078
-0.7012610501602399,-1.710526466369629
-0.3170472839931941,-6.5425333976745605
-2.3458288386735573,-1.8007335662841797
-26.1191329979098,-12.901622772216797
-2.33292598982445,-4.643322944641113
2.461922216333884,-1.6006741523742676
3.73205068567752,5.8819451332092285
-22.4462583852743,-53.11356735229492
16.899113604615202,-1.5686490535736084
-2.85382252753121,-15.246660232543945
1.2705701336207027,12.102272987365723
7.960789166364423,4.896600723266602
2.71808902854303,-1.8883397579193115
5.5273920092716775,-16.263689041137695
-4.11149235653684,-12.44360637664795
-20.9676231329802,-13.403305053710938
-0.89184437235696,-2.5820229053497314
-1.2816619609782416,-5.408697605133057
4.85634828411675,4.7312140464782715
6.429854346358795,5.4518914222717285
4.71112087372323,-9.816141128540039
-30.7199022255615,-21.12413215637207
-3.8590388668775,-14.03337287902832
-10.6557437737239,5.781519889831543
-13.4460672849668,-13.812490463256836
-5.527709296795018,-6.535542964935303
-1.876637029070265,-16.844858169555664
10.2532613363299,-9.682415008544922
3.00680128293027,-11.472541809082031
19.33685959748449,2.506369113922119
-0.1058882282985149,-7.956882476806641
14.3436638764016,-0.7223789691925049
-16.1535771788668,-11.033075332641602
0.9480162028997956,10.167892456054688
-18.5891767455387,-18.422866821289062
13.309934514349203,5.2439422607421875
6.02246857213521,-6.407873153686523
5.16750826555368,-10.088113784790039
-1.0190872666435924,-55.65571594238281
-19.100904418149,-18.20644760131836
4.743603615290096,-11.505946159362793
-13.8157551615103,-13.967449188232422
-3.802611775309477,2.910020589828491
4.30511943579503,-2.8452415466308594
-22.482844278002705,-10.246752738952637
0.60779733849738,-1.69757878780365
17.8138573048897,5.662487030029297
-38.4626262988146,-14.931257247924805
-0.6089836493556324,-2.122922658920288
0.8617451361473882,1.0285946130752563
-2.40000424902785,-0.6982071399688721
3.7078671714499096,-6.39781379699707
-2.390619984667185,-8.103521347045898
-15.559462368784592,-16.29344367980957
-13.790764753514,-5.729440689086914
-9.325981865786185,-17.850717544555664
-58.4491138315396,-16.634124755859375
9.550892694239591,4.9945526123046875
4.435147085081137,6.42828369140625
-2.3538192484503564,-0.8969705104827881
-5.83438093189622,-9.344086647033691
-7.10827059552493,-29.71347999572754
-12.414939844598162,-9.137747764587402
6.6154810826822,5.298431873321533
1.3155747227446202,-11.216541290283203
-2.56542276271332,-1.619513750076294
-13.546032832554804,-8.205087661743164
-16.600339428286603,-11.07779312133789
2.9737175212081803,-1.3711285591125488
6.167862854629888,-15.24455451965332
-40.922076323723,-16.49134063720703
16.9349100756105,3.120182514190674
-12.24911226903676,-19.29891014099121
4.867927463076468,-2.192256212234497
-21.6327950573002,-18.664627075195312
7.11033993521173,5.479316711425781
-9.59094984812801,-20.484434127807617
4.92186081619874,1.4532558917999268
-7.815562497274902,-0.5045168399810791
-2.20364176327536,15.74224853515625
-19.6754058911438,-18.639564514160156
-91.8886792382854,-6.286919593811035
-20.9507978903398,-9.192852973937988
-17.8084408175675,-18.831636428833008
-62.9612541332419,-19.515460968017578
5.598134989920393,5.971044063568115
-7.283890318199592,-2.5890140533447266
6.1026124307435,-0.13965296745300293
7.42840635595139,0.7641925811767578
-5.179391847578812,-9.935312271118164
-4.873152982370568,-12.12432861328125
7.276768036701751,-4.477656364440918
-10.739322929783883,-2.8358004093170166
-22.9219832537164,-24.432313919067383
1.5259403537211615,3.4339256286621094
-44.7886924625105,-10.524914741516113
-3.72583443525641,3.1861066818237305
-14.57002364123529,-14.024484634399414
-10.128266274366498,-15.223883628845215
-28.0249952668106,-21.48974609375
-26.24662901330595,-11.526419639587402
-40.3645652505015,-28.063268661499023
-30.8056950922951,-14.799149513244629
-3.9552380984537248,-3.9275131225585938
-2.1789667599796294,0.9746761322021484
-0.5734820606807138,-3.6398138999938965
-1.1617148968623687,-7.610446453094482
3.42848617073407,-3.876814842224121
-17.4030551064212,-14.572420120239258
3.88109013796494,1.2983603477478027
9.400493271217616,1.0426678657531738
-11.302161927872188,-24.300865173339844
-13.3709137252944,-18.90615463256836
-6.79658968512302,-1.8544411659240723
4.509456424718162,-0.6812331676483154
5.45103123545738,-4.166782379150391
8.149714042401495,-2.870911121368408
-12.909180343140196,2.6112279891967773
-6.61979034735207,-7.87709903717041
11.9978624338519,-12.663147926330566
-12.53254789251529,-3.1676528453826904
-8.36198121766124,-18.632543563842773
-4.361976736345532,-4.143128871917725
-0.1898191226144924,-17.834457397460938
2.3166834950764685,5.618396759033203
-12.6203596574975,-28.01439094543457
-1.207429910073891,15.999675750732422
-29.7403775200217,-14.650745391845703
5.31082796058257,-0.3507084846496582
2.97844031586002,-3.2482986450195312
-12.533050119535002,-14.045161247253418
-5.8684323426223,10.68110179901123
2.391980620215489,-1.9409136772155762
7.73570234615748,-12.56569766998291
1.166748445159433,4.6474409103393555
6.093529951556334,-0.8545000553131104
17.709922444879297,2.176595687866211
11.779516260068313,2.7854952812194824
2.4866177573815964,1.2490453720092773
-30.89708550466269,-12.538453102111816
-9.231606713935047,-3.0906546115875244
-13.4089268865456,-11.804647445678711
-9.06573754635488,-14.392195701599121
9.30630078585379,-2.289834499359131
-7.156550033865472,-15.99416732788086
-10.5414716495377,-4.268978118896484
-27.8178569354009,-23.19752311706543
5.3817717725564,-4.899871826171875
-35.155236696245,-15.609262466430664
-21.4141717786538,-14.727237701416016
-2.6053130644292946,-2.6400575637817383
-9.953220777101093,-8.813116073608398
-8.798237091769485,-13.312448501586914
-27.6920167541674,-12.636899948120117
8.017093587799739,3.5811729431152344
-0.3550158381598589,6.030246734619141
-1.19024715514191,-3.367715835571289
-3.2855896341823474,-20.280357360839844
1.844566842421384,-6.545177459716797
-30.7366736665872,-14.407947540283203
-11.338238855350506,-16.092788696289062
-1.059512617215007,8.924090385437012
-33.7712071062874,-21.088558197021484
3.812227003524945,-3.1748008728027344
-2.8472026300298463,-17.955791473388672
-21.5871320482388,-0.9270269870758057
1.845960760756301,-3.4158401489257812
9.06213659212517,5.64580774307251
-13.950148061363093,-16.84160041809082
-15.1006814359747,3.977165699005127
-8.65496498210776,-14.159385681152344
-31.18852367408345,-33.406394958496094
2.35160533891099,-10.433796882629395
-7.06329362397977,-16.13701057434082
-11.299328727708405,-22.84845542907715
-5.73967918172164,-1.9540235996246338
-4.062121175440552,-0.20705175399780273
3.62056380925444,-4.360604286193848
-6.512385872303066,-14.575759887695312
-17.2817979072755,-22.602523803710938
5.79128728304933,7.807872772216797
3.7921116228684086,-1.8084533214569092
0.51700222845629,-10.053483009338379
1.0966146270020711,5.564722537994385
-6.613686761665703,-11.940629959106445
-39.873530292237,-20.814468383789062
-35.0272315856836,-16.601133346557617
0.2475632146873464,5.528469085693359
5.59963570142504,-5.479461669921875
5.29419053806362,-4.9757537841796875
6.457932781589695,0.01341104507446289
6.4251548431743295,-11.418194770812988
-19.7885249955934,-22.574180603027344
-2.4097304318056905,-7.317503929138184
7.543407488617369,3.2871484756469727
1.83593808226401,5.413565635681152
-1.5082203021212124,23.023685455322266
5.99108205682079,-7.659223556518555
-18.1797235112709,5.204643249511719
-12.840088322870097,-17.65454864501953
-2.23616712442702,2.9123764038085938
-4.662511414401839,-12.761951446533203
3.41802282280863,-0.7201993465423584
-12.0320822507053,-20.663362503051758
-25.9801803981754,-10.440685272216797
-5.97419023328963,25.985992431640625
15.4186986077963,10.593046188354492
4.480465220149085,4.40207052230835
-13.2363849677504,-3.8464224338531494
-9.362863686069195,-15.411026000976562
4.128157012788561,-2.2033820152282715
2.26767773086615,-5.9982733726501465
-24.1634597090208,-16.988651275634766
10.013204486477417,6.48426628112793
-31.934070451053,-20.21917724609375
-22.9515728231767,4.837272644042969
-11.219410776078313,-14.785375595092773
6.00089213826483,-17.325944900512695
-28.9638748432599,-9.352224349975586
3.11049964318654,0.0636911392211914
-1.073248118887358,-2.232139825820923
-10.249148139079496,-11.350053787231445
-13.14009076535719,-7.428529262542725
0.7364260970712593,-1.5038094520568848
-44.9949251983702,-1.321056604385376
-5.159519294761907,-13.678218841552734
1.869241020829697,-15.463432312011719
-55.54568697318505,-12.785947799682617
0.3065104335081801,4.2760114669799805
-10.386374558578522,-0.04757559299468994
-3.0345245902191325,-7.217180252075195
-57.144820014625296,-11.67765998840332
2.85060083445348,-0.252008318901062
2.446050707651698,9.29471206665039
5.50221601830175,-3.4691576957702637
3.455876052191651,-5.774523735046387
-14.6157572128631,-18.69501304626465
-0.874105623616695,-8.152164459228516
-1.378759213278819,-10.003623962402344
1.350733135180331,-14.29022216796875
-1.94666134980912,-5.525492191314697
-3.36735139960915,-8.217780113220215
0.8319171014720902,-10.296326637268066
-40.2101205720394,-2.434847354888916
-24.577379709126298,-17.773590087890625
-18.6292132467089,-9.191131591796875
-46.39510994896701,-9.231066703796387
-2.487076105276776,0.7810478210449219
-4.752960817423343,-19.321231842041016
-0.1160299782726794,16.326581954956055
-18.5277286275242,-3.0409839153289795
-14.1325019191809,-16.34973907470703
10.909208084253878,3.8109517097473145
1.30779520720034,-1.2921525239944458
-5.77436797253085,-4.314107894897461
3.986867952152618,-2.086392879486084
-21.7936206120663,-17.690204620361328
-2.643556292002,-3.3912105560302734
11.0853991753379,-9.664287567138672
-12.9397422629832,-11.840893745422363
-0.190891674386513,-4.234375
-6.32558602127377,-3.602908134460449
5.391699208755202,14.471454620361328
-8.998840630677615,-2.9264845848083496
-1.6005087696864486,-5.889596462249756
7.5482379424635875,0.28353023529052734
-7.642910278690365,-8.679567337036133
3.719171936095444,-1.559295892715454
-0.8981307679622897,-19.99462890625
7.06032809637297,-1.979787826538086
-3.134999611446543,-5.649824619293213
-5.94174589421185,-2.6715850830078125
-17.7883076547542,-15.278839111328125
-25.2381267145584,-13.505226135253906
-27.5445722402187,-22.301273345947266
2.6678241356197647,-4.680881977081299
5.02066543392875,-8.221692085266113
-1.67197513843126,-16.682476043701172
6.58117049992555,-1.6590100526809692
3.12612254618191,-7.340353965759277
-2.1147225087047508,-0.07073712348937988
-76.9668504799361,-3.2457797527313232
10.11870938841209,-6.603856086730957
4.755697845162629,7.491084575653076
16.5479703149859,5.431460380554199
4.001938538520379,-29.41474723815918
-14.1813773041305,-15.300796508789062
0.7709161631446207,-6.9093017578125
-24.2508933717269,-14.344568252563477
-22.3071231538392,-22.354795455932617
7.2595381633228,4.672771453857422
11.555346181601609,4.43966007232666
-26.258782255785,-16.190813064575195
10.3189652047012,-29.924057006835938
0.809697096857583,-5.183832168579102
-18.5255095356289,-13.969074249267578
-1.0680791130593923,-2.1941070556640625
-3.5390830989045075,-18.314332962036133
10.468583156479704,-0.7390007972717285
-10.613183176373598,6.334951400756836
-6.40442742836347,-1.3057780265808105
7.196532980977684,-8.212692260742188
-10.586292641023492,-3.682770252227783
-26.79502671025515,-26.951702117919922
-7.187555808667961,0.0592961311340332
5.4465900456679694,5.097676753997803
3.1988276731025875,-8.557021141052246
7.827394642815597,-2.162595748901367
3.887422638441485,-0.5525608062744141
-3.41466344580097,0.8910121917724609
2.667044757168528,-5.045429229736328
1.0590749185315824,-1.6583845615386963
-3.9965921287470247,-5.660923004150391
10.982614675109394,-0.26997852325439453
0.4076170529080399,-13.574197769165039
2.71319811317338,-6.429728984832764
8.652061852316729,-0.0460052490234375
-0.6579761516790089,-0.5611376762390137
-51.6773231694491,-14.379910469055176
-2.8325461302865187,1.973578929901123
2.12749125232924,-18.852750778198242
3.562549470771905,10.3731107711792
-16.517773128145326,-6.889092445373535
6.874655354673765,3.4218010902404785
0.2047767843086013,-1.9437286853790283
-2.698758931910008,5.159828186035156
1.8601156760560384,-8.836581230163574
-22.2455703021075,-22.99649429321289
2.4288820651169605,-17.842117309570312
-16.8307740899425,-3.6697518825531006
20.7191486697607,-0.2139301300048828
-30.7261055182573,-16.421836853027344
-38.4849400567448,-16.302709579467773
-14.3103126367969,-8.885515213012695
0.7860328468455551,5.688201904296875
-48.3858044800915,-17.71467399597168
-3.21662088766757,7.231756210327148
1.675245639565673,-7.759536266326904
-90.3299705619704,-16.194856643676758
-9.28527551691871,-2.0153613090515137
-1.2293411329062325,-5.92970085144043
-4.534682244798708,-16.79233169555664
-68.1959205924323,-14.799897193908691
-24.5242345195019,-18.419614791870117
-2.77042962989298,-6.370540618896484
3.8009101564042025,-0.7864086627960205
8.933703319425492,-0.1797959804534912
-11.341527235964405,-6.16552734375
6.71098989067457,4.931179523468018
4.54734483862441,-1.06174898147583
-5.16341129781556,-17.582990646362305
-49.062306315025,-29.8975830078125
5.26551760771767,6.410745620727539
3.33951124606136,5.059415340423584
5.006519903780723,-5.806585311889648
4.05485944970297,-3.3455302715301514
2.283405953189745,-15.559074401855469
-2.66483863280114,-11.572885513305664
12.566471603210276,0.4294395446777344
-27.9020155354992,-11.487831115722656
8.88265541550952,0.32111406326293945
0.1652887870268324,-10.477118492126465
15.4985727759109,2.6480021476745605
9.014890317831036,-1.7855679988861084
1.4803529144374856,-8.865964889526367
18.1939100849816,2.8685131072998047
-2.6304973605131474,-2.7212986946105957
-5.493763326806099,-5.434002876281738
-0.6715208179901364,-9.735631942749023
-36.7383193130824,-20.260486602783203
5.062784719364307,1.0009067058563232
-12.026803679110706,-15.950361251831055
-3.01321716593974,-0.9746994972229004
8.35813394800668,5.171792507171631
-3.60075442831331,4.391934871673584
-9.509135784465323,-2.177469253540039
-19.6175855102284,-18.16084098815918
-27.8629509568953,-15.055870056152344
1.74273211890989,-4.226910591125488
-2.19578977406709,-3.326348304748535
2.42002639701588,-6.255008220672607
-25.55316918036869,-16.08742332458496
5.635020609606415,-5.021175384521484
-34.727836669101,-15.278522491455078
4.4516036428765,-2.5778040885925293
4.967381413305823,-1.8592567443847656
-6.81516141534704,-2.1775338649749756
-24.3954295810688,-3.1043143272399902
8.658679095048068,-4.911704063415527
3.7347243087796,-2.8559494018554688
-12.909633143366396,-6.7123236656188965
-60.49569009623433,-16.920486450195312
-3.790702882666694,-0.7976908683776855
-12.41068356063,-17.1435546875
2.76740193393285,0.4185638427734375
-18.9061714872788,9.994807243347168
-3.681083449701528,-13.291058540344238
8.13893448615947,0.5021834373474121
-51.402683514636095,-14.284867286682129
-3.0703466753296,3.943739414215088
0.4646043967887734,-5.886802673339844
5.989492839405608,-14.070571899414062
8.833837192566008,-0.9874701499938965
-26.1965705632023,-8.975220680236816
0.0804428699766095,-3.377476215362549
10.229168329440906,1.3829917907714844
2.12042655289975,-1.4944391250610352
3.88810032819938,-2.0558791160583496
-31.515616413872173,-16.578563690185547
2.28163515100639,-9.873300552368164
-9.633163292669298,-13.419708251953125
2.63206586722876,-2.111684799194336
0.3189015990893598,-10.528902053833008
-6.31868596379813,4.4588236808776855
-6.4648984000359935,-19.81407928466797
8.91646092056966,-0.2222002148628235
-42.637521131086125,-11.556124687194824
-89.5439156156453,-22.269807815551758
9.179556151687803,8.005905151367188
8.754663680824095,-1.6667617559432983
0.8838679103249854,-2.830169200897217
4.338369925074482,-13.3714599609375
-18.23432595343749,-9.956268310546875
6.92534745147092,1.4502551555633545
-1.768261666543676,-11.358790397644043
-7.87226820943855,-10.54727554321289
-12.0847368637308,-10.472620010375977
-4.4222229386498375,-6.672693252563477
6.63109301847755,-4.514964580535889
1.675381804264854,-8.24976634979248
-6.897600670415837,-12.722578048706055
-12.2774867069717,-25.391828536987305
-3.963646539183849,1.2497053146362305
-2.552277046947741,-9.433303833007812
-10.78700495517378,-4.923807144165039
-6.426376983867103,-5.63188362121582
8.2142562177934,-1.88312828540802
-16.967828162594074,-4.588558197021484
6.07843040491799,-2.2104737758636475
3.08443697315444,-7.599301338195801
-1.3811964732242277,-16.483623504638672
-4.51305804704249,-27.154457092285156
-9.93375477053989,-7.619504928588867
-0.6581754288220045,-0.7443921566009521
-7.952166005584182,-14.360920906066895
-13.563015982384195,-7.255573272705078
-47.9957157156951,-17.164775848388672
4.96190002222477,2.1931138038635254
-2.0240269290899,-4.600299835205078
3.47166270740147,-2.23866605758667
-5.2815921348029296,4.01582145690918
2.369358494612781,8.873350143432617
-4.214346026907057,-20.20689582824707
-23.8934551543691,-23.521238327026367
-1.0659561461183158,-10.746208190917969
3.126169348435272,-17.608028411865234
2.35164464781062,29.94007110595703
-1.79502295092813,-2.0343384742736816
-15.957982665262508,-17.58761215209961
-64.65676531723692,-15.048076629638672
-27.8195558011628,-18.790781021118164
-10.480511156242285,-13.750506401062012
-6.18357684414468,-4.72730827331543
-6.75960002722117,-4.654750347137451
4.4105627388370605,2.9714221954345703
5.58846482112586,1.0562667846679688
-16.8483709423333,-7.10368537902832
16.1850033157246,9.379393577575684
-3.34531377329845,18.3872127532959
5.893700156574014,3.2124862670898438
2.745769909533195,3.8143367767333984
2.53362859007723,0.19857513904571533
1.0880788430276551,3.157808303833008
