Score,Pred Score
-13.812973987503693,2.4307079315185547
-14.6311710829416,-23.120134353637695
-15.020937907067507,-14.746428489685059
5.61896917638109,-4.8459930419921875
0.1461877509898399,-13.311700820922852
3.59745169898486,1.4979162216186523
-6.72144892291601,-2.2904183864593506
4.304204520484877,-0.1385173797607422
3.37898618824583,-11.372441291809082
3.939818822274421,-1.383087158203125
13.9953943577381,1.890115737915039
-5.39913759737588,27.003822326660156
-2.204579993178592,0.7683424949645996
8.829561804598438,2.4036107063293457
6.01696699102072,11.419724464416504
-6.376202369524528,0.919891357421875
-6.50906463316165,1.8964252471923828
-60.92137282626391,-23.74388313293457
1.99934019108803,-2.745393991470337
2.188685633501576,6.727597236633301
4.07090957771029,5.5208282470703125
0.5211206139658471,14.793601989746094
12.5580583918003,4.067619323730469
3.320229681965675,21.50945472717285
-0.4381862293696001,-9.187516212463379
0.1752112379752922,-1.7873563766479492
4.123908949931413,8.324920654296875
-14.2382866820043,8.331977844238281
12.966325580978296,9.866890907287598
7.692941411907634,-5.163410186767578
-62.9031214125763,-19.329734802246094
-5.800670766453999,-1.720106601715088
-11.705366535732304,-11.613739013671875
-4.786538605318405,0.08086967468261719
-82.4887013651952,-19.882535934448242
-8.251107402184557,1.9019746780395508
1.61677665352485,-15.894865036010742
-11.916211326129387,-23.610855102539062
-45.634880019414,-16.578824996948242
-0.568998602339841,-9.34437084197998
-12.147399114840605,-19.326751708984375
-27.4476544011683,-17.18752098083496
-2.306526469902426,-5.382607936859131
-0.4835459876036119,3.2040882110595703
-8.39479061793487,-13.265727043151855
-46.862925671502296,-15.305841445922852
0.3837795244341289,2.2404074668884277
7.184930267876617,-3.5429534912109375
2.8348518495029404,1.9910396337509155
-9.859535687586003,-2.1042613983154297
-6.00025755794808,-3.3542122840881348
-4.764629840066975,-2.7270641326904297
-2.377061578670744,3.461505651473999
-2.0585753436264698,-8.882403373718262
1.1848602197973823,2.0421905517578125
4.97603191479674,0.041852474212646484
4.27399441028646,-9.2939453125
-46.2372447228831,-14.229791641235352
-31.4759298257721,-19.286060333251953
-50.1674018945849,-19.22382926940918
0.9601515747159592,1.8324801921844482
-11.864177458483407,-5.131866455078125
-0.538262620928304,6.072025775909424
-0.6920482116816997,-5.152217388153076
-1.5184696160120892,3.1717028617858887
-3.0836644409391925,-8.681451797485352
11.316750179392892,7.6715006828308105
-11.183106529127476,-9.500778198242188
3.59102041590596,2.2797698974609375
4.55602013063716,-2.986809253692627
11.579228393987275,2.565580129623413
2.3067635611900137,-4.142016410827637
10.480393919522983,9.262319564819336
-2.698100773809443,-7.05234432220459
3.776985072333982,-2.8292131423950195
-11.773766374328297,-9.134849548339844
8.681027307740193,4.185062408447266
-1.1091988250418725,-5.434517860412598
4.484288991501213,3.68560791015625
0.0548896546292299,1.2906608581542969
0.1118559290339978,-5.664052486419678
3.9797293996962297,0.32967543601989746
-22.42608065327665,-9.948463439941406
7.37064384347005,-1.7602195739746094
-0.2642143205483515,-2.460848808288574
5.344594984386832,-4.358577728271484
-1.2497809936708242,-9.9076509475708
13.71198107208239,5.905714511871338
0.5045482395984724,-5.224451065063477
2.86709961553106,1.9943124055862427
0.4423212163888063,-3.3629283905029297
-3.724573545179619,2.729045867919922
0.2570808252882703,6.990013122558594
-70.65073406723695,-14.17702579498291
-33.9587360563784,-5.995244979858398
9.2088386022025,2.0623419284820557
1.3318185914773402,-4.133758544921875
-9.176001953270983,-4.013856410980225
-10.497767159210698,-17.206274032592773
-0.4402086584014632,-6.512645244598389
2.1560784090827942,-5.293968200683594
-27.1636490162131,1.3108755350112915
-0.670930828719279,-13.30256462097168
-22.794043146736,-19.09661102294922
0.8105828534072201,-4.621889114379883
1.2287673509824204,-3.7061045169830322
-0.6435038581465955,9.759201049804688
8.474782023793379,-0.37741899490356445
-9.601847091024196,-8.04818344116211
-1.6610011043127195,-1.8346517086029053
-0.1091636509260827,-0.2071220874786377
7.570838092245207,-6.161647796630859
-7.211196994815285,-10.615585327148438
9.090654061652296,-8.059586524963379
-26.6651088566214,0.3762822151184082
-17.309192174305,-0.4037274122238159
4.14054171285972,-4.5879435539245605
4.097668935846943,1.870656967163086
-0.29408409265346,-3.9456238746643066
-35.8165916579592,-15.495282173156738
10.898098675545494,-0.39719367027282715
-1.6552655274048038,-0.8856945037841797
1.6729502580778592,-10.900871276855469
-6.42491227706334,-13.676215171813965
-15.4752611754195,-18.158000946044922
-0.6907348474047925,1.1193246841430664
-21.3629045873375,-6.05024528503418
4.219145585451182,-2.886484146118164
-3.019531285218114,-6.166830062866211
4.25311060075082,-12.082744598388672
-15.0412339008878,-25.648773193359375
-8.237627320974727,-20.85713768005371
-1.0683487237199796,-2.312772750854492
-1.7174251595272625,-2.734495162963867
4.069163600073605,-12.127517700195312
-10.162041561092582,-16.96070098876953
-5.97248436581227,-6.53693962097168
6.120538767403939,3.254415988922119
-0.8028238008287005,-16.42333221435547
-23.6042929930625,-19.282241821289062
-0.1777753404752198,5.74649715423584
-5.785469568057495,-40.20827865600586
-0.0556983764780604,-7.308128833770752
-25.4508968849616,-0.44719696044921875
-5.3185412482723295,2.8969037532806396
9.1356503291117,8.512919425964355
4.020569536845237,0.8636932373046875
-58.5527340809363,-7.262777328491211
-6.291328737399075,-5.655118942260742
4.187869588752649,-4.678745269775391
8.922207576391518,-9.515504837036133
22.7414116448382,2.2962417602539062
-44.6057608529879,-20.16973876953125
-26.5129077898497,-16.909162521362305
-2.13735826282737,6.538327217102051
-1.14890133483728,7.21694803237915
-15.2234416939723,-4.659725666046143
0.369316059642221,-5.930659294128418
-0.6884117876070912,-15.705873489379883
-5.8772631055401,0.6550874710083008
3.6053774296538297,1.051481008529663
5.07108724357905,-2.7198805809020996
1.292753014965791,2.58998441696167
8.440986836263871,-4.861236095428467
-3.43040335892423,-12.61769962310791
0.7651079053562314,-14.191598892211914
-37.13962469223695,-25.581985473632812
-5.822632503482525,1.100114345550537
-6.879472048396067,-14.826021194458008
2.11024229353816,-3.139289140701294
-7.1526743450051855,-11.032073974609375
-1.122073026503361,-5.51517391204834
0.3302260274555297,-7.008444786071777
-1.178255647098801,18.142601013183594
-2.99361591491145,-4.358402252197266
-18.1070051290659,-16.516128540039062
-3.0332808194811403,2.653165102005005
2.6303171850506604,-6.716649532318115
-9.72499716390718,-8.790384292602539
0.2729453578388601,-0.19106674194335938
-21.4503408223732,-21.861164093017578
-4.99755531471552,6.045986175537109
-18.0018409950579,-20.138851165771484
4.00031385473591,-5.365555286407471
12.0378145652987,13.727306365966797
14.1235470599023,-16.525197982788086
6.55729051148795,4.522911071777344
11.19992297656359,3.839319944381714
-7.81388191369781,-12.906946182250977
-2.924593214648255,-8.188577651977539
3.7667366885646025,-12.072935104370117
-6.68253431604433,-9.579317092895508
0.7345204104922589,9.111523628234863
-10.626155896203898,-1.9374809265136719
8.106852576346123,5.450827598571777
-58.24412469223692,-17.46676254272461
1.4955767028094,-0.8531723022460938
-17.6906096863185,-15.814452171325684
-4.813871520282443,8.23635196685791
-11.8973420493851,1.6107711791992188
-2.67676896274171,7.6980438232421875
-3.9331393974605526,1.5304393768310547
8.756217929094177,3.8488025665283203
-29.2662792150344,-9.961447715759277
1.7249239205326918,-4.39801025390625
-6.686975812883663,-8.578706741333008
11.10272802991041,3.848024845123291
-10.956818171714705,-10.841151237487793
-6.3500959185649,-5.0065693855285645
0.6681105368389735,2.69384765625
-12.500029270357295,-13.255487442016602
-2.591242863373206,-3.7170042991638184
5.954690473588823,1.4766340255737305
-43.929359067237,-18.057552337646484
-17.4841411730512,-12.485917091369629
3.61441892535489,1.2427351474761963
2.1112971208509976,0.6382155418395996
-41.8026500314277,-17.773038864135742
7.028135642932115,6.4559783935546875
8.463248256721428,-2.6984615325927734
-13.037072413777096,-15.005667686462402
-1.6307504375632549,14.592275619506836
-0.3284521577656807,2.240601062774658
0.4685622181175212,-6.4569597244262695
-5.316952415477393,-5.702480316162109
4.584421564331302,-11.216200828552246
-20.3593816575191,-12.105226516723633
3.67041582610247,0.8564603328704834
2.204062447972561,1.1753557920455933
-4.666937653128132,-3.7340164184570312
-12.3781694316975,-12.452818870544434
7.06923762363823,2.558673858642578
-37.2883298194418,-8.683849334716797
6.442434166934048,16.389381408691406
-12.2162083245621,-12.767422676086426
-20.3623076046531,-0.3801562786102295
-5.45440876641342,-2.1469902992248535
3.1416241584890576,-2.670962333679199
-4.96580172718434,-8.196191787719727
-37.4061766871973,-14.17070198059082
6.46185690649625,-4.144003868103027
0.5403453062071405,6.867469787597656
8.656689402528613,6.887666702270508
12.331931266595111,12.300745010375977
2.75380173901167,-7.225481033325195
-2.8447496930443927,5.668651580810547
0.0285872237409883,7.401483535766602
-73.5286754265322,-4.975941181182861
7.285509446842615,-4.770536422729492
6.72046542688671,1.3884615898132324
-6.19730890695259,5.9986162185668945
-16.4599719883519,-9.798208236694336
-10.288292260688207,6.268764495849609
-10.285920522724917,-7.359275817871094
-30.8171784242839,-4.184877395629883
-4.65691689928222,4.300416946411133
-37.1716279374795,-21.58193588256836
-36.50577458359941,1.602196455001831
0.7942566624333496,-8.325986862182617
-34.8552692363716,-6.333529472351074
-2.491707941339629,-17.98850440979004
1.7387039934851498,4.0024003982543945
18.9715733525152,7.825529098510742
-13.8996269060666,7.442548751831055
4.17561229224804,-5.922060012817383
4.7680640763497,-16.72812271118164
-6.745372906074374,-6.296897888183594
7.262818938793504,1.755666732788086
-55.7541546140486,-12.966456413269043
8.453421074249384,10.773885726928711
-5.85807143580148,0.7532365322113037
-52.7336020518746,-15.946523666381836
-1.995826789875676,-2.1026573181152344
-1.3326443092463092,-16.710773468017578
5.029017096161708,1.1506121158599854
-0.71117494174041,0.41016364097595215
8.243548509216069,8.92886734008789
5.81602235619721,-19.958209991455078
5.978124919049687,-5.753190040588379
-2.8859593337581737,8.813190460205078
-26.0047332498617,-14.751822471618652
-1.5220929784942658,-18.976221084594727
-3.195242757261453,10.751838684082031
-15.0089303719363,-14.620088577270508
-1.757118944268968,-20.048725128173828
-13.5091075877696,-19.362815856933594
-4.0681667574955,-5.813291072845459
4.43276114617859,-7.209861755371094
-4.665207913971671,-4.3661346435546875
7.33919324558513,-5.53277587890625
-11.69780882660921,-23.173248291015625
5.960801203295765,-2.509274959564209
-29.9162730471743,-19.94799041748047
-5.331847529263395,-23.477317810058594
4.2006804390709,11.894423484802246
4.76541245752904,7.648177623748779
5.87221574658101,0.17451858520507812
-12.955988512618,-32.458763122558594
-14.4061745570978,-17.91225242614746
13.644333664082708,7.418269157409668
7.522446474796843,-30.352346420288086
2.858782897786812,-5.237298965454102
-49.8653288018085,-20.709514617919922
-4.029904705212941,2.0073447227478027
-6.2026319104393295,-18.073503494262695
4.452168509343501,-0.36834537982940674
-16.475900892606802,-11.427146911621094
-11.03094492075089,-22.271177291870117
-8.08045020128908,-7.683460235595703
1.39259946716825,-8.471656799316406
-14.885807229381896,1.1497998237609863
-11.113180908425988,-15.507808685302734
5.506094216928792,-1.179288625717163
5.29091659278858,-2.5760459899902344
3.42106467876526,1.0533264875411987
5.162821279449693,1.236884593963623
6.020551076354931,0.13232886791229248
0.8086942897832163,1.1236839294433594
-8.80546181278599,-17.08741569519043
-7.42349600405968,-5.325020790100098
-14.4731176558811,5.708900451660156
-35.5448186771701,-17.778709411621094
-1.657597602265355,-2.8880202770233154
-1.930224441335125,-15.74383544921875
-10.398648228661925,1.4807912111282349
-1.6521884315998507,-4.537039756774902
1.3131129859732091,-0.5775394439697266
-0.1240821746904601,-3.2875823974609375
-35.1709788883515,-20.61953353881836
0.6771989561182002,-0.9558796882629395
-5.8677981963370005,-4.902551651000977
0.7982616963508231,-2.995452404022217
2.595279020812243,-6.592902183532715
6.9472187772133225,-3.5397567749023438
-41.1395198834054,-16.491167068481445
-35.4604736838065,-16.395763397216797
7.87379173269718,-4.894509315490723
-8.72128086410909,-12.464005470275879
-82.13826531723697,-9.583135604858398
-9.70693692529289,-15.116859436035156
-61.4386715672369,-15.897345542907715
7.10938257895085,0.5430994033813477
0.4007388327427847,-2.288318634033203
-0.7455370396145937,-2.044076919555664
1.674966057420845,-1.8506720066070557
11.877856996640997,-2.3440520763397217
-0.9096556467231308,5.430322647094727
-1.4680391508473674,-2.064656972885132
15.6414782015599,-10.075817108154297
-10.35739215730591,5.9281768798828125
1.926107182225645,-1.8604459762573242
6.99756701325662,1.6431159973144531
3.54836143321337,-6.649355888366699
-7.726553411266567,-7.737260341644287
-48.51478094223695,-18.57450294494629
-3.0453156276270903,-0.5721406936645508
-3.454798154796729,1.1519536972045898
9.503977484174175,2.1418540477752686
6.001532732018722,10.063908576965332
1.775572054007981,1.7963933944702148
-2.6871577689602653,-2.6441431045532227
-7.920344649869953,-9.394890785217285
2.578081311550471,-0.16984176635742188
-14.434457477598505,-0.7948375940322876
-1.338045882914232,-4.31383752822876
-44.1817825469333,-16.983219146728516
2.4314234692194163,-3.503492832183838
-2.35314836228574,-2.203152894973755
-2.07036107592124,-2.1881179809570312
-6.560167066336443,-8.679536819458008
-2.54688332955635,-4.711360931396484
-7.940842049461227,-9.910520553588867
-7.789052707582185,7.65126371383667
-1.4295761119406232,-0.37290501594543457
7.206977941743588,-0.5759487152099609
-4.081394009803599,-1.0354728698730469
-30.167243616457,-12.074485778808594
11.7225687296843,11.5023775100708
-0.8984319813221007,-3.961702346801758
10.349523074958825,-2.857884168624878
5.42147270471237,10.82957649230957
-0.3136273830120112,1.2346487045288086
4.398848813602776,-2.676469564437866
2.099307195887115,-0.8936805725097656
-61.6890402284636,-29.7287654876709
-7.08434802004719,2.0082597732543945
0.6962467393230812,-3.429176092147827
9.0758909366509,-5.750984191894531
-1.9263965715605047,1.7985098361968994
-6.262949496708321,-11.006258010864258
-4.739766082030863,-11.817371368408203
-36.8822022827233,-23.306867599487305
3.24770439300306,-1.9350521564483643
-2.289513933263135,-6.5593085289001465
1.41805545618482,1.2123582363128662
-24.4432878855492,-8.493631362915039
-24.96156751119129,-29.88658905029297
-7.734574598544068,-22.853490829467773
2.79124989437018,-1.3384511470794678
-5.17831154550348,-11.941851615905762
1.5275640312561216,2.775357484817505
3.682989905065457,0.8719058036804199
-10.8237586662752,-6.335732460021973
-6.929951553081727,-8.980550765991211
-27.96215708599589,-22.00630760192871
-2.88087637063392,-4.043792724609375
-5.960419628776203,-5.232814788818359
-37.189874708633695,-26.53985595703125
1.1496085756031087,2.248230457305908
-12.7137936794919,-15.228432655334473
8.398744223780918,-9.770816802978516
-33.3004252633332,-15.476804733276367
9.144089281431205,-5.198286056518555
4.065326821312747,-1.289834976196289
-41.9047429025821,-17.949729919433594
7.383552345763623,1.1341936588287354
6.364261125349779,-0.9195165634155273
4.841793570156368,-16.712265014648438
1.6198341998494314,-4.292466163635254
4.179707781567577,8.786369323730469
-14.7229944429405,4.154048442840576
7.078924552126015,-1.2035818099975586
-12.898019313824,-9.650209426879883
-70.8116033690518,-10.241742134094238
12.7359625054994,8.46435546875
5.586124430090477,8.500940322875977
3.028467183462371,2.695349931716919
-5.830142578087577,-4.7795090675354
-22.6841489367301,-14.364826202392578
-1.51657819068512,-8.915985107421875
-81.52648016021857,-1.9794397354125977
-3.36903782007548,-8.088611602783203
-18.707844022,-21.567747116088867
-34.48768519828235,-9.035378456115723
-39.7169735486916,-4.762825965881348
-1.593720937577549,-6.598044395446777
-23.2954444871652,-17.73682403564453
-45.30258920076982,-18.57752227783203
12.5056328567953,-4.982568740844727
-11.9299972333177,11.846406936645508
-37.9495035857927,-10.544952392578125
0.7001962140772594,-14.54676342010498
4.49418879319923,16.7281494140625
-39.0646563811545,-18.638031005859375
-9.09730633851708,-6.988209247589111
-17.5589533745204,-19.328323364257812
-4.92782811871599,2.4907541275024414
-8.2299173561342,-9.74509334564209
2.60625970962018,-2.153017044067383
2.726862934921635,-1.1911132335662842
4.071661498679735,-4.555200099945068
-13.2494383747796,-6.786447048187256
-11.9154244975033,7.24264669418335
0.9090871567987184,-16.292207717895508
7.92708077877978,0.6751441955566406
-3.119647295186995,-9.193017959594727
-2.248378586620203,-9.550895690917969
1.6646916021852596,-1.8708603382110596
0.1590569364430157,-3.25537109375
-77.3623903172369,-16.121057510375977
15.8859560938761,3.8816733360290527
-3.11888044241469,-1.475029706954956
-2.7468186065138984,-4.709892749786377
2.77922195660905,-2.70538330078125
4.052279150357491,-12.155136108398438
-4.03806373695381,-0.5010848045349121
-2.4461467814868523,-19.29193878173828
-0.1639564470097907,-1.8941330909729004
0.8542168432631491,-9.354120254516602
5.84905996845087,2.2188916206359863
-5.77665564868809,1.9711723327636719
-3.7008288999313423,4.404590606689453
-7.18713065449027,-7.206209182739258
-0.9529303605806088,6.689679145812988
-15.902118442879,-9.696895599365234
-28.0636361890057,-18.10642433166504
-26.912205886836706,-14.84363079071045
8.596988309863011,4.807493209838867
0.2877587512502297,-7.201144218444824
3.3899996482015826,1.105285406112671
-20.5869014386951,-4.918837070465088
-9.341800010912078,-7.687975883483887
0.1692077246922899,-1.0713162422180176
-1.857666460494741,0.21615982055664062
-13.2752747780792,-11.553740501403809
0.7445982178878973,-2.6175079345703125
4.49646859469848,-7.740129470825195
3.60913262992784,2.42453670501709
-5.653435188749545,1.4339616298675537
1.51502173443586,-1.7965147495269775
8.143116180793372,-11.963990211486816
-8.36164856265281,-30.45648956298828
-1.130678948105339,-1.5735077857971191
-4.349210006555943,5.912299633026123
0.2594141505344826,-10.577985763549805
-32.1283374054069,-18.63843536376953
-1.9051378030600723,-5.484067440032959
4.768047800449637,-5.985867500305176
2.264898495983479,-8.06092643737793
-6.47138721063866,0.8261871337890625
4.93167956005568,-3.8979883193969727
2.4851768276660025,0.5885179042816162
-3.930469946192945,-4.016036033630371
11.923948375295712,9.279747009277344
11.616605850275496,6.240939617156982
10.41580460128629,-13.16888427734375
-8.700462669667385,-8.82345199584961
13.1991243046288,2.688932418823242
-4.75101729862813,0.34876060485839844
-1.4230966237807086,-1.7825813293457031
-2.07861348348741,-9.823568344116211
10.292368565007404,3.646758556365967
1.9007667723773176,-2.3555550575256348
17.1612744381531,6.675775051116943
-0.1428452494230792,1.1268008947372437
2.4933992323843923,1.170189380645752
-13.861300672159,-4.170137882232666
-1.7943154401891548,-3.3155221939086914
-4.15624175439773,-12.796384811401367
-14.277645616907492,-5.21304988861084
2.713132201978397,-7.270864486694336
-13.315456279797685,-21.907663345336914
-5.36204355968609,-2.3228044509887695
-1.4872271509121793,-1.0852723121643066
0.31232235517322,6.751779556274414
3.0307168501552093,-7.750144004821777
3.4484762474106,0.2179570198059082
-34.0729170807354,-10.836687088012695
-25.0659802428987,-2.0237369537353516
0.86771933446589,-11.779380798339844
-11.996919710325,-10.839234352111816
17.2594267615487,6.937620162963867
-56.2560888739038,-17.878507614135742
-12.7386491421071,-17.767807006835938
-3.520787796436005,-20.9993896484375
-0.8014467498558491,-18.710887908935547
-34.7812340468876,-16.661916732788086
7.158235365631607,-12.883668899536133
3.29681579894721,0.33148860931396484
0.046018285265003,-11.607513427734375
2.046344769010002,-10.928009986877441
4.25403099118957,-2.879664421081543
3.7804230286959792,-13.104430198669434
-3.773219093074008,-4.179028511047363
-9.722403045722997,-22.445484161376953
2.81101468536903,-0.06818151473999023
-23.7494411406013,-17.608139038085938
-75.56229656723696,-15.9760160446167
4.366245372711767,6.946277618408203
9.94612085382829,2.925787925720215
-8.207132148775708,-19.342737197875977
-3.09775596823669,2.6213722229003906
3.77256113899207,2.0824391841888428
0.2016574678685985,1.3365485668182373
4.38808277416547,-1.7068195343017578
3.7092867134231,-4.3190507888793945
1.6740112862957208,-3.2395477294921875
-5.472376660417956,-3.2820885181427
12.283123760680592,1.2453866004943848
4.417989059347175,-3.391502618789673
1.907333647224608,-3.6886863708496094
-3.73521146317182,-5.723845481872559
7.837521570550837,6.55523157119751
4.82455755953161,-16.49300765991211
-0.6472060937938101,1.7885403633117676
-8.237956686764985,-12.397294998168945
7.36579899286375,-3.22847318649292
7.859716520666763,1.661007046699524
2.765011277030255,-2.1996917724609375
4.62415639298937,7.762599945068359
6.430237727930085,-17.59274673461914
2.44728958086436,-12.500272750854492
-1.93656353174353,-1.2135684490203857
-33.7845903951132,-14.0135498046875
10.960301672714698,9.967239379882812
6.147225205740463,-4.31130313873291
2.4659746492236927,1.0297422409057617
18.2642273209106,-4.857104301452637
7.656482330373112,8.612083435058594
-63.2346715672369,-24.267059326171875
-22.9610154952969,-25.5937557220459
4.39789099231211,3.734226703643799
-46.587141393021525,-13.162109375
-12.281506448986304,0.25366783142089844
5.220668557811489,-1.5825121402740479
-1.4412632820262703,2.9217896461486816
-35.163016426576704,-17.523536682128906
-31.380009974583203,-16.86894989013672
-2.6184282494780104,-3.210178852081299
-37.3999740396079,-9.902524948120117
-10.594900847222812,-23.385631561279297
-23.227454082363305,-19.034406661987305
-15.4814292943448,-18.439355850219727
-6.89310310865277,2.1676533222198486
-11.7962452523223,-2.3435511589050293
-0.3887710448227697,3.7920379638671875
-4.0896099478500325,-0.23396921157836914
-42.6579269422049,-20.762475967407227
-2.095241650043551,-3.971574306488037
8.45389840526827,9.825973510742188
-15.5157954828953,-15.037296295166016
-1.9802660997523944,-4.583688259124756
1.8368511005450223,-9.660246849060059
2.11900133622217,2.080357789993286
-38.4962238749225,-22.20836639404297
0.8069046214032297,-6.088726043701172
-1.73607437190069,-3.009098768234253
-8.46093254820262,-3.028695821762085
-0.0780407432645869,3.6223907470703125
5.009535132419683,2.355393886566162
-74.9399761386801,-21.439735412597656
2.806732553915905,-1.3516640663146973
-10.415057364934407,-9.151899337768555
-4.81834176383161,0.534423828125
-1.4920816076829602,-3.8611161708831787
-0.003939288658445,3.5146398544311523
5.86288473591452,2.429086685180664
0.4443344011282492,3.4608356952667236
5.72263802046558,-1.6781139373779297
5.46583466116103,-10.252043724060059
5.05355462238675,-7.362496376037598
-17.190033530139498,2.8593294620513916
-10.1192188918475,1.9697593450546265
-10.539071528779305,0.9894915819168091
0.2492257167476033,-11.847179412841797
5.35198813185094,-3.404656171798706
14.9823899147147,1.378066062927246
1.7336328627834918,-9.353408813476562
3.2582764286422226,-5.059112548828125
1.1615369027166365,-4.833252906799316
-42.4099588259267,-9.122345924377441
-38.7823663998969,-13.36329174041748
7.99575647038201,-2.5643670558929443
11.644495901203598,-4.617095947265625
-39.0956747424042,-1.7442760467529297
-38.6438610292767,-23.9262752532959
-40.5029244010595,-19.812469482421875
-22.8644313188967,-5.334894180297852
-0.897066728281827,-5.729513168334961
-17.6830733389949,0.1377401351928711
-0.0084306638066775,0.6739720106124878
0.5394390329931549,-1.6375598907470703
-21.61387508166409,-15.808910369873047
5.053393098685065,-11.657144546508789
-15.7834934865799,-14.517925262451172
-58.40351531723695,-20.408157348632812
8.86280218600469,5.886387348175049
1.888243484494037,2.665635585784912
8.99923705482913,0.620629072189331
4.133325903305868,-3.903228759765625
4.774357664359128,1.2894302606582642
7.418770080750715,-16.991939544677734
-2.25262466719878,-0.6699621677398682
-7.071587649042333,-6.676953315734863
4.398742241377427,9.46881103515625
-8.692928400841772,-50.071502685546875
2.334382802629,-9.940375328063965
2.8274240704709,-3.754263401031494
2.1747311895065486,8.985115051269531
-11.9965988914421,-3.851437568664551
2.776867734737273,-26.647768020629883
-12.4595255596924,-3.4755208492279053
18.5317724911246,7.113067626953125
6.86106163750481,-4.612739562988281
-19.1693792779686,-5.911448001861572
-4.20883890972707,-8.4142427444458
-0.3530077955256401,-3.8468503952026367
-1.6020246929696491,-22.484493255615234
-7.57557880794988,-18.545825958251953
13.9692836454661,1.2336018085479736
1.289294757415069,-2.968827486038208
-20.3746494688195,-30.189374923706055
-8.044482691931467,-6.88290548324585
2.51340467963473,-8.254439353942871
11.0282847349576,4.351898670196533
-1.3944922949507652,-5.463538646697998
-26.2706781913698,-20.84908676147461
-71.7765711158932,-22.866130828857422
-44.2857422252861,-20.681427001953125
-3.057699221935841,7.448934555053711
10.116767222520318,3.3537158966064453
-46.9980356488569,-18.287445068359375
-8.677497573270493,-12.743429183959961
-25.781275563237,-15.008967399597168
-2.941164138388841,-6.186999797821045
-26.5692742661385,-20.385269165039062
1.2555345380058751,-2.2136032581329346
-0.810306898238276,-4.296095848083496
0.2404076931068699,-21.274015426635742
-2.5590885431480426,-3.92449688911438
-11.9846830308257,-13.68148422241211
-5.775806690181939,-1.1969292163848877
1.9806048133258944,-14.350358009338379
16.618750626525,6.043720245361328
8.204494762209066,-3.9323692321777344
6.80321923705408,-5.435604095458984
11.710679650337616,-3.7642345428466797
3.181253849239128,-4.233085632324219
0.90894434552881,1.638679027557373
3.547124544521316,-34.32468795776367
-2.202886656443709,-9.445018768310547
-11.133669865203094,-31.822208404541016
9.328533024448705,2.0341873168945312
-0.7012610501602399,-0.34446704387664795
-0.3170472839931941,0.9467281699180603
-2.3458288386735573,0.7410240173339844
-26.1191329979098,-14.801143646240234
-2.33292598982445,-0.7146701812744141
2.461922216333884,1.9228782653808594
3.73205068567752,7.137943267822266
-22.4462583852743,-32.895751953125
16.899113604615202,2.692389488220215
-2.85382252753121,-7.317418575286865
1.2705701336207027,11.136785507202148
7.960789166364423,6.053994655609131
2.71808902854303,-1.6380157470703125
5.5273920092716775,-20.695133209228516
-4.11149235653684,-13.23581314086914
-20.9676231329802,4.2039337158203125
-0.89184437235696,-2.27172589302063
-1.2816619609782416,-4.260691165924072
4.85634828411675,8.465496063232422
6.429854346358795,6.505034923553467
4.71112087372323,-5.63638973236084
-30.7199022255615,-20.091581344604492
-3.8590388668775,-7.505266189575195
-10.6557437737239,6.898079872131348
-13.4460672849668,-15.051222801208496
-5.527709296795018,-5.845935821533203
-1.876637029070265,-12.508398056030273
10.2532613363299,-1.2146799564361572
3.00680128293027,-6.036398887634277
19.33685959748449,3.6989831924438477
-0.1058882282985149,-5.717799186706543
14.3436638764016,0.10271358489990234
-16.1535771788668,-12.449189186096191
0.9480162028997956,-6.867393493652344
-18.5891767455387,-22.336273193359375
13.309934514349203,6.343680381774902
6.02246857213521,-1.752401351928711
5.16750826555368,-7.634681224822998
-1.0190872666435924,-10.899017333984375
-19.100904418149,-18.851642608642578
4.743603615290096,-2.532578468322754
-13.8157551615103,-12.293628692626953
-3.802611775309477,4.1701555252075195
4.30511943579503,0.05590057373046875
-22.482844278002705,-11.917190551757812
0.60779733849738,1.3817752599716187
17.8138573048897,6.955178260803223
-38.4626262988146,-14.9611177444458
-0.6089836493556324,-1.6779899597167969
0.8617451361473882,3.832662582397461
-2.40000424902785,1.3525915145874023
3.7078671714499096,-4.805148124694824
-2.390619984667185,-1.2869987487792969
-15.559462368784592,-15.930755615234375
-13.790764753514,-6.5590691566467285
-9.325981865786185,-15.96302604675293
-58.4491138315396,-20.677898406982422
9.550892694239591,6.3870768547058105
4.435147085081137,8.654678344726562
-2.3538192484503564,2.0318825244903564
-5.83438093189622,-3.6099796295166016
-7.10827059552493,-27.576364517211914
-12.414939844598162,-6.046582221984863
6.6154810826822,6.582453727722168
1.3155747227446202,-7.828542709350586
-2.56542276271332,1.5090789794921875
-13.546032832554804,-6.6932373046875
-16.600339428286603,-13.594265937805176
2.9737175212081803,-0.9122524261474609
6.167862854629888,-17.638668060302734
-40.922076323723,-19.495018005371094
16.9349100756105,3.195502281188965
-12.24911226903676,-20.605833053588867
4.867927463076468,0.7784180641174316
-21.6327950573002,-22.14213752746582
7.11033993521173,9.53077507019043
-9.59094984812801,-25.184844970703125
4.92186081619874,4.053605556488037
-7.815562497274902,-0.47889113426208496
-2.20364176327536,4.215156555175781
-19.6754058911438,-24.418663024902344
-91.8886792382854,-3.9977927207946777
-20.9507978903398,-14.345664978027344
-17.8084408175675,-19.358903884887695
-62.9612541332419,-26.147249221801758
5.598134989920393,7.482268333435059
-7.283890318199592,-3.3872644901275635
6.1026124307435,0.11552023887634277
7.42840635595139,3.776449680328369
-5.179391847578812,-8.832168579101562
-4.873152982370568,-11.146026611328125
7.276768036701751,-1.0673909187316895
-10.739322929783883,2.013620376586914
-22.9219832537164,-26.811378479003906
1.5259403537211615,6.917261123657227
-44.7886924625105,-14.963029861450195
-3.72583443525641,3.8450965881347656
-14.57002364123529,-18.943031311035156
-10.128266274366498,-15.577032089233398
-28.0249952668106,-25.606081008911133
-26.24662901330595,-16.684261322021484
-40.3645652505015,-16.888511657714844
-30.8056950922951,-15.488646507263184
-3.9552380984537248,-1.72031831741333
-2.1789667599796294,3.5664405822753906
-0.5734820606807138,0.9239068031311035
-1.1617148968623687,-6.197892665863037
3.42848617073407,-1.2361383438110352
-17.4030551064212,-14.344331741333008
3.88109013796494,2.815826416015625
9.400493271217616,1.7121758460998535
-11.302161927872188,-23.9888916015625
-13.3709137252944,-20.356304168701172
-6.79658968512302,-2.074281692504883
4.509456424718162,2.586880683898926
5.45103123545738,-3.0799922943115234
8.149714042401495,-1.8863725662231445
-12.909180343140196,3.556253433227539
-6.61979034735207,-6.084942817687988
11.9978624338519,-11.352682113647461
-12.53254789251529,-2.8575923442840576
-8.36198121766124,-23.214317321777344
-4.361976736345532,1.858027696609497
-0.1898191226144924,-15.663346290588379
2.3166834950764685,3.951570510864258
-12.6203596574975,-19.929550170898438
-1.207429910073891,11.846927642822266
-29.7403775200217,-15.757009506225586
5.31082796058257,-0.9566879272460938
2.97844031586002,1.471462607383728
-12.533050119535002,-14.454937934875488
-5.8684323426223,15.730864524841309
2.391980620215489,-1.0964581966400146
7.73570234615748,-10.827737808227539
1.166748445159433,7.544930458068848
6.093529951556334,0.42220234870910645
17.709922444879297,4.335561275482178
11.779516260068313,4.4105753898620605
2.4866177573815964,1.3274364471435547
-30.89708550466269,-16.010608673095703
-9.231606713935047,-0.18415594100952148
-13.4089268865456,-12.380570411682129
-9.06573754635488,-11.941173553466797
9.30630078585379,1.0390949249267578
-7.156550033865472,-17.078428268432617
-10.5414716495377,-4.325100898742676
-27.8178569354009,-22.125511169433594
5.3817717725564,-2.135112762451172
-35.155236696245,-19.677827835083008
-21.4141717786538,-16.79043960571289
-2.6053130644292946,0.36100196838378906
-9.953220777101093,-9.421554565429688
-8.798237091769485,-13.787863731384277
-27.6920167541674,-11.336833953857422
8.017093587799739,-5.313323974609375
-0.3550158381598589,7.575395107269287
-1.19024715514191,-0.7641220092773438
-3.2855896341823474,-17.709121704101562
1.844566842421384,-3.820408344268799
-30.7366736665872,-15.186296463012695
-11.338238855350506,-15.769950866699219
-1.059512617215007,8.78577709197998
-33.7712071062874,-23.494403839111328
3.812227003524945,-4.327568054199219
-2.8472026300298463,-21.63031005859375
-21.5871320482388,1.951035499572754
1.845960760756301,-3.192319869995117
9.06213659212517,7.035614013671875
-13.950148061363093,-14.647165298461914
-15.1006814359747,9.025118827819824
-8.65496498210776,-13.429593086242676
-31.18852367408345,-19.598648071289062
2.35160533891099,-9.29851245880127
-7.06329362397977,-15.578083038330078
-11.299328727708405,-22.63131332397461
-5.73967918172164,-2.1986379623413086
-4.062121175440552,-0.002950906753540039
3.62056380925444,-6.294068813323975
-6.512385872303066,-15.587722778320312
-17.2817979072755,-23.551342010498047
5.79128728304933,3.2071266174316406
3.7921116228684086,-1.4070627689361572
0.51700222845629,-5.793174743652344
1.0966146270020711,6.692287445068359
-6.613686761665703,-12.361222267150879
-39.873530292237,-24.678983688354492
-35.0272315856836,-17.537368774414062
0.2475632146873464,6.964919567108154
5.59963570142504,-4.311446666717529
5.29419053806362,-3.128338575363159
6.457932781589695,1.9115800857543945
6.4251548431743295,-8.427055358886719
-19.7885249955934,-25.181970596313477
-2.4097304318056905,-4.1304121017456055
7.543407488617369,5.828327655792236
1.83593808226401,6.536670207977295
-1.5082203021212124,5.533504486083984
5.99108205682079,-8.245616912841797
-18.1797235112709,6.436100482940674
-12.840088322870097,-21.02567481994629
-2.23616712442702,4.824872016906738
-4.662511414401839,-11.703587532043457
3.41802282280863,2.403374671936035
-12.0320822507053,-28.806331634521484
-25.9801803981754,-19.923933029174805
-5.97419023328963,6.183773040771484
15.4186986077963,-1.8187313079833984
4.480465220149085,-2.367778778076172
-13.2363849677504,-6.135684967041016
-9.362863686069195,-15.997597694396973
4.128157012788561,0.6196539402008057
2.26767773086615,-1.3016269207000732
-24.1634597090208,-21.192432403564453
10.013204486477417,12.506170272827148
-31.934070451053,-19.505428314208984
-22.9515728231767,0.9066619873046875
-11.219410776078313,-22.516483306884766
6.00089213826483,-17.92763900756836
-28.9638748432599,-13.252029418945312
3.11049964318654,1.2816095352172852
-1.073248118887358,-1.610126256942749
-10.249148139079496,-20.725727081298828
-13.14009076535719,-11.240507125854492
0.7364260970712593,-1.482847809791565
-44.9949251983702,-0.09126484394073486
-5.159519294761907,-13.303897857666016
1.869241020829697,-22.48537826538086
-55.54568697318505,-17.505985260009766
0.3065104335081801,-2.9737186431884766
-10.386374558578522,2.104767084121704
-3.0345245902191325,-4.293412208557129
-57.144820014625296,-16.50149917602539
2.85060083445348,2.150041341781616
2.446050707651698,-0.4410820007324219
5.50221601830175,-1.510486125946045
3.455876052191651,-0.7961568832397461
-14.6157572128631,-22.963722229003906
-0.874105623616695,-1.8799476623535156
-1.378759213278819,-10.571661949157715
1.350733135180331,-1.310546875
-1.94666134980912,-4.73806095123291
-3.36735139960915,-10.06689739227295
0.8319171014720902,-8.419417381286621
-40.2101205720394,-0.6712045669555664
-24.577379709126298,-24.243364334106445
-18.6292132467089,-8.886126518249512
-46.39510994896701,-17.080440521240234
-2.487076105276776,-6.328362464904785
-4.752960817423343,-31.320829391479492
-0.1160299782726794,4.589569091796875
-18.5277286275242,-3.1483263969421387
-14.1325019191809,-17.328460693359375
10.909208084253878,6.965134143829346
1.30779520720034,0.6887178421020508
-5.77436797253085,-2.6592187881469727
3.986867952152618,-0.8368926048278809
-21.7936206120663,-23.912622451782227
-2.643556292002,0.4466590881347656
11.0853991753379,-8.445852279663086
-12.9397422629832,-11.456241607666016
-0.190891674386513,-2.8101577758789062
-6.32558602127377,-0.3816359043121338
5.391699208755202,11.86065673828125
-8.998840630677615,-1.26904296875
-1.6005087696864486,-4.951305389404297
7.5482379424635875,1.6156227588653564
-7.642910278690365,-4.460248947143555
3.719171936095444,1.413003921508789
-0.8981307679622897,-7.628776550292969
7.06032809637297,0.8925151824951172
-3.134999611446543,-3.151076555252075
-5.94174589421185,1.8883781433105469
-17.7883076547542,-18.798030853271484
-25.2381267145584,-15.090005874633789
-27.5445722402187,-21.968830108642578
2.6678241356197647,-2.7872331142425537
5.02066543392875,-0.3823394775390625
-1.67197513843126,-21.2570858001709
6.58117049992555,1.6969118118286133
3.12612254618191,-6.083841323852539
-2.1147225087047508,0.8009288311004639
-76.9668504799361,0.14157819747924805
10.11870938841209,-7.3068084716796875
4.755697845162629,11.39986515045166
16.5479703149859,7.986374378204346
4.001938538520379,-27.79081916809082
-14.1813773041305,-17.904560089111328
0.7709161631446207,-4.122398853302002
-24.2508933717269,-14.218740463256836
-22.3071231538392,-22.983657836914062
7.2595381633228,6.613739013671875
11.555346181601609,7.195371150970459
-26.258782255785,-15.843826293945312
10.3189652047012,-9.122695922851562
0.809697096857583,-2.9773645401000977
-18.5255095356289,-17.970252990722656
-1.0680791130593923,-1.1316068172454834
-3.5390830989045075,-18.01418685913086
10.468583156479704,2.4107108116149902
-10.613183176373598,0.20876312255859375
-6.40442742836347,1.429800033569336
7.196532980977684,-3.916064739227295
-10.586292641023492,0.2663569450378418
-26.79502671025515,-24.70962142944336
-7.187555808667961,0.8261284828186035
5.4465900456679694,6.982466697692871
3.1988276731025875,-8.459840774536133
7.827394642815597,1.412909984588623
3.887422638441485,2.3056774139404297
-3.41466344580097,1.0127010345458984
2.667044757168528,0.6609821319580078
1.0590749185315824,0.4584798812866211
-3.9965921287470247,-3.146841287612915
10.982614675109394,1.0292084217071533
0.4076170529080399,-10.031841278076172
2.71319811317338,-3.9782538414001465
8.652061852316729,3.7084197998046875
-0.6579761516790089,-1.8089790344238281
-51.6773231694491,-18.465238571166992
-2.8325461302865187,7.833342552185059
2.12749125232924,-22.787391662597656
3.562549470771905,10.457880020141602
-16.517773128145326,-2.990415334701538
6.874655354673765,5.173069000244141
0.2047767843086013,2.7268524169921875
-2.698758931910008,8.902376174926758
1.8601156760560384,-2.879075527191162
-22.2455703021075,-27.24209213256836
2.4288820651169605,-12.531295776367188
-16.8307740899425,-0.5637965202331543
20.7191486697607,2.8030343055725098
-30.7261055182573,-21.20793342590332
-38.4849400567448,-17.825597763061523
-14.3103126367969,-10.475016593933105
0.7860328468455551,-1.060434341430664
-48.3858044800915,-19.15778350830078
-3.21662088766757,8.619029998779297
1.675245639565673,-4.255434989929199
-90.3299705619704,-20.805408477783203
-9.28527551691871,0.8661303520202637
-1.2293411329062325,0.6937546730041504
-4.534682244798708,-17.529516220092773
-68.1959205924323,-18.845619201660156
-24.5242345195019,-20.19856834411621
-2.77042962989298,1.3754196166992188
3.8009101564042025,1.9642019271850586
8.933703319425492,2.934856414794922
-11.341527235964405,-3.5891857147216797
6.71098989067457,6.3735857009887695
4.54734483862441,1.8825874328613281
-5.16341129781556,-16.94934844970703
-49.062306315025,-30.625389099121094
5.26551760771767,6.367910385131836
3.33951124606136,5.829732894897461
5.006519903780723,-2.9391627311706543
4.05485944970297,-0.11718273162841797
2.283405953189745,-15.85943603515625
-2.66483863280114,-12.32824420928955
12.566471603210276,4.056913375854492
-27.9020155354992,-13.684362411499023
8.88265541550952,1.2467375993728638
0.1652887870268324,-7.9723005294799805
15.4985727759109,3.239725112915039
9.014890317831036,2.1878600120544434
1.4803529144374856,-5.981649398803711
18.1939100849816,3.0775022506713867
-2.6304973605131474,0.039792776107788086
-5.493763326806099,-2.164673328399658
-0.6715208179901364,-6.434787750244141
-36.7383193130824,-22.30177116394043
5.062784719364307,3.392009973526001
-12.026803679110706,-20.09064292907715
-3.01321716593974,-0.7471137046813965
8.35813394800668,8.225349426269531
-3.60075442831331,5.2479472160339355
-9.509135784465323,2.095212936401367
-19.6175855102284,-18.518457412719727
-27.8629509568953,-15.003613471984863
1.74273211890989,-3.2924203872680664
-2.19578977406709,-2.658616542816162
2.42002639701588,-3.4927289485931396
-25.55316918036869,-15.844635009765625
5.635020609606415,-1.7724778652191162
-34.727836669101,-18.65082359313965
4.4516036428765,-2.2697250843048096
4.967381413305823,1.2128524780273438
-6.81516141534704,1.2529830932617188
-24.3954295810688,-2.2744803428649902
8.658679095048068,-0.5497255325317383
3.7347243087796,5.802696228027344
-12.909633143366396,-6.28351354598999
-60.49569009623433,-20.41468620300293
-3.790702882666694,2.1062893867492676
-12.41068356063,-12.701276779174805
2.76740193393285,1.1534522771835327
-18.9061714872788,9.21806526184082
-3.681083449701528,-15.619596481323242
8.13893448615947,1.3764235973358154
-51.402683514636095,-19.181123733520508
-3.0703466753296,4.966484069824219
0.4646043967887734,-4.243573188781738
5.989492839405608,-14.846362113952637
8.833837192566008,3.049022674560547
-26.1965705632023,-4.298748016357422
0.0804428699766095,-2.3405632972717285
10.229168329440906,2.712178945541382
2.12042655289975,-1.3339402675628662
3.88810032819938,-1.4515340328216553
-31.515616413872173,-17.06401824951172
2.28163515100639,-10.5423583984375
-9.633163292669298,-13.372486114501953
2.63206586722876,1.9115705490112305
0.3189015990893598,-10.841449737548828
-6.31868596379813,3.342987060546875
-6.4648984000359935,-19.09636116027832
8.91646092056966,1.1777522563934326
-42.637521131086125,-10.979971885681152
-89.5439156156453,-26.58657455444336
9.179556151687803,-0.49346160888671875
8.754663680824095,0.827486515045166
0.8838679103249854,-2.7793078422546387
4.338369925074482,-15.104377746582031
-18.23432595343749,-12.055132865905762
6.92534745147092,2.5648446083068848
-1.768261666543676,-8.685037612915039
-7.87226820943855,-5.523055076599121
-12.0847368637308,-12.392977714538574
-4.4222229386498375,-9.511764526367188
6.63109301847755,1.3908841609954834
1.675381804264854,-7.484683990478516
-6.897600670415837,-7.067193508148193
-12.2774867069717,-22.223485946655273
-3.963646539183849,3.4663963317871094
-2.552277046947741,-9.000768661499023
-10.78700495517378,-3.3518009185791016
-6.426376983867103,-7.480643272399902
8.2142562177934,1.1186410188674927
-16.967828162594074,-3.607430934906006
6.07843040491799,-1.3693740367889404
3.08443697315444,-1.9425249099731445
-1.3811964732242277,-9.453949928283691
-4.51305804704249,-25.931156158447266
-9.93375477053989,-11.028745651245117
-0.6581754288220045,-0.5005674362182617
-7.952166005584182,-13.957962036132812
-13.563015982384195,-7.623018264770508
-47.9957157156951,-19.962629318237305
4.96190002222477,3.204680919647217
-2.0240269290899,-2.4347267150878906
3.47166270740147,0.1721954345703125
-5.2815921348029296,5.236148834228516
2.369358494612781,11.860136032104492
-4.214346026907057,-19.776687622070312
-23.8934551543691,-26.249004364013672
-1.0659561461183158,-11.359992980957031
3.126169348435272,-21.662071228027344
2.35164464781062,0.523040771484375
-1.79502295092813,2.311511993408203
-15.957982665262508,-17.795085906982422
-64.65676531723692,-20.88722038269043
-27.8195558011628,-23.60555648803711
-10.480511156242285,-16.149385452270508
-6.18357684414468,-5.656036853790283
-6.75960002722117,-7.707165718078613
4.4105627388370605,-1.0425758361816406
5.58846482112586,1.5212507247924805
-16.8483709423333,-10.229032516479492
16.1850033157246,12.84750747680664
-3.34531377329845,-4.017009735107422
5.893700156574014,8.296773910522461
2.745769909533195,8.913920402526855
2.53362859007723,2.6926429271698
1.0880788430276551,3.142995834350586
