Score,Pred Score
-13.812973987503693,-9.814691543579102
-14.6311710829416,-18.575862884521484
-15.020937907067507,-5.109951496124268
5.61896917638109,-9.506057739257812
0.1461877509898399,-0.033933162689208984
3.59745169898486,-0.6636104583740234
-6.72144892291601,-4.960460662841797
4.304204520484877,-9.116207122802734
3.37898618824583,10.37945556640625
3.939818822274421,7.318492889404297
13.9953943577381,6.015393257141113
-5.39913759737588,-16.979511260986328
-2.204579993178592,-7.809737682342529
8.829561804598438,3.817655086517334
6.01696699102072,-2.3215925693511963
-6.376202369524528,-8.779918670654297
-6.50906463316165,-5.085273742675781
-60.92137282626391,-42.091182708740234
1.99934019108803,-4.18272590637207
2.188685633501576,-1.033651351928711
4.07090957771029,10.384590148925781
0.5211206139658471,-7.8724365234375
12.5580583918003,-0.1972823143005371
3.320229681965675,-20.163673400878906
-0.4381862293696001,-1.9498263597488403
0.1752112379752922,1.7942572832107544
4.123908949931413,24.409332275390625
-14.2382866820043,0.18981564044952393
12.966325580978296,-7.397037506103516
7.692941411907634,-13.527966499328613
-62.9031214125763,-27.04727554321289
-5.800670766453999,-1.6911691427230835
-11.705366535732304,-7.886338710784912
-4.786538605318405,-8.824129104614258
-82.4887013651952,-18.18301773071289
-8.251107402184557,-3.9528660774230957
1.61677665352485,-4.444001197814941
-11.916211326129387,-18.40230369567871
-45.634880019414,-15.745631217956543
-0.568998602339841,-1.5289816856384277
-12.147399114840605,-3.6879723072052
-27.4476544011683,-20.953311920166016
-2.306526469902426,-12.989872932434082
-0.4835459876036119,-2.462695598602295
-8.39479061793487,-3.6177139282226562
-46.862925671502296,-20.312393188476562
0.3837795244341289,-3.640944242477417
7.184930267876617,7.733375549316406
2.8348518495029404,-3.1800694465637207
-9.859535687586003,9.16561508178711
-6.00025755794808,-8.86058235168457
-4.764629840066975,-11.76248550415039
-2.377061578670744,0.3323056697845459
-2.0585753436264698,2.8731002807617188
1.1848602197973823,10.674407958984375
4.97603191479674,6.051094055175781
4.27399441028646,5.457683563232422
-46.2372447228831,-18.592573165893555
-31.4759298257721,-23.632854461669922
-50.1674018945849,-22.02512550354004
0.9601515747159592,-2.566892147064209
-11.864177458483407,-0.2618560791015625
-0.538262620928304,2.8281803131103516
-0.6920482116816997,-7.880502223968506
-1.5184696160120892,-3.830944061279297
-3.0836644409391925,0.20277249813079834
11.316750179392892,-5.982281684875488
-11.183106529127476,-0.8443083763122559
3.59102041590596,13.206504821777344
4.55602013063716,-8.248687744140625
11.579228393987275,-2.7050187587738037
2.3067635611900137,-9.655245780944824
10.480393919522983,-5.402737617492676
-2.698100773809443,-2.827362060546875
3.776985072333982,6.077976226806641
-11.773766374328297,-10.554132461547852
8.681027307740193,7.951023101806641
-1.1091988250418725,-1.420053243637085
4.484288991501213,1.5430679321289062
0.0548896546292299,3.0439224243164062
0.1118559290339978,-3.366842031478882
3.9797293996962297,-2.0384624004364014
-22.42608065327665,-25.392637252807617
7.37064384347005,-3.0379819869995117
-0.2642143205483515,-10.825576782226562
5.344594984386832,-2.5341739654541016
-1.2497809936708242,-14.481232643127441
13.71198107208239,-0.9648089408874512
0.5045482395984724,-6.529186248779297
2.86709961553106,-4.297914505004883
0.4423212163888063,-3.2071304321289062
-3.724573545179619,-9.228352546691895
0.2570808252882703,4.397605895996094
-70.65073406723695,-27.141813278198242
-33.9587360563784,-12.24365520477295
9.2088386022025,-5.252963542938232
1.3318185914773402,-24.49097442626953
-9.176001953270983,-0.9068636894226074
-10.497767159210698,-11.962614059448242
-0.4402086584014632,-8.723896026611328
2.1560784090827942,-21.80506134033203
-27.1636490162131,-3.6180214881896973
-0.670930828719279,-16.988868713378906
-22.794043146736,-22.361263275146484
0.8105828534072201,-5.275224685668945
1.2287673509824204,-2.788188934326172
-0.6435038581465955,-9.706050872802734
8.474782023793379,-0.5927910804748535
-9.601847091024196,-18.2239990234375
-1.6610011043127195,-8.359613418579102
-0.1091636509260827,-1.06842041015625
7.570838092245207,-16.022363662719727
-7.211196994815285,-15.537321090698242
9.090654061652296,-5.370250701904297
-26.6651088566214,-7.400745391845703
-17.309192174305,0.5046911239624023
4.14054171285972,-2.928556442260742
4.097668935846943,2.1441633701324463
-0.29408409265346,0.6155033111572266
-35.8165916579592,-22.408138275146484
10.898098675545494,-5.349543571472168
-1.6552655274048038,-10.125313758850098
1.6729502580778592,-7.751080513000488
-6.42491227706334,-5.396599292755127
-15.4752611754195,-10.796537399291992
-0.6907348474047925,-1.3819007873535156
-21.3629045873375,-17.95345115661621
4.219145585451182,-5.0698394775390625
-3.019531285218114,-1.2211761474609375
4.25311060075082,-4.350798606872559
-15.0412339008878,-8.308151245117188
-8.237627320974727,-24.246845245361328
-1.0683487237199796,-21.3919677734375
-1.7174251595272625,-3.859222412109375
4.069163600073605,-7.595921993255615
-10.162041561092582,-18.29245948791504
-5.97248436581227,-1.081160068511963
6.120538767403939,-2.085115671157837
-0.8028238008287005,-17.717313766479492
-23.6042929930625,-20.96205711364746
-0.1777753404752198,0.4731297492980957
-5.785469568057495,-38.60810089111328
-0.0556983764780604,-0.25963830947875977
-25.4508968849616,-9.956741333007812
-5.3185412482723295,1.32293701171875
9.1356503291117,-1.0070762634277344
4.020569536845237,2.081427574157715
-58.5527340809363,-11.54835033416748
-6.291328737399075,0.7531166076660156
4.187869588752649,-10.277392387390137
8.922207576391518,1.730147361755371
22.7414116448382,-6.813063621520996
-44.6057608529879,-22.499221801757812
-26.5129077898497,-16.444150924682617
-2.13735826282737,1.9695825576782227
-1.14890133483728,-1.020841121673584
-15.2234416939723,-9.163208961486816
0.369316059642221,3.8379364013671875
-0.6884117876070912,-10.569250106811523
-5.8772631055401,-0.2866668701171875
3.6053774296538297,0.03521287441253662
5.07108724357905,-10.05839729309082
1.292753014965791,2.2579479217529297
8.440986836263871,17.65273666381836
-3.43040335892423,-8.618606567382812
0.7651079053562314,-6.357085227966309
-37.13962469223695,-17.12932586669922
-5.822632503482525,-3.552718162536621
-6.879472048396067,-4.279399871826172
2.11024229353816,-12.056769371032715
-7.1526743450051855,-8.02581787109375
-1.122073026503361,-11.313247680664062
0.3302260274555297,-1.1136549711227417
-1.178255647098801,18.016555786132812
-2.99361591491145,4.3675384521484375
-18.1070051290659,-11.282575607299805
-3.0332808194811403,2.3709545135498047
2.6303171850506604,2.3855438232421875
-9.72499716390718,-6.444259166717529
0.2729453578388601,3.3922805786132812
-21.4503408223732,-15.566752433776855
-4.99755531471552,-3.155486583709717
-18.0018409950579,-12.83936882019043
4.00031385473591,-7.429605960845947
12.0378145652987,17.651046752929688
14.1235470599023,-1.1392381191253662
6.55729051148795,10.919021606445312
11.19992297656359,-0.030388355255126953
-7.81388191369781,-2.0207571983337402
-2.924593214648255,-2.7720489501953125
3.7667366885646025,-5.367038726806641
-6.68253431604433,-4.320417404174805
0.7345204104922589,-2.209287643432617
-10.626155896203898,-5.140432357788086
8.106852576346123,0.9301972389221191
-58.24412469223692,-19.145404815673828
1.4955767028094,1.0937671661376953
-17.6906096863185,-17.881982803344727
-4.813871520282443,0.0032815933227539062
-11.8973420493851,-16.086349487304688
-2.67676896274171,1.9297237396240234
-3.9331393974605526,-1.73382568359375
8.756217929094177,3.8123703002929688
-29.2662792150344,-8.142923355102539
1.7249239205326918,4.6506028175354
-6.686975812883663,-18.635211944580078
11.10272802991041,-2.461228847503662
-10.956818171714705,-7.227318286895752
-6.3500959185649,-14.427038192749023
0.6681105368389735,-4.692291259765625
-12.500029270357295,-18.525840759277344
-2.591242863373206,-3.3475193977355957
5.954690473588823,-6.1973748207092285
-43.929359067237,-15.809093475341797
-17.4841411730512,-7.801433563232422
3.61441892535489,-1.9207446575164795
2.1112971208509976,-1.8504409790039062
-41.8026500314277,-11.908500671386719
7.028135642932115,0.7374956607818604
8.463248256721428,0.03314208984375
-13.037072413777096,-18.1416072845459
-1.6307504375632549,19.56365203857422
-0.3284521577656807,-5.5291547775268555
0.4685622181175212,0.4423964023590088
-5.316952415477393,7.934925079345703
4.584421564331302,-6.302092552185059
-20.3593816575191,-2.6035003662109375
3.67041582610247,-6.465402603149414
2.204062447972561,-3.179351329803467
-4.666937653128132,-0.04229736328125
-12.3781694316975,-7.24670934677124
7.06923762363823,6.414703369140625
-37.2883298194418,-10.367058753967285
6.442434166934048,31.857463836669922
-12.2162083245621,-7.154400825500488
-20.3623076046531,-3.640397548675537
-5.45440876641342,-9.426542282104492
3.1416241584890576,-1.2567260265350342
-4.96580172718434,-3.348870277404785
-37.4061766871973,-13.98884391784668
6.46185690649625,-6.010259628295898
0.5403453062071405,-7.063350677490234
8.656689402528613,-3.8001203536987305
12.331931266595111,-3.8051891326904297
2.75380173901167,-5.997598648071289
-2.8447496930443927,1.8477458953857422
0.0285872237409883,1.5992279052734375
-73.5286754265322,-1.5731391906738281
7.285509446842615,-3.22713303565979
6.72046542688671,-0.9959617853164673
-6.19730890695259,0.7890610694885254
-16.4599719883519,-0.7664356231689453
-10.288292260688207,-9.396453857421875
-10.285920522724917,1.3365120887756348
-30.8171784242839,-11.843382835388184
-4.65691689928222,-13.010498046875
-37.1716279374795,-9.809616088867188
-36.50577458359941,-4.073230743408203
0.7942566624333496,-10.922943115234375
-34.8552692363716,-0.7731163501739502
-2.491707941339629,-11.15196418762207
1.7387039934851498,-4.693497657775879
18.9715733525152,15.507408142089844
-13.8996269060666,3.60016131401062
4.17561229224804,0.3211662769317627
4.7680640763497,-9.974448204040527
-6.745372906074374,-12.441627502441406
7.262818938793504,-9.186363220214844
-55.7541546140486,-20.362186431884766
8.453421074249384,-5.834315299987793
-5.85807143580148,-0.02102196216583252
-52.7336020518746,-17.244890213012695
-1.995826789875676,-12.082969665527344
-1.3326443092463092,-20.61608123779297
5.029017096161708,-4.666916847229004
-0.71117494174041,-1.5506987571716309
8.243548509216069,-1.5247598886489868
5.81602235619721,-8.486998558044434
5.978124919049687,-11.232787132263184
-2.8859593337581737,-28.516937255859375
-26.0047332498617,-20.75016212463379
-1.5220929784942658,-3.7003111839294434
-3.195242757261453,-12.120397567749023
-15.0089303719363,-7.049612998962402
-1.757118944268968,-16.884328842163086
-13.5091075877696,-18.086013793945312
-4.0681667574955,-0.5317608118057251
4.43276114617859,-2.0670182704925537
-4.665207913971671,-2.4500575065612793
7.33919324558513,-2.141631603240967
-11.69780882660921,-10.489277839660645
5.960801203295765,-8.167373657226562
-29.9162730471743,-16.493450164794922
-5.331847529263395,-18.379554748535156
4.2006804390709,-1.2998627424240112
4.76541245752904,-3.719278573989868
5.87221574658101,5.2506103515625
-12.955988512618,-20.026840209960938
-14.4061745570978,-15.638028144836426
13.644333664082708,-2.6231675148010254
7.522446474796843,-14.760265350341797
2.858782897786812,-29.087127685546875
-49.8653288018085,-25.54395866394043
-4.029904705212941,-2.9620156288146973
-6.2026319104393295,-23.733577728271484
4.452168509343501,-11.15157699584961
-16.475900892606802,22.61102294921875
-11.03094492075089,-23.0996036529541
-8.08045020128908,-6.8816375732421875
1.39259946716825,7.495344161987305
-14.885807229381896,-1.9770889282226562
-11.113180908425988,-7.445406913757324
5.506094216928792,-2.153602123260498
5.29091659278858,-18.222475051879883
3.42106467876526,-6.5714216232299805
5.162821279449693,4.487128257751465
6.020551076354931,-1.7889890670776367
0.8086942897832163,92.92364501953125
-8.80546181278599,-2.4610531330108643
-7.42349600405968,-12.71947956085205
-14.4731176558811,2.9246344566345215
-35.5448186771701,-5.89528226852417
-1.657597602265355,-4.3923163414001465
-1.930224441335125,-7.395809650421143
-10.398648228661925,-7.7663984298706055
-1.6521884315998507,-9.524880409240723
1.3131129859732091,-12.04443359375
-0.1240821746904601,-7.866562843322754
-35.1709788883515,-10.663997650146484
0.6771989561182002,1.0401885509490967
-5.8677981963370005,-2.972766399383545
0.7982616963508231,-10.341466903686523
2.595279020812243,2.639039993286133
6.9472187772133225,-0.9208831787109375
-41.1395198834054,-5.961190223693848
-35.4604736838065,-9.556735038757324
7.87379173269718,-81.10797119140625
-8.72128086410909,-22.697038650512695
-82.13826531723697,0.6577816009521484
-9.70693692529289,-3.4590163230895996
-61.4386715672369,-18.85749626159668
7.10938257895085,-0.375349760055542
0.4007388327427847,1.0308418273925781
-0.7455370396145937,-2.6695168018341064
1.674966057420845,-2.6078414916992188
11.877856996640997,-3.9541070461273193
-0.9096556467231308,2.5227456092834473
-1.4680391508473674,1.0560219287872314
15.6414782015599,10.048723220825195
-10.35739215730591,-13.499359130859375
1.926107182225645,-12.42462158203125
6.99756701325662,-0.3277397155761719
3.54836143321337,-5.827455043792725
-7.726553411266567,-15.475112915039062
-48.51478094223695,-20.99966049194336
-3.0453156276270903,-6.337383270263672
-3.454798154796729,-1.689337134361267
9.503977484174175,2.65229868888855
6.001532732018722,-2.3211002349853516
1.775572054007981,-38.29296875
-2.6871577689602653,-11.48067855834961
-7.920344649869953,-5.262933731079102
2.578081311550471,-8.673755645751953
-14.434457477598505,-2.798614978790283
-1.338045882914232,0.303586483001709
-44.1817825469333,-18.3165340423584
2.4314234692194163,-5.9359893798828125
-2.35314836228574,-9.435576438903809
-2.07036107592124,-1.7408068180084229
-6.560167066336443,-4.606147766113281
-2.54688332955635,2.2608261108398438
-7.940842049461227,-5.206009864807129
-7.789052707582185,4.793531894683838
-1.4295761119406232,-12.961978912353516
7.206977941743588,18.548660278320312
-4.081394009803599,4.021083831787109
-30.167243616457,-11.065109252929688
11.7225687296843,-5.32140588760376
-0.8984319813221007,-12.674385070800781
10.349523074958825,-10.746565818786621
5.42147270471237,-0.7206854820251465
-0.3136273830120112,-2.358891487121582
4.398848813602776,-6.155727863311768
2.099307195887115,-4.785556793212891
-61.6890402284636,-42.00724792480469
-7.08434802004719,0.702700138092041
0.6962467393230812,-5.801325798034668
9.0758909366509,-5.97674560546875
-1.9263965715605047,-7.112874507904053
-6.262949496708321,-9.405250549316406
-4.739766082030863,-15.429107666015625
-36.8822022827233,-18.333261489868164
3.24770439300306,-8.52052116394043
-2.289513933263135,-5.284537315368652
1.41805545618482,-2.190110683441162
-24.4432878855492,-0.5523412227630615
-24.96156751119129,-17.899627685546875
-7.734574598544068,-35.232696533203125
2.79124989437018,-0.08791923522949219
-5.17831154550348,-7.891335964202881
1.5275640312561216,-1.9341750144958496
3.682989905065457,-9.064146041870117
-10.8237586662752,-23.629261016845703
-6.929951553081727,3.7956595420837402
-27.96215708599589,-10.233762741088867
-2.88087637063392,-9.576034545898438
-5.960419628776203,-4.750293731689453
-37.189874708633695,-54.764671325683594
1.1496085756031087,-7.449332237243652
-12.7137936794919,-7.608705997467041
8.398744223780918,-8.478836059570312
-33.3004252633332,-10.887577056884766
9.144089281431205,-3.5827088356018066
4.065326821312747,-3.037750244140625
-41.9047429025821,-9.750658988952637
7.383552345763623,-0.8690681457519531
6.364261125349779,-3.759431838989258
4.841793570156368,-9.195202827453613
1.6198341998494314,-7.327281951904297
4.179707781567577,1.9927427768707275
-14.7229944429405,11.206324577331543
7.078924552126015,1.4206925630569458
-12.898019313824,-13.792271614074707
-70.8116033690518,-8.579961776733398
12.7359625054994,3.337360382080078
5.586124430090477,-1.2246861457824707
3.028467183462371,0.16695570945739746
-5.830142578087577,-2.6257998943328857
-22.6841489367301,-17.941162109375
-1.51657819068512,3.5135416984558105
-81.52648016021857,-37.503089904785156
-3.36903782007548,-16.220245361328125
-18.707844022,-31.84283447265625
-34.48768519828235,-5.553890705108643
-39.7169735486916,-1.4222831726074219
-1.593720937577549,-13.047027587890625
-23.2954444871652,-11.707191467285156
-45.30258920076982,-11.710719108581543
12.5056328567953,-12.45245361328125
-11.9299972333177,-5.779170036315918
-37.9495035857927,-45.17024230957031
0.7001962140772594,-2.2326645851135254
4.49418879319923,-52.727783203125
-39.0646563811545,-9.761896133422852
-9.09730633851708,-1.9347012042999268
-17.5589533745204,-10.636507987976074
-4.92782811871599,1.9600720405578613
-8.2299173561342,-8.105525970458984
2.60625970962018,0.5167427062988281
2.726862934921635,1.6410508155822754
4.071661498679735,-3.331868886947632
-13.2494383747796,-2.0948333740234375
-11.9154244975033,1.4215586185455322
0.9090871567987184,-7.1148681640625
7.92708077877978,-2.5825576782226562
-3.119647295186995,-10.87337875366211
-2.248378586620203,-7.318771839141846
1.6646916021852596,-0.20272016525268555
0.1590569364430157,-3.4957633018493652
-77.3623903172369,-18.557130813598633
15.8859560938761,3.0627079010009766
-3.11888044241469,-4.296501636505127
-2.7468186065138984,-2.6892518997192383
2.77922195660905,9.579292297363281
4.052279150357491,10.029806137084961
-4.03806373695381,0.3788987398147583
-2.4461467814868523,26.404998779296875
-0.1639564470097907,-2.742210865020752
0.8542168432631491,-2.0643489360809326
5.84905996845087,-5.9455060958862305
-5.77665564868809,-6.650486946105957
-3.7008288999313423,0.5798912048339844
-7.18713065449027,-5.857776165008545
-0.9529303605806088,0.7658219337463379
-15.902118442879,-5.662419319152832
-28.0636361890057,-13.070480346679688
-26.912205886836706,-15.915193557739258
8.596988309863011,-1.1320667266845703
0.2877587512502297,-3.4809341430664062
3.3899996482015826,-3.186008930206299
-20.5869014386951,-3.495511293411255
-9.341800010912078,8.397109985351562
0.1692077246922899,-6.1110429763793945
-1.857666460494741,7.771488189697266
-13.2752747780792,-20.517667770385742
0.7445982178878973,-5.515481948852539
4.49646859469848,1.0040435791015625
3.60913262992784,-2.8213937282562256
-5.653435188749545,-2.022740364074707
1.51502173443586,-2.753530740737915
8.143116180793372,-2.0720536708831787
-8.36164856265281,-13.847525596618652
-1.130678948105339,-2.9478039741516113
-4.349210006555943,-3.0195422172546387
0.2594141505344826,-6.271519660949707
-32.1283374054069,-22.677188873291016
-1.9051378030600723,-2.590233325958252
4.768047800449637,-6.438839435577393
2.264898495983479,-10.362322807312012
-6.47138721063866,1.33843994140625
4.93167956005568,-1.6248347759246826
2.4851768276660025,-4.170445442199707
-3.930469946192945,0.27100205421447754
11.923948375295712,0.9411907196044922
11.616605850275496,-2.79323148727417
10.41580460128629,-9.641464233398438
-8.700462669667385,-5.285436630249023
13.1991243046288,-3.163835287094116
-4.75101729862813,-0.9168257713317871
-1.4230966237807086,12.04156494140625
-2.07861348348741,-1.2256534099578857
10.292368565007404,0.7380805015563965
1.9007667723773176,0.7140156030654907
17.1612744381531,-2.1158297061920166
-0.1428452494230792,-2.540027141571045
2.4933992323843923,-6.069518089294434
-13.861300672159,-5.328986167907715
-1.7943154401891548,-6.029384613037109
-4.15624175439773,-6.801105499267578
-14.277645616907492,-2.8065013885498047
2.713132201978397,-8.884788513183594
-13.315456279797685,-15.824087142944336
-5.36204355968609,-10.574821472167969
-1.4872271509121793,-11.826950073242188
0.31232235517322,-10.213922500610352
3.0307168501552093,-8.261878967285156
3.4484762474106,16.089914321899414
-34.0729170807354,-16.36591148376465
-25.0659802428987,-5.478157043457031
0.86771933446589,-10.415752410888672
-11.996919710325,-2.15966796875
17.2594267615487,0.9619123935699463
-56.2560888739038,-17.14048957824707
-12.7386491421071,-9.035064697265625
-3.520787796436005,-8.872114181518555
-0.8014467498558491,-8.746305465698242
-34.7812340468876,-39.36774444580078
7.158235365631607,-5.325793266296387
3.29681579894721,-3.451080322265625
0.046018285265003,-11.25338363647461
2.046344769010002,-2.76737117767334
4.25403099118957,-4.851749420166016
3.7804230286959792,-6.090875625610352
-3.773219093074008,-4.312982082366943
-9.722403045722997,-7.487788677215576
2.81101468536903,-2.755002975463867
-23.7494411406013,-5.333716869354248
-75.56229656723696,-16.28872299194336
4.366245372711767,-1.3424077033996582
9.94612085382829,0.9350343942642212
-8.207132148775708,-18.78153419494629
-3.09775596823669,-5.847959518432617
3.77256113899207,-7.67706823348999
0.2016574678685985,-0.30192995071411133
4.38808277416547,3.8312759399414062
3.7092867134231,-0.11191511154174805
1.6740112862957208,0.5229949951171875
-5.472376660417956,-7.55781364440918
12.283123760680592,-2.560526132583618
4.417989059347175,-0.6871318817138672
1.907333647224608,0.4811255931854248
-3.73521146317182,-1.516440987586975
7.837521570550837,1.1663808822631836
4.82455755953161,-6.903711318969727
-0.6472060937938101,-3.348557233810425
-8.237956686764985,-10.718185424804688
7.36579899286375,-8.643579483032227
7.859716520666763,3.9604930877685547
2.765011277030255,12.783256530761719
4.62415639298937,-4.426182746887207
6.430237727930085,0.15825891494750977
2.44728958086436,-8.763286590576172
-1.93656353174353,-5.397468090057373
-33.7845903951132,-15.946011543273926
10.960301672714698,-11.995384216308594
6.147225205740463,-1.2599979639053345
2.4659746492236927,-1.634244680404663
18.2642273209106,-5.763625144958496
7.656482330373112,-2.7588348388671875
-63.2346715672369,-13.775837898254395
-22.9610154952969,-19.555644989013672
4.39789099231211,-1.251127004623413
-46.587141393021525,-14.564363479614258
-12.281506448986304,0.9562547206878662
5.220668557811489,-0.7675684690475464
-1.4412632820262703,-5.6991376876831055
-35.163016426576704,-13.383811950683594
-31.380009974583203,-7.339417934417725
-40.7258600860177,6.641546249389648
-35.3994683825842,-5.982252597808838
-10.968565079401992,-3.3143067359924316
15.384553292915324,-13.380151748657227
-0.4271227388875901,-5.261043548583984
-7.69948364751984,-1.202986240386963
-26.6822467124322,-13.962113380432129
-0.2823200449385875,-9.467975616455078
-3.8453528225106623,-4.401907444000244
-2.4599041427842496,3.5551464557647705
-12.7315114055493,-5.7920050621032715
1.418014053180695,-7.922428131103516
-3.4922781726655696,-15.304191589355469
9.58062385928767,-6.704996109008789
-17.5801214502402,-5.3972344398498535
-49.5120706514507,-15.129988670349121
-0.4503474699443348,-1.4830682277679443
2.332279780348585,5.319343566894531
-42.2483635713802,-13.359658241271973
-5.00028834575103,-0.8388750553131104
-5.14141487663266,-8.339109420776367
-19.923371510770203,-6.342666149139404
4.28301459624688,-21.03472900390625
0.3224388648416145,-2.018195152282715
6.795393661635613,-22.35388946533203
6.720388221210122,-1.3000640869140625
-20.7558388881914,-9.637741088867188
-12.5922662394529,-6.104736328125
-5.19085420781142,-0.8504929542541504
-27.3858072066324,-15.325613021850586
6.488490212037078,-3.0436112880706787
-12.5233171201947,-4.772250175476074
0.996650643215182,2.2088403701782227
3.27144637329635,1.231553077697754
1.203208947199059,0.969691276550293
4.5031585012656095,-13.564239501953125
-46.6686841099013,-14.687188148498535
3.600655729290548,-2.3026437759399414
-2.7077151362496297,-13.516021728515625
-42.936846127142296,-15.844395637512207
2.679404112105611,-1.514456033706665
-23.975827854410426,-13.964664459228516
-24.4869919201538,-10.536983489990234
-6.22433036882608,-1.6342546939849854
-24.992167376126925,-4.695437908172607
-9.742168339465294,-3.0509376525878906
0.1235817830644999,-7.3332343101501465
-11.607028837624,-1.5216021537780762
5.321680837772678,0.6289941072463989
3.3452637215970498,-5.527137756347656
13.015759276594096,3.564639091491699
-6.13466459150186,-4.100502014160156
3.0897024917955025,2.7511746883392334
3.557691046156,3.3016748428344727
2.0008593011464906,-1.7010619640350342
-1.2671721747064446,-14.640329360961914
-2.989164004622407,-14.99805736541748
-2.43808381047612,1.731072187423706
-11.30813578108209,-1.0331573486328125
-9.619042312244815,-21.566253662109375
-4.01456885639382,4.203205108642578
-4.853312003098937,-14.948490142822266
2.78743688363977,9.471763610839844
3.6035536346157695,10.4989013671875
6.09033976794457,-0.004853963851928711
-5.89266438028177,-2.7928309440612793
4.780848076735348,-14.599861145019531
-20.7592210135025,-16.97031593322754
-3.637071869773312,-5.720015525817871
-4.396710286499547,-0.9222779273986816
9.04709717330502,-10.131950378417969
1.69213972357191,-0.24117136001586914
-27.068723822751306,-19.53342056274414
0.2886204877907422,-2.0288634300231934
-0.592182005541919,-11.922592163085938
-4.736229867816737,-3.1970443725585938
7.877641553655238,-2.4309942722320557
-2.588665914009158,-4.033329486846924
4.72846919446815,-5.657748699188232
3.42669038506664,-0.7332087755203247
-10.274169876330886,3.627105712890625
-1.289264920121349,0.004442691802978516
-6.9648772325347394,-2.0919318199157715
-1.2236747050651609,-4.130606174468994
-12.208208404490907,-16.591827392578125
4.40921359309415,-8.214119911193848
16.4171583068458,2.696413993835449
-15.991582533821994,-4.329563140869141
7.809600001042748,-6.776599884033203
-3.0331069492891496,3.6155319213867188
2.603164662477901,-1.743380069732666
-24.2572199033326,-14.919153213500977
13.667582002208905,3.953519344329834
8.19307228691883,-2.153982639312744
0.4664503305112299,2.4149255752563477
-6.46133524603972,-9.01776123046875
-19.7520332208299,-14.45703125
-7.75971004909346,-9.5587158203125
7.66334596528203,-4.406464576721191
-27.64770126959135,-7.4715752601623535
2.125547882163602,-7.075867176055908
-1.8239337240231768,-4.774816036224365
3.3696784995100426,0.3858676552772522
5.265272900492549,3.1546428203582764
6.753311816554961,1.2839093208312988
0.9434331950199416,14.283454895019531
2.13745295521649,-0.014365077018737793
2.76912169862866,3.685333251953125
2.409764321136161,-0.01996558904647827
3.7606671418030695,-0.19199728965759277
0.555665600488549,-1.430036187171936
-89.04756219223692,-40.440826416015625
6.987950206462267,13.106040954589844
-10.09410467002709,-19.35033416748047
8.16191414696451,-0.6153507232666016
-10.731303688850904,-4.0068159103393555
7.588764503474316,-3.098515510559082
-5.25293160621848,-20.325986862182617
2.3065604778561424,-6.866918563842773
-3.8022266666193874,-13.7863130569458
3.22816419080692,-0.16689586639404297
1.1941842843275,0.8328409194946289
9.772192422094813,-17.714801788330078
-2.489313079893845,23.607513427734375
-13.547300817594484,-23.65521240234375
-1.5403494549472296,-3.20497465133667
-5.139364658294922,-22.748981475830078
-1.32131943338233,-13.489166259765625
-0.5284321769112605,-6.1634368896484375
0.1119561526876595,3.0114755630493164
14.8508222506114,-2.2013397216796875
-0.0918051514147744,-4.639991760253906
-1.7237618714553775,-10.039762496948242
-1.5699354762224491,-15.69427490234375
1.5718362711845366,-4.612057685852051
3.58036180553514,-5.76347017288208
7.45084701577923,-5.421228885650635
-7.378812419643663,1.8421812057495117
-33.1832620874725,-19.519874572753906
-6.066411004621831,-3.1107306480407715
-16.4910721624856,-31.04558563232422
0.8267526169764301,-2.6582610607147217
-9.762453719841735,-25.653217315673828
8.07102955700163,-2.411888837814331
1.741670982094262,-5.53271484375
-0.0053525606393112,-34.90191650390625
-51.4043293278057,-20.692739486694336
14.9415296965116,6506.779296875
8.70853787657841,-11.92002010345459
-2.149900469098629,-3.2793960571289062
14.8229623836697,-3.2203757762908936
-0.0379657812584102,9.259979248046875
-15.3173389528898,-4.1446533203125
-1.7663441991754285,19.337066650390625
-6.708306328674888,-1.1875207424163818
-78.7451798053926,-24.82187843322754
-0.5413656534735456,-19.866668701171875
9.625121597198186,-1.413034439086914
-3.15562863494722,-13.285140991210938
9.60447820177431,-8.88021469116211
-3.31847606547329,-1.4095792770385742
-4.12581810820042,-5.26201057434082
1.7706121017107803,-9.313289642333984
0.5117341060036625,-17.98366355895996
2.63157412115867,-14.267951965332031
-4.763634360062484,-41.453857421875
-11.18181257464061,-22.511585235595703
-39.4932668903457,-25.920364379882812
9.206200380526292,-5.341745853424072
-2.93911844531118,-4.506046295166016
-28.13472322157985,-5.7824883460998535
9.62907409316032,-10.535713195800781
-7.042636248773623,-5.090930461883545
-4.03025121975644,-4.633736610412598
3.42951329804928,-1.0788965225219727
2.5565427438131976,-6.233402729034424
2.8513084033656,2.0515289306640625
-5.5623675139736175,-3.2601513862609863
16.9968892380515,0.6149411201477051
-4.144685584269085,-2.131763219833374
-11.221818720505304,-3.7111124992370605
-2.111656589218961,-2.8189306259155273
-1.626797120535592,-1.6723376512527466
0.7652624054000594,-11.394737243652344
-21.5531296050118,-16.31138038635254
-13.053772031257305,-5.730262279510498
5.42509465390903,-3.589320182800293
-5.5186956836840375,-11.481277465820312
-2.260381023139061,-3.0886261463165283
-30.3377383335249,-15.284357070922852
7.380729755239978,0.44833052158355713
-4.172986764275874,-10.774699211120605
-1.2036514942358316,-3.8990936279296875
-35.2906329121599,-19.3665771484375
-2.54595208771381,-14.526569366455078
-10.901275449743116,-12.362822532653809
-17.0078420331655,-14.788776397705078
-17.0314498829154,1.0549691915512085
-11.9784507557909,-4.179596424102783
-19.469018973061075,-4.296124458312988
-3.2142130797467816,-3.226808547973633
-0.5663484394051013,-3.329895257949829
-21.2195468929047,-38.31157302856445
8.077984978184695,3.1332759857177734
-17.0119321722455,-2.6190857887268066
4.67424026120176,-5.144981384277344
-47.9875704511971,-13.878293991088867
4.316615136301563,1.8667688369750977
11.2728180991378,-1.5229225158691406
-3.5546157663424616,-14.72868537902832
-3.15887949932979,-2.595672607421875
-1.6422791314174887,-5.806374549865723
-3.448025235667948,-17.087121963500977
-13.5632540546311,-16.55261993408203
0.8825935384285006,-1.5181498527526855
3.27100049685324,-10.563498497009277
-0.7762273913233743,-0.7773984670639038
1.026942322157092,-2.306936740875244
9.859104788483815,3.701197385787964
-1.9977872313530125,-1.3209705352783203
-13.1809903671301,5.660562515258789
-35.1782981083837,-13.496740341186523
-35.8337806803641,-4.394803047180176
-7.639409008216227,1.1922574043273926
-15.746453943284,-18.298063278198242
1.055995951979529,-0.49727392196655273
3.987299411465438,-11.103195190429688
-37.0930621901092,-7.425121307373047
16.694612728237402,-3.6476263999938965
-4.527979888097892,-6.818876266479492
14.6352674345898,11.736249923706055
5.034618319433818,1.2825932502746582
-3.77133000272187,-16.57939910888672
-1.61504571199055,-3.122067451477051
-56.3663437951974,-40.71454620361328
10.088450856398616,-6.278550148010254
-14.285610883283098,-29.984525680541992
2.6210618799141923,-5.054021835327148
-2.308732762121495,-4.713232040405273
-83.9761260280997,-17.30508041381836
-1.03656181464744,-6.183891296386719
10.16232173056559,10.932744979858398
-3.12013961477547,-2.47528076171875
3.010752586641185,-19.84625244140625
-1.5178355576616795,-6.785052299499512
-2.60072537807549,-2.051373243331909
-2.367312137177082,-7.5224432945251465
6.075310726130807,18.712413787841797
2.24572304437811,12.975418090820312
0.2044267191685782,-0.8582124710083008
3.85944773684647,-2.038208484649658
-14.409506408843407,-5.351970195770264
-2.683955047842884,16.368972778320312
-0.0075038478591599,-0.8070979118347168
7.190050317883171,-1.9775371551513672
-2.1691769605730515,-4.605451583862305
-7.910003358009165,-1.1361708641052246
-69.1366966634013,-17.596261978149414
1.437241653553571,-6.147463321685791
-20.7409218490905,-6.991336822509766
3.78247800369874,-3.0058953762054443
7.909526276907584,-10.08564567565918
6.097122298913325,-10.156221389770508
24.5800902168924,0.08397114276885986
-9.979741434164584,-6.9223432540893555
3.1327986373042376,-8.925212860107422
-8.393586343504198,-3.5511603355407715
8.678125432705007,-0.5203466415405273
20.7428439693387,-2.470933437347412
-1.511416195100045,-16.207752227783203
-23.3725501337939,-10.743474960327148
4.69437535963172,2.1595420837402344
8.24149319055937,8.137533187866211
-0.2898522089969393,-2.151268720626831
-7.19378137939456,-0.10396575927734375
1.0271109700113177,-1.407170057296753
-14.564555056626377,8.095916748046875
-9.657849716236,-18.103761672973633
-0.7280966227290082,-0.0414581298828125
-21.8962191024866,1.0015867948532104
-40.2614734397264,-11.490585327148438
-1.77750068778882,-23.127994537353516
-28.3488859938485,-17.229965209960938
-8.184373188662292,-18.410795211791992
-6.135426654744688,-5.004966735839844
-3.270422191581055,-4.5043044090271
-6.055427015859325,8.36358642578125
-34.3143130117107,-19.898221969604492
-50.4820483838523,-13.570844650268555
-4.639593570653838,-14.743000030517578
-21.0606958753072,1.05889892578125
8.747205755218493,0.16904163360595703
0.6884341878779402,-8.494674682617188
0.300408103033295,-2.4893150329589844
-17.2817979072755,-26.917877197265625
5.79128728304933,19.685379028320312
3.7921116228684086,-0.2480449676513672
0.51700222845629,6.2408599853515625
1.0966146270020711,2.1415648460388184
-6.613686761665703,-19.544775009155273
-39.873530292237,-30.58346176147461
-35.0272315856836,-15.397974014282227
0.2475632146873464,0.12390565872192383
5.59963570142504,0.5790412425994873
5.29419053806362,-2.508370876312256
6.457932781589695,-5.398865699768066
6.4251548431743295,-10.665597915649414
-19.7885249955934,-24.183517456054688
-2.4097304318056905,-0.0827188491821289
7.543407488617369,0.07587242126464844
1.83593808226401,-0.19136905670166016
-1.5082203021212124,-7.338310241699219
5.99108205682079,-8.04819107055664
-18.1797235112709,-2.067448139190674
-12.840088322870097,-15.705625534057617
-2.23616712442702,1.7599380016326904
-4.662511414401839,-0.22710931301116943
3.41802282280863,-6.41917610168457
-12.0320822507053,-6.159618377685547
-25.9801803981754,-65.68194580078125
-5.97419023328963,-17.873992919921875
15.4186986077963,-14.149566650390625
4.480465220149085,-13.150741577148438
-13.2363849677504,-10.951993942260742
-9.362863686069195,-6.339415073394775
4.128157012788561,1.7365989685058594
2.26767773086615,-2.9695849418640137
-24.1634597090208,-9.321953773498535
10.013204486477417,8768.876953125
-31.934070451053,-6.216824531555176
-22.9515728231767,-13.180313110351562
-11.219410776078313,-53.474708557128906
6.00089213826483,-1.5453979969024658
-28.9638748432599,-15.694128036499023
3.11049964318654,-1.839279294013977
-1.073248118887358,2.674089193344116
-10.249148139079496,-24.704986572265625
-13.14009076535719,-13.380128860473633
0.7364260970712593,2.360414505004883
-44.9949251983702,-3.9694695472717285
-5.159519294761907,-6.311752796173096
1.869241020829697,-27.836570739746094
-55.54568697318505,-12.327442169189453
0.3065104335081801,-1.1519775390625
-10.386374558578522,1.2564740180969238
-3.0345245902191325,-3.3259570598602295
-57.144820014625296,-12.676329612731934
2.85060083445348,-3.2357239723205566
2.446050707651698,-4.167713165283203
5.50221601830175,-10.269657135009766
3.455876052191651,0.12172210216522217
-14.6157572128631,-14.608217239379883
-0.874105623616695,18.028785705566406
-1.378759213278819,-12.43075180053711
1.350733135180331,-134.53306579589844
-1.94666134980912,-2.4757637977600098
-3.36735139960915,1.8286771774291992
0.8319171014720902,-1.1211175918579102
-40.2101205720394,-4.021673202514648
-24.577379709126298,-14.901700973510742
-18.6292132467089,-4.296658515930176
-46.39510994896701,1.1241378784179688
-2.487076105276776,-24.469802856445312
-4.752960817423343,-32.362144470214844
-0.1160299782726794,-20.71246337890625
-18.5277286275242,-4.348056316375732
-14.1325019191809,-13.89027214050293
10.909208084253878,0.21418285369873047
1.30779520720034,-4.738175392150879
-5.77436797253085,-1.5886306762695312
3.986867952152618,2.8826451301574707
-21.7936206120663,-12.382368087768555
-2.643556292002,-26.543411254882812
11.0853991753379,8.740520477294922
-12.9397422629832,-3.055994749069214
-0.190891674386513,-1.13665771484375
-6.32558602127377,-4.392392158508301
5.391699208755202,-43.65596008300781
-8.998840630677615,-3.0365028381347656
-1.6005087696864486,2.2730021476745605
7.5482379424635875,-7.946781158447266
-7.642910278690365,-18.87902069091797
3.719171936095444,8.596259117126465
-0.8981307679622897,-8.814956665039062
7.06032809637297,3.4067091941833496
-3.134999611446543,-0.25691989064216614
-5.94174589421185,-1.6415061950683594
-17.7883076547542,-13.945671081542969
-25.2381267145584,-13.863229751586914
-27.5445722402187,-62.122406005859375
2.6678241356197647,-0.3219306468963623
5.02066543392875,0.5477895736694336
-1.67197513843126,-14.907888412475586
6.58117049992555,-1.8709360361099243
3.12612254618191,0.019123554229736328
-2.1147225087047508,-1.5028419494628906
-76.9668504799361,1.3829033374786377
10.11870938841209,4.603782653808594
4.755697845162629,2.4595284461975098
16.5479703149859,-1.4610756635665894
4.001938538520379,-4.432241916656494
-14.1813773041305,-16.127281188964844
0.7709161631446207,-2.9497039318084717
-24.2508933717269,-2.279141426086426
-22.3071231538392,-15.433011054992676
7.2595381633228,-0.750699520111084
11.555346181601609,2.2170212268829346
-26.258782255785,-5.898691177368164
10.3189652047012,-9.986164093017578
0.809697096857583,-8.343554496765137
-18.5255095356289,-15.927021980285645
-1.0680791130593923,-8.676382064819336
-3.5390830989045075,-6.112067222595215
10.468583156479704,2.674525737762451
-10.613183176373598,11.902259826660156
-6.40442742836347,-1.6738927364349365
7.196532980977684,1.4027462005615234
-10.586292641023492,-0.7496533393859863
-26.79502671025515,-61.95475769042969
-7.187555808667961,-1.4098410606384277
5.4465900456679694,0.5386099815368652
3.1988276731025875,-3.6528987884521484
7.827394642815597,-2.9911179542541504
3.887422638441485,-1.0805935859680176
-3.41466344580097,-6.668883800506592
2.667044757168528,-11.165412902832031
1.0590749185315824,9.16057014465332
-3.9965921287470247,-4.450383186340332
10.982614675109394,1.3241355419158936
0.4076170529080399,15.355743408203125
2.71319811317338,-0.669827938079834
8.652061852316729,6.062835693359375
-0.6579761516790089,-13.171794891357422
-51.6773231694491,-19.021745681762695
-2.8325461302865187,-1.9817945957183838
2.12749125232924,-15.014986038208008
3.562549470771905,-8315.88671875
-16.517773128145326,1.5820369720458984
6.874655354673765,-0.4943317174911499
0.2047767843086013,-2.3079943656921387
-2.698758931910008,18.69183349609375
1.8601156760560384,2.301253080368042
-22.2455703021075,-14.825908660888672
2.4288820651169605,19.0303955078125
-16.8307740899425,-0.04910719394683838
20.7191486697607,0.9288690090179443
-30.7261055182573,-16.710548400878906
-38.4849400567448,-17.213165283203125
-14.3103126367969,-15.2572021484375
0.7860328468455551,17.910823822021484
-48.3858044800915,-15.363081932067871
-3.21662088766757,2.2394559383392334
1.675245639565673,1.1215095520019531
-90.3299705619704,-14.960025787353516
-9.28527551691871,-4.048131465911865
-1.2293411329062325,1.8983938694000244
-4.534682244798708,-5.14811372756958
-68.1959205924323,-18.74410629272461
-24.5242345195019,-26.300254821777344
-2.77042962989298,-3.78434681892395
3.8009101564042025,-2.642383098602295
8.933703319425492,-4.0298614501953125
-11.341527235964405,2.3424453735351562
6.71098989067457,-1.225614309310913
4.54734483862441,1.493642807006836
-5.16341129781556,-6.836621284484863
-49.062306315025,-17.58155059814453
5.26551760771767,4.0632781982421875
3.33951124606136,-0.1337718963623047
5.006519903780723,2.3910369873046875
4.05485944970297,0.2835075855255127
2.283405953189745,-51.07496643066406
-2.66483863280114,-4.2401323318481445
12.566471603210276,0.031259238719940186
-27.9020155354992,-5.018423080444336
8.88265541550952,-3.3136563301086426
0.1652887870268324,1.100246548652649
15.4985727759109,-1.4033151865005493
9.014890317831036,-4.055058479309082
1.4803529144374856,-2.5028343200683594
18.1939100849816,1.115452766418457
-2.6304973605131474,-0.9207096099853516
-5.493763326806099,-3.4470887184143066
-0.6715208179901364,-7.977534294128418
-36.7383193130824,-3.7678070068359375
5.062784719364307,-1.4261902570724487
-12.026803679110706,-18.01451301574707
-3.01321716593974,-1.9254167079925537
8.35813394800668,-0.22782135009765625
-3.60075442831331,-2.7779855728149414
-9.509135784465323,18.17568588256836
-19.6175855102284,-6.437646389007568
-27.8629509568953,-3.74458384513855
1.74273211890989,-1.6685264110565186
-2.19578977406709,-0.42400479316711426
2.42002639701588,-2.9482336044311523
-25.55316918036869,-8.375167846679688
5.635020609606415,-3.6193037033081055
-34.727836669101,-7.073467254638672
4.4516036428765,-3.6706833839416504
4.967381413305823,4.81719970703125
-6.81516141534704,-4.408514976501465
-24.3954295810688,-9.775005340576172
8.658679095048068,1.7880275249481201
3.7347243087796,-2.9433364868164062
-12.909633143366396,-9.465771675109863
-60.49569009623433,-17.7642765045166
-3.790702882666694,-2.519169569015503
-12.41068356063,-6.916568756103516
2.76740193393285,-6.093653678894043
-18.9061714872788,0.531353235244751
-3.681083449701528,-17.09457015991211
8.13893448615947,-1.2808153629302979
-51.402683514636095,-17.813566207885742
-3.0703466753296,2.6438775062561035
0.4646043967887734,-4.02079963684082
5.989492839405608,11.844974517822266
8.833837192566008,-1.239565134048462
-26.1965705632023,-5.15721321105957
0.0804428699766095,-1.9424059391021729
10.229168329440906,-6.48659086227417
2.12042655289975,-3.230614185333252
3.88810032819938,-10.367900848388672
-31.515616413872173,-6.268795967102051
2.28163515100639,-12.727849006652832
-9.633163292669298,-8.669825553894043
2.63206586722876,6.390458583831787
0.3189015990893598,-11.044007301330566
-6.31868596379813,-3.5519485473632812
-6.4648984000359935,-17.54875373840332
8.91646092056966,-2.5118818283081055
-42.637521131086125,-10.918682098388672
-89.5439156156453,-29.946495056152344
9.179556151687803,-1.1154327392578125
8.754663680824095,-7.725579261779785
0.8838679103249854,-0.40139591693878174
4.338369925074482,-2.989230155944824
-18.23432595343749,-8.631630897521973
6.92534745147092,-3.42114520072937
-1.768261666543676,-0.1717982292175293
-7.87226820943855,-0.3359527587890625
-12.0847368637308,-7.282336235046387
-4.4222229386498375,-5.538552284240723
6.63109301847755,-2.6637935638427734
1.675381804264854,2.418900489807129
-6.897600670415837,-21.116573333740234
-12.2774867069717,-12.191524505615234
-3.963646539183849,-1.8843410015106201
-2.552277046947741,-2.5804238319396973
-10.78700495517378,0.7890548706054688
-6.426376983867103,-3.2107393741607666
8.2142562177934,-1.136899471282959
-16.967828162594074,-1.7260173559188843
6.07843040491799,-2.5449419021606445
3.08443697315444,-1.9423446655273438
-1.3811964732242277,1.489471435546875
-4.51305804704249,-16.863357543945312
-9.93375477053989,-4.658415794372559
-0.6581754288220045,-2.7637453079223633
-7.952166005584182,-14.700532913208008
-13.563015982384195,-4.038759708404541
-47.9957157156951,-19.479228973388672
4.96190002222477,1.0726699829101562
-2.0240269290899,-1.703486442565918
3.47166270740147,-0.04286003112792969
-5.2815921348029296,-2.488797187805176
2.369358494612781,-2.257551670074463
-4.214346026907057,-13.268664360046387
-23.8934551543691,-15.746273040771484
-1.0659561461183158,-7.300444602966309
3.126169348435272,-6.719657897949219
2.35164464781062,18.719337463378906
-1.79502295092813,-4.0779314041137695
-15.957982665262508,-19.94182586669922
-64.65676531723692,-26.27593421936035
-27.8195558011628,-27.95642852783203
-10.480511156242285,-26.229896545410156
-6.18357684414468,-3.1122632026672363
-6.75960002722117,-4.119039535522461
4.4105627388370605,1.3939361572265625
5.58846482112586,-2.6337203979492188
-16.8483709423333,2.9449005126953125
16.1850033157246,-0.14580249786376953
-3.34531377329845,10.600677490234375
5.893700156574014,-6.205357551574707
2.745769909533195,-8.786762237548828
2.53362859007723,-4.213764190673828
1.0880788430276551,5.356245040893555
