Score,Pred Score
-13.812973987503693,-0.449066162109375
-14.6311710829416,-10.03900146484375
-15.020937907067507,-12.019292831420898
5.61896917638109,110.31094360351562
0.1461877509898399,0.6877651214599609
3.59745169898486,-8.060539245605469
-6.72144892291601,-12.057881355285645
4.304204520484877,61.62031173706055
3.37898618824583,173.81712341308594
3.939818822274421,63.07489013671875
13.9953943577381,-22.205791473388672
-5.39913759737588,-29.894149780273438
-2.204579993178592,-11.378332138061523
8.829561804598438,-4.110222816467285
6.01696699102072,-3.5344161987304688
-6.376202369524528,121.12443542480469
-6.50906463316165,62.791961669921875
-60.92137282626391,54.10906982421875
1.99934019108803,-1.1774616241455078
2.188685633501576,-16.674116134643555
4.07090957771029,123.604248046875
0.5211206139658471,85.89672088623047
12.5580583918003,-9.312198638916016
3.320229681965675,136.48138427734375
-0.4381862293696001,-9.713775634765625
0.1752112379752922,4.947331428527832
4.123908949931413,106.27484130859375
-14.2382866820043,-12.93933391571045
12.966325580978296,-11.965372085571289
7.692941411907634,-11.697029113769531
-62.9031214125763,-7.22294807434082
-5.800670766453999,-9.311123847961426
-11.705366535732304,-25.4891357421875
-4.786538605318405,-19.965717315673828
-82.4887013651952,-14.34390926361084
-8.251107402184557,-5.5878729820251465
1.61677665352485,2.0835118293762207
-11.916211326129387,-6.754634857177734
-45.634880019414,-7.61898136138916
-0.568998602339841,1.891057014465332
-12.147399114840605,-29.115238189697266
-27.4476544011683,-10.446575164794922
-2.306526469902426,-16.97177505493164
-0.4835459876036119,-1.3247404098510742
-8.39479061793487,-9.091693878173828
-46.862925671502296,-10.366813659667969
0.3837795244341289,-11.765542984008789
7.184930267876617,133.7843017578125
2.8348518495029404,-10.044986724853516
-9.859535687586003,101.61994934082031
-6.00025755794808,-10.171491622924805
-4.764629840066975,182.48452758789062
-2.377061578670744,9.357803344726562
-2.0585753436264698,-7.330316543579102
1.1848602197973823,87.875732421875
4.97603191479674,-25.275686264038086
4.27399441028646,-0.36356163024902344
-46.2372447228831,-10.482746124267578
-31.4759298257721,55.797882080078125
-50.1674018945849,-14.739301681518555
0.9601515747159592,-2.4990501403808594
-11.864177458483407,64.45281982421875
-0.538262620928304,-13.963079452514648
-0.6920482116816997,-14.547102928161621
-1.5184696160120892,-6.557933807373047
-3.0836644409391925,-0.8684482574462891
11.316750179392892,-1.6322546005249023
-11.183106529127476,6.469526767730713
3.59102041590596,-15.33837890625
4.55602013063716,-22.89937400817871
11.579228393987275,-9.482837677001953
2.3067635611900137,-0.3936300277709961
10.480393919522983,-15.494803428649902
-2.698100773809443,-17.266197204589844
3.776985072333982,-104.63777160644531
-11.773766374328297,-21.7808837890625
8.681027307740193,-52.87496566772461
-1.1091988250418725,-15.716944694519043
4.484288991501213,-59.197540283203125
0.0548896546292299,-58.86375427246094
0.1118559290339978,-4.824265480041504
3.9797293996962297,-11.052907943725586
-22.42608065327665,-5.197440147399902
7.37064384347005,-10.862972259521484
-0.2642143205483515,-20.132522583007812
5.344594984386832,-70.2007827758789
-1.2497809936708242,-9.555426597595215
13.71198107208239,-11.568178176879883
0.5045482395984724,-33.82781982421875
2.86709961553106,-6.2854509353637695
0.4423212163888063,-59.061431884765625
-3.724573545179619,-17.211536407470703
0.2570808252882703,-115.66551208496094
-70.65073406723695,-11.168126106262207
-33.9587360563784,-24.326148986816406
9.2088386022025,-5.209472179412842
1.3318185914773402,44.30354690551758
-9.176001953270983,5.124411582946777
-10.497767159210698,-27.120996475219727
-0.4402086584014632,-4.285897254943848
2.1560784090827942,-6.799294471740723
-27.1636490162131,-7.860198974609375
-0.670930828719279,-4.086103439331055
-22.794043146736,-5.638289451599121
0.8105828534072201,-44.9059944152832
1.2287673509824204,-9.891019821166992
-0.6435038581465955,-6.406272888183594
8.474782023793379,-5.168157577514648
-9.601847091024196,-53.07032775878906
-1.6610011043127195,-10.455562591552734
-0.1091636509260827,-5.070865631103516
7.570838092245207,-12.132447242736816
-7.211196994815285,0.1310749053955078
9.090654061652296,5.51744270324707
-26.6651088566214,3.8771543502807617
-17.309192174305,7.246859073638916
4.14054171285972,-5.2704620361328125
4.097668935846943,-23.63270378112793
-0.29408409265346,0.19765090942382812
-35.8165916579592,-16.18771743774414
10.898098675545494,-21.704092025756836
-1.6552655274048038,-17.639400482177734
1.6729502580778592,-4.285333633422852
-6.42491227706334,10.574899673461914
-15.4752611754195,6.27133846282959
-0.6907348474047925,-1.9336051940917969
-21.3629045873375,-4.167819023132324
4.219145585451182,-12.854705810546875
-3.019531285218114,24.42987060546875
4.25311060075082,-22.86652946472168
-15.0412339008878,401.9677734375
-8.237627320974727,-24.861417770385742
-1.0683487237199796,133.28517150878906
-1.7174251595272625,40.35719680786133
4.069163600073605,-12.978549003601074
-10.162041561092582,-8.249772071838379
-5.97248436581227,-15.102192878723145
6.120538767403939,-6.399972915649414
-0.8028238008287005,-11.545368194580078
-23.6042929930625,-13.832280158996582
-0.1777753404752198,0.13261127471923828
-5.785469568057495,-10.182425498962402
-0.0556983764780604,-11.545124053955078
-25.4508968849616,133.82005310058594
-5.3185412482723295,-6.94859504699707
9.1356503291117,-10.925901412963867
4.020569536845237,9.791305541992188
-58.5527340809363,-5.587132930755615
-6.291328737399075,-8.48696231842041
4.187869588752649,21.977073669433594
8.922207576391518,-14.80724048614502
22.7414116448382,-3.9684457778930664
-44.6057608529879,-20.804628372192383
-26.5129077898497,-12.224857330322266
-2.13735826282737,-4.658152103424072
-1.14890133483728,-11.999670028686523
-15.2234416939723,-14.787813186645508
0.369316059642221,28.654403686523438
-0.6884117876070912,-11.677179336547852
-5.8772631055401,40.82963562011719
3.6053774296538297,10.20010757446289
5.07108724357905,22.74801254272461
1.292753014965791,-2.0656280517578125
8.440986836263871,40.61115264892578
-3.43040335892423,-13.094482421875
0.7651079053562314,-7.210394859313965
-37.13962469223695,24.965984344482422
-5.822632503482525,-20.878292083740234
-6.879472048396067,-5.345214366912842
2.11024229353816,-13.091290473937988
-7.1526743450051855,-10.044683456420898
-1.122073026503361,-19.523439407348633
0.3302260274555297,-8.35525131225586
-1.178255647098801,71.62542724609375
-2.99361591491145,75.1197509765625
-18.1070051290659,-26.292922973632812
-3.0332808194811403,-4.548966407775879
2.6303171850506604,57.0167236328125
-9.72499716390718,-20.330278396606445
0.2729453578388601,137.86691284179688
-21.4503408223732,-6.416769981384277
-4.99755531471552,-12.003316879272461
-18.0018409950579,-4.664393901824951
4.00031385473591,-13.73769474029541
12.0378145652987,-30.855926513671875
14.1235470599023,-15.710618019104004
6.55729051148795,95.95950317382812
11.19992297656359,-2.7317585945129395
-7.81388191369781,-13.814777374267578
-2.924593214648255,0.7049713134765625
3.7667366885646025,2.9976096153259277
-6.68253431604433,26.2142333984375
0.7345204104922589,-4.247814178466797
-10.626155896203898,2.0436291694641113
8.106852576346123,-11.430730819702148
-58.24412469223692,7.123884677886963
1.4955767028094,-55.99736022949219
-17.6906096863185,-3.5063695907592773
-4.813871520282443,8.083688735961914
-11.8973420493851,-95.75
-2.67676896274171,1.4245104789733887
-3.9331393974605526,-430.3666076660156
8.756217929094177,-5.234915256500244
-29.2662792150344,-1.519650936126709
1.7249239205326918,-11.957502365112305
-6.686975812883663,-18.01312255859375
11.10272802991041,7.132157325744629
-10.956818171714705,9.175043106079102
-6.3500959185649,-10.160154342651367
0.6681105368389735,-185.95355224609375
-12.500029270357295,-103.26922607421875
-2.591242863373206,25.38084602355957
5.954690473588823,-30.43161964416504
-43.929359067237,2.851926326751709
-17.4841411730512,-4.470558166503906
3.61441892535489,-8.290380477905273
2.1112971208509976,-8.774572372436523
-41.8026500314277,-28.12092399597168
7.028135642932115,2.686067581176758
8.463248256721428,42.82574462890625
-13.037072413777096,-26.379316329956055
-1.6307504375632549,-316.25042724609375
-0.3284521577656807,31.820301055908203
0.4685622181175212,13.571319580078125
-5.316952415477393,174.57009887695312
4.584421564331302,-4.886268615722656
-20.3593816575191,-274.6097717285156
3.67041582610247,2.660970687866211
2.204062447972561,-56.652198791503906
-4.666937653128132,-29.798492431640625
-12.3781694316975,-3.823770046234131
7.06923762363823,229.78192138671875
-37.2883298194418,22.530864715576172
6.442434166934048,-4.376791477203369
-12.2162083245621,0.16042089462280273
-20.3623076046531,9.675862312316895
-5.45440876641342,-3.3120651245117188
3.1416241584890576,11.880939483642578
-4.96580172718434,3.102173328399658
-37.4061766871973,2.1927037239074707
6.46185690649625,-14.496936798095703
0.5403453062071405,-81.18057250976562
8.656689402528613,-4.405953884124756
12.331931266595111,-18.27361297607422
2.75380173901167,-26.894004821777344
-2.8447496930443927,77.18148040771484
0.0285872237409883,155.30047607421875
-73.5286754265322,-10.133434295654297
7.285509446842615,-34.282318115234375
6.72046542688671,3.7497692108154297
-6.19730890695259,2.293640613555908
-16.4599719883519,40.27477264404297
-10.288292260688207,-222.15478515625
-10.285920522724917,-7.953577995300293
-30.8171784242839,-10.860278129577637
-4.65691689928222,-445.1108703613281
-37.1716279374795,-3.5182042121887207
-36.50577458359941,-1.2139899730682373
0.7942566624333496,-32.99591064453125
-34.8552692363716,-9.823602676391602
-2.491707941339629,-10.219063758850098
1.7387039934851498,-7.9978227615356445
18.9715733525152,-4.52314567565918
-13.8996269060666,-4.560220241546631
4.17561229224804,16.659912109375
4.7680640763497,7.130115509033203
-6.745372906074374,62.8260498046875
7.262818938793504,-2.1943817138671875
-55.7541546140486,-11.175431251525879
8.453421074249384,-9.38473892211914
-5.85807143580148,-3.325652599334717
-52.7336020518746,-5.335299015045166
-1.995826789875676,-39.777862548828125
-1.3326443092463092,-9.59123420715332
5.029017096161708,-6.500550746917725
-0.71117494174041,-3.898050308227539
8.243548509216069,-6.265139579772949
5.81602235619721,11.076882362365723
5.978124919049687,-2.202028274536133
-2.8859593337581737,-98.13156127929688
-26.0047332498617,-9.773909568786621
-1.5220929784942658,6.295623779296875
-3.195242757261453,-2.6495981216430664
-15.0089303719363,-15.296615600585938
-1.757118944268968,-5.436994552612305
-13.5091075877696,-5.319305419921875
-4.0681667574955,-12.507715225219727
4.43276114617859,-9.685287475585938
-4.665207913971671,-0.2059168815612793
7.33919324558513,1.9077110290527344
-11.69780882660921,11.99142074584961
5.960801203295765,-11.238245010375977
-29.9162730471743,-9.860834121704102
-5.331847529263395,-88.40585327148438
4.2006804390709,8.99574089050293
4.76541245752904,-10.307526588439941
5.87221574658101,-507.6016845703125
-12.955988512618,-40.305572509765625
-14.4061745570978,5.389620780944824
13.644333664082708,-14.006543159484863
7.522446474796843,-3.3801956176757812
2.858782897786812,12.616241455078125
-49.8653288018085,-3.0410475730895996
-4.029904705212941,-0.8820457458496094
-6.2026319104393295,-10.080854415893555
4.452168509343501,-10.868517875671387
-16.475900892606802,-192.13250732421875
-11.03094492075089,-11.979520797729492
-8.08045020128908,58.36564636230469
1.39259946716825,6.561542510986328
-14.885807229381896,0.9240236282348633
-11.113180908425988,-2.510911464691162
5.506094216928792,9.077726364135742
5.29091659278858,-15.438522338867188
3.42106467876526,-15.097906112670898
5.162821279449693,-6.273350715637207
6.020551076354931,0.6977558135986328
0.8086942897832163,-782.51416015625
-8.80546181278599,-4.385179042816162
-7.42349600405968,-3.4354934692382812
-14.4731176558811,-11.607532501220703
-35.5448186771701,-13.840241432189941
-1.657597602265355,-2.6243858337402344
-1.930224441335125,-5.626230239868164
-10.398648228661925,-3.287167549133301
-1.6521884315998507,-10.145570755004883
1.3131129859732091,16.495986938476562
-0.1240821746904601,-16.797563552856445
-35.1709788883515,2.6046619415283203
0.6771989561182002,11.335365295410156
-5.8677981963370005,-6.264225006103516
0.7982616963508231,-11.496325492858887
2.595279020812243,-9.345617294311523
6.9472187772133225,0.50006103515625
-41.1395198834054,-11.865283966064453
-35.4604736838065,3.2935867309570312
7.87379173269718,-12.471729278564453
-8.72128086410909,-5.017546653747559
-82.13826531723697,-7.7540435791015625
-9.70693692529289,-6.041051864624023
-61.4386715672369,-8.161890983581543
7.10938257895085,1.7543907165527344
0.4007388327427847,22.304473876953125
-0.7455370396145937,-9.473773002624512
1.674966057420845,12.79578971862793
11.877856996640997,-16.424053192138672
-0.9096556467231308,-10.440096855163574
-1.4680391508473674,9.358068466186523
15.6414782015599,69.19703674316406
-10.35739215730591,16.61224365234375
1.926107182225645,-11.589706420898438
6.99756701325662,1.1073684692382812
3.54836143321337,1.5502738952636719
-7.726553411266567,-4.661916732788086
-48.51478094223695,-0.07998180389404297
-3.0453156276270903,42.779083251953125
-3.454798154796729,1.4712457656860352
9.503977484174175,5.492807388305664
6.001532732018722,-7.398885726928711
1.775572054007981,790.7012939453125
-2.6871577689602653,-14.779725074768066
-7.920344649869953,3.9635581970214844
2.578081311550471,70.991455078125
-14.434457477598505,-7.999300003051758
-1.338045882914232,1.852682113647461
-44.1817825469333,-10.336471557617188
2.4314234692194163,-11.180177688598633
-2.35314836228574,-17.808773040771484
-2.07036107592124,-8.083861351013184
-6.560167066336443,6.645990371704102
-2.54688332955635,16.697723388671875
-7.940842049461227,1.7928466796875
-7.789052707582185,3.2863311767578125
-1.4295761119406232,-13.243967056274414
7.206977941743588,102.07632446289062
-4.081394009803599,49.57666015625
-30.167243616457,5.8887939453125
11.7225687296843,-9.324451446533203
-0.8984319813221007,19.9595947265625
10.349523074958825,-8.850717544555664
5.42147270471237,-5.887659549713135
-0.3136273830120112,2.593118667602539
4.398848813602776,-12.849671363830566
2.099307195887115,-9.51683235168457
-61.6890402284636,-49.07269287109375
-7.08434802004719,-15.044231414794922
0.6962467393230812,-22.59740447998047
9.0758909366509,73.24688720703125
-1.9263965715605047,-13.692822456359863
-6.262949496708321,-7.538295269012451
-4.739766082030863,200.08160400390625
-36.8822022827233,-23.721599578857422
3.24770439300306,-18.114646911621094
-2.289513933263135,-14.503695487976074
1.41805545618482,-12.77058219909668
-24.4432878855492,-12.974153518676758
-24.96156751119129,-79.35260009765625
-7.734574598544068,114.38462829589844
2.79124989437018,-11.853375434875488
-5.17831154550348,-15.956745147705078
1.5275640312561216,-29.698514938354492
3.682989905065457,92.52074432373047
-10.8237586662752,-25.003917694091797
-6.929951553081727,0.1854686737060547
-27.96215708599589,-17.422821044921875
-2.88087637063392,25.2237548828125
-5.960419628776203,52.30101013183594
-37.189874708633695,-35.4272575378418
1.1496085756031087,-18.457534790039062
-12.7137936794919,-15.237201690673828
8.398744223780918,-14.845669746398926
-33.3004252633332,-0.031546592712402344
9.144089281431205,-11.750286102294922
4.065326821312747,-63.200927734375
-41.9047429025821,-3.491697311401367
7.383552345763623,-0.741997241973877
6.364261125349779,-10.272929191589355
4.841793570156368,29.200265884399414
1.6198341998494314,-17.167665481567383
4.179707781567577,-8.754850387573242
-14.7229944429405,99.2428970336914
7.078924552126015,5.731799125671387
-12.898019313824,-15.991018295288086
-70.8116033690518,-13.6198091506958
12.7359625054994,-4.218803405761719
5.586124430090477,-5.92011833190918
3.028467183462371,-14.567557334899902
-5.830142578087577,-4.778765678405762
-22.6841489367301,-15.807905197143555
-1.51657819068512,20.050392150878906
-81.52648016021857,10.44891357421875
-3.36903782007548,-25.58160400390625
-18.707844022,41.6107177734375
-34.48768519828235,-13.876089096069336
-39.7169735486916,-3.9657764434814453
-1.593720937577549,-12.304450035095215
-23.2954444871652,-7.203763008117676
-45.30258920076982,3.1031856536865234
12.5056328567953,-61.02227783203125
-11.9299972333177,-5.622624397277832
-37.9495035857927,12.5732421875
0.7001962140772594,-19.748743057250977
4.49418879319923,0.52392578125
-39.0646563811545,-12.112871170043945
-9.09730633851708,-7.2169413566589355
-17.5589533745204,2.184391975402832
-4.92782811871599,-11.377289772033691
-8.2299173561342,-12.530696868896484
2.60625970962018,-65.49282836914062
2.726862934921635,15.334081649780273
4.071661498679735,8.904923439025879
-13.2494383747796,-1.4926013946533203
-11.9154244975033,3.990575075149536
0.9090871567987184,2.1065940856933594
7.92708077877978,-8.583789825439453
-3.119647295186995,-17.000690460205078
-2.248378586620203,6.102065086364746
1.6646916021852596,4.443652153015137
0.1590569364430157,-13.822248458862305
-77.3623903172369,-0.24286460876464844
15.8859560938761,4.789262294769287
-3.11888044241469,3.119882583618164
-2.7468186065138984,-4.76424503326416
2.77922195660905,-69.64144897460938
4.052279150357491,58.820980072021484
-4.03806373695381,1.6177067756652832
-2.4461467814868523,-101.1693115234375
-0.1639564470097907,-10.203132629394531
0.8542168432631491,-7.816972255706787
5.84905996845087,-5.964016914367676
-5.77665564868809,3.4644651412963867
-3.7008288999313423,-60.95811462402344
-7.18713065449027,3.474618434906006
-0.9529303605806088,-1.4853706359863281
-15.902118442879,-7.248398780822754
-28.0636361890057,-21.606536865234375
-26.912205886836706,-10.212775230407715
8.596988309863011,-6.9828314781188965
0.2877587512502297,-2.645933151245117
3.3899996482015826,-16.658443450927734
-20.5869014386951,12.265192031860352
-9.341800010912078,-85.7732925415039
0.1692077246922899,-9.050716400146484
-1.857666460494741,-61.63878631591797
-13.2752747780792,-9.06753921508789
0.7445982178878973,-11.51594066619873
4.49646859469848,-4.175872802734375
3.60913262992784,-7.871152877807617
-5.653435188749545,2.9957265853881836
1.51502173443586,-11.035653114318848
8.143116180793372,-15.663942337036133
-8.36164856265281,-11.355635643005371
-1.130678948105339,4.858684539794922
-4.349210006555943,-17.943851470947266
0.2594141505344826,-15.805294036865234
-32.1283374054069,-88.64578247070312
-1.9051378030600723,-5.605867862701416
4.768047800449637,5.448712348937988
2.264898495983479,-14.763484001159668
-6.47138721063866,-68.1253433227539
4.93167956005568,9.299033164978027
2.4851768276660025,-6.3129072189331055
-3.930469946192945,0.16011714935302734
11.923948375295712,-5.005836009979248
11.616605850275496,-13.63170051574707
10.41580460128629,-9.362871170043945
-8.700462669667385,5.99263334274292
13.1991243046288,-8.873055458068848
-4.75101729862813,-0.2554664611816406
-1.4230966237807086,-242.8603515625
-2.07861348348741,-8.821975708007812
10.292368565007404,1.698305606842041
1.9007667723773176,0.7657308578491211
17.1612744381531,-10.606352806091309
-0.1428452494230792,-0.4652080535888672
2.4933992323843923,-2.590862274169922
-13.861300672159,28.067720413208008
-1.7943154401891548,-1.1378049850463867
-4.15624175439773,-26.853063583374023
-14.277645616907492,-7.13018798828125
2.713132201978397,72.59967041015625
-13.315456279797685,-8.428428649902344
-5.36204355968609,73.41522216796875
-1.4872271509121793,-7.239362716674805
0.31232235517322,-3.706846237182617
3.0307168501552093,-1.6999931335449219
3.4484762474106,-12.980770111083984
-34.0729170807354,-9.751096725463867
-25.0659802428987,135.140869140625
0.86771933446589,74.8863525390625
-11.996919710325,-8.181264877319336
17.2594267615487,-10.780376434326172
-56.2560888739038,-11.199957847595215
-12.7386491421071,-9.527034759521484
-3.520787796436005,-23.483854293823242
-0.8014467498558491,7.793425559997559
-34.7812340468876,108.33135986328125
7.158235365631607,-24.907651901245117
3.29681579894721,-35.920772552490234
0.046018285265003,10.92678165435791
2.046344769010002,40.867427825927734
4.25403099118957,-7.731410980224609
3.7804230286959792,-26.1335506439209
-3.773219093074008,-34.68569564819336
-9.722403045722997,-37.05839157104492
2.81101468536903,-13.833221435546875
-23.7494411406013,1.4079666137695312
-75.56229656723696,-10.53409481048584
4.366245372711767,-12.016138076782227
9.94612085382829,1.00665283203125
-8.207132148775708,-5.169029235839844
-3.09775596823669,46.623104095458984
3.77256113899207,-3.653108596801758
0.2016574678685985,14.399585723876953
4.38808277416547,88.591796875
3.7092867134231,9.504461288452148
1.6740112862957208,-36.643402099609375
-5.472376660417956,-4.181785583496094
12.283123760680592,5.711635112762451
4.417989059347175,-9.394046783447266
1.907333647224608,-30.25165367126465
-3.73521146317182,-4.605281352996826
7.837521570550837,-10.20060920715332
4.82455755953161,-25.897981643676758
-0.6472060937938101,-8.173921585083008
-8.237956686764985,12.524419784545898
7.36579899286375,-19.78518295288086
7.859716520666763,13.473630905151367
2.765011277030255,48.87339782714844
4.62415639298937,-2.617791175842285
6.430237727930085,-6.166049003601074
2.44728958086436,-15.570549011230469
-1.93656353174353,-11.56310749053955
-33.7845903951132,-12.241628646850586
10.960301672714698,-15.719082832336426
6.147225205740463,9.254037857055664
2.4659746492236927,-12.52863883972168
18.2642273209106,-14.556062698364258
7.656482330373112,-13.437955856323242
-63.2346715672369,4.714761734008789
-22.9610154952969,-37.74458312988281
4.39789099231211,2.717226028442383
-46.587141393021525,-7.037596702575684
-12.281506448986304,-1.0302047729492188
5.220668557811489,0.6629390716552734
-1.4412632820262703,1.4084529876708984
-35.163016426576704,-74.91134643554688
-31.380009974583203,-13.386472702026367
-40.7258600860177,10.41862964630127
-35.3994683825842,3.9153194427490234
-10.968565079401992,4.927623748779297
15.384553292915324,-9.294344902038574
-0.4271227388875901,-18.508413314819336
-7.69948364751984,4.843289375305176
-26.6822467124322,-3.111985206604004
-0.2823200449385875,-35.976898193359375
-3.8453528225106623,-8.546218872070312
-2.4599041427842496,1.6043386459350586
-12.7315114055493,-23.435583114624023
1.418014053180695,-141.95809936523438
-3.4922781726655696,-79.78970336914062
9.58062385928767,-12.095308303833008
-17.5801214502402,6.837456703186035
-49.5120706514507,-3.291445732116699
-0.4503474699443348,-9.363363265991211
2.332279780348585,71.34030151367188
-42.2483635713802,-3.6661596298217773
-5.00028834575103,0.8533601760864258
-5.14141487663266,3.3969249725341797
-19.923371510770203,-14.47189712524414
4.28301459624688,-35.155517578125
0.3224388648416145,7.945743560791016
6.795393661635613,-317.18695068359375
6.720388221210122,2.146587371826172
-20.7558388881914,-13.930679321289062
-12.5922662394529,-4.105892181396484
-5.19085420781142,-7.329917907714844
-27.3858072066324,-4.279685974121094
6.488490212037078,-12.474559783935547
-12.5233171201947,1.1462745666503906
0.996650643215182,3.332355499267578
3.27144637329635,-7.075502395629883
1.203208947199059,1.3870506286621094
4.5031585012656095,-223.447509765625
-46.6686841099013,2.248849868774414
3.600655729290548,-2.0061264038085938
-2.7077151362496297,817.876220703125
-42.936846127142296,-5.583681106567383
2.679404112105611,-10.806427001953125
-23.975827854410426,-21.373004913330078
-24.4869919201538,-45.5635986328125
-6.22433036882608,-1.195596694946289
-24.992167376126925,-8.39294719696045
-9.742168339465294,-63.27104187011719
0.1235817830644999,-15.842348098754883
-11.607028837624,11.756145477294922
5.321680837772678,2.0603208541870117
3.3452637215970498,-159.48739624023438
13.015759276594096,7.991310119628906
-6.13466459150186,-80.4202880859375
3.0897024917955025,21.099437713623047
3.557691046156,-9.505577087402344
2.0008593011464906,-9.063420295715332
-1.2671721747064446,-9.638711929321289
-2.989164004622407,-6.245037078857422
-2.43808381047612,3.703871726989746
-11.30813578108209,46.01025390625
-9.619042312244815,-63.398193359375
-4.01456885639382,43.223480224609375
-4.853312003098937,0.2723712921142578
2.78743688363977,-71.31857299804688
3.6035536346157695,-44.955596923828125
6.09033976794457,-8.664265632629395
-5.89266438028177,-6.925630569458008
4.780848076735348,-4.258699417114258
-20.7592210135025,-5.610544204711914
-3.637071869773312,-5.744655609130859
-4.396710286499547,-1.2794361114501953
9.04709717330502,-2.9011144638061523
1.69213972357191,7.843414306640625
-27.068723822751306,-38.92168045043945
0.2886204877907422,-14.06119441986084
-0.592182005541919,-5.001763820648193
-4.736229867816737,-10.762619018554688
7.877641553655238,8.485567092895508
-2.588665914009158,-5.839499473571777
4.72846919446815,-1.657252311706543
3.42669038506664,-2.811288833618164
-10.274169876330886,31.942703247070312
-1.289264920121349,-1.2069244384765625
-6.9648772325347394,-5.195583343505859
-1.2236747050651609,-0.48801326751708984
-12.208208404490907,-13.069787979125977
4.40921359309415,-11.78088092803955
16.4171583068458,3.0752053260803223
-15.991582533821994,-2.159144878387451
7.809600001042748,-15.789626121520996
-3.0331069492891496,-7.975676536560059
2.603164662477901,-0.00543212890625
-24.2572199033326,-6.203741073608398
13.667582002208905,13.243246078491211
8.19307228691883,-1.972062110900879
0.4664503305112299,-5.787628173828125
-6.46133524603972,-43.18977355957031
-19.7520332208299,5.823455810546875
-7.75971004909346,10.99212646484375
7.66334596528203,-7.314599990844727
-27.64770126959135,-25.782569885253906
2.125547882163602,-16.220245361328125
-1.8239337240231768,-7.793008804321289
3.3696784995100426,-6.076507568359375
5.265272900492549,-7.160242080688477
6.753311816554961,-3.6278610229492188
0.9434331950199416,85.77365112304688
2.13745295521649,4.743963241577148
2.76912169862866,-10.025330543518066
2.409764321136161,15.09217643737793
3.7606671418030695,-2.522176742553711
0.555665600488549,-10.661773681640625
-89.04756219223692,-64.12637329101562
6.987950206462267,52.75535583496094
-10.09410467002709,-71.23367309570312
8.16191414696451,-15.442499160766602
-10.731303688850904,-11.324007034301758
7.588764503474316,-16.781940460205078
-5.25293160621848,-5.813648223876953
2.3065604778561424,2.418621063232422
-3.8022266666193874,8.879426956176758
3.22816419080692,-14.175792694091797
1.1941842843275,-8.356623649597168
9.772192422094813,4.9311370849609375
-2.489313079893845,2.2237348556518555
-13.547300817594484,-6.6569414138793945
-1.5403494549472296,-4.297332763671875
-5.139364658294922,-0.19008636474609375
-1.32131943338233,-37.587982177734375
-0.5284321769112605,4.38743782043457
0.1119561526876595,24.68059539794922
14.8508222506114,-5.428123474121094
-0.0918051514147744,-40.4468994140625
-1.7237618714553775,-13.159070014953613
-1.5699354762224491,23.13201904296875
1.5718362711845366,-9.121481895446777
3.58036180553514,-4.706094741821289
7.45084701577923,-5.739699363708496
-7.378812419643663,-11.120623588562012
-33.1832620874725,-9.26738166809082
-6.066411004621831,-3.9299545288085938
-16.4910721624856,-43.521697998046875
0.8267526169764301,-4.747127532958984
-9.762453719841735,-4.765935897827148
8.07102955700163,-7.066188812255859
1.741670982094262,-2.571544647216797
-0.0053525606393112,-85.44293212890625
-51.4043293278057,-3.7935543060302734
14.9415296965116,-72.43724822998047
8.70853787657841,5.748441696166992
-2.149900469098629,-1.846761703491211
14.8229623836697,-11.23731803894043
-0.0379657812584102,-101.696044921875
-15.3173389528898,4.1121673583984375
-1.7663441991754285,-141.04055786132812
-6.708306328674888,-2.5661821365356445
-78.7451798053926,-9.54544734954834
-0.5413656534735456,-129.9864501953125
9.625121597198186,4.750450134277344
-3.15562863494722,-146.88168334960938
9.60447820177431,-35.144989013671875
-3.31847606547329,-17.543468475341797
-4.12581810820042,-8.87515926361084
1.7706121017107803,-20.45562744140625
0.5117341060036625,-16.27318000793457
2.63157412115867,-7.789878845214844
-4.763634360062484,-173.0818328857422
-11.18181257464061,-47.24779510498047
-39.4932668903457,-104.5166015625
9.206200380526292,-6.991918563842773
-2.93911844531118,-9.139457702636719
-28.13472322157985,-7.618474960327148
9.62907409316032,-21.881423950195312
-7.042636248773623,-12.193679809570312
-4.03025121975644,-5.074938774108887
3.42951329804928,0.966588020324707
2.5565427438131976,15.545515060424805
2.8513084033656,35.70854187011719
-5.5623675139736175,-2.932723045349121
16.9968892380515,-11.783084869384766
-4.144685584269085,-2.1950063705444336
-11.221818720505304,1.9916553497314453
-2.111656589218961,-2.9179306030273438
-1.626797120535592,6.106773376464844
0.7652624054000594,23.946533203125
-21.5531296050118,-6.5428924560546875
-13.053772031257305,-5.50244140625
5.42509465390903,10.23360824584961
-5.5186956836840375,-176.35108947753906
-2.260381023139061,2.1333847045898438
-30.3377383335249,-4.807917594909668
7.380729755239978,-11.787069320678711
-4.172986764275874,3.586313247680664
-1.2036514942358316,-6.073370933532715
-35.2906329121599,69.91666412353516
-2.54595208771381,-51.815895080566406
-10.901275449743116,-4.007450103759766
-17.0078420331655,-2.275197982788086
-17.0314498829154,6.0906829833984375
-11.9784507557909,-0.4425201416015625
-19.469018973061075,7.3072309494018555
-3.2142130797467816,-8.311518669128418
-0.5663484394051013,-5.577716827392578
-21.2195468929047,-11.406633377075195
8.077984978184695,-37.876319885253906
-17.0119321722455,2.193676471710205
4.67424026120176,120.69500732421875
-47.9875704511971,1.9503097534179688
4.316615136301563,-7.846719741821289
11.2728180991378,-10.347968101501465
-3.5546157663424616,-1.8581371307373047
-3.15887949932979,-17.01358413696289
-1.6422791314174887,-7.639249801635742
-3.448025235667948,-3.365812301635742
-13.5632540546311,-7.275717735290527
0.8825935384285006,0.7781829833984375
3.27100049685324,3.9616622924804688
-0.7762273913233743,-8.526525497436523
1.026942322157092,-13.702116966247559
9.859104788483815,5.474842071533203
-1.9977872313530125,13.968414306640625
-13.1809903671301,0.43682098388671875
-35.1782981083837,-1.8266410827636719
-35.8337806803641,30.55228614807129
-7.639409008216227,-10.119233131408691
-15.746453943284,5.0854387283325195
1.055995951979529,-4.249958038330078
3.987299411465438,-3.4463109970092773
-37.0930621901092,6.859836578369141
16.694612728237402,0.20735740661621094
-4.527979888097892,7.507501602172852
14.6352674345898,15.644973754882812
5.034618319433818,-0.1623992919921875
-3.77133000272187,110.12847900390625
-1.61504571199055,9.707374572753906
-56.3663437951974,130.42315673828125
10.088450856398616,1.9696807861328125
-14.285610883283098,-62.37080001831055
2.6210618799141923,1.9430389404296875
-2.308732762121495,-17.96828269958496
-83.9761260280997,-5.988574981689453
-1.03656181464744,201.02157592773438
10.16232173056559,1.2329530715942383
-3.12013961477547,-2.7706098556518555
3.010752586641185,124.34991455078125
-1.5178355576616795,-21.86052703857422
-2.60072537807549,1.0699739456176758
-2.367312137177082,-1.5772757530212402
6.075310726130807,26.23184585571289
2.24572304437811,78.9332275390625
0.2044267191685782,-6.280728340148926
3.85944773684647,-8.16230297088623
-14.409506408843407,-0.7439384460449219
-2.683955047842884,-66.95175170898438
-0.0075038478591599,-10.83018684387207
7.190050317883171,-8.808624267578125
-2.1691769605730515,-7.019294738769531
-7.910003358009165,-0.7670354843139648
-69.1366966634013,-10.54989242553711
1.437241653553571,-3.241281509399414
-20.7409218490905,-23.556875228881836
3.78247800369874,-2.075894832611084
7.909526276907584,-10.394028663635254
6.097122298913325,4.268749237060547
24.5800902168924,3.9365363121032715
-9.979741434164584,4.404857635498047
3.1327986373042376,-10.254124641418457
-8.393586343504198,-7.129413604736328
8.678125432705007,48.874656677246094
20.7428439693387,-9.432950973510742
-1.511416195100045,-6.225058555603027
-23.3725501337939,-5.411203384399414
4.69437535963172,-0.373016357421875
8.24149319055937,7.593902587890625
-0.2898522089969393,-1.4996366500854492
-7.19378137939456,-133.80206298828125
1.0271109700113177,-2.3887290954589844
-14.564555056626377,-170.4354248046875
-9.657849716236,-11.7794771194458
-0.7280966227290082,2.631622314453125
-21.8962191024866,21.017601013183594
-40.2614734397264,-197.81903076171875
-1.77750068778882,-89.829833984375
-28.3488859938485,-126.1048583984375
-8.184373188662292,-7.915201187133789
-6.135426654744688,-68.64994812011719
-3.270422191581055,-1.1567559242248535
-6.055427015859325,-44.26499938964844
-34.3143130117107,-79.37150573730469
-50.4820483838523,-11.540573120117188
-4.639593570653838,-4.772468566894531
-21.0606958753072,-143.8154296875
8.747205755218493,-10.996726989746094
0.6884341878779402,-31.043975830078125
0.300408103033295,-20.662841796875
-17.2817979072755,-86.65997314453125
5.79128728304933,-34.9420166015625
3.7921116228684086,-8.219507217407227
0.51700222845629,-47.53008270263672
1.0966146270020711,-10.167203903198242
-6.613686761665703,-4.589653968811035
-39.873530292237,-75.67800903320312
-35.0272315856836,-2.0720157623291016
0.2475632146873464,-9.088891983032227
5.59963570142504,4.306695938110352
5.29419053806362,6.895008087158203
6.457932781589695,-9.30864429473877
6.4251548431743295,-9.642813682556152
-19.7885249955934,-36.446258544921875
-2.4097304318056905,-17.379718780517578
7.543407488617369,-1.7117195129394531
1.83593808226401,-12.74494743347168
-1.5082203021212124,47.07026672363281
5.99108205682079,-11.63128662109375
-18.1797235112709,-6.479001998901367
-12.840088322870097,-1.0610098838806152
-2.23616712442702,-0.6123257279396057
-4.662511414401839,2.2748241424560547
3.41802282280863,-16.825321197509766
-12.0320822507053,46.70220947265625
-25.9801803981754,115.54598999023438
-5.97419023328963,44.9930419921875
15.4186986077963,78.36325073242188
4.480465220149085,74.07466125488281
-13.2363849677504,-7.197268009185791
-9.362863686069195,-3.895510196685791
4.128157012788561,-10.898579597473145
2.26767773086615,-26.586849212646484
-24.1634597090208,-4.772068977355957
10.013204486477417,203.73170471191406
-31.934070451053,8.664384841918945
-22.9515728231767,52.53154373168945
-11.219410776078313,-411.403564453125
6.00089213826483,-9.575607299804688
-28.9638748432599,-7.177095890045166
3.11049964318654,-2.914968490600586
-1.073248118887358,-0.8974637985229492
-10.249148139079496,66.92413330078125
-13.14009076535719,5.395639419555664
0.7364260970712593,-9.39586353302002
-44.9949251983702,-28.449928283691406
-5.159519294761907,1.554187297821045
1.869241020829697,77.275146484375
-55.54568697318505,-11.128424644470215
0.3065104335081801,18.57196044921875
-10.386374558578522,-9.207395553588867
-3.0345245902191325,11.486496925354004
-57.144820014625296,4.433250904083252
2.85060083445348,-7.903658866882324
2.446050707651698,1.5187530517578125
5.50221601830175,-4.052355766296387
3.455876052191651,-11.873090744018555
-14.6157572128631,-12.512392044067383
-0.874105623616695,-26.52789306640625
-1.378759213278819,-2.79937744140625
1.350733135180331,571.9955444335938
-1.94666134980912,0.25159764289855957
-3.36735139960915,-8.026327133178711
0.8319171014720902,-8.83003044128418
-40.2101205720394,10.746427536010742
-24.577379709126298,-2.7339553833007812
-18.6292132467089,-4.745143413543701
-46.39510994896701,122.57125854492188
-2.487076105276776,130.45626831054688
-4.752960817423343,98.11471557617188
-0.1160299782726794,153.54263305664062
-18.5277286275242,-7.308893203735352
-14.1325019191809,-11.673821449279785
10.909208084253878,5.736330986022949
1.30779520720034,-8.867389678955078
-5.77436797253085,-3.300877571105957
3.986867952152618,-3.719587802886963
-21.7936206120663,0.4330134391784668
-2.643556292002,10.6651611328125
11.0853991753379,32.81977081298828
-12.9397422629832,-0.9073104858398438
-0.190891674386513,-47.34759521484375
-6.32558602127377,-14.275721549987793
5.391699208755202,126.61843872070312
-8.998840630677615,36.184539794921875
-1.6005087696864486,-4.080591201782227
7.5482379424635875,-18.557693481445312
-7.642910278690365,41.34686279296875
3.719171936095444,-1.3573265075683594
-0.8981307679622897,13.815597534179688
7.06032809637297,17.00790786743164
-3.134999611446543,-2.0680179595947266
-5.94174589421185,20.751861572265625
-17.7883076547542,-7.30587100982666
-25.2381267145584,-40.781471252441406
-27.5445722402187,-34.2698974609375
2.6678241356197647,9.614233016967773
5.02066543392875,-11.962644577026367
-1.67197513843126,-4.972804069519043
6.58117049992555,-0.02185535430908203
3.12612254618191,13.517821311950684
-2.1147225087047508,-5.627529621124268
-76.9668504799361,6.218994140625
10.11870938841209,-74.77438354492188
4.755697845162629,-2.9129977226257324
16.5479703149859,-6.6932477951049805
4.001938538520379,-20.17718505859375
-14.1813773041305,-8.291086196899414
0.7709161631446207,-1.729538917541504
-24.2508933717269,-5.5359601974487305
-22.3071231538392,-8.565248489379883
7.2595381633228,-8.191692352294922
11.555346181601609,-12.472433090209961
-26.258782255785,-10.404743194580078
10.3189652047012,-22.370948791503906
0.809697096857583,-9.22983169555664
-18.5255095356289,-1.8831634521484375
-1.0680791130593923,-6.761569976806641
-3.5390830989045075,-23.213241577148438
10.468583156479704,7.0574541091918945
-10.613183176373598,65.26084899902344
-6.40442742836347,3.935882091522217
7.196532980977684,-7.5047607421875
-10.586292641023492,-14.620612144470215
-26.79502671025515,37.52764892578125
-7.187555808667961,-3.352898597717285
5.4465900456679694,-9.435437202453613
3.1988276731025875,-0.3951749801635742
7.827394642815597,4.23597526550293
3.887422638441485,0.34225034713745117
-3.41466344580097,5.493223190307617
2.667044757168528,-1.89935302734375
1.0590749185315824,-26.490888595581055
-3.9965921287470247,-9.018929481506348
10.982614675109394,-4.780435562133789
0.4076170529080399,1.7915840148925781
2.71319811317338,-12.384801864624023
8.652061852316729,-167.3726806640625
-0.6579761516790089,60.57568359375
-51.6773231694491,-8.58630084991455
-2.8325461302865187,-1.742842674255371
2.12749125232924,-7.697240829467773
3.562549470771905,20.883331298828125
-16.517773128145326,14.545475006103516
6.874655354673765,-2.793811321258545
0.2047767843086013,2.0022048950195312
-2.698758931910008,-142.985595703125
1.8601156760560384,18.382144927978516
-22.2455703021075,-6.90261173248291
2.4288820651169605,263.65557861328125
-16.8307740899425,-2.883669853210449
20.7191486697607,2.732551097869873
-30.7261055182573,-12.947006225585938
-38.4849400567448,-3.0215091705322266
-14.3103126367969,-3.629182815551758
0.7860328468455551,-72.81536865234375
-48.3858044800915,-9.951427459716797
-3.21662088766757,-2.8701205253601074
1.675245639565673,-3.7547073364257812
-90.3299705619704,-7.033019065856934
-9.28527551691871,-4.677603244781494
-1.2293411329062325,2.175583839416504
-4.534682244798708,8.278238296508789
-68.1959205924323,0.13298797607421875
-24.5242345195019,-80.6904296875
-2.77042962989298,-3.4863052368164062
3.8009101564042025,3.9240288734436035
8.933703319425492,-7.766318321228027
-11.341527235964405,-106.6473388671875
6.71098989067457,-10.077701568603516
4.54734483862441,-11.078332901000977
-5.16341129781556,-14.057459831237793
-49.062306315025,-159.08770751953125
5.26551760771767,-141.69903564453125
3.33951124606136,-5.640023708343506
5.006519903780723,-1.1695480346679688
4.05485944970297,1.8312864303588867
2.283405953189745,-1.9891357421875
-2.66483863280114,4.9298906326293945
12.566471603210276,0.5123257637023926
-27.9020155354992,-10.23273754119873
8.88265541550952,-6.36202335357666
0.1652887870268324,3.9207534790039062
15.4985727759109,-3.194835662841797
9.014890317831036,-0.36367034912109375
1.4803529144374856,-67.83648681640625
18.1939100849816,-6.831449031829834
-2.6304973605131474,-9.13833236694336
-5.493763326806099,-2.875492572784424
-0.6715208179901364,-6.907203674316406
-36.7383193130824,-14.049423217773438
5.062784719364307,1.4361462593078613
-12.026803679110706,-11.016475677490234
-3.01321716593974,-0.039887428283691406
8.35813394800668,1.654153823852539
-3.60075442831331,-25.04150390625
-9.509135784465323,-45.950439453125
-19.6175855102284,-3.5196762084960938
-27.8629509568953,10.610897064208984
1.74273211890989,2.7656593322753906
-2.19578977406709,0.17684555053710938
2.42002639701588,1.4888954162597656
-25.55316918036869,-9.310165405273438
5.635020609606415,-10.497100830078125
-34.727836669101,14.07943058013916
4.4516036428765,-0.26297712326049805
4.967381413305823,-22.781570434570312
-6.81516141534704,-0.1452798843383789
-24.3954295810688,-5.886614799499512
8.658679095048068,-1.942037582397461
3.7347243087796,129.4703369140625
-12.909633143366396,6.612069129943848
-60.49569009623433,-3.4701919555664062
-3.790702882666694,-8.548480987548828
-12.41068356063,8.034217834472656
2.76740193393285,-4.791945457458496
-18.9061714872788,-3.3150744438171387
-3.681083449701528,-10.974822044372559
8.13893448615947,-18.510848999023438
-51.402683514636095,-3.347945213317871
-3.0703466753296,-8.040630340576172
0.4646043967887734,-4.296623229980469
5.989492839405608,25.12340545654297
8.833837192566008,8.63724136352539
-26.1965705632023,15.499267578125
0.0804428699766095,-7.12258243560791
10.229168329440906,-3.7517528533935547
2.12042655289975,-0.2911214828491211
3.88810032819938,-1.525740623474121
-31.515616413872173,-10.980977058410645
2.28163515100639,0.3239574432373047
-9.633163292669298,-7.885349273681641
2.63206586722876,-3.2891159057617188
0.3189015990893598,-5.239153861999512
-6.31868596379813,-1.0347728729248047
-6.4648984000359935,0.5970344543457031
8.91646092056966,6.914359092712402
-42.637521131086125,6.6411590576171875
-89.5439156156453,-3.962484359741211
9.179556151687803,-0.8134765625
8.754663680824095,-6.067661285400391
0.8838679103249854,14.028398513793945
4.338369925074482,-20.03211212158203
-18.23432595343749,-0.6844730377197266
6.92534745147092,-15.458404541015625
-1.768261666543676,-0.18532657623291016
-7.87226820943855,-6.406181335449219
-12.0847368637308,-21.780437469482422
-4.4222229386498375,-3.568902015686035
6.63109301847755,-2.6047773361206055
1.675381804264854,-4.357090950012207
-6.897600670415837,30.026580810546875
-12.2774867069717,-68.76223754882812
-3.963646539183849,3.5044751167297363
-2.552277046947741,-0.2286081314086914
-10.78700495517378,20.177719116210938
-6.426376983867103,0.1964731216430664
8.2142562177934,2.2651848793029785
-16.967828162594074,-5.255436897277832
6.07843040491799,-1.2200374603271484
3.08443697315444,0.4068603515625
-1.3811964732242277,-19.832233428955078
-4.51305804704249,36.39178466796875
-9.93375477053989,-3.508157730102539
-0.6581754288220045,-4.949178695678711
-7.952166005584182,0.5200262069702148
-13.563015982384195,9.446507453918457
-47.9957157156951,-10.417022705078125
4.96190002222477,65.48573303222656
-2.0240269290899,-5.998386383056641
3.47166270740147,6.493453025817871
-5.2815921348029296,-2.628795623779297
2.369358494612781,4.211558818817139
-4.214346026907057,-16.407745361328125
-23.8934551543691,-71.13343811035156
-1.0659561461183158,9.05676555633545
3.126169348435272,-67.36198425292969
2.35164464781062,-78.78594970703125
-1.79502295092813,6.406259536743164
-15.957982665262508,7.34086799621582
-64.65676531723692,-2.8875627517700195
-27.8195558011628,4.333189010620117
-10.480511156242285,0.9079980850219727
-6.18357684414468,11.771305084228516
-6.75960002722117,-73.20956420898438
4.4105627388370605,-82.36260986328125
5.58846482112586,5.272250175476074
-16.8483709423333,-57.1346435546875
16.1850033157246,-7.408136367797852
-3.34531377329845,12.15155029296875
5.893700156574014,20.686290740966797
2.745769909533195,-4.4322509765625
2.53362859007723,-3.7096710205078125
1.0880788430276551,8.91533088684082
