Score,Pred Score
-13.812973987503693,11.080724716186523
-14.6311710829416,-13.199344635009766
-15.020937907067507,-19.320850372314453
5.61896917638109,126.67098236083984
0.1461877509898399,-4.647731304168701
3.59745169898486,3.2181122303009033
-6.72144892291601,-14.292886734008789
4.304204520484877,1.336392879486084
3.37898618824583,-7.238117694854736
3.939818822274421,35.596221923828125
13.9953943577381,-9.969549179077148
-5.39913759737588,13.725830078125
-2.204579993178592,-13.494768142700195
8.829561804598438,-5.497044563293457
6.01696699102072,-2.109896659851074
-6.376202369524528,9.374727249145508
-6.50906463316165,3.9375033378601074
-60.92137282626391,-3.9701786041259766
1.99934019108803,-4.073295593261719
2.188685633501576,-6.793365478515625
4.07090957771029,5.962717056274414
0.5211206139658471,40.752620697021484
12.5580583918003,1.965537428855896
3.320229681965675,21.538738250732422
-0.4381862293696001,-11.869389533996582
0.1752112379752922,0.09017813205718994
4.123908949931413,-9.938613891601562
-14.2382866820043,-4.087804794311523
12.966325580978296,11.282201766967773
7.692941411907634,-4.651019096374512
-62.9031214125763,-8.880095481872559
-5.800670766453999,-10.095333099365234
-11.705366535732304,-13.543941497802734
-4.786538605318405,-9.657709121704102
-82.4887013651952,-10.802698135375977
-8.251107402184557,-6.378375053405762
1.61677665352485,-19.283037185668945
-11.916211326129387,-12.944351196289062
-45.634880019414,-15.501368522644043
-0.568998602339841,2.4821600914001465
-12.147399114840605,-20.205337524414062
-27.4476544011683,-16.69230079650879
-2.306526469902426,-6.959536075592041
-0.4835459876036119,-5.528207302093506
-8.39479061793487,-13.790687561035156
-46.862925671502296,-15.338704109191895
0.3837795244341289,-8.753755569458008
7.184930267876617,84.97053527832031
2.8348518495029404,-4.310341835021973
-9.859535687586003,36.92376708984375
-6.00025755794808,-5.982327461242676
-4.764629840066975,8.004756927490234
-2.377061578670744,7.906487464904785
-2.0585753436264698,-18.069438934326172
1.1848602197973823,-9.820934295654297
4.97603191479674,-3.6086673736572266
4.27399441028646,-8.26148509979248
-46.2372447228831,-16.157133102416992
-31.4759298257721,-3.7516660690307617
-50.1674018945849,-8.565881729125977
0.9601515747159592,0.5980198979377747
-11.864177458483407,-20.97662353515625
-0.538262620928304,11.473604202270508
-0.6920482116816997,-14.75650405883789
-1.5184696160120892,-1.9168661832809448
-3.0836644409391925,-7.809812545776367
11.316750179392892,2.5138206481933594
-11.183106529127476,-2.6223385334014893
3.59102041590596,-7.350054740905762
4.55602013063716,-7.523318767547607
11.579228393987275,-0.9151825904846191
2.3067635611900137,-4.350007057189941
10.480393919522983,3.246278762817383
-2.698100773809443,-7.340954780578613
3.776985072333982,-15.571959495544434
-11.773766374328297,-16.760805130004883
8.681027307740193,12.419220924377441
-1.1091988250418725,-16.28028106689453
4.484288991501213,24.853595733642578
0.0548896546292299,18.69365882873535
0.1118559290339978,-31.214174270629883
3.9797293996962297,-4.372369766235352
-22.42608065327665,0.7262978553771973
7.37064384347005,-15.28758430480957
-0.2642143205483515,-24.796499252319336
5.344594984386832,-0.9945575594902039
-1.2497809936708242,-13.536087036132812
13.71198107208239,4.377946853637695
0.5045482395984724,-9.897977828979492
2.86709961553106,-12.64802360534668
0.4423212163888063,-13.421075820922852
-3.724573545179619,-3.0244927406311035
0.2570808252882703,-1.800323486328125
-70.65073406723695,-3.449683666229248
-33.9587360563784,-3.499345302581787
9.2088386022025,-2.2742056846618652
1.3318185914773402,28.890003204345703
-9.176001953270983,1.279585599899292
-10.497767159210698,-12.346423149108887
-0.4402086584014632,-5.027496814727783
2.1560784090827942,-5.652138710021973
-27.1636490162131,-4.366699695587158
-0.670930828719279,3.6440792083740234
-22.794043146736,-7.300477027893066
0.8105828534072201,-7.8120927810668945
1.2287673509824204,-12.226959228515625
-0.6435038581465955,-4.646781921386719
8.474782023793379,-17.401063919067383
-9.601847091024196,-2.3831892013549805
-1.6610011043127195,-13.342020988464355
-0.1091636509260827,-4.263720989227295
7.570838092245207,-16.138629913330078
-7.211196994815285,-1.7024636268615723
9.090654061652296,-11.979202270507812
-26.6651088566214,-2.6130993366241455
-17.309192174305,-0.1512400507926941
4.14054171285972,-4.064312934875488
4.097668935846943,-0.7218053340911865
-0.29408409265346,-16.542783737182617
-35.8165916579592,-7.767773628234863
10.898098675545494,-3.2143402099609375
-1.6552655274048038,-0.8884267807006836
1.6729502580778592,-5.976015090942383
-6.42491227706334,-9.62992000579834
-15.4752611754195,-6.661401271820068
-0.6907348474047925,4.961090087890625
-21.3629045873375,-4.587883949279785
4.219145585451182,-12.495277404785156
-3.019531285218114,2.845841884613037
4.25311060075082,-0.6382079124450684
-15.0412339008878,17.46971893310547
-8.237627320974727,-6.612464904785156
-1.0683487237199796,2.48046875
-1.7174251595272625,-4.668414115905762
4.069163600073605,-4.9123640060424805
-10.162041561092582,-11.176652908325195
-5.97248436581227,-10.762130737304688
6.120538767403939,6.670393943786621
-0.8028238008287005,-10.712963104248047
-23.6042929930625,0.36276674270629883
-0.1777753404752198,28.386144638061523
-5.785469568057495,-9.82470703125
-0.0556983764780604,-5.840094089508057
-25.4508968849616,6.250929832458496
-5.3185412482723295,0.18511581420898438
9.1356503291117,0.8075962066650391
4.020569536845237,6.069561004638672
-58.5527340809363,0.7382231950759888
-6.291328737399075,-1.571103572845459
4.187869588752649,-10.364176750183105
8.922207576391518,-5.285730361938477
22.7414116448382,-1.2312638759613037
-44.6057608529879,-6.570981502532959
-26.5129077898497,-17.388545989990234
-2.13735826282737,17.86311149597168
-1.14890133483728,6.218317031860352
-15.2234416939723,-8.048641204833984
0.369316059642221,-6.131386756896973
-0.6884117876070912,-17.262409210205078
-5.8772631055401,-2.861861228942871
3.6053774296538297,-0.24934211373329163
5.07108724357905,-3.6326534748077393
1.292753014965791,0.313833087682724
8.440986836263871,-11.74145221710205
-3.43040335892423,-13.136204719543457
0.7651079053562314,-0.48377275466918945
-37.13962469223695,-15.649171829223633
-5.822632503482525,1.5151405334472656
-6.879472048396067,-13.748809814453125
2.11024229353816,-7.707778453826904
-7.1526743450051855,-13.822641372680664
-1.122073026503361,-11.25387954711914
0.3302260274555297,-11.517130851745605
-1.178255647098801,15.908210754394531
-2.99361591491145,23.776002883911133
-18.1070051290659,-7.341732025146484
-3.0332808194811403,-0.05788564682006836
2.6303171850506604,-5.412540912628174
-9.72499716390718,-8.870125770568848
0.2729453578388601,-6.569976806640625
-21.4503408223732,-7.688260555267334
-4.99755531471552,19.565303802490234
-18.0018409950579,-15.308762550354004
4.00031385473591,-5.6976118087768555
12.0378145652987,2.304990768432617
14.1235470599023,-11.980454444885254
6.55729051148795,7.7340803146362305
11.19992297656359,1.7344684600830078
-7.81388191369781,-9.64117431640625
-2.924593214648255,-5.737764358520508
3.7667366885646025,4.513775825500488
-6.68253431604433,1.9390915632247925
0.7345204104922589,-4.213199615478516
-10.626155896203898,-14.29355239868164
8.106852576346123,6.193323612213135
-58.24412469223692,-21.11562728881836
1.4955767028094,-12.50529670715332
-17.6906096863185,-15.693986892700195
-4.813871520282443,1.4472026824951172
-11.8973420493851,-17.15884780883789
-2.67676896274171,-1.1585969924926758
-3.9331393974605526,-12.225189208984375
8.756217929094177,8.036608695983887
-29.2662792150344,3.0241174697875977
1.7249239205326918,-5.548914909362793
-6.686975812883663,-3.1811060905456543
11.10272802991041,-2.312847375869751
-10.956818171714705,-12.801912307739258
-6.3500959185649,0.6413498520851135
0.6681105368389735,-15.707988739013672
-12.500029270357295,-17.876304626464844
-2.591242863373206,-17.29340934753418
5.954690473588823,2.723842144012451
-43.929359067237,-17.488895416259766
-17.4841411730512,-18.00156021118164
3.61441892535489,6.986534118652344
2.1112971208509976,-3.3234522342681885
-41.8026500314277,-6.781655311584473
7.028135642932115,8.656572341918945
8.463248256721428,-4.398749828338623
-13.037072413777096,-9.337952613830566
-1.6307504375632549,-16.33935546875
-0.3284521577656807,0.8560638427734375
0.4685622181175212,-13.298970222473145
-5.316952415477393,-0.5615554451942444
4.584421564331302,-14.715958595275879
-20.3593816575191,-16.14824867248535
3.67041582610247,2.9853265285491943
2.204062447972561,-4.4360032081604
-4.666937653128132,-2.0648536682128906
-12.3781694316975,-17.232215881347656
7.06923762363823,-14.50809383392334
-37.2883298194418,-5.429891586303711
6.442434166934048,1.0738600492477417
-12.2162083245621,-21.216869354248047
-20.3623076046531,5.2792487144470215
-5.45440876641342,-12.170611381530762
3.1416241584890576,-17.589365005493164
-4.96580172718434,-9.025067329406738
-37.4061766871973,-16.759592056274414
6.46185690649625,-11.113336563110352
0.5403453062071405,-8.398966789245605
8.656689402528613,-2.9016685485839844
12.331931266595111,4.540910720825195
2.75380173901167,-7.355674743652344
-2.8447496930443927,-3.4891247749328613
0.0285872237409883,-11.907825469970703
-73.5286754265322,-7.697233200073242
7.285509446842615,-7.642843246459961
6.72046542688671,-8.490042686462402
-6.19730890695259,5.355325698852539
-16.4599719883519,-1.8449444770812988
-10.288292260688207,2.5742855072021484
-10.285920522724917,-4.469466209411621
-30.8171784242839,-3.74396014213562
-4.65691689928222,-13.792327880859375
-37.1716279374795,-6.147704124450684
-36.50577458359941,-3.2463860511779785
0.7942566624333496,-8.483613014221191
-34.8552692363716,-9.551180839538574
-2.491707941339629,-7.7691850662231445
1.7387039934851498,2.585256576538086
18.9715733525152,-1.4586181640625
-13.8996269060666,-5.337841033935547
4.17561229224804,-9.429927825927734
4.7680640763497,-9.741596221923828
-6.745372906074374,35.14208221435547
7.262818938793504,8.884978294372559
-55.7541546140486,-12.638221740722656
8.453421074249384,1.4185256958007812
-5.85807143580148,5.050096035003662
-52.7336020518746,-14.058622360229492
-1.995826789875676,-9.120365142822266
-1.3326443092463092,-12.881486892700195
5.029017096161708,-3.449615478515625
-0.71117494174041,-1.898026466369629
8.243548509216069,2.375316619873047
5.81602235619721,-20.948423385620117
5.978124919049687,-2.392651081085205
-2.8859593337581737,9.299283027648926
-26.0047332498617,-14.346619606018066
-1.5220929784942658,-22.051700592041016
-3.195242757261453,20.136795043945312
-15.0089303719363,-8.705018997192383
-1.757118944268968,-16.198152542114258
-13.5091075877696,12.00657844543457
-4.0681667574955,-7.490476608276367
4.43276114617859,-5.21373176574707
-4.665207913971671,-9.939567565917969
7.33919324558513,-8.235522270202637
-11.69780882660921,-12.22714614868164
5.960801203295765,-7.466550827026367
-29.9162730471743,-7.542232990264893
-5.331847529263395,5.099575042724609
4.2006804390709,33.946144104003906
4.76541245752904,-9.412199020385742
5.87221574658101,-7.249748229980469
-12.955988512618,-11.202156066894531
-14.4061745570978,-19.62187957763672
13.644333664082708,6.400018692016602
7.522446474796843,-14.032219886779785
2.858782897786812,-7.495909690856934
-49.8653288018085,-6.032931327819824
-4.029904705212941,0.7850012183189392
-6.2026319104393295,4.614018440246582
4.452168509343501,0.25783559679985046
-16.475900892606802,23.650081634521484
-11.03094492075089,-11.270584106445312
-8.08045020128908,-11.94182014465332
1.39259946716825,-8.483405113220215
-14.885807229381896,-0.04266250133514404
-11.113180908425988,4.986799716949463
5.506094216928792,-4.79800271987915
5.29091659278858,-2.659045696258545
3.42106467876526,1.026026725769043
5.162821279449693,-3.7309207916259766
6.020551076354931,-1.8199068307876587
0.8086942897832163,12.12004566192627
-8.80546181278599,-19.51787757873535
-7.42349600405968,-3.437833309173584
-14.4731176558811,9.847768783569336
-35.5448186771701,-12.434450149536133
-1.657597602265355,-7.421706199645996
-1.930224441335125,-24.45814323425293
-10.398648228661925,3.1763076782226562
-1.6521884315998507,-10.755948066711426
1.3131129859732091,-15.306501388549805
-0.1240821746904601,-10.213290214538574
-35.1709788883515,-4.255368232727051
0.6771989561182002,-0.07238912582397461
-5.8677981963370005,-12.542089462280273
0.7982616963508231,-8.187013626098633
2.595279020812243,-18.10940170288086
6.9472187772133225,-26.726543426513672
-41.1395198834054,-10.250457763671875
-35.4604736838065,-7.765316963195801
7.87379173269718,-7.319225788116455
-8.72128086410909,-9.733396530151367
-82.13826531723697,-17.853050231933594
-9.70693692529289,-20.738574981689453
-61.4386715672369,-19.782407760620117
7.10938257895085,4.5153913497924805
0.4007388327427847,-0.38936805725097656
-0.7455370396145937,-10.531134605407715
1.674966057420845,-7.395238876342773
11.877856996640997,-7.592167854309082
-0.9096556467231308,9.91293716430664
-1.4680391508473674,-2.157346725463867
15.6414782015599,-14.587297439575195
-10.35739215730591,-25.902345657348633
1.926107182225645,-13.537117004394531
6.99756701325662,0.8495081067085266
3.54836143321337,-5.5310258865356445
-7.726553411266567,-10.577484130859375
-48.51478094223695,-5.764159679412842
-3.0453156276270903,-5.974102020263672
-3.454798154796729,-1.2278473377227783
9.503977484174175,1.1111047267913818
6.001532732018722,-4.910724639892578
1.775572054007981,-21.176546096801758
-2.6871577689602653,-4.424646377563477
-7.920344649869953,-0.16390979290008545
2.578081311550471,-12.685164451599121
-14.434457477598505,-6.371686935424805
-1.338045882914232,-15.43685531616211
-44.1817825469333,-22.090517044067383
2.4314234692194163,-2.7197890281677246
-2.35314836228574,-11.264938354492188
-2.07036107592124,-12.479190826416016
-6.560167066336443,-1.4489299058914185
-2.54688332955635,-19.77228546142578
-7.940842049461227,-8.302133560180664
-7.789052707582185,-3.9286632537841797
-1.4295761119406232,-0.1236274242401123
7.206977941743588,-17.051542282104492
-4.081394009803599,-11.560617446899414
-30.167243616457,-11.504135131835938
11.7225687296843,-2.8682098388671875
-0.8984319813221007,-12.863701820373535
10.349523074958825,-3.3290646076202393
5.42147270471237,0.9341964721679688
-0.3136273830120112,-6.511695861816406
4.398848813602776,-4.368125915527344
2.099307195887115,-9.660780906677246
-61.6890402284636,-5.426197052001953
-7.08434802004719,-4.037167072296143
0.6962467393230812,-13.58100414276123
9.0758909366509,-4.748146057128906
-1.9263965715605047,-2.468949317932129
-6.262949496708321,-2.7171664237976074
-4.739766082030863,-3.196042060852051
-36.8822022827233,-11.45351791381836
3.24770439300306,-16.273544311523438
-2.289513933263135,-9.467247009277344
1.41805545618482,2.642396926879883
-24.4432878855492,-0.17403650283813477
-24.96156751119129,1.6185111999511719
-7.734574598544068,-9.050036430358887
2.79124989437018,2.085289478302002
-5.17831154550348,-15.366180419921875
1.5275640312561216,3.3175058364868164
3.682989905065457,-11.52194881439209
-10.8237586662752,-1.2033770084381104
-6.929951553081727,1.5239684581756592
-27.96215708599589,-14.7822904586792
-2.88087637063392,-7.615176200866699
-5.960419628776203,-6.422454357147217
-37.189874708633695,-10.442737579345703
1.1496085756031087,5.391891002655029
-12.7137936794919,-17.711563110351562
8.398744223780918,-15.814298629760742
-33.3004252633332,-8.79326343536377
9.144089281431205,-4.5450568199157715
4.065326821312747,-2.829221725463867
-41.9047429025821,-9.794593811035156
7.383552345763623,4.086323261260986
6.364261125349779,-0.6050338745117188
4.841793570156368,-16.69998550415039
1.6198341998494314,-1.7479043006896973
4.179707781567577,2.3678665161132812
-14.7229944429405,6.6115570068359375
7.078924552126015,-0.5970336198806763
-12.898019313824,-2.6154747009277344
-70.8116033690518,-14.153556823730469
12.7359625054994,8.828498840332031
5.586124430090477,3.849609375
3.028467183462371,1.8969345092773438
-5.830142578087577,-8.272208213806152
-22.6841489367301,-17.90814208984375
-1.51657819068512,-0.9625661969184875
-81.52648016021857,-4.2998151779174805
-3.36903782007548,7.132438659667969
-18.707844022,-5.458347320556641
-34.48768519828235,0.12034523487091064
-39.7169735486916,-3.6476738452911377
-1.593720937577549,-4.252084732055664
-23.2954444871652,-9.81523609161377
-45.30258920076982,-4.082085609436035
12.5056328567953,-11.523530006408691
-11.9299972333177,12.9414701461792
-37.9495035857927,-31.4482421875
0.7001962140772594,-3.7827484607696533
4.49418879319923,33.04787063598633
-39.0646563811545,-16.55374526977539
-9.09730633851708,-8.770659446716309
-17.5589533745204,-8.246456146240234
-4.92782811871599,-1.2207393646240234
-8.2299173561342,1.6872365474700928
2.60625970962018,-5.927688121795654
2.726862934921635,-3.2785511016845703
4.071661498679735,-5.122473239898682
-13.2494383747796,-17.73595428466797
-11.9154244975033,-1.4147388935089111
0.9090871567987184,-11.839146614074707
7.92708077877978,-3.142246723175049
-3.119647295186995,-22.487407684326172
-2.248378586620203,-12.186136245727539
1.6646916021852596,2.0532383918762207
0.1590569364430157,-7.408308029174805
-77.3623903172369,-9.736921310424805
15.8859560938761,5.188812255859375
-3.11888044241469,3.837526559829712
-2.7468186065138984,-9.332940101623535
2.77922195660905,-18.638498306274414
4.052279150357491,-21.760019302368164
-4.03806373695381,-6.04770040512085
-2.4461467814868523,-28.027788162231445
-0.1639564470097907,-14.470340728759766
0.8542168432631491,-1.183701992034912
5.84905996845087,1.4252996444702148
-5.77665564868809,-2.7321505546569824
-3.7008288999313423,0.4337801933288574
-7.18713065449027,-0.8065320253372192
-0.9529303605806088,0.22023963928222656
-15.902118442879,-27.096284866333008
-28.0636361890057,-11.407918930053711
-26.912205886836706,-19.720548629760742
8.596988309863011,-0.5632018446922302
0.2877587512502297,-10.602283477783203
3.3899996482015826,1.042283058166504
-20.5869014386951,-10.830498695373535
-9.341800010912078,-24.102340698242188
0.1692077246922899,-14.197524070739746
-1.857666460494741,-9.914948463439941
-13.2752747780792,-6.9087724685668945
0.7445982178878973,-19.32658576965332
4.49646859469848,-6.167460918426514
3.60913262992784,-2.2841358184814453
-5.653435188749545,-2.1514546871185303
1.51502173443586,-10.712334632873535
8.143116180793372,-14.75311279296875
-8.36164856265281,-16.21461296081543
-1.130678948105339,2.286414623260498
-4.349210006555943,-13.303159713745117
0.2594141505344826,-20.44812774658203
-32.1283374054069,-23.156700134277344
-1.9051378030600723,-1.2043535709381104
4.768047800449637,-5.7719221115112305
2.264898495983479,-10.704475402832031
-6.47138721063866,3.1143646240234375
4.93167956005568,-9.091970443725586
2.4851768276660025,-4.335841178894043
-3.930469946192945,-18.88261604309082
11.923948375295712,1.2042274475097656
11.616605850275496,-19.38370132446289
10.41580460128629,-8.65317153930664
-8.700462669667385,-1.9102158546447754
13.1991243046288,9.549692153930664
-4.75101729862813,-14.832204818725586
-1.4230966237807086,-27.827621459960938
-2.07861348348741,-25.6259765625
10.292368565007404,2.9489593505859375
1.9007667723773176,-9.866707801818848
17.1612744381531,-5.053022384643555
-0.1428452494230792,5.169055938720703
2.4933992323843923,-10.582544326782227
-13.861300672159,-4.101252555847168
-1.7943154401891548,-3.646592378616333
-4.15624175439773,-13.314336776733398
-14.277645616907492,-10.162406921386719
2.713132201978397,-3.6296920776367188
-13.315456279797685,-6.467564105987549
-5.36204355968609,-4.24111270904541
-1.4872271509121793,-4.86614990234375
0.31232235517322,13.914105415344238
3.0307168501552093,-14.378955841064453
3.4484762474106,4.180222511291504
-34.0729170807354,-9.09749984741211
-25.0659802428987,3.8877487182617188
0.86771933446589,2.1389636993408203
-11.996919710325,-11.253189086914062
17.2594267615487,0.8881912231445312
-56.2560888739038,-12.664308547973633
-12.7386491421071,-11.362527847290039
-3.520787796436005,-11.497429847717285
-0.8014467498558491,-11.241501808166504
-34.7812340468876,-2.793367385864258
7.158235365631607,-14.189529418945312
3.29681579894721,-2.1746811866760254
0.046018285265003,2.4880740642547607
2.046344769010002,-2.54679536819458
4.25403099118957,-6.146918773651123
3.7804230286959792,-12.30636215209961
-3.773219093074008,-6.5611090660095215
-9.722403045722997,-10.939002990722656
2.81101468536903,0.059332430362701416
-23.7494411406013,-10.778244972229004
-75.56229656723696,-12.617149353027344
4.366245372711767,-0.7768592834472656
9.94612085382829,8.891349792480469
-8.207132148775708,-13.435552597045898
-3.09775596823669,-1.1393063068389893
3.77256113899207,1.5240917205810547
0.2016574678685985,9.971142768859863
4.38808277416547,-7.318239212036133
3.7092867134231,5.040694713592529
1.6740112862957208,-3.3673601150512695
-5.472376660417956,-5.100550651550293
12.283123760680592,-1.3018674850463867
4.417989059347175,-14.305685997009277
1.907333647224608,-8.17548656463623
-3.73521146317182,-12.716583251953125
7.837521570550837,4.358720779418945
4.82455755953161,-15.749902725219727
-0.6472060937938101,-3.4293766021728516
-8.237956686764985,-8.379884719848633
7.36579899286375,-6.932765960693359
7.859716520666763,0.1451730728149414
2.765011277030255,6.417976379394531
4.62415639298937,3.902495861053467
6.430237727930085,-17.541301727294922
2.44728958086436,-9.436306953430176
-1.93656353174353,-6.374880790710449
-33.7845903951132,-11.209153175354004
10.960301672714698,9.22738265991211
6.147225205740463,-5.68387508392334
2.4659746492236927,4.620757102966309
18.2642273209106,-0.7136618494987488
7.656482330373112,5.5793352127075195
-63.2346715672369,-6.7254533767700195
-22.9610154952969,-10.586763381958008
4.39789099231211,6.9030280113220215
-46.587141393021525,-8.895885467529297
-12.281506448986304,-0.1734676957130432
5.220668557811489,-0.5060679912567139
-1.4412632820262703,-1.8124768733978271
-35.163016426576704,-19.043601989746094
-31.380009974583203,-2.9622602462768555
-40.7258600860177,-1.5774528980255127
-35.3994683825842,-5.623608112335205
-10.968565079401992,-1.9423816204071045
15.384553292915324,-6.063512802124023
-0.4271227388875901,3.6255927085876465
-7.69948364751984,-2.786033868789673
-26.6822467124322,-8.125763893127441
-0.2823200449385875,-16.010528564453125
-3.8453528225106623,-9.342674255371094
-2.4599041427842496,0.40233421325683594
-12.7315114055493,-6.967817783355713
1.418014053180695,-18.48390007019043
-3.4922781726655696,-15.645679473876953
9.58062385928767,-0.5137488842010498
-17.5801214502402,-5.122772693634033
-49.5120706514507,-10.695258140563965
-0.4503474699443348,1.1971994638442993
2.332279780348585,-4.975006103515625
-42.2483635713802,-1.7669661045074463
-5.00028834575103,-10.369864463806152
-5.14141487663266,-5.6028594970703125
-19.923371510770203,0.7213380336761475
4.28301459624688,-7.223349571228027
0.3224388648416145,-0.6667470932006836
6.795393661635613,-12.451408386230469
6.720388221210122,11.657649993896484
-20.7558388881914,-15.418143272399902
-12.5922662394529,-3.956954002380371
-5.19085420781142,5.237793922424316
-27.3858072066324,-6.431253433227539
6.488490212037078,-1.5496602058410645
-12.5233171201947,-5.277336120605469
0.996650643215182,1.9729809761047363
3.27144637329635,1.2187633514404297
1.203208947199059,-16.667266845703125
4.5031585012656095,-22.135778427124023
-46.6686841099013,-2.3763298988342285
3.600655729290548,-2.0280203819274902
-2.7077151362496297,-19.20269012451172
-42.936846127142296,-5.936915874481201
2.679404112105611,0.26221704483032227
-23.975827854410426,-12.873427391052246
-24.4869919201538,-5.859750747680664
-6.22433036882608,1.4936962127685547
-24.992167376126925,-4.652060508728027
-9.742168339465294,-15.436285018920898
0.1235817830644999,3.7693142890930176
-11.607028837624,-3.836825370788574
5.321680837772678,-3.6564440727233887
3.3452637215970498,-20.564483642578125
13.015759276594096,8.286718368530273
-6.13466459150186,-17.03179931640625
3.0897024917955025,-8.295348167419434
3.557691046156,-7.014437675476074
2.0008593011464906,-11.267962455749512
-1.2671721747064446,-5.7464470863342285
-2.989164004622407,-8.757917404174805
-2.43808381047612,-7.340005874633789
-11.30813578108209,12.369000434875488
-9.619042312244815,-2.8039817810058594
-4.01456885639382,3.96287202835083
-4.853312003098937,-5.0816569328308105
2.78743688363977,23.608558654785156
3.6035536346157695,2.869382858276367
6.09033976794457,14.63698959350586
-5.89266438028177,1.7383971214294434
4.780848076735348,-4.621716499328613
-20.7592210135025,-11.561046600341797
-3.637071869773312,-11.506782531738281
-4.396710286499547,-2.1621499061584473
9.04709717330502,0.04616096615791321
1.69213972357191,-8.51516342163086
-27.068723822751306,-7.100739479064941
0.2886204877907422,-3.690213441848755
-0.592182005541919,-0.694982647895813
-4.736229867816737,12.754379272460938
7.877641553655238,1.7295069694519043
-2.588665914009158,-7.338344097137451
4.72846919446815,-11.082732200622559
3.42669038506664,-0.29164063930511475
-10.274169876330886,6.2894158363342285
-1.289264920121349,-4.730129241943359
-6.9648772325347394,-1.955906629562378
-1.2236747050651609,1.2769012451171875
-12.208208404490907,-6.023988723754883
4.40921359309415,20.782241821289062
16.4171583068458,7.777109146118164
-15.991582533821994,4.502445220947266
7.809600001042748,2.931222915649414
-3.0331069492891496,25.328174591064453
2.603164662477901,-15.520791053771973
-24.2572199033326,-8.903467178344727
13.667582002208905,12.044588088989258
8.19307228691883,-9.57069206237793
0.4664503305112299,2.0144522190093994
-6.46133524603972,-8.600682258605957
-19.7520332208299,-12.365991592407227
-7.75971004909346,5.236303329467773
7.66334596528203,-7.300943374633789
-27.64770126959135,-7.1858320236206055
2.125547882163602,-3.4905314445495605
-1.8239337240231768,-1.3694751262664795
3.3696784995100426,-8.468704223632812
5.265272900492549,-11.080928802490234
6.753311816554961,-10.940460205078125
0.9434331950199416,3.5346052646636963
2.13745295521649,-2.4265899658203125
2.76912169862866,30.265396118164062
2.409764321136161,-7.168867111206055
3.7606671418030695,-5.950287342071533
0.555665600488549,-9.841903686523438
-89.04756219223692,-4.656309127807617
6.987950206462267,-4.185827255249023
-10.09410467002709,-1.9904584884643555
8.16191414696451,0.8671747446060181
-10.731303688850904,-7.878452777862549
7.588764503474316,2.1553239822387695
-5.25293160621848,-0.7393762469291687
2.3065604778561424,-1.239121437072754
-3.8022266666193874,-7.146543502807617
3.22816419080692,-11.796688079833984
1.1941842843275,-9.525925636291504
9.772192422094813,-3.2155046463012695
-2.489313079893845,56.23478698730469
-13.547300817594484,-15.147359848022461
-1.5403494549472296,-12.35667610168457
-5.139364658294922,5.316892623901367
-1.32131943338233,-22.154136657714844
-0.5284321769112605,-1.2272191047668457
0.1119561526876595,-3.8025097846984863
14.8508222506114,5.638204574584961
-0.0918051514147744,-0.9102649688720703
-1.7237618714553775,2.2859058380126953
-1.5699354762224491,-21.468399047851562
1.5718362711845366,9.089058876037598
3.58036180553514,-0.4126911163330078
7.45084701577923,-6.724140644073486
-7.378812419643663,10.180753707885742
-33.1832620874725,-6.231774806976318
-6.066411004621831,-6.640292167663574
-16.4910721624856,-13.054611206054688
0.8267526169764301,-8.55825424194336
-9.762453719841735,-7.693856239318848
8.07102955700163,9.369878768920898
1.741670982094262,2.3229331970214844
-0.0053525606393112,-30.850990295410156
-51.4043293278057,-13.833353042602539
14.9415296965116,-7.764206409454346
8.70853787657841,-10.813167572021484
-2.149900469098629,-4.514856815338135
14.8229623836697,6.780614852905273
-0.0379657812584102,-12.209609985351562
-15.3173389528898,1.6225272417068481
-1.7663441991754285,-11.331809997558594
-6.708306328674888,-2.3339343070983887
-78.7451798053926,-6.433021545410156
-0.5413656534735456,-11.190110206604004
9.625121597198186,3.3780829906463623
-3.15562863494722,-3.4602274894714355
9.60447820177431,-11.555139541625977
-3.31847606547329,2.8140974044799805
-4.12581810820042,-1.620081901550293
1.7706121017107803,-2.4229660034179688
0.5117341060036625,-6.9869465827941895
2.63157412115867,-13.529827117919922
-4.763634360062484,-19.802745819091797
-11.18181257464061,-4.668970108032227
-39.4932668903457,-17.419967651367188
9.206200380526292,2.828157424926758
-2.93911844531118,-7.921360015869141
-28.13472322157985,-2.4011764526367188
9.62907409316032,0.6299383640289307
-7.042636248773623,-2.9965553283691406
-4.03025121975644,-14.340289115905762
3.42951329804928,-1.0969696044921875
2.5565427438131976,4.415742874145508
2.8513084033656,3.208739757537842
-5.5623675139736175,-2.285165309906006
16.9968892380515,1.2521190643310547
-4.144685584269085,-11.150497436523438
-11.221818720505304,-0.03778296709060669
-2.111656589218961,-13.234160423278809
-1.626797120535592,-0.8709319233894348
0.7652624054000594,-6.475560188293457
-21.5531296050118,-16.62749671936035
-13.053772031257305,-10.077438354492188
5.42509465390903,4.442636489868164
-5.5186956836840375,-4.522032737731934
-2.260381023139061,-8.087419509887695
-30.3377383335249,1.8525633811950684
7.380729755239978,-9.575953483581543
-4.172986764275874,-13.272491455078125
-1.2036514942358316,6.669924736022949
-35.2906329121599,-11.32898998260498
-2.54595208771381,0.5748836398124695
-10.901275449743116,-9.156417846679688
-17.0078420331655,-12.215292930603027
-17.0314498829154,-15.321508407592773
-11.9784507557909,1.653117299079895
-19.469018973061075,1.8076391220092773
-3.2142130797467816,-0.48041248321533203
-0.5663484394051013,4.8407721519470215
-21.2195468929047,-10.412683486938477
8.077984978184695,-5.8270440101623535
-17.0119321722455,-17.32113265991211
4.67424026120176,-6.426479339599609
-47.9875704511971,-10.180112838745117
4.316615136301563,14.527843475341797
11.2728180991378,0.7457224130630493
-3.5546157663424616,-8.172943115234375
-3.15887949932979,-7.2379655838012695
-1.6422791314174887,-2.0583133697509766
-3.448025235667948,-16.204437255859375
-13.5632540546311,-9.610218048095703
0.8825935384285006,-11.419292449951172
3.27100049685324,-5.284137725830078
-0.7762273913233743,-9.600957870483398
1.026942322157092,5.802702903747559
9.859104788483815,-14.788936614990234
-1.9977872313530125,4.161599159240723
-13.1809903671301,10.710212707519531
-35.1782981083837,-9.413761138916016
-35.8337806803641,-9.25823974609375
-7.639409008216227,5.834909439086914
-15.746453943284,-5.172486782073975
1.055995951979529,-6.34027624130249
3.987299411465438,-1.6373181343078613
-37.0930621901092,-2.0752315521240234
16.694612728237402,-5.244453430175781
-4.527979888097892,-12.200151443481445
14.6352674345898,-11.701484680175781
5.034618319433818,-14.954967498779297
-3.77133000272187,3.06414794921875
-1.61504571199055,3.729867935180664
-56.3663437951974,-7.189386367797852
10.088450856398616,-11.105426788330078
-14.285610883283098,-11.579739570617676
2.6210618799141923,-4.742403507232666
-2.308732762121495,-9.77042007446289
-83.9761260280997,-7.897701263427734
-1.03656181464744,-5.22159481048584
10.16232173056559,-6.9556803703308105
-3.12013961477547,-4.651206970214844
3.010752586641185,-5.854039192199707
-1.5178355576616795,-11.223148345947266
-2.60072537807549,-4.739568710327148
-2.367312137177082,-5.602355480194092
6.075310726130807,-2.2968497276306152
2.24572304437811,-3.3349266052246094
0.2044267191685782,-11.388331413269043
3.85944773684647,-9.640571594238281
-14.409506408843407,-18.510059356689453
-2.683955047842884,-19.347776412963867
-0.0075038478591599,-12.046465873718262
7.190050317883171,-1.3637886047363281
-2.1691769605730515,-10.203373908996582
-7.910003358009165,2.5661630630493164
-69.1366966634013,-11.093379020690918
1.437241653553571,-19.805463790893555
-20.7409218490905,-12.227020263671875
3.78247800369874,-3.0941672325134277
7.909526276907584,-10.164009094238281
6.097122298913325,-11.61916732788086
24.5800902168924,9.533409118652344
-9.979741434164584,-1.429274082183838
3.1327986373042376,-6.399744033813477
-8.393586343504198,-14.979994773864746
8.678125432705007,-0.6376228332519531
20.7428439693387,-2.712859630584717
-1.511416195100045,-10.266195297241211
-23.3725501337939,-12.719532012939453
4.69437535963172,-18.27123260498047
8.24149319055937,-2.984421491622925
-0.2898522089969393,-2.3689146041870117
-7.19378137939456,-31.635284423828125
1.0271109700113177,-7.52177095413208
-14.564555056626377,-31.558290481567383
-9.657849716236,-8.869668960571289
-0.7280966227290082,-28.663034439086914
-21.8962191024866,-24.645034790039062
-40.2614734397264,-30.344995498657227
-1.77750068778882,-19.194000244140625
-28.3488859938485,-25.0510311126709
-8.184373188662292,-5.4824934005737305
-6.135426654744688,-23.585643768310547
-3.270422191581055,-11.924747467041016
-6.055427015859325,0.8064939975738525
-34.3143130117107,-27.713632583618164
-50.4820483838523,-6.808004379272461
-4.639593570653838,-7.700843811035156
-21.0606958753072,-27.79288101196289
8.747205755218493,6.319171905517578
0.6884341878779402,-35.569313049316406
0.300408103033295,9.242816925048828
-17.2817979072755,-28.153465270996094
5.79128728304933,-24.712215423583984
3.7921116228684086,-9.167938232421875
0.51700222845629,-27.073057174682617
1.0966146270020711,2.4751834869384766
-6.613686761665703,-8.332221984863281
-39.873530292237,-13.803512573242188
-35.0272315856836,-8.699119567871094
0.2475632146873464,3.010984420776367
5.59963570142504,-25.03748321533203
5.29419053806362,-9.413677215576172
6.457932781589695,-9.998470306396484
6.4251548431743295,-5.579376220703125
-19.7885249955934,-23.27678871154785
-2.4097304318056905,-6.5205817222595215
7.543407488617369,9.568201065063477
1.83593808226401,4.694976806640625
-1.5082203021212124,6.213773727416992
5.99108205682079,-10.133602142333984
-18.1797235112709,7.331426620483398
-12.840088322870097,-6.149160861968994
-2.23616712442702,8.909814834594727
-4.662511414401839,-6.109317779541016
3.41802282280863,1.6597981452941895
-12.0320822507053,-10.180659294128418
-25.9801803981754,-5.090585708618164
-5.97419023328963,13.688146591186523
15.4186986077963,-0.6904067993164062
4.480465220149085,-8.275703430175781
-13.2363849677504,-1.6549766063690186
-9.362863686069195,-15.165792465209961
4.128157012788561,4.576295852661133
2.26767773086615,3.172161102294922
-24.1634597090208,-16.224483489990234
10.013204486477417,-0.5773539543151855
-31.934070451053,-10.506806373596191
-22.9515728231767,-17.79629135131836
-11.219410776078313,-11.586383819580078
6.00089213826483,-6.582620620727539
-28.9638748432599,-11.794301986694336
3.11049964318654,1.810086727142334
-1.073248118887358,7.254817008972168
-10.249148139079496,-11.431333541870117
-13.14009076535719,-6.274664878845215
0.7364260970712593,-1.0234308242797852
-44.9949251983702,-2.392906904220581
-5.159519294761907,3.319610118865967
1.869241020829697,-7.404979705810547
-55.54568697318505,-12.483781814575195
0.3065104335081801,-6.146575927734375
-10.386374558578522,-8.31670093536377
-3.0345245902191325,-4.904445171356201
-57.144820014625296,0.8464957475662231
2.85060083445348,-1.2203781604766846
2.446050707651698,-1.2078351974487305
5.50221601830175,-4.3574113845825195
3.455876052191651,1.1088676452636719
-14.6157572128631,-8.550542831420898
-0.874105623616695,-2.795635223388672
-1.378759213278819,-6.139780044555664
1.350733135180331,2.4979019165039062
-1.94666134980912,-5.416886329650879
-3.36735139960915,-15.045355796813965
0.8319171014720902,-13.364051818847656
-40.2101205720394,-4.558084487915039
-24.577379709126298,-1.5422210693359375
-18.6292132467089,-7.979574680328369
-46.39510994896701,-9.38184928894043
-2.487076105276776,2.0055456161499023
-4.752960817423343,-6.340625762939453
-0.1160299782726794,-5.837296485900879
-18.5277286275242,1.8371018171310425
-14.1325019191809,-3.0114269256591797
10.909208084253878,11.718805313110352
1.30779520720034,1.293713092803955
-5.77436797253085,-9.46703052520752
3.986867952152618,-8.626213073730469
-21.7936206120663,-4.319025039672852
-2.643556292002,-20.324016571044922
11.0853991753379,-1.3254820108413696
-12.9397422629832,-17.768468856811523
-0.190891674386513,-1.06884765625
-6.32558602127377,-2.437472343444824
5.391699208755202,-6.973127365112305
-8.998840630677615,1.4790022373199463
-1.6005087696864486,-9.190564155578613
7.5482379424635875,-5.928953170776367
-7.642910278690365,-18.983295440673828
3.719171936095444,-1.2112072706222534
-0.8981307679622897,-0.16643714904785156
7.06032809637297,-1.2979938983917236
-3.134999611446543,-7.922446250915527
-5.94174589421185,5.411277770996094
-17.7883076547542,-9.456648826599121
-25.2381267145584,-20.99893569946289
-27.5445722402187,-24.25890350341797
2.6678241356197647,0.022205352783203125
5.02066543392875,5.559553146362305
-1.67197513843126,-13.171380996704102
6.58117049992555,-1.1984392404556274
3.12612254618191,-12.681253433227539
-2.1147225087047508,-1.1887059211730957
-76.9668504799361,-11.538599014282227
10.11870938841209,-9.908339500427246
4.755697845162629,0.24311065673828125
16.5479703149859,-4.335186004638672
4.001938538520379,-15.99932861328125
-14.1813773041305,-9.244470596313477
0.7709161631446207,-8.948654174804688
-24.2508933717269,-20.49480628967285
-22.3071231538392,-13.560469627380371
7.2595381633228,-3.76409912109375
11.555346181601609,-5.189569473266602
-26.258782255785,-11.066418647766113
10.3189652047012,5.848911285400391
0.809697096857583,-5.250071048736572
-18.5255095356289,-7.447155952453613
-1.0680791130593923,-10.822064399719238
-3.5390830989045075,-11.242226600646973
10.468583156479704,1.9522062540054321
-10.613183176373598,-11.176429748535156
-6.40442742836347,0.8564705848693848
7.196532980977684,-9.378826141357422
-10.586292641023492,-2.7875614166259766
-26.79502671025515,-27.159515380859375
-7.187555808667961,-4.550056457519531
5.4465900456679694,-6.701137542724609
3.1988276731025875,-2.672667980194092
7.827394642815597,2.2420220375061035
3.887422638441485,1.4103772640228271
-3.41466344580097,-13.856758117675781
2.667044757168528,12.35698413848877
1.0590749185315824,-1.0540430545806885
-3.9965921287470247,-7.261290550231934
10.982614675109394,-7.679421901702881
0.4076170529080399,-23.608699798583984
2.71319811317338,-6.484711647033691
8.652061852316729,23.312057495117188
-0.6579761516790089,-2.9973132610321045
-51.6773231694491,-7.1867170333862305
-2.8325461302865187,-2.9163360595703125
2.12749125232924,-13.596168518066406
3.562549470771905,-5.808663845062256
-16.517773128145326,-4.436068058013916
6.874655354673765,7.9669318199157715
0.2047767843086013,1.8067282438278198
-2.698758931910008,-13.326971054077148
1.8601156760560384,-2.540328025817871
-22.2455703021075,-8.82737922668457
2.4288820651169605,-28.76781463623047
-16.8307740899425,-2.35083270072937
20.7191486697607,-0.5951137542724609
-30.7261055182573,-4.84749698638916
-38.4849400567448,-7.51331901550293
-14.3103126367969,-9.089949607849121
0.7860328468455551,17.444652557373047
-48.3858044800915,-5.119482040405273
-3.21662088766757,-1.4717330932617188
1.675245639565673,-8.729843139648438
-90.3299705619704,-4.98675012588501
-9.28527551691871,-0.5186899900436401
-1.2293411329062325,4.634827613830566
-4.534682244798708,-0.1016961932182312
-68.1959205924323,-6.612053394317627
-24.5242345195019,-16.351314544677734
-2.77042962989298,4.729013442993164
3.8009101564042025,2.6120128631591797
8.933703319425492,0.5633944272994995
-11.341527235964405,-11.966846466064453
6.71098989067457,11.6546630859375
4.54734483862441,6.480340480804443
-5.16341129781556,-5.449525833129883
-49.062306315025,-12.58718204498291
5.26551760771767,-5.249469757080078
3.33951124606136,10.997344970703125
5.006519903780723,-8.004510879516602
4.05485944970297,1.916400671005249
2.283405953189745,-23.037845611572266
-2.66483863280114,-15.196027755737305
12.566471603210276,-2.2044405937194824
-27.9020155354992,-10.082515716552734
8.88265541550952,0.7278923988342285
0.1652887870268324,-5.712104797363281
15.4985727759109,15.306989669799805
9.014890317831036,9.708562850952148
1.4803529144374856,-8.691231727600098
18.1939100849816,18.03673553466797
-2.6304973605131474,0.019258499145507812
-5.493763326806099,0.37972354888916016
-0.6715208179901364,-4.912380218505859
-36.7383193130824,-7.5387492179870605
5.062784719364307,3.9498395919799805
-12.026803679110706,-4.164159297943115
-3.01321716593974,-8.284024238586426
8.35813394800668,3.634000778198242
-3.60075442831331,25.38425064086914
-9.509135784465323,1.3235692977905273
-19.6175855102284,-13.595918655395508
-27.8629509568953,-10.415132522583008
1.74273211890989,-4.596750736236572
-2.19578977406709,-10.813299179077148
2.42002639701588,1.0391321182250977
-25.55316918036869,-6.513185501098633
5.635020609606415,2.3733205795288086
-34.727836669101,-5.631186485290527
4.4516036428765,-10.156795501708984
4.967381413305823,-14.702476501464844
-6.81516141534704,-4.264933109283447
-24.3954295810688,-7.862009525299072
8.658679095048068,1.306137204170227
3.7347243087796,-25.463821411132812
-12.909633143366396,-9.243524551391602
-60.49569009623433,-9.924299240112305
-3.790702882666694,-0.7558674812316895
-12.41068356063,-17.921710968017578
2.76740193393285,-3.770535469055176
-18.9061714872788,6.3847455978393555
-3.681083449701528,-10.604976654052734
8.13893448615947,3.059502601623535
-51.402683514636095,-21.013668060302734
-3.0703466753296,14.64511775970459
0.4646043967887734,-10.665534973144531
5.989492839405608,-4.724660873413086
8.833837192566008,3.219266414642334
-26.1965705632023,-8.531777381896973
0.0804428699766095,-13.258374214172363
10.229168329440906,3.8810367584228516
2.12042655289975,7.1255927085876465
3.88810032819938,-6.5832109451293945
-31.515616413872173,-11.05608081817627
2.28163515100639,-4.794487953186035
-9.633163292669298,-8.747955322265625
2.63206586722876,2.1910181045532227
0.3189015990893598,-20.610816955566406
-6.31868596379813,-3.2828361988067627
-6.4648984000359935,-14.622180938720703
8.91646092056966,-2.661855459213257
-42.637521131086125,-11.653528213500977
-89.5439156156453,-10.52391529083252
9.179556151687803,6.901758193969727
8.754663680824095,-3.1705965995788574
0.8838679103249854,-16.94434928894043
4.338369925074482,-22.24696922302246
-18.23432595343749,-9.573763847351074
6.92534745147092,5.819980621337891
-1.768261666543676,-7.192221641540527
-7.87226820943855,-10.241914749145508
-12.0847368637308,-16.059446334838867
-4.4222229386498375,-11.346273422241211
6.63109301847755,8.057687759399414
1.675381804264854,-13.15412425994873
-6.897600670415837,-15.283370018005371
-12.2774867069717,-22.529809951782227
-3.963646539183849,5.3634443283081055
-2.552277046947741,-17.32223129272461
-10.78700495517378,-19.98448944091797
-6.426376983867103,-8.979862213134766
8.2142562177934,2.7397289276123047
-16.967828162594074,-7.473039627075195
6.07843040491799,-13.243074417114258
3.08443697315444,-21.266021728515625
-1.3811964732242277,-23.585445404052734
-4.51305804704249,-18.525882720947266
-9.93375477053989,-12.749702453613281
-0.6581754288220045,-1.6256048679351807
-7.952166005584182,-7.251284599304199
-13.563015982384195,-5.187333106994629
-47.9957157156951,-9.171873092651367
4.96190002222477,-12.112506866455078
-2.0240269290899,-14.926612854003906
3.47166270740147,-0.18052232265472412
-5.2815921348029296,-9.302851676940918
2.369358494612781,-1.8234052658081055
-4.214346026907057,-12.529417991638184
-23.8934551543691,-13.235815048217773
-1.0659561461183158,-6.003957271575928
3.126169348435272,-10.49002456665039
2.35164464781062,-2.3925857543945312
-1.79502295092813,-3.483525276184082
-15.957982665262508,-8.047515869140625
-64.65676531723692,-17.94195556640625
-27.8195558011628,-10.62983226776123
-10.480511156242285,-4.330804347991943
-6.18357684414468,-20.941864013671875
-6.75960002722117,-1.8897197246551514
4.4105627388370605,-2.224776268005371
5.58846482112586,-1.4783633947372437
-16.8483709423333,-7.469494819641113
16.1850033157246,-8.201879501342773
-3.34531377329845,-6.869441986083984
5.893700156574014,6.01108980178833
2.745769909533195,9.871750831604004
2.53362859007723,-5.219128608703613
1.0880788430276551,12.525602340698242
