Score,Pred Score
-13.812973987503693,3.1686367988586426
-14.6311710829416,-20.355770111083984
-15.020937907067507,-20.28744888305664
5.61896917638109,22.38037109375
0.1461877509898399,-10.346128463745117
3.59745169898486,1.0068155527114868
-6.72144892291601,-8.36430549621582
4.304204520484877,1.9390625953674316
3.37898618824583,-5.090112686157227
3.939818822274421,-3.920593500137329
13.9953943577381,2.6841671466827393
-5.39913759737588,2.55703067779541
-2.204579993178592,-4.5799455642700195
8.829561804598438,2.2867624759674072
6.01696699102072,4.242036819458008
-6.376202369524528,-2.3001248836517334
-6.50906463316165,-3.882997989654541
-60.92137282626391,-12.868087768554688
1.99934019108803,-0.4751376509666443
2.188685633501576,3.970409393310547
4.07090957771029,2.1611924171447754
0.5211206139658471,6.262763023376465
12.5580583918003,1.0648436546325684
3.320229681965675,5.222535133361816
-0.4381862293696001,-15.063299179077148
0.1752112379752922,-0.6319963932037354
4.123908949931413,7.995754241943359
-14.2382866820043,6.17849063873291
12.966325580978296,11.11928939819336
7.692941411907634,-3.722531795501709
-62.9031214125763,-25.18458366394043
-5.800670766453999,-9.798171997070312
-11.705366535732304,-14.449095726013184
-4.786538605318405,0.6360908150672913
-82.4887013651952,-19.07115936279297
-8.251107402184557,1.450831413269043
1.61677665352485,-15.008460998535156
-11.916211326129387,-22.087583541870117
-45.634880019414,-21.27816390991211
-0.568998602339841,-1.8851492404937744
-12.147399114840605,-18.401203155517578
-27.4476544011683,-20.616825103759766
-2.306526469902426,0.9508920311927795
-0.4835459876036119,0.038101911544799805
-8.39479061793487,-15.853116989135742
-46.862925671502296,-20.89023780822754
0.3837795244341289,-0.5799249410629272
7.184930267876617,15.22713851928711
2.8348518495029404,3.475588798522949
-9.859535687586003,1.046992301940918
-6.00025755794808,-9.836771011352539
-4.764629840066975,-1.603975534439087
-2.377061578670744,6.99799919128418
-2.0585753436264698,-13.219465255737305
1.1848602197973823,-5.170442581176758
4.97603191479674,13.120564460754395
4.27399441028646,-10.544439315795898
-46.2372447228831,-22.917015075683594
-31.4759298257721,-14.203149795532227
-50.1674018945849,-18.347644805908203
0.9601515747159592,-2.9772770404815674
-11.864177458483407,-7.724042892456055
-0.538262620928304,1.5016353130340576
-0.6920482116816997,-11.201456069946289
-1.5184696160120892,-0.03541833162307739
-3.0836644409391925,-20.23271369934082
11.316750179392892,8.6910400390625
-11.183106529127476,-0.24623632431030273
3.59102041590596,4.1404619216918945
4.55602013063716,-4.182760238647461
11.579228393987275,1.0956941843032837
2.3067635611900137,-6.329790115356445
10.480393919522983,10.088014602661133
-2.698100773809443,-15.071992874145508
3.776985072333982,-9.966733932495117
-11.773766374328297,-16.433042526245117
8.681027307740193,1.6058053970336914
-1.1091988250418725,-6.652423858642578
4.484288991501213,8.115099906921387
0.0548896546292299,9.431392669677734
0.1118559290339978,-18.951684951782227
3.9797293996962297,-1.3514420986175537
-22.42608065327665,-11.823972702026367
7.37064384347005,-6.427891731262207
-0.2642143205483515,-16.34147071838379
5.344594984386832,0.3049229383468628
-1.2497809936708242,-15.69947338104248
13.71198107208239,-1.7923014163970947
0.5045482395984724,-10.15426254272461
2.86709961553106,-3.394266128540039
0.4423212163888063,-5.519416332244873
-3.724573545179619,1.0823626518249512
0.2570808252882703,-6.258813381195068
-70.65073406723695,-16.652307510375977
-33.9587360563784,-6.093616485595703
9.2088386022025,1.696577787399292
1.3318185914773402,26.482816696166992
-9.176001953270983,-1.0628128051757812
-10.497767159210698,-12.561789512634277
-0.4402086584014632,-12.629756927490234
2.1560784090827942,-1.6195120811462402
-27.1636490162131,-5.791069984436035
-0.670930828719279,1.5924317836761475
-22.794043146736,-24.296092987060547
0.8105828534072201,3.7846899032592773
1.2287673509824204,-8.753156661987305
-0.6435038581465955,0.6338772773742676
8.474782023793379,-3.9411070346832275
-9.601847091024196,-9.803961753845215
-1.6610011043127195,-4.714949607849121
-0.1091636509260827,-1.1738965511322021
7.570838092245207,-11.454934120178223
-7.211196994815285,-2.298062801361084
9.090654061652296,-10.160523414611816
-26.6651088566214,-1.1568140983581543
-17.309192174305,1.7913694381713867
4.14054171285972,1.9302394390106201
4.097668935846943,1.5774822235107422
-0.29408409265346,-13.839263916015625
-35.8165916579592,-14.42031192779541
10.898098675545494,8.015952110290527
-1.6552655274048038,5.924409866333008
1.6729502580778592,-8.474462509155273
-6.42491227706334,-18.23590660095215
-15.4752611754195,-17.879966735839844
-0.6907348474047925,-6.480611324310303
-21.3629045873375,-7.65931510925293
4.219145585451182,-8.93501091003418
-3.019531285218114,-3.753298759460449
4.25311060075082,-4.4620466232299805
-15.0412339008878,-6.313531875610352
-8.237627320974727,-16.319963455200195
-1.0683487237199796,-1.760329246520996
-1.7174251595272625,-8.254260063171387
4.069163600073605,-10.15373420715332
-10.162041561092582,-22.39777374267578
-5.97248436581227,-9.783706665039062
6.120538767403939,2.6537880897521973
-0.8028238008287005,-15.010629653930664
-23.6042929930625,-19.145923614501953
-0.1777753404752198,-0.7867832183837891
-5.785469568057495,-17.684175491333008
-0.0556983764780604,-4.177787780761719
-25.4508968849616,-0.7233998775482178
-5.3185412482723295,0.31986284255981445
9.1356503291117,3.2205047607421875
4.020569536845237,0.9702298641204834
-58.5527340809363,-0.49341195821762085
-6.291328737399075,-3.7997546195983887
4.187869588752649,-2.296830654144287
8.922207576391518,-8.324047088623047
22.7414116448382,0.5679173469543457
-44.6057608529879,-16.331218719482422
-26.5129077898497,-16.453174591064453
-2.13735826282737,-2.0800600051879883
-1.14890133483728,5.727444648742676
-15.2234416939723,-6.767728805541992
0.369316059642221,-11.790407180786133
-0.6884117876070912,-16.15576171875
-5.8772631055401,-9.409652709960938
3.6053774296538297,-3.6017003059387207
5.07108724357905,-4.078801155090332
1.292753014965791,1.7087658643722534
8.440986836263871,-14.156645774841309
-3.43040335892423,-16.18435287475586
0.7651079053562314,-3.209850788116455
-37.13962469223695,-20.33246612548828
-5.822632503482525,1.8503371477127075
-6.879472048396067,-12.107200622558594
2.11024229353816,1.9778306484222412
-7.1526743450051855,-16.93212890625
-1.122073026503361,-10.465255737304688
0.3302260274555297,-9.629819869995117
-1.178255647098801,2.7296886444091797
-2.99361591491145,-0.15654373168945312
-18.1070051290659,-15.847147941589355
-3.0332808194811403,0.7245376110076904
2.6303171850506604,-6.103700637817383
-9.72499716390718,-14.079259872436523
0.2729453578388601,-1.8625025749206543
-21.4503408223732,-19.84713363647461
-4.99755531471552,-3.141552448272705
-18.0018409950579,-22.676359176635742
4.00031385473591,-11.667228698730469
12.0378145652987,6.269961833953857
14.1235470599023,-15.063387870788574
6.55729051148795,-0.32506895065307617
11.19992297656359,1.1134082078933716
-7.81388191369781,-13.90417194366455
-2.924593214648255,-10.33801555633545
3.7667366885646025,0.9561711549758911
-6.68253431604433,-0.22683972120285034
0.7345204104922589,3.445713520050049
-10.626155896203898,-6.731886863708496
8.106852576346123,2.592564105987549
-58.24412469223692,-18.56024932861328
1.4955767028094,-3.749824285507202
-17.6906096863185,-16.968795776367188
-4.813871520282443,9.701142311096191
-11.8973420493851,-5.614936828613281
-2.67676896274171,-4.217864036560059
-3.9331393974605526,0.015964031219482422
8.756217929094177,2.2699103355407715
-29.2662792150344,2.7365028858184814
1.7249239205326918,-4.329597473144531
-6.686975812883663,-2.206765651702881
11.10272802991041,0.9325239658355713
-10.956818171714705,-10.269054412841797
-6.3500959185649,-0.6556441783905029
0.6681105368389735,-4.937755584716797
-12.500029270357295,-13.727867126464844
-2.591242863373206,-5.52781867980957
5.954690473588823,-2.3746438026428223
-43.929359067237,-14.570649147033691
-17.4841411730512,-14.743265151977539
3.61441892535489,2.519005537033081
2.1112971208509976,-4.752723693847656
-41.8026500314277,-13.457643508911133
7.028135642932115,-3.667217254638672
8.463248256721428,4.56944465637207
-13.037072413777096,-10.80160140991211
-1.6307504375632549,7.231592655181885
-0.3284521577656807,3.5388598442077637
0.4685622181175212,-7.280216217041016
-5.316952415477393,2.5270628929138184
4.584421564331302,-9.966211318969727
-20.3593816575191,-9.525532722473145
3.67041582610247,-2.264322280883789
2.204062447972561,1.7992091178894043
-4.666937653128132,-0.8410274982452393
-12.3781694316975,-11.395759582519531
7.06923762363823,0.5551495552062988
-37.2883298194418,-11.673242568969727
6.442434166934048,-1.6324751377105713
-12.2162083245621,-11.593981742858887
-20.3623076046531,-3.778272867202759
-5.45440876641342,-6.924577713012695
3.1416241584890576,-9.862321853637695
-4.96580172718434,-17.375425338745117
-37.4061766871973,-18.91660499572754
6.46185690649625,-11.754434585571289
0.5403453062071405,-5.427221775054932
8.656689402528613,5.996217727661133
12.331931266595111,12.300769805908203
2.75380173901167,-2.08778715133667
-2.8447496930443927,-2.8431284427642822
0.0285872237409883,-3.3948020935058594
-73.5286754265322,-4.875313758850098
7.285509446842615,-10.043787002563477
6.72046542688671,-2.498671293258667
-6.19730890695259,-3.0092415809631348
-16.4599719883519,1.0187134742736816
-10.288292260688207,0.3257322311401367
-10.285920522724917,-3.2646713256835938
-30.8171784242839,0.03665363788604736
-4.65691689928222,-6.065885543823242
-37.1716279374795,-19.05684471130371
-36.50577458359941,-3.1082308292388916
0.7942566624333496,-5.516729354858398
-34.8552692363716,-8.924827575683594
-2.491707941339629,-12.179704666137695
1.7387039934851498,0.5595319271087646
18.9715733525152,7.585277557373047
-13.8996269060666,-10.62047004699707
4.17561229224804,-14.494792938232422
4.7680640763497,-14.660162925720215
-6.745372906074374,-17.33407211303711
7.262818938793504,1.5709681510925293
-55.7541546140486,-21.12021255493164
8.453421074249384,4.942399024963379
-5.85807143580148,0.17409247159957886
-52.7336020518746,-20.68151092529297
-1.995826789875676,-14.923747062683105
-1.3326443092463092,-22.919918060302734
5.029017096161708,1.8160896301269531
-0.71117494174041,-3.63875412940979
8.243548509216069,5.620481014251709
5.81602235619721,-15.177621841430664
5.978124919049687,-2.8184032440185547
-2.8859593337581737,-7.582250595092773
-26.0047332498617,-23.578868865966797
-1.5220929784942658,-18.426536560058594
-3.195242757261453,0.305511474609375
-15.0089303719363,-12.959858894348145
-1.757118944268968,-25.175580978393555
-13.5091075877696,-18.491870880126953
-4.0681667574955,-7.870652198791504
4.43276114617859,3.172654628753662
-4.665207913971671,-7.589680194854736
7.33919324558513,-9.673290252685547
-11.69780882660921,-15.152910232543945
5.960801203295765,-10.993175506591797
-29.9162730471743,-14.763954162597656
-5.331847529263395,-14.929217338562012
4.2006804390709,2.0889222621917725
4.76541245752904,2.461167335510254
5.87221574658101,2.602598190307617
-12.955988512618,-23.52470588684082
-14.4061745570978,-22.828022003173828
13.644333664082708,13.62511920928955
7.522446474796843,-19.610523223876953
2.858782897786812,-7.495245933532715
-49.8653288018085,-24.693496704101562
-4.029904705212941,-0.18230098485946655
-6.2026319104393295,-0.8220374584197998
4.452168509343501,1.9863201379776
-16.475900892606802,-14.100618362426758
-11.03094492075089,-19.481468200683594
-8.08045020128908,-21.480331420898438
1.39259946716825,-8.440103530883789
-14.885807229381896,-1.1784058809280396
-11.113180908425988,-0.971221923828125
5.506094216928792,0.7156891822814941
5.29091659278858,1.262756586074829
3.42106467876526,8.047148704528809
5.162821279449693,7.147762298583984
6.020551076354931,-1.6985934972763062
0.8086942897832163,11.068140983581543
-8.80546181278599,-15.677906036376953
-7.42349600405968,-8.637767791748047
-14.4731176558811,1.0925402641296387
-35.5448186771701,-14.691401481628418
-1.657597602265355,-6.495883941650391
-1.930224441335125,-15.628379821777344
-10.398648228661925,-2.950047016143799
-1.6521884315998507,-8.075817108154297
1.3131129859732091,1.7361469268798828
-0.1240821746904601,-9.075634002685547
-35.1709788883515,-14.931425094604492
0.6771989561182002,1.7408926486968994
-5.8677981963370005,-6.714887619018555
0.7982616963508231,-6.634803771972656
2.595279020812243,-11.94829273223877
6.9472187772133225,-3.7822494506835938
-41.1395198834054,-13.121267318725586
-35.4604736838065,-19.82147216796875
7.87379173269718,5.116272449493408
-8.72128086410909,-18.516691207885742
-82.13826531723697,-9.240092277526855
-9.70693692529289,-16.007022857666016
-61.4386715672369,-20.470481872558594
7.10938257895085,3.7384724617004395
0.4007388327427847,-2.7383604049682617
-0.7455370396145937,-1.2838873863220215
1.674966057420845,-6.975619316101074
11.877856996640997,-7.266757488250732
-0.9096556467231308,1.3270745277404785
-1.4680391508473674,0.1653890609741211
15.6414782015599,-11.69263744354248
-10.35739215730591,-2.8608627319335938
1.926107182225645,-2.11598801612854
6.99756701325662,1.7611308097839355
3.54836143321337,-0.3567197322845459
-7.726553411266567,-12.994099617004395
-48.51478094223695,-22.383052825927734
-3.0453156276270903,-6.029071807861328
-3.454798154796729,-0.6083896160125732
9.503977484174175,1.7991673946380615
6.001532732018722,4.990764617919922
1.775572054007981,-6.6937031745910645
-2.6871577689602653,4.308051109313965
-7.920344649869953,-1.4527232646942139
2.578081311550471,1.7392802238464355
-14.434457477598505,-0.22071266174316406
-1.338045882914232,-8.504257202148438
-44.1817825469333,-19.29009246826172
2.4314234692194163,-1.9842045307159424
-2.35314836228574,5.391035556793213
-2.07036107592124,0.6628837585449219
-6.560167066336443,-1.144002914428711
-2.54688332955635,-7.28940486907959
-7.940842049461227,-11.935501098632812
-7.789052707582185,-4.957758903503418
-1.4295761119406232,-1.3683606386184692
7.206977941743588,-1.064424753189087
-4.081394009803599,0.39991283416748047
-30.167243616457,-11.797900199890137
11.7225687296843,4.525616645812988
-0.8984319813221007,-1.6978626251220703
10.349523074958825,1.6942253112792969
5.42147270471237,5.071983337402344
-0.3136273830120112,-0.34307193756103516
4.398848813602776,1.9939637184143066
2.099307195887115,-1.4871258735656738
-61.6890402284636,-9.510231018066406
-7.08434802004719,-2.233365058898926
0.6962467393230812,-10.675929069519043
9.0758909366509,-8.741878509521484
-1.9263965715605047,-5.741739273071289
-6.262949496708321,-2.7373580932617188
-4.739766082030863,5.692940711975098
-36.8822022827233,-21.890405654907227
3.24770439300306,-14.398433685302734
-2.289513933263135,-6.116189002990723
1.41805545618482,-0.32792651653289795
-24.4432878855492,4.126016616821289
-24.96156751119129,-19.517654418945312
-7.734574598544068,-16.03457260131836
2.79124989437018,1.9904217720031738
-5.17831154550348,-20.518409729003906
1.5275640312561216,13.709037780761719
3.682989905065457,-0.7000823020935059
-10.8237586662752,-8.93265438079834
-6.929951553081727,-0.2860244810581207
-27.96215708599589,-20.181495666503906
-2.88087637063392,-1.7078096866607666
-5.960419628776203,-5.536376953125
-37.189874708633695,-20.59430694580078
1.1496085756031087,0.7790180444717407
-12.7137936794919,-22.52948570251465
8.398744223780918,-19.134979248046875
-33.3004252633332,-19.112764358520508
9.144089281431205,-0.9554365277290344
4.065326821312747,-3.1595518589019775
-41.9047429025821,-22.596424102783203
7.383552345763623,-6.224949359893799
6.364261125349779,-0.7466847896575928
4.841793570156368,-11.60625171661377
1.6198341998494314,2.926393508911133
4.179707781567577,6.257113456726074
-14.7229944429405,0.8897604942321777
7.078924552126015,2.1522364616394043
-12.898019313824,-7.0394744873046875
-70.8116033690518,-14.821784973144531
12.7359625054994,18.172103881835938
5.586124430090477,10.397276878356934
3.028467183462371,14.194419860839844
-5.830142578087577,-12.566361427307129
-22.6841489367301,-18.334049224853516
-1.51657819068512,-2.0926291942596436
-81.52648016021857,-6.252079010009766
-3.36903782007548,-0.10596847534179688
-18.707844022,-15.598043441772461
-34.48768519828235,-1.0597277879714966
-39.7169735486916,-5.7538862228393555
-1.593720937577549,-10.574853897094727
-23.2954444871652,-14.836308479309082
-45.30258920076982,-21.016468048095703
12.5056328567953,-2.9877710342407227
-11.9299972333177,6.398455619812012
-37.9495035857927,-5.48841667175293
0.7001962140772594,-5.983519554138184
4.49418879319923,6.61033821105957
-39.0646563811545,-20.8737735748291
-9.09730633851708,-11.296395301818848
-17.5589533745204,-21.3293399810791
-4.92782811871599,4.4019455909729
-8.2299173561342,-0.9629446268081665
2.60625970962018,-2.9342761039733887
2.726862934921635,2.10500431060791
4.071661498679735,-13.162500381469727
-13.2494383747796,-21.720943450927734
-11.9154244975033,7.107485771179199
0.9090871567987184,-15.689901351928711
7.92708077877978,-1.0331122875213623
-3.119647295186995,-19.446563720703125
-2.248378586620203,-25.49970817565918
1.6646916021852596,1.4229121208190918
0.1590569364430157,-4.184618949890137
-77.3623903172369,-27.42810821533203
15.8859560938761,2.419323444366455
-3.11888044241469,0.7387917041778564
-2.7468186065138984,-11.011255264282227
2.77922195660905,-3.906597852706909
4.052279150357491,-16.996597290039062
-4.03806373695381,-3.1052770614624023
-2.4461467814868523,-29.635204315185547
-0.1639564470097907,-0.6172537803649902
0.8542168432631491,-2.04995059967041
5.84905996845087,2.500782012939453
-5.77665564868809,-1.5997741222381592
-3.7008288999313423,-2.735691785812378
-7.18713065449027,-1.7532039880752563
-0.9529303605806088,7.876861572265625
-15.902118442879,-20.62390899658203
-28.0636361890057,-12.717836380004883
-26.912205886836706,-21.796903610229492
8.596988309863011,1.2436742782592773
0.2877587512502297,-8.424417495727539
3.3899996482015826,0.6636080741882324
-20.5869014386951,-13.5126953125
-9.341800010912078,-22.97113037109375
0.1692077246922899,-1.7801902294158936
-1.857666460494741,8.366379737854004
-13.2752747780792,-17.7325439453125
0.7445982178878973,-9.330629348754883
4.49646859469848,-11.308098793029785
3.60913262992784,-4.631998062133789
-5.653435188749545,-0.6343835592269897
1.51502173443586,-2.2064900398254395
8.143116180793372,-10.365030288696289
-8.36164856265281,-17.603139877319336
-1.130678948105339,2.3405141830444336
-4.349210006555943,-0.07285308837890625
0.2594141505344826,-15.614419937133789
-32.1283374054069,-24.591121673583984
-1.9051378030600723,-4.875176906585693
4.768047800449637,-14.301238059997559
2.264898495983479,-12.993115425109863
-6.47138721063866,-3.4501452445983887
4.93167956005568,-8.033174514770508
2.4851768276660025,-2.5221145153045654
-3.930469946192945,-8.322017669677734
11.923948375295712,5.492185592651367
11.616605850275496,-5.886297225952148
10.41580460128629,-10.661214828491211
-8.700462669667385,-1.9782614707946777
13.1991243046288,9.21600341796875
-4.75101729862813,0.12387561798095703
-1.4230966237807086,-27.623167037963867
-2.07861348348741,-16.895082473754883
10.292368565007404,1.0427227020263672
1.9007667723773176,-8.834409713745117
17.1612744381531,-3.1148109436035156
-0.1428452494230792,-1.2961938381195068
2.4933992323843923,-1.1424720287322998
-13.861300672159,-4.919750213623047
-1.7943154401891548,-2.6212284564971924
-4.15624175439773,-13.916080474853516
-14.277645616907492,-9.859664916992188
2.713132201978397,-9.477201461791992
-13.315456279797685,-14.036971092224121
-5.36204355968609,-2.038214683532715
-1.4872271509121793,-9.443922996520996
0.31232235517322,2.849040985107422
3.0307168501552093,-16.346633911132812
3.4484762474106,13.581334114074707
-34.0729170807354,-17.719728469848633
-25.0659802428987,-4.098112106323242
0.86771933446589,8.06854248046875
-11.996919710325,-10.724093437194824
17.2594267615487,2.0939245223999023
-56.2560888739038,-21.05610466003418
-12.7386491421071,-18.789405822753906
-3.520787796436005,-16.473602294921875
-0.8014467498558491,-16.948814392089844
-34.7812340468876,-20.359716415405273
7.158235365631607,-15.142536163330078
3.29681579894721,0.04404652118682861
0.046018285265003,-0.6676867008209229
2.046344769010002,-11.921369552612305
4.25403099118957,-10.049463272094727
3.7804230286959792,-13.655653953552246
-3.773219093074008,-5.612583160400391
-9.722403045722997,-14.5961275100708
2.81101468536903,-0.181718111038208
-23.7494411406013,-18.015060424804688
-75.56229656723696,-23.78888702392578
4.366245372711767,0.7895345687866211
9.94612085382829,0.09507524967193604
-8.207132148775708,-17.05902099609375
-3.09775596823669,-4.085321426391602
3.77256113899207,5.495016098022461
0.2016574678685985,-3.9108452796936035
4.38808277416547,1.2965946197509766
3.7092867134231,2.764051914215088
1.6740112862957208,-3.2084455490112305
-5.472376660417956,-3.1943600177764893
12.283123760680592,0.18210852146148682
4.417989059347175,-4.674727916717529
1.907333647224608,-8.758901596069336
-3.73521146317182,-17.731185913085938
7.837521570550837,6.515750885009766
4.82455755953161,-16.57896614074707
-0.6472060937938101,-3.370591402053833
-8.237956686764985,-6.792747497558594
7.36579899286375,-3.2018094062805176
7.859716520666763,0.4378023147583008
2.765011277030255,-6.736478805541992
4.62415639298937,2.3980748653411865
6.430237727930085,-18.273847579956055
2.44728958086436,-9.40768814086914
-1.93656353174353,-1.671597957611084
-33.7845903951132,-16.435638427734375
10.960301672714698,10.938920021057129
6.147225205740463,-9.804180145263672
2.4659746492236927,3.951787233352661
18.2642273209106,-4.414107322692871
7.656482330373112,7.7648773193359375
-63.2346715672369,-26.209392547607422
-22.9610154952969,-12.55647087097168
4.39789099231211,-0.041916847229003906
-46.587141393021525,-18.248905181884766
-12.281506448986304,2.0502359867095947
5.220668557811489,-1.06515634059906
-1.4412632820262703,-0.8375101685523987
-35.163016426576704,-10.760849952697754
-31.380009974583203,-17.489702224731445
-40.7258600860177,1.038494348526001
-35.3994683825842,-23.897613525390625
-10.968565079401992,-1.3394155502319336
15.384553292915324,-20.51165771484375
-0.4271227388875901,0.4008646011352539
-7.69948364751984,0.8595519661903381
-26.6822467124322,-11.750725746154785
-0.2823200449385875,-12.366379737854004
-3.8453528225106623,-16.222488403320312
-2.4599041427842496,4.960079193115234
-12.7315114055493,-10.599834442138672
1.418014053180695,-6.487264156341553
-3.4922781726655696,-7.3986992835998535
9.58062385928767,7.007904529571533
-17.5801214502402,-6.722397327423096
-49.5120706514507,-16.66268539428711
-0.4503474699443348,2.5038907527923584
2.332279780348585,-9.906265258789062
-42.2483635713802,-16.063337326049805
-5.00028834575103,-14.889816284179688
-5.14141487663266,-24.300870895385742
-19.923371510770203,-0.8963034152984619
4.28301459624688,5.5170745849609375
0.3224388648416145,-14.748796463012695
6.795393661635613,-1.2004585266113281
6.720388221210122,7.0982441902160645
-20.7558388881914,-5.7508416175842285
-12.5922662394529,-10.367056846618652
-5.19085420781142,5.809952259063721
-27.3858072066324,-14.195100784301758
6.488490212037078,1.59474515914917
-12.5233171201947,-13.140850067138672
0.996650643215182,-11.43441390991211
3.27144637329635,16.669891357421875
1.203208947199059,-14.716625213623047
4.5031585012656095,3.3863844871520996
-46.6686841099013,-15.688093185424805
3.600655729290548,-1.7434933185577393
-2.7077151362496297,-10.877724647521973
-42.936846127142296,-8.15396785736084
2.679404112105611,1.0613255500793457
-23.975827854410426,-15.192562103271484
-24.4869919201538,-15.766724586486816
-6.22433036882608,3.6008148193359375
-24.992167376126925,-10.458030700683594
-9.742168339465294,-3.2140321731567383
0.1235817830644999,4.767463207244873
-11.607028837624,-6.3456926345825195
5.321680837772678,-4.08513879776001
3.3452637215970498,3.103076934814453
13.015759276594096,1.840665340423584
-6.13466459150186,-7.31310510635376
3.0897024917955025,-10.143667221069336
3.557691046156,-1.7850189208984375
2.0008593011464906,-15.59673023223877
-1.2671721747064446,-13.534603118896484
-2.989164004622407,-17.654008865356445
-2.43808381047612,-9.399262428283691
-11.30813578108209,-8.236858367919922
-9.619042312244815,-21.615482330322266
-4.01456885639382,-5.39146614074707
-4.853312003098937,-17.164587020874023
2.78743688363977,0.7733564376831055
3.6035536346157695,0.8204541206359863
6.09033976794457,13.871587753295898
-5.89266438028177,1.3429808616638184
4.780848076735348,-8.524734497070312
-20.7592210135025,-19.357160568237305
-3.637071869773312,-19.528244018554688
-4.396710286499547,-0.8446624279022217
9.04709717330502,-1.2114944458007812
1.69213972357191,-2.004185914993286
-27.068723822751306,-15.46599006652832
0.2886204877907422,-8.875404357910156
-0.592182005541919,-2.2279152870178223
-4.736229867816737,5.3482985496521
7.877641553655238,2.4455854892730713
-2.588665914009158,-0.9835343360900879
4.72846919446815,-16.367094039916992
3.42669038506664,-0.39044785499572754
-10.274169876330886,-9.79345417022705
-1.289264920121349,-13.587324142456055
-6.9648772325347394,-0.6004239320755005
-1.2236747050651609,-1.315617322921753
-12.208208404490907,-16.26766014099121
4.40921359309415,7.890611171722412
16.4171583068458,10.465214729309082
-15.991582533821994,2.353132963180542
7.809600001042748,9.960285186767578
-3.0331069492891496,1.791930913925171
2.603164662477901,-12.18879508972168
-24.2572199033326,-14.228622436523438
13.667582002208905,2.7018868923187256
8.19307228691883,-13.37687873840332
0.4664503305112299,0.4281182289123535
-6.46133524603972,-15.996114730834961
-19.7520332208299,-18.675609588623047
-7.75971004909346,-10.448190689086914
7.66334596528203,-13.82211685180664
-27.64770126959135,-11.676817893981934
2.125547882163602,-1.2651609182357788
-1.8239337240231768,-4.978453636169434
3.3696784995100426,-9.704174041748047
5.265272900492549,-12.212090492248535
6.753311816554961,-8.648897171020508
0.9434331950199416,-3.662853717803955
2.13745295521649,1.1454907655715942
2.76912169862866,3.4863595962524414
2.409764321136161,-7.682440757751465
3.7606671418030695,-9.271842002868652
0.555665600488549,-1.5163249969482422
-89.04756219223692,-14.640064239501953
6.987950206462267,2.057950973510742
-10.09410467002709,-9.475347518920898
8.16191414696451,1.7541624307632446
-10.731303688850904,-12.935015678405762
7.588764503474316,8.393945693969727
-5.25293160621848,-4.447470664978027
2.3065604778561424,5.111756324768066
-3.8022266666193874,-12.574551582336426
3.22816419080692,-4.097812652587891
1.1941842843275,-2.375542640686035
9.772192422094813,-2.5586719512939453
-2.489313079893845,6.849781036376953
-13.547300817594484,-15.656692504882812
-1.5403494549472296,-4.064384460449219
-5.139364658294922,5.16646671295166
-1.32131943338233,-14.111809730529785
-0.5284321769112605,0.036705076694488525
0.1119561526876595,0.16946187615394592
14.8508222506114,0.3461160659790039
-0.0918051514147744,-5.387840270996094
-1.7237618714553775,8.729700088500977
-1.5699354762224491,-8.221113204956055
1.5718362711845366,-1.3097190856933594
3.58036180553514,3.872441530227661
7.45084701577923,-10.357494354248047
-7.378812419643663,-0.7736380100250244
-33.1832620874725,-14.538518905639648
-6.066411004621831,1.408203125
-16.4910721624856,-16.996414184570312
0.8267526169764301,-10.61111068725586
-9.762453719841735,-10.889959335327148
8.07102955700163,6.061978340148926
1.741670982094262,6.676935195922852
-0.0053525606393112,-12.527127265930176
-51.4043293278057,-14.749303817749023
14.9415296965116,0.7813646793365479
8.70853787657841,-13.931404113769531
-2.149900469098629,-13.52197265625
14.8229623836697,4.853589057922363
-0.0379657812584102,0.21037673950195312
-15.3173389528898,-5.767184257507324
-1.7663441991754285,3.5830836296081543
-6.708306328674888,-2.309295177459717
-78.7451798053926,-10.873382568359375
-0.5413656534735456,-4.250075340270996
9.625121597198186,6.292978286743164
-3.15562863494722,-6.5049662590026855
9.60447820177431,-6.951576232910156
-3.31847606547329,6.136014461517334
-4.12581810820042,-3.1959099769592285
1.7706121017107803,-0.8255195617675781
0.5117341060036625,-9.47315788269043
2.63157412115867,-5.5651960372924805
-4.763634360062484,-20.29831314086914
-11.18181257464061,-2.1657865047454834
-39.4932668903457,-19.26158905029297
9.206200380526292,5.760833740234375
-2.93911844531118,-5.43715763092041
-28.13472322157985,-16.13748550415039
9.62907409316032,-4.502468109130859
-7.042636248773623,-0.2131616473197937
-4.03025121975644,-3.7965636253356934
3.42951329804928,0.7413749694824219
2.5565427438131976,6.655502796173096
2.8513084033656,10.407992362976074
-5.5623675139736175,-0.8882666230201721
16.9968892380515,1.0361084938049316
-4.144685584269085,-5.823966026306152
-11.221818720505304,-4.123147010803223
-2.111656589218961,-5.656847953796387
-1.626797120535592,-2.086754322052002
0.7652624054000594,4.6346282958984375
-21.5531296050118,-19.872272491455078
-13.053772031257305,-10.363533020019531
5.42509465390903,6.394929885864258
-5.5186956836840375,-8.592103958129883
-2.260381023139061,2.640441417694092
-30.3377383335249,1.9479840993881226
7.380729755239978,-9.332850456237793
-4.172986764275874,-10.472912788391113
-1.2036514942358316,13.415179252624512
-35.2906329121599,-14.832015037536621
-2.54595208771381,0.5678496360778809
-10.901275449743116,-10.469086647033691
-17.0078420331655,-21.2266845703125
-17.0314498829154,-0.8143787384033203
-11.9784507557909,1.3128806352615356
-19.469018973061075,0.08713531494140625
-3.2142130797467816,0.1613602638244629
-0.5663484394051013,6.094334602355957
-21.2195468929047,-12.616972923278809
8.077984978184695,0.11057853698730469
-17.0119321722455,-12.582974433898926
4.67424026120176,-5.536923408508301
-47.9875704511971,-26.301231384277344
4.316615136301563,1.955841064453125
11.2728180991378,1.647464632987976
-3.5546157663424616,-11.404359817504883
-3.15887949932979,-6.007375717163086
-1.6422791314174887,-0.9453620910644531
-3.448025235667948,-19.59769630432129
-13.5632540546311,-15.557291030883789
0.8825935384285006,-15.466290473937988
3.27100049685324,-5.395749092102051
-0.7762273913233743,-1.5218629837036133
1.026942322157092,9.7267427444458
9.859104788483815,-8.728250503540039
-1.9977872313530125,2.726132392883301
-13.1809903671301,3.0769269466400146
-35.1782981083837,-15.683269500732422
-35.8337806803641,-21.27686882019043
-7.639409008216227,-5.004794597625732
-15.746453943284,-4.047032356262207
1.055995951979529,-0.46644020080566406
3.987299411465438,2.789653778076172
-37.0930621901092,-3.098862648010254
16.694612728237402,-5.4460015296936035
-4.527979888097892,-12.829130172729492
14.6352674345898,-10.706832885742188
5.034618319433818,-7.0186614990234375
-3.77133000272187,-9.774791717529297
-1.61504571199055,5.777674198150635
-56.3663437951974,-12.242563247680664
10.088450856398616,-5.018887042999268
-14.285610883283098,-18.966108322143555
2.6210618799141923,2.268338918685913
-2.308732762121495,-11.023699760437012
-83.9761260280997,-14.86085033416748
-1.03656181464744,4.179374694824219
10.16232173056559,3.184549570083618
-3.12013961477547,0.3429523706436157
3.010752586641185,-9.708267211914062
-1.5178355576616795,0.41394901275634766
-2.60072537807549,5.772068023681641
-2.367312137177082,-3.4679644107818604
6.075310726130807,2.316732406616211
2.24572304437811,-1.8399819135665894
0.2044267191685782,-9.63962459564209
3.85944773684647,-0.9220657348632812
-14.409506408843407,-11.462961196899414
-2.683955047842884,15.995118141174316
-0.0075038478591599,-8.628540992736816
7.190050317883171,-0.836885929107666
-2.1691769605730515,-13.302789688110352
-7.910003358009165,3.2255430221557617
-69.1366966634013,-17.754249572753906
1.437241653553571,-13.338494300842285
-20.7409218490905,-12.84880542755127
3.78247800369874,0.30203235149383545
7.909526276907584,-13.709151268005371
6.097122298913325,-23.246370315551758
24.5800902168924,8.705697059631348
-9.979741434164584,0.5717687606811523
3.1327986373042376,2.093822479248047
-8.393586343504198,-2.850248336791992
8.678125432705007,5.140873908996582
20.7428439693387,-2.4708306789398193
-1.511416195100045,-16.655569076538086
-23.3725501337939,-16.005754470825195
4.69437535963172,-10.871504783630371
8.24149319055937,1.5271967649459839
-0.2898522089969393,3.7884883880615234
-7.19378137939456,-24.18670654296875
1.0271109700113177,5.61649227142334
-14.564555056626377,-24.36905288696289
-9.657849716236,-16.047212600708008
-0.7280966227290082,-0.7813851833343506
-21.8962191024866,-15.649778366088867
-40.2614734397264,-34.093658447265625
-1.77750068778882,-6.571381568908691
-28.3488859938485,-15.980278968811035
-8.184373188662292,-7.086841583251953
-6.135426654744688,4.31186580657959
-3.270422191581055,-12.62263011932373
-6.055427015859325,-2.1367640495300293
-34.3143130117107,-28.95695686340332
-50.4820483838523,-14.04471206665039
-4.639593570653838,-5.007701873779297
-21.0606958753072,-35.58087921142578
8.747205755218493,9.414941787719727
0.6884341878779402,-7.412864685058594
0.300408103033295,-7.360781669616699
-17.2817979072755,-26.12179183959961
5.79128728304933,8.522453308105469
3.7921116228684086,0.19538116455078125
0.51700222845629,-19.548397064208984
1.0966146270020711,-4.055869102478027
-6.613686761665703,-18.827917098999023
-39.873530292237,-15.035127639770508
-35.0272315856836,-14.671131134033203
0.2475632146873464,7.460428237915039
5.59963570142504,-13.580428123474121
5.29419053806362,-8.108806610107422
6.457932781589695,-2.0025622844696045
6.4251548431743295,-7.5677900314331055
-19.7885249955934,-22.755525588989258
-2.4097304318056905,-2.1835813522338867
7.543407488617369,1.385830283164978
1.83593808226401,7.098191261291504
-1.5082203021212124,4.743045330047607
5.99108205682079,-11.240041732788086
-18.1797235112709,-3.9454503059387207
-12.840088322870097,-11.674141883850098
-2.23616712442702,5.953939914703369
-4.662511414401839,-18.165666580200195
3.41802282280863,3.035550594329834
-12.0320822507053,-13.069223403930664
-25.9801803981754,-13.980995178222656
-5.97419023328963,4.57878303527832
15.4186986077963,-5.950901031494141
4.480465220149085,-7.70865535736084
-13.2363849677504,-1.7620775699615479
-9.362863686069195,-14.773815155029297
4.128157012788561,10.484832763671875
2.26767773086615,-5.990054130554199
-24.1634597090208,-18.86371612548828
10.013204486477417,5.249916076660156
-31.934070451053,-12.635147094726562
-22.9515728231767,-4.247384071350098
-11.219410776078313,-14.347840309143066
6.00089213826483,-9.884662628173828
-28.9638748432599,-15.559429168701172
3.11049964318654,2.8227524757385254
-1.073248118887358,4.396546363830566
-10.249148139079496,-11.95546817779541
-13.14009076535719,-8.68635082244873
0.7364260970712593,-0.299560546875
-44.9949251983702,0.9752782583236694
-5.159519294761907,1.8042774200439453
1.869241020829697,-15.189319610595703
-55.54568697318505,-18.65050506591797
0.3065104335081801,-1.2485876083374023
-10.386374558578522,2.2011706829071045
-3.0345245902191325,-9.189953804016113
-57.144820014625296,-0.8588242530822754
2.85060083445348,-1.2204127311706543
2.446050707651698,2.4160304069519043
5.50221601830175,-10.326140403747559
3.455876052191651,3.807985305786133
-14.6157572128631,-17.992250442504883
-0.874105623616695,-9.541431427001953
-1.378759213278819,8.72927474975586
1.350733135180331,-0.8911066055297852
-1.94666134980912,-2.9723732471466064
-3.36735139960915,-9.632966995239258
0.8319171014720902,-7.528562545776367
-40.2101205720394,-3.429210662841797
-24.577379709126298,-15.80919361114502
-18.6292132467089,-7.520777702331543
-46.39510994896701,-9.762947082519531
-2.487076105276776,-9.234661102294922
-4.752960817423343,-14.582420349121094
-0.1160299782726794,-2.463332176208496
-18.5277286275242,0.08533334732055664
-14.1325019191809,-8.699402809143066
10.909208084253878,5.80668830871582
1.30779520720034,1.8814918994903564
-5.77436797253085,-1.411776065826416
3.986867952152618,-1.7710423469543457
-21.7936206120663,-22.44586181640625
-2.643556292002,-5.1919379234313965
11.0853991753379,0.42741167545318604
-12.9397422629832,-13.67825698852539
-0.190891674386513,2.1222753524780273
-6.32558602127377,8.34897232055664
5.391699208755202,3.607769012451172
-8.998840630677615,-0.482471227645874
-1.6005087696864486,-6.328303337097168
7.5482379424635875,0.8607263565063477
-7.642910278690365,-10.438982009887695
3.719171936095444,1.2806671857833862
-0.8981307679622897,-5.743671417236328
7.06032809637297,1.6546320915222168
-3.134999611446543,-5.272484302520752
-5.94174589421185,-0.6490546464920044
-17.7883076547542,-17.665771484375
-25.2381267145584,-17.434967041015625
-27.5445722402187,-19.97980499267578
2.6678241356197647,-9.300570487976074
5.02066543392875,-4.752038478851318
-1.67197513843126,-19.07819366455078
6.58117049992555,1.499948501586914
3.12612254618191,-15.180408477783203
-2.1147225087047508,-3.615194797515869
-76.9668504799361,-7.426239013671875
10.11870938841209,1.916468620300293
4.755697845162629,5.242273330688477
16.5479703149859,9.14293384552002
4.001938538520379,-13.216651916503906
-14.1813773041305,-16.871158599853516
0.7709161631446207,-5.0920305252075195
-24.2508933717269,-13.420726776123047
-22.3071231538392,-19.440040588378906
7.2595381633228,5.87481164932251
11.555346181601609,7.4613494873046875
-26.258782255785,-14.704276084899902
10.3189652047012,-5.403405666351318
0.809697096857583,1.1662229299545288
-18.5255095356289,-23.900419235229492
-1.0680791130593923,1.6219711303710938
-3.5390830989045075,-11.786962509155273
10.468583156479704,-0.05966639518737793
-10.613183176373598,-10.14967155456543
-6.40442742836347,0.741913914680481
7.196532980977684,-5.447612762451172
-10.586292641023492,9.907096862792969
-26.79502671025515,-20.311534881591797
-7.187555808667961,-3.431239366531372
5.4465900456679694,2.299684524536133
3.1988276731025875,1.781301498413086
7.827394642815597,0.8397808074951172
3.887422638441485,0.1095963716506958
-3.41466344580097,-3.385964870452881
2.667044757168528,-4.333785057067871
1.0590749185315824,-0.8052158355712891
-3.9965921287470247,-4.525409698486328
10.982614675109394,-1.0694010257720947
0.4076170529080399,-19.675052642822266
2.71319811317338,-1.3367011547088623
8.652061852316729,18.05764389038086
-0.6579761516790089,-6.344459056854248
-51.6773231694491,-21.487281799316406
-2.8325461302865187,3.5934433937072754
2.12749125232924,-17.953174591064453
3.562549470771905,4.083498477935791
-16.517773128145326,-0.8811073303222656
6.874655354673765,0.9093183279037476
0.2047767843086013,-5.319210052490234
-2.698758931910008,-5.589513778686523
1.8601156760560384,-1.5290658473968506
-22.2455703021075,-17.295608520507812
2.4288820651169605,-3.321002960205078
-16.8307740899425,0.34591788053512573
20.7191486697607,3.014284610748291
-30.7261055182573,-13.057319641113281
-38.4849400567448,-12.57363224029541
-14.3103126367969,-9.96586799621582
0.7860328468455551,5.192990779876709
-48.3858044800915,-13.151386260986328
-3.21662088766757,-11.449496269226074
1.675245639565673,-0.5394392013549805
-90.3299705619704,-13.400309562683105
-9.28527551691871,2.6923391819000244
-1.2293411329062325,-0.8175389170646667
-4.534682244798708,-4.644401550292969
-68.1959205924323,-21.200532913208008
-24.5242345195019,-27.04055404663086
-2.77042962989298,3.7327518463134766
3.8009101564042025,1.373340129852295
8.933703319425492,1.711971402168274
-11.341527235964405,-8.351839065551758
6.71098989067457,7.966381549835205
4.54734483862441,7.423673629760742
-5.16341129781556,-7.72172737121582
-49.062306315025,-36.75463104248047
5.26551760771767,-2.6533124446868896
3.33951124606136,-2.720126152038574
5.006519903780723,-2.7496533393859863
4.05485944970297,-0.26110875606536865
2.283405953189745,12.790266036987305
-2.66483863280114,-14.513745307922363
12.566471603210276,0.14849257469177246
-27.9020155354992,-13.55600357055664
8.88265541550952,0.5402681827545166
0.1652887870268324,-8.61080551147461
15.4985727759109,6.219670295715332
9.014890317831036,3.2970781326293945
1.4803529144374856,-7.741079330444336
18.1939100849816,4.186389923095703
-2.6304973605131474,6.014892578125
-5.493763326806099,12.716641426086426
-0.6715208179901364,-3.1933841705322266
-36.7383193130824,-16.07587432861328
5.062784719364307,12.609539031982422
-12.026803679110706,-11.689165115356445
-3.01321716593974,-2.8682689666748047
8.35813394800668,9.521926879882812
-3.60075442831331,-2.897003173828125
-9.509135784465323,2.8177595138549805
-19.6175855102284,-11.575547218322754
-27.8629509568953,-8.836187362670898
1.74273211890989,5.224821090698242
-2.19578977406709,-9.51034927368164
2.42002639701588,3.0389223098754883
-25.55316918036869,-12.149231910705566
5.635020609606415,7.998184680938721
-34.727836669101,-22.19281005859375
4.4516036428765,-9.07530403137207
4.967381413305823,7.316388130187988
-6.81516141534704,-3.8456943035125732
-24.3954295810688,4.725119113922119
8.658679095048068,2.724433660507202
3.7347243087796,-23.48518943786621
-12.909633143366396,-9.588458061218262
-60.49569009623433,-17.175167083740234
-3.790702882666694,2.555924892425537
-12.41068356063,-23.719987869262695
2.76740193393285,-0.007457256317138672
-18.9061714872788,-0.2594106197357178
-3.681083449701528,-9.15595817565918
8.13893448615947,-3.2227821350097656
-51.402683514636095,-21.504135131835938
-3.0703466753296,5.916967868804932
0.4646043967887734,-9.12951946258545
5.989492839405608,-1.9668607711791992
8.833837192566008,-0.7395827770233154
-26.1965705632023,2.375930070877075
0.0804428699766095,-3.9495081901550293
10.229168329440906,6.589441299438477
2.12042655289975,3.189850330352783
3.88810032819938,2.6669187545776367
-31.515616413872173,-14.701401710510254
2.28163515100639,-9.483332633972168
-9.633163292669298,-9.482881546020508
2.63206586722876,14.706161499023438
0.3189015990893598,-16.983871459960938
-6.31868596379813,-3.531024932861328
-6.4648984000359935,-13.640069007873535
8.91646092056966,-2.0349652767181396
-42.637521131086125,-19.656936645507812
-89.5439156156453,-14.826339721679688
9.179556151687803,-3.058565139770508
8.754663680824095,0.08068513870239258
0.8838679103249854,-6.717835426330566
4.338369925074482,-13.396736145019531
-18.23432595343749,-11.658365249633789
6.92534745147092,-4.086139678955078
-1.768261666543676,-8.577255249023438
-7.87226820943855,-4.051689624786377
-12.0847368637308,-12.71001148223877
-4.4222229386498375,-3.1782193183898926
6.63109301847755,7.760663032531738
1.675381804264854,-3.2205543518066406
-6.897600670415837,-11.124993324279785
-12.2774867069717,-29.572172164916992
-3.963646539183849,9.850296974182129
-2.552277046947741,-14.170795440673828
-10.78700495517378,-4.556711196899414
-6.426376983867103,-6.632366180419922
8.2142562177934,2.4638500213623047
-16.967828162594074,3.954423427581787
6.07843040491799,-8.944682121276855
3.08443697315444,-5.739072322845459
-1.3811964732242277,-22.526094436645508
-4.51305804704249,-23.943199157714844
-9.93375477053989,-4.968752861022949
-0.6581754288220045,-3.525545120239258
-7.952166005584182,-16.10472869873047
-13.563015982384195,-4.481931686401367
-47.9957157156951,-17.146318435668945
4.96190002222477,3.212655782699585
-2.0240269290899,-8.205445289611816
3.47166270740147,1.6977488994598389
-5.2815921348029296,3.851886749267578
2.369358494612781,-0.3079969882965088
-4.214346026907057,-15.394500732421875
-23.8934551543691,-19.08224868774414
-1.0659561461183158,-13.157059669494629
3.126169348435272,-17.300540924072266
2.35164464781062,-5.487172603607178
-1.79502295092813,4.315276145935059
-15.957982665262508,-19.431589126586914
-64.65676531723692,-21.627166748046875
-27.8195558011628,-17.785541534423828
-10.480511156242285,-8.837213516235352
-6.18357684414468,-23.460529327392578
-6.75960002722117,-2.3373312950134277
4.4105627388370605,-1.1933913230895996
5.58846482112586,-2.7655105590820312
-16.8483709423333,-10.379068374633789
16.1850033157246,4.680783271789551
-3.34531377329845,-0.9710540771484375
5.893700156574014,7.950545310974121
2.745769909533195,10.406465530395508
2.53362859007723,2.9564006328582764
1.0880788430276551,9.283238410949707
