Score,Pred Score
-13.812973987503693,3.6557328701019287
-14.6311710829416,-24.733083724975586
-15.020937907067507,-16.990489959716797
5.61896917638109,5.443414688110352
0.1461877509898399,-8.814554214477539
3.59745169898486,0.9031519293785095
-6.72144892291601,-4.278301239013672
4.304204520484877,2.6643223762512207
3.37898618824583,-1.6181204319000244
3.939818822274421,-2.948300838470459
13.9953943577381,9.15640640258789
-5.39913759737588,-2.0330543518066406
-2.204579993178592,-1.2274783849716187
8.829561804598438,7.337377548217773
6.01696699102072,4.813543796539307
-6.376202369524528,-2.606764554977417
-6.50906463316165,-5.319808483123779
-60.92137282626391,-17.741273880004883
1.99934019108803,1.6847724914550781
2.188685633501576,4.833744049072266
4.07090957771029,-1.6423671245574951
0.5211206139658471,-0.23164606094360352
12.5580583918003,0.8686716556549072
3.320229681965675,4.965381622314453
-0.4381862293696001,-12.866609573364258
0.1752112379752922,-0.39841344952583313
4.123908949931413,4.184391021728516
-14.2382866820043,12.354694366455078
12.966325580978296,9.362958908081055
7.692941411907634,0.9250338077545166
-62.9031214125763,-31.81427574157715
-5.800670766453999,-6.48544979095459
-11.705366535732304,-13.448782920837402
-4.786538605318405,4.841118812561035
-82.4887013651952,-22.997770309448242
-8.251107402184557,1.7024966478347778
1.61677665352485,-13.276969909667969
-11.916211326129387,-26.31249237060547
-45.634880019414,-23.88025665283203
-0.568998602339841,-1.953381896018982
-12.147399114840605,-18.067779541015625
-27.4476544011683,-24.38564682006836
-2.306526469902426,3.407180070877075
-0.4835459876036119,0.05994057655334473
-8.39479061793487,-14.787799835205078
-46.862925671502296,-25.428146362304688
0.3837795244341289,4.729874134063721
7.184930267876617,6.045896530151367
2.8348518495029404,1.788581371307373
-9.859535687586003,0.9457864761352539
-6.00025755794808,-8.83115291595459
-4.764629840066975,-2.3694915771484375
-2.377061578670744,1.9057066440582275
-2.0585753436264698,-11.331185340881348
1.1848602197973823,-4.079191207885742
4.97603191479674,16.72386360168457
4.27399441028646,-10.227484703063965
-46.2372447228831,-26.912410736083984
-31.4759298257721,-19.943172454833984
-50.1674018945849,-22.47325325012207
0.9601515747159592,-1.3873463869094849
-11.864177458483407,-6.472902297973633
-0.538262620928304,7.525675296783447
-0.6920482116816997,-6.502565860748291
-1.5184696160120892,-0.0023379921913146973
-3.0836644409391925,-19.70048713684082
11.316750179392892,7.908594608306885
-11.183106529127476,-0.9480719566345215
3.59102041590596,5.970226287841797
4.55602013063716,-2.1430389881134033
11.579228393987275,0.7176464796066284
2.3067635611900137,-4.000689506530762
10.480393919522983,10.438581466674805
-2.698100773809443,-12.914830207824707
3.776985072333982,-7.095900058746338
-11.773766374328297,-14.241381645202637
8.681027307740193,-0.8082664012908936
-1.1091988250418725,-4.9086809158325195
4.484288991501213,11.063843727111816
0.0548896546292299,10.335052490234375
0.1118559290339978,-17.05571174621582
3.9797293996962297,-2.1273765563964844
-22.42608065327665,-21.900758743286133
7.37064384347005,-4.6690473556518555
-0.2642143205483515,-10.087556838989258
5.344594984386832,-0.20737117528915405
-1.2497809936708242,-15.137033462524414
13.71198107208239,-2.7942593097686768
0.5045482395984724,-10.510886192321777
2.86709961553106,-3.734544277191162
0.4423212163888063,-1.998159646987915
-3.724573545179619,0.9954590797424316
0.2570808252882703,-8.78297233581543
-70.65073406723695,-19.65216064453125
-33.9587360563784,-10.292848587036133
9.2088386022025,1.1323891878128052
1.3318185914773402,6.963109016418457
-9.176001953270983,-1.8777155876159668
-10.497767159210698,-14.557918548583984
-0.4402086584014632,-11.85436725616455
2.1560784090827942,2.256215810775757
-27.1636490162131,-5.316139221191406
-0.670930828719279,-0.9770128726959229
-22.794043146736,-29.51760482788086
0.8105828534072201,7.121456146240234
1.2287673509824204,-7.276982307434082
-0.6435038581465955,-0.6824064254760742
8.474782023793379,-0.43286705017089844
-9.601847091024196,-12.46249008178711
-1.6610011043127195,-3.2399048805236816
-0.1091636509260827,-0.7599545121192932
7.570838092245207,-9.98311996459961
-7.211196994815285,-4.820592880249023
9.090654061652296,-8.950664520263672
-26.6651088566214,-0.7808651924133301
-17.309192174305,1.1340301036834717
4.14054171285972,0.5394012331962585
4.097668935846943,2.0861318111419678
-0.29408409265346,-11.112964630126953
-35.8165916579592,-18.833145141601562
10.898098675545494,9.083829879760742
-1.6552655274048038,6.209626197814941
1.6729502580778592,-6.457416534423828
-6.42491227706334,-20.02682113647461
-15.4752611754195,-21.466270446777344
-0.6907348474047925,-6.120272636413574
-21.3629045873375,-6.164913177490234
4.219145585451182,-7.1468729972839355
-3.019531285218114,-4.096681118011475
4.25311060075082,-5.31019401550293
-15.0412339008878,-11.680459976196289
-8.237627320974727,-19.441020965576172
-1.0683487237199796,-1.8554184436798096
-1.7174251595272625,-6.863258361816406
4.069163600073605,-10.31144905090332
-10.162041561092582,-26.997264862060547
-5.97248436581227,-7.430561065673828
6.120538767403939,2.716093063354492
-0.8028238008287005,-19.99976348876953
-23.6042929930625,-28.053936004638672
-0.1777753404752198,-0.16771411895751953
-5.785469568057495,-19.042367935180664
-0.0556983764780604,-2.927907943725586
-25.4508968849616,0.3259458541870117
-5.3185412482723295,3.2241451740264893
9.1356503291117,9.547279357910156
4.020569536845237,1.037658929824829
-58.5527340809363,-1.4976105690002441
-6.291328737399075,-1.693516731262207
4.187869588752649,-0.09248638153076172
8.922207576391518,-7.2581706047058105
22.7414116448382,1.957848072052002
-44.6057608529879,-21.088275909423828
-26.5129077898497,-16.17237663269043
-2.13735826282737,0.9658621549606323
-1.14890133483728,5.567119598388672
-15.2234416939723,-4.583764553070068
0.369316059642221,-12.720173835754395
-0.6884117876070912,-15.852852821350098
-5.8772631055401,-7.119202613830566
3.6053774296538297,-1.074039101600647
5.07108724357905,-0.38395261764526367
1.292753014965791,1.204447865486145
8.440986836263871,-11.461930274963379
-3.43040335892423,-11.666437149047852
0.7651079053562314,-1.909494161605835
-37.13962469223695,-21.441625595092773
-5.822632503482525,1.6588330268859863
-6.879472048396067,-12.978639602661133
2.11024229353816,3.6749653816223145
-7.1526743450051855,-16.0247802734375
-1.122073026503361,-8.871149063110352
0.3302260274555297,-7.627452850341797
-1.178255647098801,4.685909271240234
-2.99361591491145,3.6138267517089844
-18.1070051290659,-16.217893600463867
-3.0332808194811403,7.549592018127441
2.6303171850506604,-4.306393146514893
-9.72499716390718,-12.190644264221191
0.2729453578388601,0.8864498138427734
-21.4503408223732,-18.374183654785156
-4.99755531471552,3.842536687850952
-18.0018409950579,-29.267351150512695
4.00031385473591,-11.41215705871582
12.0378145652987,6.841307163238525
14.1235470599023,-14.332514762878418
6.55729051148795,1.7205009460449219
11.19992297656359,1.3421571254730225
-7.81388191369781,-12.88602066040039
-2.924593214648255,-8.815783500671387
3.7667366885646025,-0.30688607692718506
-6.68253431604433,-0.9887924194335938
0.7345204104922589,4.58265495300293
-10.626155896203898,-3.998101234436035
8.106852576346123,3.4804649353027344
-58.24412469223692,-24.081497192382812
1.4955767028094,-1.6046013832092285
-17.6906096863185,-24.02651596069336
-4.813871520282443,11.955425262451172
-11.8973420493851,-1.8198461532592773
-2.67676896274171,4.238000869750977
-3.9331393974605526,1.7246856689453125
8.756217929094177,1.1096651554107666
-29.2662792150344,1.1798913478851318
1.7249239205326918,-2.2033770084381104
-6.686975812883663,-4.333175182342529
11.10272802991041,1.357764482498169
-10.956818171714705,-11.211648941040039
-6.3500959185649,-2.8565053939819336
0.6681105368389735,5.257010459899902
-12.500029270357295,-14.743797302246094
-2.591242863373206,-5.593040943145752
5.954690473588823,-3.9983489513397217
-43.929359067237,-19.92697525024414
-17.4841411730512,-14.948481559753418
3.61441892535489,0.45231908559799194
2.1112971208509976,-4.348659515380859
-41.8026500314277,-18.38768196105957
7.028135642932115,1.6760196685791016
8.463248256721428,5.037530422210693
-13.037072413777096,-11.499186515808105
-1.6307504375632549,9.304734230041504
-0.3284521577656807,3.304715156555176
0.4685622181175212,-8.711994171142578
-5.316952415477393,1.820131778717041
4.584421564331302,-8.262974739074707
-20.3593816575191,-6.156404972076416
3.67041582610247,-5.046875
2.204062447972561,0.44948554039001465
-4.666937653128132,-2.4342854022979736
-12.3781694316975,-13.942075729370117
7.06923762363823,1.7136178016662598
-37.2883298194418,-13.373332977294922
6.442434166934048,-0.1920626163482666
-12.2162083245621,-9.950515747070312
-20.3623076046531,-0.9497126936912537
-5.45440876641342,-5.94224739074707
3.1416241584890576,-9.5791015625
-4.96580172718434,-15.160345077514648
-37.4061766871973,-24.627071380615234
6.46185690649625,-10.364734649658203
0.5403453062071405,-2.905672073364258
8.656689402528613,7.968570709228516
12.331931266595111,13.594917297363281
2.75380173901167,-0.9358572959899902
-2.8447496930443927,-0.8047175407409668
0.0285872237409883,4.491846084594727
-73.5286754265322,-2.721430778503418
7.285509446842615,-9.129080772399902
6.72046542688671,-0.3064546585083008
-6.19730890695259,3.1461474895477295
-16.4599719883519,-0.43021976947784424
-10.288292260688207,-0.08400565385818481
-10.285920522724917,-5.833401203155518
-30.8171784242839,0.7445024251937866
-4.65691689928222,-1.6880111694335938
-37.1716279374795,-18.364261627197266
-36.50577458359941,-1.5539631843566895
0.7942566624333496,-1.4657686948776245
-34.8552692363716,-7.01203727722168
-2.491707941339629,-11.344989776611328
1.7387039934851498,0.12680721282958984
18.9715733525152,11.356391906738281
-13.8996269060666,-7.161301612854004
4.17561229224804,-13.262199401855469
4.7680640763497,-14.5529146194458
-6.745372906074374,-17.53525161743164
7.262818938793504,-0.0028977394104003906
-55.7541546140486,-23.41023063659668
8.453421074249384,11.209617614746094
-5.85807143580148,0.5470337867736816
-52.7336020518746,-23.095386505126953
-1.995826789875676,-9.785823822021484
-1.3326443092463092,-24.530689239501953
5.029017096161708,0.46042776107788086
-0.71117494174041,-1.9151279926300049
8.243548509216069,6.3578362464904785
5.81602235619721,-11.019309997558594
5.978124919049687,2.842721939086914
-2.8859593337581737,-6.5721635818481445
-26.0047332498617,-24.774734497070312
-1.5220929784942658,-16.785852432250977
-3.195242757261453,2.067498207092285
-15.0089303719363,-11.682718276977539
-1.757118944268968,-26.713640213012695
-13.5091075877696,-18.37858009338379
-4.0681667574955,-6.775674819946289
4.43276114617859,4.431110382080078
-4.665207913971671,-6.536818981170654
7.33919324558513,-6.884799003601074
-11.69780882660921,-15.613378524780273
5.960801203295765,-9.171538352966309
-29.9162730471743,-17.812166213989258
-5.331847529263395,-13.76824951171875
4.2006804390709,0.6295876502990723
4.76541245752904,1.3773927688598633
5.87221574658101,9.25909423828125
-12.955988512618,-26.59368324279785
-14.4061745570978,-18.903749465942383
13.644333664082708,14.55333137512207
7.522446474796843,-17.90608024597168
2.858782897786812,-3.1016435623168945
-49.8653288018085,-32.74562072753906
-4.029904705212941,-0.009271979331970215
-6.2026319104393295,-4.7396159172058105
4.452168509343501,1.156741976737976
-16.475900892606802,-8.977230072021484
-11.03094492075089,-22.623302459716797
-8.08045020128908,-16.228225708007812
1.39259946716825,-5.3756022453308105
-14.885807229381896,-0.6494565010070801
-11.113180908425988,-1.9328382015228271
5.506094216928792,3.7073493003845215
5.29091659278858,2.623260974884033
3.42106467876526,8.013922691345215
5.162821279449693,10.512332916259766
6.020551076354931,-0.9261022806167603
0.8086942897832163,12.85944938659668
-8.80546181278599,-12.637435913085938
-7.42349600405968,-9.716163635253906
-14.4731176558811,-3.3312108516693115
-35.5448186771701,-13.097113609313965
-1.657597602265355,-4.596918106079102
-1.930224441335125,-12.936787605285645
-10.398648228661925,-5.642429351806641
-1.6521884315998507,-6.253183364868164
1.3131129859732091,3.128756046295166
-0.1240821746904601,-5.586947917938232
-35.1709788883515,-15.158248901367188
0.6771989561182002,1.025170087814331
-5.8677981963370005,-7.297707557678223
0.7982616963508231,-4.144657611846924
2.595279020812243,-8.376609802246094
6.9472187772133225,-2.169706344604492
-41.1395198834054,-11.192557334899902
-35.4604736838065,-20.654523849487305
7.87379173269718,8.777256965637207
-8.72128086410909,-23.028148651123047
-82.13826531723697,-5.935356140136719
-9.70693692529289,-15.87698745727539
-61.4386715672369,-23.57373809814453
7.10938257895085,5.316458702087402
0.4007388327427847,2.7341995239257812
-0.7455370396145937,-1.4850419759750366
1.674966057420845,-5.300849914550781
11.877856996640997,-6.767073154449463
-0.9096556467231308,-0.14969730377197266
-1.4680391508473674,-0.7228842377662659
15.6414782015599,-8.533575057983398
-10.35739215730591,0.23561358451843262
1.926107182225645,-1.5572375059127808
6.99756701325662,0.6000809669494629
3.54836143321337,-1.5265719890594482
-7.726553411266567,-10.279661178588867
-48.51478094223695,-30.1718692779541
-3.0453156276270903,-5.569038391113281
-3.454798154796729,0.22760868072509766
9.503977484174175,0.7371162176132202
6.001532732018722,5.919003486633301
1.775572054007981,-4.596338272094727
-2.6871577689602653,5.133607864379883
-7.920344649869953,-3.8805835247039795
2.578081311550471,2.6428661346435547
-14.434457477598505,-2.725066661834717
-1.338045882914232,-8.348905563354492
-44.1817825469333,-21.611581802368164
2.4314234692194163,-2.8376457691192627
-2.35314836228574,3.986457109451294
-2.07036107592124,-2.5796091556549072
-6.560167066336443,-2.167329788208008
-2.54688332955635,-5.189279556274414
-7.940842049461227,-7.431344032287598
-7.789052707582185,2.091254472732544
-1.4295761119406232,1.0522257089614868
7.206977941743588,1.3820805549621582
-4.081394009803599,0.9407958984375
-30.167243616457,-7.494171142578125
11.7225687296843,4.400597095489502
-0.8984319813221007,-1.9853070974349976
10.349523074958825,2.241448402404785
5.42147270471237,4.789065361022949
-0.3136273830120112,0.7768582105636597
4.398848813602776,4.199885368347168
2.099307195887115,-0.8854289054870605
-61.6890402284636,-13.658210754394531
-7.08434802004719,-2.5091047286987305
0.6962467393230812,-5.118938446044922
9.0758909366509,-4.257336616516113
-1.9263965715605047,-4.655517578125
-6.262949496708321,-2.4570257663726807
-4.739766082030863,9.170673370361328
-36.8822022827233,-23.990135192871094
3.24770439300306,-8.1514310836792
-2.289513933263135,-4.561392784118652
1.41805545618482,-1.6381146907806396
-24.4432878855492,4.764039516448975
-24.96156751119129,-27.97415542602539
-7.734574598544068,-15.843430519104004
2.79124989437018,0.7842121720314026
-5.17831154550348,-15.13729476928711
1.5275640312561216,14.106389999389648
3.682989905065457,2.1624417304992676
-10.8237586662752,-13.549593925476074
-6.929951553081727,-0.6720514297485352
-27.96215708599589,-16.653722763061523
-2.88087637063392,0.09842443466186523
-5.960419628776203,-2.894021511077881
-37.189874708633695,-24.554140090942383
1.1496085756031087,-1.968672513961792
-12.7137936794919,-19.681678771972656
8.398744223780918,-16.74026107788086
-33.3004252633332,-22.92497444152832
9.144089281431205,1.3208415508270264
4.065326821312747,-3.7539474964141846
-41.9047429025821,-22.865535736083984
7.383552345763623,-3.247795820236206
6.364261125349779,-0.7630507349967957
4.841793570156368,-9.026633262634277
1.6198341998494314,3.5750739574432373
4.179707781567577,6.35573673248291
-14.7229944429405,1.4293060302734375
7.078924552126015,2.4254729747772217
-12.898019313824,-6.275537014007568
-70.8116033690518,-11.219005584716797
12.7359625054994,19.629430770874023
5.586124430090477,9.039698600769043
3.028467183462371,16.032154083251953
-5.830142578087577,-11.351533889770508
-22.6841489367301,-14.310352325439453
-1.51657819068512,-1.6638096570968628
-81.52648016021857,-4.406618118286133
-3.36903782007548,-7.02781343460083
-18.707844022,-17.291534423828125
-34.48768519828235,-2.1832261085510254
-39.7169735486916,-2.598334312438965
-1.593720937577549,-6.900575637817383
-23.2954444871652,-12.93777084350586
-45.30258920076982,-21.978504180908203
12.5056328567953,-0.3243985176086426
-11.9299972333177,5.324467658996582
-37.9495035857927,-13.91386604309082
0.7001962140772594,-5.385953426361084
4.49418879319923,4.78780460357666
-39.0646563811545,-20.94248390197754
-9.09730633851708,-10.056967735290527
-17.5589533745204,-21.85943031311035
-4.92782811871599,4.482530117034912
-8.2299173561342,-2.7467949390411377
2.60625970962018,0.9372129440307617
2.726862934921635,0.43109071254730225
4.071661498679735,-11.946535110473633
-13.2494383747796,-20.228897094726562
-11.9154244975033,5.206421375274658
0.9090871567987184,-13.35326099395752
7.92708077877978,3.993481159210205
-3.119647295186995,-16.505748748779297
-2.248378586620203,-23.397104263305664
1.6646916021852596,0.7443400025367737
0.1590569364430157,-2.1162378787994385
-77.3623903172369,-32.98609161376953
15.8859560938761,1.613633155822754
-3.11888044241469,0.38371872901916504
-2.7468186065138984,-8.142463684082031
2.77922195660905,-0.9404950141906738
4.052279150357491,-12.859363555908203
-4.03806373695381,-0.06530997157096863
-2.4461467814868523,-24.901103973388672
-0.1639564470097907,-0.3751094341278076
0.8542168432631491,-4.513677597045898
5.84905996845087,0.44142675399780273
-5.77665564868809,0.07464337348937988
-3.7008288999313423,-1.0242257118225098
-7.18713065449027,-2.584667682647705
-0.9529303605806088,9.701131820678711
-15.902118442879,-17.646717071533203
-28.0636361890057,-11.831835746765137
-26.912205886836706,-25.856521606445312
8.596988309863011,1.232231616973877
0.2877587512502297,-6.997120380401611
3.3899996482015826,-2.0822675228118896
-20.5869014386951,-8.143301963806152
-9.341800010912078,-18.267154693603516
0.1692077246922899,1.795182466506958
-1.857666460494741,8.462857246398926
-13.2752747780792,-22.75489044189453
0.7445982178878973,-4.687212944030762
4.49646859469848,-11.278055191040039
3.60913262992784,-3.3809974193573
-5.653435188749545,-0.48368731141090393
1.51502173443586,-1.5252665281295776
8.143116180793372,-10.063376426696777
-8.36164856265281,-18.880861282348633
-1.130678948105339,0.04084920883178711
-4.349210006555943,0.025042057037353516
0.2594141505344826,-14.89725112915039
-32.1283374054069,-19.38201904296875
-1.9051378030600723,-4.01719856262207
4.768047800449637,-13.28333854675293
2.264898495983479,-11.138591766357422
-6.47138721063866,-5.10120964050293
4.93167956005568,-5.916512966156006
2.4851768276660025,-0.922269344329834
-3.930469946192945,-6.747043609619141
11.923948375295712,4.626953125
11.616605850275496,-3.5108280181884766
10.41580460128629,-8.40852165222168
-8.700462669667385,-3.2124366760253906
13.1991243046288,7.570719242095947
-4.75101729862813,3.3275763988494873
-1.4230966237807086,-22.238374710083008
-2.07861348348741,-14.85771369934082
10.292368565007404,1.9036121368408203
1.9007667723773176,-6.893585205078125
17.1612744381531,-0.4954800605773926
-0.1428452494230792,-1.1749422550201416
2.4933992323843923,0.9082186222076416
-13.861300672159,-2.7655467987060547
-1.7943154401891548,0.8720767498016357
-4.15624175439773,-14.798322677612305
-14.277645616907492,-5.30183219909668
2.713132201978397,-10.04727840423584
-13.315456279797685,-17.186620712280273
-5.36204355968609,-1.0730361938476562
-1.4872271509121793,-7.414064407348633
0.31232235517322,0.45978355407714844
3.0307168501552093,-13.377874374389648
3.4484762474106,13.767460823059082
-34.0729170807354,-19.743698120117188
-25.0659802428987,-0.10837841033935547
0.86771933446589,9.014532089233398
-11.996919710325,-8.498549461364746
17.2594267615487,3.171607732772827
-56.2560888739038,-24.009830474853516
-12.7386491421071,-16.15247344970703
-3.520787796436005,-15.422252655029297
-0.8014467498558491,-15.232649803161621
-34.7812340468876,-18.747722625732422
7.158235365631607,-12.455225944519043
3.29681579894721,0.7049247026443481
0.046018285265003,-3.448729991912842
2.046344769010002,-7.965275764465332
4.25403099118957,-9.198026657104492
3.7804230286959792,-11.987335205078125
-3.773219093074008,-3.58725905418396
-9.722403045722997,-10.699137687683105
2.81101468536903,0.5745731592178345
-23.7494411406013,-17.282440185546875
-75.56229656723696,-27.450660705566406
4.366245372711767,1.705061435699463
9.94612085382829,-0.2995598316192627
-8.207132148775708,-18.15319061279297
-3.09775596823669,-3.6632637977600098
3.77256113899207,3.882485866546631
0.2016574678685985,-3.555940866470337
4.38808277416547,2.532525062561035
3.7092867134231,1.5759721994400024
1.6740112862957208,-2.8526716232299805
-5.472376660417956,-0.6653633117675781
12.283123760680592,0.4464535713195801
4.417989059347175,-2.459117889404297
1.907333647224608,-6.864938259124756
-3.73521146317182,-14.712361335754395
7.837521570550837,5.731532096862793
4.82455755953161,-14.352896690368652
-0.6472060937938101,-3.3065178394317627
-8.237956686764985,-13.292325019836426
7.36579899286375,0.6026368737220764
7.859716520666763,-1.491997480392456
2.765011277030255,-2.5123252868652344
4.62415639298937,4.953181266784668
6.430237727930085,-15.965777397155762
2.44728958086436,-7.143345832824707
-1.93656353174353,-0.7582820653915405
-33.7845903951132,-20.969865798950195
10.960301672714698,10.320207595825195
6.147225205740463,-8.169175148010254
2.4659746492236927,3.4488275051116943
18.2642273209106,-4.169053554534912
7.656482330373112,7.989421844482422
-63.2346715672369,-30.863372802734375
-22.9610154952969,-12.38176155090332
4.39789099231211,2.2603418827056885
-46.587141393021525,-24.176130294799805
-12.281506448986304,-0.020485997200012207
5.220668557811489,-1.031781554222107
-1.4412632820262703,-0.9147976636886597
-35.163016426576704,-16.63199234008789
-31.380009974583203,-18.200090408325195
-40.7258600860177,0.9700606465339661
-35.3994683825842,-26.067277908325195
-10.968565079401992,-2.4405221939086914
15.384553292915324,-27.192729949951172
-0.4271227388875901,3.6533749103546143
-7.69948364751984,0.8807939291000366
-26.6822467124322,-17.416044235229492
-0.2823200449385875,-13.074448585510254
-3.8453528225106623,-16.8983097076416
-2.4599041427842496,6.341525077819824
-12.7315114055493,-9.1983003616333
1.418014053180695,-13.265584945678711
-3.4922781726655696,-9.220741271972656
9.58062385928767,4.0998616218566895
-17.5801214502402,-7.223456859588623
-49.5120706514507,-20.430953979492188
-0.4503474699443348,0.2890530824661255
2.332279780348585,-8.836566925048828
-42.2483635713802,-20.30031967163086
-5.00028834575103,-13.075565338134766
-5.14141487663266,-25.602210998535156
-19.923371510770203,0.10596573352813721
4.28301459624688,7.406183242797852
0.3224388648416145,-15.942560195922852
6.795393661635613,-8.007404327392578
6.720388221210122,8.089317321777344
-20.7558388881914,-7.247798919677734
-12.5922662394529,-11.310434341430664
-5.19085420781142,1.9970409870147705
-27.3858072066324,-16.384580612182617
6.488490212037078,0.38690459728240967
-12.5233171201947,-14.303302764892578
0.996650643215182,-12.321271896362305
3.27144637329635,12.133230209350586
1.203208947199059,-14.277239799499512
4.5031585012656095,0.3924386501312256
-46.6686841099013,-24.564403533935547
3.600655729290548,-2.0750608444213867
-2.7077151362496297,-8.280920028686523
-42.936846127142296,-18.569072723388672
2.679404112105611,0.11166322231292725
-23.975827854410426,-17.635791778564453
-24.4869919201538,-20.177654266357422
-6.22433036882608,2.0023326873779297
-24.992167376126925,-10.82210636138916
-9.742168339465294,-6.5116682052612305
0.1235817830644999,4.866415977478027
-11.607028837624,-5.29188346862793
5.321680837772678,-3.200571298599243
3.3452637215970498,1.1403746604919434
13.015759276594096,0.5660805702209473
-6.13466459150186,-11.131988525390625
3.0897024917955025,-6.561028957366943
3.557691046156,1.542533278465271
2.0008593011464906,-12.90306568145752
-1.2671721747064446,-17.512548446655273
-2.989164004622407,-20.742412567138672
-2.43808381047612,-5.507739067077637
-11.30813578108209,-8.95721435546875
-9.619042312244815,-28.457683563232422
-4.01456885639382,-3.824125289916992
-4.853312003098937,-22.172222137451172
2.78743688363977,7.341550827026367
3.6035536346157695,-0.9144697189331055
6.09033976794457,13.994759559631348
-5.89266438028177,0.09746778011322021
4.780848076735348,-4.965397357940674
-20.7592210135025,-23.631986618041992
-3.637071869773312,-17.45884895324707
-4.396710286499547,-1.1508631706237793
9.04709717330502,-3.2924954891204834
1.69213972357191,-0.9087486267089844
-27.068723822751306,-13.71491813659668
0.2886204877907422,-9.653151512145996
-0.592182005541919,-4.332590103149414
-4.736229867816737,3.810877799987793
7.877641553655238,0.8785936832427979
-2.588665914009158,-1.460559606552124
4.72846919446815,-15.530235290527344
3.42669038506664,-1.3114222288131714
-10.274169876330886,-8.835957527160645
-1.289264920121349,-10.339850425720215
-6.9648772325347394,0.07417389750480652
-1.2236747050651609,-0.8557125329971313
-12.208208404490907,-20.377090454101562
4.40921359309415,2.3659417629241943
16.4171583068458,14.40300178527832
-15.991582533821994,0.26108241081237793
7.809600001042748,13.21403694152832
-3.0331069492891496,2.4322586059570312
2.603164662477901,-9.404912948608398
-24.2572199033326,-12.659743309020996
13.667582002208905,1.8252439498901367
8.19307228691883,-13.806751251220703
0.4664503305112299,-0.411922812461853
-6.46133524603972,-13.309473991394043
-19.7520332208299,-18.584688186645508
-7.75971004909346,-9.053522109985352
7.66334596528203,-12.358319282531738
-27.64770126959135,-11.022208213806152
2.125547882163602,2.4061222076416016
-1.8239337240231768,-5.154150009155273
3.3696784995100426,-7.908400058746338
5.265272900492549,-10.871758460998535
6.753311816554961,-5.379182815551758
0.9434331950199416,-4.058931350708008
2.13745295521649,1.1628227233886719
2.76912169862866,-1.6732738018035889
2.409764321136161,-4.463150978088379
3.7606671418030695,-7.773777484893799
0.555665600488549,0.07473278045654297
-89.04756219223692,-16.84539222717285
6.987950206462267,2.1157469749450684
-10.09410467002709,-10.475662231445312
8.16191414696451,1.081617832183838
-10.731303688850904,-13.219100952148438
7.588764503474316,8.934633255004883
-5.25293160621848,-0.263912558555603
2.3065604778561424,4.659617900848389
-3.8022266666193874,-13.027483940124512
3.22816419080692,-2.8651275634765625
1.1941842843275,-1.352391004562378
9.772192422094813,-4.3774309158325195
-2.489313079893845,3.5768768787384033
-13.547300817594484,-18.25275230407715
-1.5403494549472296,-0.3650341033935547
-5.139364658294922,9.260908126831055
-1.32131943338233,-10.390597343444824
-0.5284321769112605,-0.1638629138469696
0.1119561526876595,0.3211939334869385
14.8508222506114,5.817286491394043
-0.0918051514147744,-4.1215314865112305
-1.7237618714553775,9.328600883483887
-1.5699354762224491,-0.6175477504730225
1.5718362711845366,-1.72125244140625
3.58036180553514,3.728931427001953
7.45084701577923,-10.724645614624023
-7.378812419643663,-2.772207736968994
-33.1832620874725,-19.6927547454834
-6.066411004621831,0.7687712907791138
-16.4910721624856,-17.730030059814453
0.8267526169764301,-9.552713394165039
-9.762453719841735,-14.275768280029297
8.07102955700163,7.3344011306762695
1.741670982094262,10.320032119750977
-0.0053525606393112,-6.604250907897949
-51.4043293278057,-19.49262237548828
14.9415296965116,2.147480010986328
8.70853787657841,-13.946135520935059
-2.149900469098629,-12.288484573364258
14.8229623836697,5.6432085037231445
-0.0379657812584102,2.581892967224121
-15.3173389528898,-6.109653472900391
-1.7663441991754285,4.225648880004883
-6.708306328674888,-1.790586233139038
-78.7451798053926,-14.771387100219727
-0.5413656534735456,1.8349552154541016
9.625121597198186,1.969477653503418
-3.15562863494722,-1.9388718605041504
9.60447820177431,-3.645753860473633
-3.31847606547329,4.446478843688965
-4.12581810820042,-3.4625937938690186
1.7706121017107803,-2.87843656539917
0.5117341060036625,-8.60746955871582
2.63157412115867,-4.811617851257324
-4.763634360062484,-2.055500030517578
-11.18181257464061,-2.361401081085205
-39.4932668903457,-16.43119239807129
9.206200380526292,5.223321914672852
-2.93911844531118,-4.747252464294434
-28.13472322157985,-15.572407722473145
9.62907409316032,-2.306688070297241
-7.042636248773623,-1.0281829833984375
-4.03025121975644,-3.8707211017608643
3.42951329804928,5.0556840896606445
2.5565427438131976,4.2253241539001465
2.8513084033656,12.073064804077148
-5.5623675139736175,-1.8505640029907227
16.9968892380515,3.326077461242676
-4.144685584269085,-3.901644468307495
-11.221818720505304,-3.373305559158325
-2.111656589218961,-6.460302352905273
-1.626797120535592,-2.2178843021392822
0.7652624054000594,4.8874735832214355
-21.5531296050118,-26.08353042602539
-13.053772031257305,-12.080583572387695
5.42509465390903,4.584157466888428
-5.5186956836840375,-12.002791404724121
-2.260381023139061,3.1799886226654053
-30.3377383335249,-0.6633508205413818
7.380729755239978,-9.043731689453125
-4.172986764275874,-10.703831672668457
-1.2036514942358316,12.533019065856934
-35.2906329121599,-24.599102020263672
-2.54595208771381,-2.5496020317077637
-10.901275449743116,-10.664383888244629
-17.0078420331655,-24.01552963256836
-17.0314498829154,-2.2351889610290527
-11.9784507557909,-0.21605688333511353
-19.469018973061075,-2.955782175064087
-3.2142130797467816,-0.24818801879882812
-0.5663484394051013,3.624246120452881
-21.2195468929047,-14.469276428222656
8.077984978184695,-0.9133045673370361
-17.0119321722455,-13.233914375305176
4.67424026120176,7.5174713134765625
-47.9875704511971,-32.88688278198242
4.316615136301563,-2.8941187858581543
11.2728180991378,1.1962192058563232
-3.5546157663424616,-16.135906219482422
-3.15887949932979,-7.010043144226074
-1.6422791314174887,2.0144240856170654
-3.448025235667948,-25.111787796020508
-13.5632540546311,-20.026382446289062
0.8825935384285006,-15.166756629943848
3.27100049685324,-1.6573469638824463
-0.7762273913233743,-1.8536877632141113
1.026942322157092,11.135568618774414
9.859104788483815,-9.563705444335938
-1.9977872313530125,-1.476800799369812
-13.1809903671301,7.347578048706055
-35.1782981083837,-20.345434188842773
-35.8337806803641,-21.63227081298828
-7.639409008216227,0.565217137336731
-15.746453943284,-8.816391944885254
1.055995951979529,-2.0962841510772705
3.987299411465438,5.300918102264404
-37.0930621901092,-1.9490246772766113
16.694612728237402,-5.156463146209717
-4.527979888097892,-15.156126976013184
14.6352674345898,-11.927207946777344
5.034618319433818,-7.5363006591796875
-3.77133000272187,-15.837124824523926
-1.61504571199055,-0.829132080078125
-56.3663437951974,-28.691238403320312
10.088450856398616,-6.281657695770264
-14.285610883283098,-18.418498992919922
2.6210618799141923,3.743039608001709
-2.308732762121495,-12.460441589355469
-83.9761260280997,-19.217803955078125
-1.03656181464744,1.2955455780029297
10.16232173056559,3.131971836090088
-3.12013961477547,2.878042221069336
3.010752586641185,-24.954294204711914
-1.5178355576616795,0.9044613242149353
-2.60072537807549,3.683922052383423
-2.367312137177082,-2.282846689224243
6.075310726130807,0.7888784408569336
2.24572304437811,-3.74267578125
0.2044267191685782,-7.163914203643799
3.85944773684647,2.3767924308776855
-14.409506408843407,-12.613672256469727
-2.683955047842884,2.672464370727539
-0.0075038478591599,-7.333371162414551
7.190050317883171,0.14421439170837402
-2.1691769605730515,-13.169466018676758
-7.910003358009165,2.7492711544036865
-69.1366966634013,-21.370586395263672
1.437241653553571,-11.963435173034668
-20.7409218490905,-9.714497566223145
3.78247800369874,1.0271282196044922
7.909526276907584,-12.990049362182617
6.097122298913325,-22.146825790405273
24.5800902168924,3.879060745239258
-9.979741434164584,-2.375293016433716
3.1327986373042376,0.32442808151245117
-8.393586343504198,-2.4392642974853516
8.678125432705007,3.955772638320923
20.7428439693387,-1.651242971420288
-1.511416195100045,-19.44142723083496
-23.3725501337939,-15.028873443603516
4.69437535963172,-7.022627830505371
8.24149319055937,0.8334769010543823
-0.2898522089969393,0.2768535614013672
-7.19378137939456,-18.948293685913086
1.0271109700113177,5.343637466430664
-14.564555056626377,-12.838842391967773
-9.657849716236,-20.82358169555664
-0.7280966227290082,6.165339469909668
-21.8962191024866,-14.243168830871582
-40.2614734397264,-20.202465057373047
-1.77750068778882,-3.4275403022766113
-28.3488859938485,-14.947132110595703
-8.184373188662292,-10.120370864868164
-6.135426654744688,1.3365130424499512
-3.270422191581055,-11.025497436523438
-6.055427015859325,-1.3801374435424805
-34.3143130117107,-22.817188262939453
-50.4820483838523,-18.65509796142578
-4.639593570653838,-2.477769374847412
-21.0606958753072,-5.242610931396484
8.747205755218493,9.027509689331055
0.6884341878779402,-9.842161178588867
0.300408103033295,-1.8532438278198242
-17.2817979072755,-25.164356231689453
5.79128728304933,4.67354679107666
3.7921116228684086,-0.9449176788330078
0.51700222845629,-14.37657642364502
1.0966146270020711,-0.3062950372695923
-6.613686761665703,-26.257139205932617
-39.873530292237,-16.129779815673828
-35.0272315856836,-18.306312561035156
0.2475632146873464,6.057082176208496
5.59963570142504,-10.797117233276367
5.29419053806362,-5.13328742980957
6.457932781589695,1.5562942028045654
6.4251548431743295,-6.4242753982543945
-19.7885249955934,-18.690628051757812
-2.4097304318056905,-1.9936676025390625
7.543407488617369,1.6121935844421387
1.83593808226401,2.462186098098755
-1.5082203021212124,-3.1637587547302246
5.99108205682079,-9.972895622253418
-18.1797235112709,-7.260758399963379
-12.840088322870097,-16.096303939819336
-2.23616712442702,3.182671546936035
-4.662511414401839,-17.88854217529297
3.41802282280863,0.23476487398147583
-12.0320822507053,-31.75080680847168
-25.9801803981754,-28.602779388427734
-5.97419023328963,0.51300048828125
15.4186986077963,-6.483806610107422
4.480465220149085,-15.315791130065918
-13.2363849677504,-4.700676441192627
-9.362863686069195,-14.575197219848633
4.128157012788561,10.575325012207031
2.26767773086615,-7.206784725189209
-24.1634597090208,-25.733760833740234
10.013204486477417,3.8411099910736084
-31.934070451053,-12.694698333740234
-22.9515728231767,-4.789920806884766
-11.219410776078313,-28.64935874938965
6.00089213826483,-9.001346588134766
-28.9638748432599,-21.951444625854492
3.11049964318654,0.20082378387451172
-1.073248118887358,1.0907196998596191
-10.249148139079496,-26.129802703857422
-13.14009076535719,-10.910135269165039
0.7364260970712593,-3.0946311950683594
-44.9949251983702,0.2623160779476166
-5.159519294761907,-0.46306920051574707
1.869241020829697,-31.049074172973633
-55.54568697318505,-24.1523380279541
0.3065104335081801,-3.9635844230651855
-10.386374558578522,3.023299217224121
-3.0345245902191325,-8.9449462890625
-57.144820014625296,-5.862943649291992
2.85060083445348,-0.8194115161895752
2.446050707651698,0.8303265571594238
5.50221601830175,-8.88693904876709
3.455876052191651,0.7471660375595093
-14.6157572128631,-21.72601318359375
-0.874105623616695,-19.225696563720703
-1.378759213278819,5.307997703552246
1.350733135180331,-15.575376510620117
-1.94666134980912,-1.9320154190063477
-3.36735139960915,-9.285483360290527
0.8319171014720902,-4.953882217407227
-40.2101205720394,-4.314827919006348
-24.577379709126298,-22.880634307861328
-18.6292132467089,-7.87621545791626
-46.39510994896701,-22.70380401611328
-2.487076105276776,-17.696823120117188
-4.752960817423343,-35.507713317871094
-0.1160299782726794,-8.900411605834961
-18.5277286275242,-1.3157885074615479
-14.1325019191809,-11.917074203491211
10.909208084253878,4.481025218963623
1.30779520720034,0.3711439371109009
-5.77436797253085,-1.0999321937561035
3.986867952152618,-0.12968456745147705
-21.7936206120663,-29.267364501953125
-2.643556292002,-2.8903374671936035
11.0853991753379,0.10437458753585815
-12.9397422629832,-12.61662769317627
-0.190891674386513,-13.73379135131836
-6.32558602127377,8.871465682983398
5.391699208755202,0.27771663665771484
-8.998840630677615,-4.018937587738037
-1.6005087696864486,-3.0134668350219727
7.5482379424635875,6.817126750946045
-7.642910278690365,-8.470355987548828
3.719171936095444,0.7019641399383545
-0.8981307679622897,-4.295524597167969
7.06032809637297,-0.02689838409423828
-3.134999611446543,-3.0659372806549072
-5.94174589421185,-0.551337718963623
-17.7883076547542,-20.40036964416504
-25.2381267145584,-18.068552017211914
-27.5445722402187,-25.000709533691406
2.6678241356197647,-15.240569114685059
5.02066543392875,-6.395041465759277
-1.67197513843126,-21.549270629882812
6.58117049992555,0.899975061416626
3.12612254618191,-12.855109214782715
-2.1147225087047508,-2.370375871658325
-76.9668504799361,-4.592096328735352
10.11870938841209,1.8982501029968262
4.755697845162629,4.496685981750488
16.5479703149859,12.445793151855469
4.001938538520379,-11.510173797607422
-14.1813773041305,-20.14845085144043
0.7709161631446207,-2.8010125160217285
-24.2508933717269,-11.73862075805664
-22.3071231538392,-22.11612319946289
7.2595381633228,4.093504905700684
11.555346181601609,6.193685531616211
-26.258782255785,-13.765859603881836
10.3189652047012,-11.190667152404785
0.809697096857583,2.082213878631592
-18.5255095356289,-30.84578514099121
-1.0680791130593923,2.3917527198791504
-3.5390830989045075,-11.514632225036621
10.468583156479704,-0.2276463508605957
-10.613183176373598,-11.200407028198242
-6.40442742836347,-0.4842910170555115
7.196532980977684,-2.07681941986084
-10.586292641023492,10.714942932128906
-26.79502671025515,-23.01711654663086
-7.187555808667961,-2.7395355701446533
5.4465900456679694,1.6312377452850342
3.1988276731025875,4.787127494812012
7.827394642815597,0.8224284648895264
3.887422638441485,0.07925629615783691
-3.41466344580097,-0.4210841655731201
2.667044757168528,-4.887710094451904
1.0590749185315824,-0.6446114778518677
-3.9965921287470247,-1.7733712196350098
10.982614675109394,-0.735943078994751
0.4076170529080399,-17.611745834350586
2.71319811317338,-3.0867223739624023
8.652061852316729,-10.104578018188477
-0.6579761516790089,-8.371541976928711
-51.6773231694491,-27.611955642700195
-2.8325461302865187,2.083221912384033
2.12749125232924,-21.618207931518555
3.562549470771905,5.08657169342041
-16.517773128145326,0.12941455841064453
6.874655354673765,0.835588812828064
0.2047767843086013,-2.7873904705047607
-2.698758931910008,6.870635986328125
1.8601156760560384,0.0022808313369750977
-22.2455703021075,-17.816165924072266
2.4288820651169605,2.794189929962158
-16.8307740899425,-0.19718432426452637
20.7191486697607,2.1148393154144287
-30.7261055182573,-16.862319946289062
-38.4849400567448,-11.087874412536621
-14.3103126367969,-8.194385528564453
0.7860328468455551,-9.516769409179688
-48.3858044800915,-17.056875228881836
-3.21662088766757,-2.807620048522949
1.675245639565673,2.4224390983581543
-90.3299705619704,-16.347911834716797
-9.28527551691871,-0.15177226066589355
-1.2293411329062325,-0.8554885387420654
-4.534682244798708,-4.8275885581970215
-68.1959205924323,-25.70496368408203
-24.5242345195019,-18.052227020263672
-2.77042962989298,1.5094668865203857
3.8009101564042025,0.031105399131774902
8.933703319425492,0.36289262771606445
-11.341527235964405,-0.1104426383972168
6.71098989067457,7.010495185852051
4.54734483862441,7.852877140045166
-5.16341129781556,-6.935240745544434
-49.062306315025,-33.18571472167969
5.26551760771767,0.3778057098388672
3.33951124606136,-3.996431350708008
5.006519903780723,-0.13037919998168945
4.05485944970297,-0.3718374967575073
2.283405953189745,-2.5578832626342773
-2.66483863280114,-12.35880184173584
12.566471603210276,0.6667923927307129
-27.9020155354992,-10.266510009765625
8.88265541550952,0.022485733032226562
0.1652887870268324,-7.984767913818359
15.4985727759109,1.0000128746032715
9.014890317831036,2.0464248657226562
1.4803529144374856,-5.372027397155762
18.1939100849816,0.9587650299072266
-2.6304973605131474,5.33939266204834
-5.493763326806099,9.696621894836426
-0.6715208179901364,-1.0776032209396362
-36.7383193130824,-12.204096794128418
5.062784719364307,9.68619155883789
-12.026803679110706,-15.559443473815918
-3.01321716593974,0.39398545026779175
8.35813394800668,10.80711555480957
-3.60075442831331,-4.523594856262207
-9.509135784465323,-5.539915561676025
-19.6175855102284,-9.287047386169434
-27.8629509568953,-7.213202476501465
1.74273211890989,6.095832824707031
-2.19578977406709,-8.581066131591797
2.42002639701588,3.7149646282196045
-25.55316918036869,-9.78371810913086
5.635020609606415,4.933754920959473
-34.727836669101,-22.164812088012695
4.4516036428765,-7.045825481414795
4.967381413305823,5.04777717590332
-6.81516141534704,-2.8521342277526855
-24.3954295810688,4.931159973144531
8.658679095048068,1.0005156993865967
3.7347243087796,-15.157428741455078
-12.909633143366396,-5.779788970947266
-60.49569009623433,-21.630870819091797
-3.790702882666694,0.772498369216919
-12.41068356063,-20.06214141845703
2.76740193393285,1.444549560546875
-18.9061714872788,2.1725516319274902
-3.681083449701528,-12.986014366149902
8.13893448615947,-0.9929747581481934
-51.402683514636095,-24.86430549621582
-3.0703466753296,7.787009239196777
0.4646043967887734,-6.763134002685547
5.989492839405608,-5.090762138366699
8.833837192566008,-0.2629075050354004
-26.1965705632023,4.233753204345703
0.0804428699766095,-0.2746410369873047
10.229168329440906,4.657118797302246
2.12042655289975,0.5092432498931885
3.88810032819938,2.7419257164001465
-31.515616413872173,-11.90877914428711
2.28163515100639,-8.92677116394043
-9.633163292669298,-12.237975120544434
2.63206586722876,15.38313102722168
0.3189015990893598,-14.342179298400879
-6.31868596379813,-3.587693452835083
-6.4648984000359935,-13.455562591552734
8.91646092056966,-1.8919305801391602
-42.637521131086125,-16.827838897705078
-89.5439156156453,-17.69584846496582
9.179556151687803,1.389810562133789
8.754663680824095,1.3770751953125
0.8838679103249854,-4.815489292144775
4.338369925074482,-9.474881172180176
-18.23432595343749,-14.636398315429688
6.92534745147092,-3.025993824005127
-1.768261666543676,-5.269190311431885
-7.87226820943855,-1.6649203300476074
-12.0847368637308,-10.447647094726562
-4.4222229386498375,-2.7968220710754395
6.63109301847755,3.8469111919403076
1.675381804264854,-2.2554595470428467
-6.897600670415837,-7.414505481719971
-12.2774867069717,-23.858718872070312
-3.963646539183849,2.828195571899414
-2.552277046947741,-10.290030479431152
-10.78700495517378,-9.167078018188477
-6.426376983867103,-6.329390048980713
8.2142562177934,1.1547539234161377
-16.967828162594074,3.6468584537506104
6.07843040491799,-7.363694190979004
3.08443697315444,-4.484241485595703
-1.3811964732242277,-14.797407150268555
-4.51305804704249,-25.472026824951172
-9.93375477053989,-4.3802032470703125
-0.6581754288220045,-1.8735135793685913
-7.952166005584182,-16.756683349609375
-13.563015982384195,-2.9990992546081543
-47.9957157156951,-19.863819122314453
4.96190002222477,4.5955352783203125
-2.0240269290899,-5.60240364074707
3.47166270740147,1.0629445314407349
-5.2815921348029296,4.858986854553223
2.369358494612781,1.2999486923217773
-4.214346026907057,-12.964314460754395
-23.8934551543691,-22.03710174560547
-1.0659561461183158,-9.708542823791504
3.126169348435272,-17.877361297607422
2.35164464781062,-2.9286012649536133
-1.79502295092813,3.5496063232421875
-15.957982665262508,-19.160423278808594
-64.65676531723692,-23.522674560546875
-27.8195558011628,-22.01608657836914
-10.480511156242285,-7.971857070922852
-6.18357684414468,-19.763717651367188
-6.75960002722117,-2.7704100608825684
4.4105627388370605,-2.3694379329681396
5.58846482112586,-1.7224066257476807
-16.8483709423333,-5.351322174072266
16.1850033157246,9.749402046203613
-3.34531377329845,-2.045686721801758
5.893700156574014,7.045230865478516
2.745769909533195,10.959465026855469
2.53362859007723,7.723248481750488
1.0880788430276551,1.8865001201629639
