Score,Pred Score
-13.812973987503693,2.3098669052124023
-14.6311710829416,-27.27952766418457
-15.020937907067507,-12.645219802856445
5.61896917638109,-5.299938201904297
0.1461877509898399,-6.53558349609375
3.59745169898486,-0.8243752717971802
-6.72144892291601,-1.4738014936447144
4.304204520484877,2.2486162185668945
3.37898618824583,3.751448631286621
3.939818822274421,-2.701472282409668
13.9953943577381,7.089748382568359
-5.39913759737588,1.4057044982910156
-2.204579993178592,-0.8719838857650757
8.829561804598438,5.013205051422119
6.01696699102072,4.98443078994751
-6.376202369524528,-3.68514084815979
-6.50906463316165,-0.5293450355529785
-60.92137282626391,-28.297807693481445
1.99934019108803,2.245339870452881
2.188685633501576,2.2230310440063477
4.07090957771029,-6.297966003417969
0.5211206139658471,2.6343517303466797
12.5580583918003,0.41127777099609375
3.320229681965675,5.559438705444336
-0.4381862293696001,-8.240254402160645
0.1752112379752922,-1.4005234241485596
4.123908949931413,9.586913108825684
-14.2382866820043,13.178038597106934
12.966325580978296,12.26720142364502
7.692941411907634,4.525270462036133
-62.9031214125763,-36.8304443359375
-5.800670766453999,-3.0563578605651855
-11.705366535732304,-9.217558860778809
-4.786538605318405,5.4244160652160645
-82.4887013651952,-26.103832244873047
-8.251107402184557,1.7552387714385986
1.61677665352485,-11.418848037719727
-11.916211326129387,-25.465532302856445
-45.634880019414,-25.08533477783203
-0.568998602339841,-2.5386502742767334
-12.147399114840605,-16.82990264892578
-27.4476544011683,-23.755970001220703
-2.306526469902426,4.740845203399658
-0.4835459876036119,0.3764326572418213
-8.39479061793487,-11.070894241333008
-46.862925671502296,-26.808277130126953
0.3837795244341289,5.046215534210205
7.184930267876617,-1.1145362854003906
2.8348518495029404,0.7070541381835938
-9.859535687586003,-1.905379295349121
-6.00025755794808,-6.478733539581299
-4.764629840066975,-2.937884569168091
-2.377061578670744,1.8175599575042725
-2.0585753436264698,-6.758896350860596
1.1848602197973823,-8.599594116210938
4.97603191479674,15.459197998046875
4.27399441028646,-5.072246074676514
-46.2372447228831,-26.31452751159668
-31.4759298257721,-32.28461456298828
-50.1674018945849,-25.60982894897461
0.9601515747159592,-2.192725658416748
-11.864177458483407,-8.117822647094727
-0.538262620928304,7.50864315032959
-0.6920482116816997,-4.160930633544922
-1.5184696160120892,-0.9907243251800537
-3.0836644409391925,-14.920293807983398
11.316750179392892,9.264472007751465
-11.183106529127476,-2.444432020187378
3.59102041590596,6.022785186767578
4.55602013063716,-0.24555140733718872
11.579228393987275,-0.03595554828643799
2.3067635611900137,-1.4923386573791504
10.480393919522983,8.604978561401367
-2.698100773809443,-8.756248474121094
3.776985072333982,-5.47355842590332
-11.773766374328297,-9.467120170593262
8.681027307740193,-0.3790626525878906
-1.1091988250418725,-3.2518768310546875
4.484288991501213,7.4780073165893555
0.0548896546292299,6.214805603027344
0.1118559290339978,-12.385744094848633
3.9797293996962297,-2.5912394523620605
-22.42608065327665,-29.955810546875
7.37064384347005,-2.2782323360443115
-0.2642143205483515,-4.602283000946045
5.344594984386832,-1.2981233596801758
-1.2497809936708242,-10.953453063964844
13.71198107208239,-0.9495556354522705
0.5045482395984724,-6.605841636657715
2.86709961553106,-2.8457415103912354
0.4423212163888063,-1.977367639541626
-3.724573545179619,-0.0741347074508667
0.2570808252882703,-5.440581321716309
-70.65073406723695,-24.955698013305664
-33.9587360563784,-8.432259559631348
9.2088386022025,0.19677162170410156
1.3318185914773402,-1.0138988494873047
-9.176001953270983,-2.7750160694122314
-10.497767159210698,-11.414801597595215
-0.4402086584014632,-6.412768363952637
2.1560784090827942,3.976778030395508
-27.1636490162131,-4.177305221557617
-0.670930828719279,-6.116543292999268
-22.794043146736,-33.459617614746094
0.8105828534072201,6.293787002563477
1.2287673509824204,-3.861738443374634
-0.6435038581465955,3.6458587646484375
8.474782023793379,1.728201150894165
-9.601847091024196,-10.750381469726562
-1.6610011043127195,-0.8512377142906189
-0.1091636509260827,-1.6625624895095825
7.570838092245207,-5.742780685424805
-7.211196994815285,-7.711757659912109
9.090654061652296,-5.669524192810059
-26.6651088566214,-1.2940746545791626
-17.309192174305,-0.10943913459777832
4.14054171285972,-0.6912710070610046
4.097668935846943,1.5724890232086182
-0.29408409265346,-5.480930328369141
-35.8165916579592,-21.55990219116211
10.898098675545494,7.6044440269470215
-1.6552655274048038,5.547444820404053
1.6729502580778592,-4.594802379608154
-6.42491227706334,-17.801088333129883
-15.4752611754195,-21.101360321044922
-0.6907348474047925,-3.532316207885742
-21.3629045873375,-4.93900203704834
4.219145585451182,-6.10324764251709
-3.019531285218114,-4.161264419555664
4.25311060075082,-4.311135292053223
-15.0412339008878,-10.58529281616211
-8.237627320974727,-21.801301956176758
-1.0683487237199796,-1.477766513824463
-1.7174251595272625,-5.6695075035095215
4.069163600073605,-7.987314701080322
-10.162041561092582,-28.14025115966797
-5.97248436581227,-3.9755263328552246
6.120538767403939,3.8853745460510254
-0.8028238008287005,-19.99058723449707
-23.6042929930625,-35.377803802490234
-0.1777753404752198,-1.7131321430206299
-5.785469568057495,-17.71955680847168
-0.0556983764780604,-1.4870107173919678
-25.4508968849616,3.5723018646240234
-5.3185412482723295,3.7281270027160645
9.1356503291117,10.29960823059082
4.020569536845237,0.21740055084228516
-58.5527340809363,-2.3684911727905273
-6.291328737399075,-1.4539458751678467
4.187869588752649,0.22003024816513062
8.922207576391518,-4.531483173370361
22.7414116448382,1.4957356452941895
-44.6057608529879,-24.732324600219727
-26.5129077898497,-13.6441011428833
-2.13735826282737,0.6531602144241333
-1.14890133483728,3.266483783721924
-15.2234416939723,-0.9012033939361572
0.369316059642221,-14.448670387268066
-0.6884117876070912,-12.628470420837402
-5.8772631055401,-5.050405502319336
3.6053774296538297,-1.2552645206451416
5.07108724357905,0.5701339244842529
1.292753014965791,0.994189977645874
8.440986836263871,-5.224331855773926
-3.43040335892423,-11.869430541992188
0.7651079053562314,-0.4021461009979248
-37.13962469223695,-23.195178985595703
-5.822632503482525,0.5442670583724976
-6.879472048396067,-9.664008140563965
2.11024229353816,3.3216683864593506
-7.1526743450051855,-10.208829879760742
-1.122073026503361,-4.632514953613281
0.3302260274555297,-5.709273338317871
-1.178255647098801,7.3408203125
-2.99361591491145,2.784910202026367
-18.1070051290659,-15.112231254577637
-3.0332808194811403,4.929010391235352
2.6303171850506604,-4.761102676391602
-9.72499716390718,-7.704253673553467
0.2729453578388601,1.970571517944336
-21.4503408223732,-16.151796340942383
-4.99755531471552,1.6829582452774048
-18.0018409950579,-32.16062927246094
4.00031385473591,-8.234435081481934
12.0378145652987,4.229725360870361
14.1235470599023,-11.47658920288086
6.55729051148795,4.587804317474365
11.19992297656359,0.6863012313842773
-7.81388191369781,-10.410604476928711
-2.924593214648255,-6.991134166717529
3.7667366885646025,-2.017216205596924
-6.68253431604433,-2.2466812133789062
0.7345204104922589,5.345678329467773
-10.626155896203898,-3.6303887367248535
8.106852576346123,4.747903347015381
-58.24412469223692,-27.245609283447266
1.4955767028094,2.086212158203125
-17.6906096863185,-28.33436393737793
-4.813871520282443,11.251594543457031
-11.8973420493851,-2.8175249099731445
-2.67676896274171,5.933291435241699
-3.9331393974605526,1.4403553009033203
8.756217929094177,2.2340152263641357
-29.2662792150344,-1.243848443031311
1.7249239205326918,-0.8196367025375366
-6.686975812883663,-7.097990989685059
11.10272802991041,1.5726659297943115
-10.956818171714705,-10.009576797485352
-6.3500959185649,-4.655874252319336
0.6681105368389735,2.7941551208496094
-12.500029270357295,-18.634309768676758
-2.591242863373206,-3.8609771728515625
5.954690473588823,-4.827850818634033
-43.929359067237,-24.898527145385742
-17.4841411730512,-13.027324676513672
3.61441892535489,2.0163397789001465
2.1112971208509976,-3.806889533996582
-41.8026500314277,-22.842899322509766
7.028135642932115,-3.144681215286255
8.463248256721428,7.9042277336120605
-13.037072413777096,-10.941619873046875
-1.6307504375632549,6.0205278396606445
-0.3284521577656807,5.115917205810547
0.4685622181175212,-5.367888450622559
-5.316952415477393,0.12540102005004883
4.584421564331302,-6.3190813064575195
-20.3593816575191,-1.9982175827026367
3.67041582610247,-7.166903972625732
2.204062447972561,-0.04492950439453125
-4.666937653128132,-2.4220480918884277
-12.3781694316975,-12.608294486999512
7.06923762363823,2.3530492782592773
-37.2883298194418,-13.842540740966797
6.442434166934048,1.1839619874954224
-12.2162083245621,-9.168238639831543
-20.3623076046531,-1.1821379661560059
-5.45440876641342,-5.185577869415283
3.1416241584890576,-8.029067039489746
-4.96580172718434,-10.675837516784668
-37.4061766871973,-24.703405380249023
6.46185690649625,-6.527839660644531
0.5403453062071405,-1.0245532989501953
8.656689402528613,5.352317810058594
12.331931266595111,11.433564186096191
2.75380173901167,-0.7667782306671143
-2.8447496930443927,3.575016975402832
0.0285872237409883,10.343927383422852
-73.5286754265322,-1.5093317031860352
7.285509446842615,-6.343498706817627
6.72046542688671,0.9353723526000977
-6.19730890695259,4.3031487464904785
-16.4599719883519,-2.9862494468688965
-10.288292260688207,2.9762139320373535
-10.285920522724917,-2.6248035430908203
-30.8171784242839,1.482391595840454
-4.65691689928222,-0.9771575927734375
-37.1716279374795,-16.47593116760254
-36.50577458359941,-1.7419061660766602
0.7942566624333496,-0.19781494140625
-34.8552692363716,-4.676833629608154
-2.491707941339629,-9.119695663452148
1.7387039934851498,-0.1841123104095459
18.9715733525152,11.578288078308105
-13.8996269060666,-3.5165038108825684
4.17561229224804,-8.913213729858398
4.7680640763497,-13.778502464294434
-6.745372906074374,-11.798540115356445
7.262818938793504,0.7669281959533691
-55.7541546140486,-24.46750259399414
8.453421074249384,9.036575317382812
-5.85807143580148,2.398137092590332
-52.7336020518746,-26.061141967773438
-1.995826789875676,-11.168928146362305
-1.3326443092463092,-26.89142417907715
5.029017096161708,-0.06150627136230469
-0.71117494174041,-0.8142008781433105
8.243548509216069,7.732285499572754
5.81602235619721,-8.699939727783203
5.978124919049687,7.074926853179932
-2.8859593337581737,-7.992966651916504
-26.0047332498617,-25.362581253051758
-1.5220929784942658,-15.136187553405762
-3.195242757261453,-2.77445125579834
-15.0089303719363,-10.296136856079102
-1.757118944268968,-31.00383758544922
-13.5091075877696,-15.13723373413086
-4.0681667574955,-5.284412384033203
4.43276114617859,2.1685309410095215
-4.665207913971671,-5.037319660186768
7.33919324558513,-3.4438669681549072
-11.69780882660921,-15.172994613647461
5.960801203295765,-5.080242156982422
-29.9162730471743,-22.424884796142578
-5.331847529263395,-10.628458976745605
4.2006804390709,1.2221505641937256
4.76541245752904,0.8524975776672363
5.87221574658101,7.4839324951171875
-12.955988512618,-26.303979873657227
-14.4061745570978,-17.084806442260742
13.644333664082708,13.973102569580078
7.522446474796843,-14.156826972961426
2.858782897786812,-2.7344064712524414
-49.8653288018085,-39.599281311035156
-4.029904705212941,-0.19859999418258667
-6.2026319104393295,-11.07135009765625
4.452168509343501,0.43887341022491455
-16.475900892606802,-14.601956367492676
-11.03094492075089,-26.521461486816406
-8.08045020128908,-11.36353874206543
1.39259946716825,-2.165480852127075
-14.885807229381896,-1.0834050178527832
-11.113180908425988,-3.7001256942749023
5.506094216928792,6.387348651885986
5.29091659278858,3.457258462905884
3.42106467876526,7.547569274902344
5.162821279449693,12.961540222167969
6.020551076354931,-1.6372162103652954
0.8086942897832163,11.04747200012207
-8.80546181278599,-11.572431564331055
-7.42349600405968,-9.404190063476562
-14.4731176558811,-0.7445249557495117
-35.5448186771701,-12.124774932861328
-1.657597602265355,-2.3163983821868896
-1.930224441335125,-14.271583557128906
-10.398648228661925,-6.795977592468262
-1.6521884315998507,-5.510004043579102
1.3131129859732091,4.358617782592773
-0.1240821746904601,-3.343836784362793
-35.1709788883515,-15.609670639038086
0.6771989561182002,-0.29159533977508545
-5.8677981963370005,-8.231888771057129
0.7982616963508231,-3.912078857421875
2.595279020812243,-7.228123664855957
6.9472187772133225,14.169720649719238
-41.1395198834054,-9.834484100341797
-35.4604736838065,-21.056238174438477
7.87379173269718,9.44996166229248
-8.72128086410909,-28.475482940673828
-82.13826531723697,-5.72635555267334
-9.70693692529289,-16.89899444580078
-61.4386715672369,-29.57347297668457
7.10938257895085,5.309524059295654
0.4007388327427847,4.014137268066406
-0.7455370396145937,-1.5946344137191772
1.674966057420845,-3.063889980316162
11.877856996640997,-5.572261333465576
-0.9096556467231308,1.4828314781188965
-1.4680391508473674,-1.9641143083572388
15.6414782015599,-6.69412088394165
-10.35739215730591,3.6763129234313965
1.926107182225645,-1.2910035848617554
6.99756701325662,-0.2418975830078125
3.54836143321337,-2.7897329330444336
-7.726553411266567,-8.07017993927002
-48.51478094223695,-35.74007797241211
-3.0453156276270903,-2.1793460845947266
-3.454798154796729,0.4639270305633545
9.503977484174175,0.17766475677490234
6.001532732018722,7.300447463989258
1.775572054007981,-2.2854671478271484
-2.6871577689602653,4.425224304199219
-7.920344649869953,-7.133217811584473
2.578081311550471,3.9158716201782227
-14.434457477598505,-4.536439895629883
-1.338045882914232,-7.216054439544678
-44.1817825469333,-25.222942352294922
2.4314234692194163,-3.8564720153808594
-2.35314836228574,2.7234959602355957
-2.07036107592124,-4.768982887268066
-6.560167066336443,-3.586615562438965
-2.54688332955635,-5.601245880126953
-7.940842049461227,-5.474618434906006
-7.789052707582185,5.4274773597717285
-1.4295761119406232,1.689577341079712
7.206977941743588,2.33292293548584
-4.081394009803599,1.2436771392822266
-30.167243616457,-10.032047271728516
11.7225687296843,5.591861724853516
-0.8984319813221007,-4.876160621643066
10.349523074958825,2.3139352798461914
5.42147270471237,5.699321269989014
-0.3136273830120112,-0.1620139479637146
4.398848813602776,5.264505863189697
2.099307195887115,-0.7317709922790527
-61.6890402284636,-8.918861389160156
-7.08434802004719,-3.1934475898742676
0.6962467393230812,-3.444429397583008
9.0758909366509,-2.4270200729370117
-1.9263965715605047,-2.7629857063293457
-6.262949496708321,-3.362143039703369
-4.739766082030863,9.320009231567383
-36.8822022827233,-28.041866302490234
3.24770439300306,-4.5507612228393555
-2.289513933263135,-2.453172445297241
1.41805545618482,-1.4962875843048096
-24.4432878855492,4.089372634887695
-24.96156751119129,-34.4327507019043
-7.734574598544068,-18.290420532226562
2.79124989437018,1.5235400199890137
-5.17831154550348,-11.934366226196289
1.5275640312561216,11.558073997497559
3.682989905065457,3.3026111125946045
-10.8237586662752,-22.089672088623047
-6.929951553081727,-2.5859375
-27.96215708599589,-14.345304489135742
-2.88087637063392,-0.6591129302978516
-5.960419628776203,-1.9748531579971313
-37.189874708633695,-27.019031524658203
1.1496085756031087,-4.2162861824035645
-12.7137936794919,-15.948516845703125
8.398744223780918,-12.580031394958496
-33.3004252633332,-31.10541534423828
9.144089281431205,2.383577823638916
4.065326821312747,-3.7782657146453857
-41.9047429025821,-21.811098098754883
7.383552345763623,-3.125487804412842
6.364261125349779,-1.1300239562988281
4.841793570156368,-6.979703903198242
1.6198341998494314,4.114171028137207
4.179707781567577,8.390443801879883
-14.7229944429405,2.5664076805114746
7.078924552126015,0.8479526042938232
-12.898019313824,-7.462180137634277
-70.8116033690518,-7.784297943115234
12.7359625054994,20.66329574584961
5.586124430090477,8.363001823425293
3.028467183462371,16.22013282775879
-5.830142578087577,-8.51930046081543
-22.6841489367301,-10.605046272277832
-1.51657819068512,-2.0829644203186035
-81.52648016021857,-5.543460845947266
-3.36903782007548,-9.875969886779785
-18.707844022,-13.31228256225586
-34.48768519828235,-5.268702030181885
-39.7169735486916,-2.064354419708252
-1.593720937577549,-0.7994247674942017
-23.2954444871652,-12.973553657531738
-45.30258920076982,-20.483291625976562
12.5056328567953,2.711667776107788
-11.9299972333177,5.110931396484375
-37.9495035857927,-8.947368621826172
0.7001962140772594,-2.4357762336730957
4.49418879319923,5.395939350128174
-39.0646563811545,-20.985252380371094
-9.09730633851708,-6.606322765350342
-17.5589533745204,-19.65876579284668
-4.92782811871599,2.639334201812744
-8.2299173561342,-5.48450231552124
2.60625970962018,1.5831727981567383
2.726862934921635,-0.9565945863723755
4.071661498679735,-5.4930949211120605
-13.2494383747796,-15.706978797912598
-11.9154244975033,5.765964031219482
0.9090871567987184,-10.31442642211914
7.92708077877978,3.283884286880493
-3.119647295186995,-10.221115112304688
-2.248378586620203,-17.082992553710938
1.6646916021852596,-0.855934739112854
0.1590569364430157,-0.5711942911148071
-77.3623903172369,-34.854103088378906
15.8859560938761,2.7944753170013428
-3.11888044241469,0.8586341142654419
-2.7468186065138984,-4.782986640930176
2.77922195660905,0.4452810287475586
4.052279150357491,-8.061020851135254
-4.03806373695381,-0.927974283695221
-2.4461467814868523,-37.9486083984375
-0.1639564470097907,-0.43149563670158386
0.8542168432631491,-7.36115026473999
5.84905996845087,-0.13950300216674805
-5.77665564868809,0.5547831058502197
-3.7008288999313423,2.3501105308532715
-7.18713065449027,-3.0472054481506348
-0.9529303605806088,9.441366195678711
-15.902118442879,-13.704554557800293
-28.0636361890057,-9.329587936401367
-26.912205886836706,-25.146074295043945
8.596988309863011,1.0153045654296875
0.2877587512502297,-4.690208435058594
3.3899996482015826,-2.4724583625793457
-20.5869014386951,-5.926416873931885
-9.341800010912078,-14.469497680664062
0.1692077246922899,1.878537654876709
-1.857666460494741,5.972209930419922
-13.2752747780792,-28.659801483154297
0.7445982178878973,-2.319408655166626
4.49646859469848,-9.952668190002441
3.60913262992784,-0.8373596668243408
-5.653435188749545,-1.388659119606018
1.51502173443586,-1.302567481994629
8.143116180793372,-9.00812816619873
-8.36164856265281,-16.450273513793945
-1.130678948105339,0.7718324661254883
-4.349210006555943,0.09756755828857422
0.2594141505344826,-10.704865455627441
-32.1283374054069,-16.495285034179688
-1.9051378030600723,-4.400775909423828
4.768047800449637,-10.058477401733398
2.264898495983479,-7.692396640777588
-6.47138721063866,1.6653995513916016
4.93167956005568,-2.614427089691162
2.4851768276660025,-1.4539213180541992
-3.930469946192945,-3.3991167545318604
11.923948375295712,4.908594608306885
11.616605850275496,-0.922565221786499
10.41580460128629,-6.041275978088379
-8.700462669667385,-4.531382083892822
13.1991243046288,7.77075719833374
-4.75101729862813,4.686620235443115
-1.4230966237807086,-13.718250274658203
-2.07861348348741,-12.268168449401855
10.292368565007404,4.2751970291137695
1.9007667723773176,-4.904916286468506
17.1612744381531,0.7853031158447266
-0.1428452494230792,0.4308052957057953
2.4933992323843923,-0.5080888271331787
-13.861300672159,0.6606101989746094
-1.7943154401891548,2.2977771759033203
-4.15624175439773,-11.858145713806152
-14.277645616907492,-5.416637420654297
2.713132201978397,-9.963447570800781
-13.315456279797685,-20.74710464477539
-5.36204355968609,-0.7298564910888672
-1.4872271509121793,-3.92086124420166
0.31232235517322,0.6494531631469727
3.0307168501552093,-9.414741516113281
3.4484762474106,11.085771560668945
-34.0729170807354,-20.74673843383789
-25.0659802428987,3.191952705383301
0.86771933446589,10.476404190063477
-11.996919710325,-3.922600030899048
17.2594267615487,3.9882965087890625
-56.2560888739038,-28.648210525512695
-12.7386491421071,-13.451582908630371
-3.520787796436005,-13.631560325622559
-0.8014467498558491,-12.30335807800293
-34.7812340468876,-19.869770050048828
7.158235365631607,-10.904321670532227
3.29681579894721,0.025579333305358887
0.046018285265003,-7.116915225982666
2.046344769010002,-3.91794490814209
4.25403099118957,-6.654079437255859
3.7804230286959792,-10.69439697265625
-3.773219093074008,-2.2343595027923584
-9.722403045722997,-6.228426933288574
2.81101468536903,-0.8753976225852966
-23.7494411406013,-15.184761047363281
-75.56229656723696,-29.510831832885742
4.366245372711767,2.8009166717529297
9.94612085382829,1.8047425746917725
-8.207132148775708,-22.132341384887695
-3.09775596823669,-1.5691213607788086
3.77256113899207,3.1555027961730957
0.2016574678685985,-1.5559568405151367
4.38808277416547,1.519540786743164
3.7092867134231,-0.5889445543289185
1.6740112862957208,1.2990341186523438
-5.472376660417956,-0.04058980941772461
12.283123760680592,-0.02847611904144287
4.417989059347175,-1.872986078262329
1.907333647224608,-3.5061655044555664
-3.73521146317182,-9.497970581054688
7.837521570550837,3.9355130195617676
4.82455755953161,-13.693060874938965
-0.6472060937938101,-2.417353630065918
-8.237956686764985,-16.4604434967041
7.36579899286375,2.0870604515075684
7.859716520666763,-1.8900822401046753
2.765011277030255,-2.7160396575927734
4.62415639298937,5.833828926086426
6.430237727930085,-11.575681686401367
2.44728958086436,-6.658010482788086
-1.93656353174353,-0.16017913818359375
-33.7845903951132,-25.098058700561523
10.960301672714698,9.179143905639648
6.147225205740463,-3.740086078643799
2.4659746492236927,2.070378303527832
18.2642273209106,-3.184892416000366
7.656482330373112,9.179490089416504
-63.2346715672369,-31.813732147216797
-22.9610154952969,-15.023017883300781
4.39789099231211,3.10893177986145
-46.587141393021525,-24.483640670776367
-12.281506448986304,-1.432939052581787
5.220668557811489,-1.9832075834274292
-1.4412632820262703,-1.188011884689331
-35.163016426576704,-13.397621154785156
-31.380009974583203,-17.228490829467773
-40.7258600860177,-0.15289992094039917
-35.3994683825842,-23.01529312133789
-10.968565079401992,-3.721834182739258
15.384553292915324,-31.797819137573242
-0.4271227388875901,2.7590770721435547
-7.69948364751984,-0.5222334861755371
-26.6822467124322,-19.154462814331055
-0.2823200449385875,-14.774310111999512
-3.8453528225106623,-14.486064910888672
-2.4599041427842496,5.805637359619141
-12.7315114055493,-7.269497871398926
1.418014053180695,-9.289680480957031
-3.4922781726655696,-11.202566146850586
9.58062385928767,2.4168596267700195
-17.5801214502402,-9.707769393920898
-49.5120706514507,-22.779216766357422
-0.4503474699443348,-1.1130030155181885
2.332279780348585,-7.364090919494629
-42.2483635713802,-26.808494567871094
-5.00028834575103,-7.92250394821167
-5.14141487663266,-21.285470962524414
-19.923371510770203,1.3443951606750488
4.28301459624688,9.965112686157227
0.3224388648416145,-11.06648063659668
6.795393661635613,-2.6069297790527344
6.720388221210122,9.67116641998291
-20.7558388881914,-8.30346965789795
-12.5922662394529,-10.422298431396484
-5.19085420781142,-0.1564333438873291
-27.3858072066324,-15.262666702270508
6.488490212037078,-0.9582158327102661
-12.5233171201947,-14.223023414611816
0.996650643215182,-10.935038566589355
3.27144637329635,11.319829940795898
1.203208947199059,-12.441433906555176
4.5031585012656095,0.019780635833740234
-46.6686841099013,-32.093326568603516
3.600655729290548,-2.1638991832733154
-2.7077151362496297,0.546630859375
-42.936846127142296,-30.090452194213867
2.679404112105611,-0.7436957359313965
-23.975827854410426,-19.467987060546875
-24.4869919201538,-22.18964195251465
-6.22433036882608,0.5502879619598389
-24.992167376126925,-9.96264362335205
-9.742168339465294,-6.104438781738281
0.1235817830644999,4.654231071472168
-11.607028837624,-3.2602078914642334
5.321680837772678,-3.446824550628662
3.3452637215970498,1.4592781066894531
13.015759276594096,1.7921242713928223
-6.13466459150186,-11.254905700683594
3.0897024917955025,-4.577747344970703
3.557691046156,2.172053337097168
2.0008593011464906,-9.95492172241211
-1.2671721747064446,-21.512388229370117
-2.989164004622407,-23.51239776611328
-2.43808381047612,-5.320700168609619
-11.30813578108209,-3.426471710205078
-9.619042312244815,-32.816184997558594
-4.01456885639382,-3.675936222076416
-4.853312003098937,-28.06289291381836
2.78743688363977,10.280065536499023
3.6035536346157695,-2.1366820335388184
6.09033976794457,11.28519344329834
-5.89266438028177,-1.3354759216308594
4.780848076735348,-1.1977121829986572
-20.7592210135025,-23.94977569580078
-3.637071869773312,-15.403351783752441
-4.396710286499547,-2.338611602783203
9.04709717330502,-5.72969388961792
1.69213972357191,-1.2381248474121094
-27.068723822751306,-15.053641319274902
0.2886204877907422,-9.813105583190918
-0.592182005541919,-6.99595308303833
-4.736229867816737,3.5015320777893066
7.877641553655238,-0.36818933486938477
-2.588665914009158,-2.988375186920166
4.72846919446815,-13.811771392822266
3.42669038506664,-2.1513144969940186
-10.274169876330886,-8.230576515197754
-1.289264920121349,-6.8732147216796875
-6.9648772325347394,-1.2684168815612793
-1.2236747050651609,-1.593321681022644
-12.208208404490907,-23.639293670654297
4.40921359309415,4.1886186599731445
16.4171583068458,13.805078506469727
-15.991582533821994,-0.2198963165283203
7.809600001042748,12.314679145812988
-3.0331069492891496,2.1851794719696045
2.603164662477901,-8.408649444580078
-24.2572199033326,-10.398971557617188
13.667582002208905,2.208763360977173
8.19307228691883,-12.72998046875
0.4664503305112299,-2.0199646949768066
-6.46133524603972,-9.10956859588623
-19.7520332208299,-16.94654083251953
-7.75971004909346,-9.204103469848633
7.66334596528203,-9.600141525268555
-27.64770126959135,-9.911991119384766
2.125547882163602,4.520442962646484
-1.8239337240231768,-5.368675708770752
3.3696784995100426,-7.2082133293151855
5.265272900492549,-7.838130950927734
6.753311816554961,-5.17350959777832
0.9434331950199416,-4.986845016479492
2.13745295521649,0.07205736637115479
2.76912169862866,-2.93999981880188
2.409764321136161,-3.5326287746429443
3.7606671418030695,-4.862804412841797
0.555665600488549,-0.6625362634658813
-89.04756219223692,-19.94748306274414
6.987950206462267,1.5663018226623535
-10.09410467002709,-9.544981002807617
8.16191414696451,0.37402045726776123
-10.731303688850904,-12.12076187133789
7.588764503474316,7.959635257720947
-5.25293160621848,0.14881014823913574
2.3065604778561424,5.945717811584473
-3.8022266666193874,-13.300050735473633
3.22816419080692,-2.8368356227874756
1.1941842843275,-1.1808165311813354
9.772192422094813,-8.339385986328125
-2.489313079893845,4.399480819702148
-13.547300817594484,-21.123424530029297
-1.5403494549472296,-2.827195167541504
-5.139364658294922,9.74028205871582
-1.32131943338233,-8.97494125366211
-0.5284321769112605,-0.8747104406356812
0.1119561526876595,-1.3401650190353394
14.8508222506114,8.160231590270996
-0.0918051514147744,-3.7263479232788086
-1.7237618714553775,8.283559799194336
-1.5699354762224491,10.185596466064453
1.5718362711845366,-0.05723285675048828
3.58036180553514,2.903135299682617
7.45084701577923,-10.692501068115234
-7.378812419643663,-0.26843512058258057
-33.1832620874725,-24.522045135498047
-6.066411004621831,0.44445672631263733
-16.4910721624856,-20.433006286621094
0.8267526169764301,-7.217147350311279
-9.762453719841735,-17.248987197875977
8.07102955700163,4.311862945556641
1.741670982094262,11.953304290771484
-0.0053525606393112,-3.277162551879883
-51.4043293278057,-21.253082275390625
14.9415296965116,3.7277863025665283
8.70853787657841,-11.234756469726562
-2.149900469098629,-10.256728172302246
14.8229623836697,6.9034342765808105
-0.0379657812584102,27.410465240478516
-15.3173389528898,-8.358332633972168
-1.7663441991754285,1.9630184173583984
-6.708306328674888,-2.0223569869995117
-78.7451798053926,-19.594430923461914
-0.5413656534735456,1.1003684997558594
9.625121597198186,0.5543255805969238
-3.15562863494722,3.708306312561035
9.60447820177431,-3.290587902069092
-3.31847606547329,1.6832265853881836
-4.12581810820042,-5.711098670959473
1.7706121017107803,-4.3594818115234375
0.5117341060036625,-7.0171637535095215
2.63157412115867,-5.6226091384887695
-4.763634360062484,2.398418426513672
-11.18181257464061,-3.048269748687744
-39.4932668903457,-16.485275268554688
9.206200380526292,6.148655891418457
-2.93911844531118,-6.339452743530273
-28.13472322157985,-13.562095642089844
9.62907409316032,2.2966573238372803
-7.042636248773623,-2.067526340484619
-4.03025121975644,-6.835268020629883
3.42951329804928,6.051585674285889
2.5565427438131976,3.452620267868042
2.8513084033656,11.63981819152832
-5.5623675139736175,-3.80659556388855
16.9968892380515,4.0068840980529785
-4.144685584269085,-3.497727155685425
-11.221818720505304,-3.144780397415161
-2.111656589218961,-4.692104816436768
-1.626797120535592,-2.5099258422851562
0.7652624054000594,3.813516616821289
-21.5531296050118,-28.94936752319336
-13.053772031257305,-10.82778263092041
5.42509465390903,3.951732873916626
-5.5186956836840375,-8.679460525512695
-2.260381023139061,5.778820037841797
-30.3377383335249,-4.332178115844727
7.380729755239978,-6.083660125732422
-4.172986764275874,-8.39120864868164
-1.2036514942358316,11.313318252563477
-35.2906329121599,-22.903099060058594
-2.54595208771381,-6.288349628448486
-10.901275449743116,-6.944893836975098
-17.0078420331655,-24.278724670410156
-17.0314498829154,-2.62048602104187
-11.9784507557909,-1.7825078964233398
-19.469018973061075,-5.055387496948242
-3.2142130797467816,2.5925791263580322
-0.5663484394051013,4.217089653015137
-21.2195468929047,-11.501893997192383
8.077984978184695,1.5197813510894775
-17.0119321722455,-13.16059684753418
4.67424026120176,5.082008361816406
-47.9875704511971,-34.00833511352539
4.316615136301563,-1.2018948793411255
11.2728180991378,0.6432188749313354
-3.5546157663424616,-19.876863479614258
-3.15887949932979,-6.545828342437744
-1.6422791314174887,3.8457224369049072
-3.448025235667948,-24.704086303710938
-13.5632540546311,-24.667268753051758
0.8825935384285006,-12.862333297729492
3.27100049685324,0.14808893203735352
-0.7762273913233743,-1.3892033100128174
1.026942322157092,9.598265647888184
9.859104788483815,-7.183733940124512
-1.9977872313530125,0.8246927261352539
-13.1809903671301,7.600633144378662
-35.1782981083837,-23.174951553344727
-35.8337806803641,-16.574764251708984
-7.639409008216227,3.1740477085113525
-15.746453943284,-10.292742729187012
1.055995951979529,-1.3395984172821045
3.987299411465438,5.601607322692871
-37.0930621901092,-1.5298423767089844
16.694612728237402,-2.8692007064819336
-4.527979888097892,-13.952402114868164
14.6352674345898,-8.477408409118652
5.034618319433818,-4.012894153594971
-3.77133000272187,-11.007774353027344
-1.61504571199055,-0.6457275152206421
-56.3663437951974,-32.64356231689453
10.088450856398616,-4.297005653381348
-14.285610883283098,-17.317224502563477
2.6210618799141923,3.2339231967926025
-2.308732762121495,-11.486074447631836
-83.9761260280997,-22.18777084350586
-1.03656181464744,0.30940771102905273
10.16232173056559,4.04853630065918
-3.12013961477547,4.467216968536377
3.010752586641185,-20.79245376586914
-1.5178355576616795,2.3926737308502197
-2.60072537807549,5.459018707275391
-2.367312137177082,-4.3162431716918945
6.075310726130807,-0.48105645179748535
2.24572304437811,-1.485311508178711
0.2044267191685782,-4.7733473777771
3.85944773684647,8.278322219848633
-14.409506408843407,-11.562637329101562
-2.683955047842884,1.6409988403320312
-0.0075038478591599,-4.518980026245117
7.190050317883171,0.016360044479370117
-2.1691769605730515,-11.671332359313965
-7.910003358009165,1.5643284320831299
-69.1366966634013,-27.496814727783203
1.437241653553571,-13.516149520874023
-20.7409218490905,-7.435044288635254
3.78247800369874,1.1599955558776855
7.909526276907584,-12.115161895751953
6.097122298913325,-18.19583511352539
24.5800902168924,4.806355953216553
-9.979741434164584,-6.613215923309326
3.1327986373042376,0.21860182285308838
-8.393586343504198,-0.23642206192016602
8.678125432705007,4.959890365600586
20.7428439693387,-3.219776153564453
-1.511416195100045,-24.15609359741211
-23.3725501337939,-14.047989845275879
4.69437535963172,-6.822998046875
8.24149319055937,-0.8704176545143127
-0.2898522089969393,-2.451997756958008
-7.19378137939456,-20.775632858276367
1.0271109700113177,3.0299949645996094
-14.564555056626377,-15.141700744628906
-9.657849716236,-25.94671058654785
-0.7280966227290082,4.952401638031006
-21.8962191024866,-12.723831176757812
-40.2614734397264,-23.057701110839844
-1.77750068778882,-3.214155673980713
-28.3488859938485,-35.156524658203125
-8.184373188662292,-16.964706420898438
-6.135426654744688,0.2605581283569336
-3.270422191581055,-9.464412689208984
-6.055427015859325,-2.3469414710998535
-34.3143130117107,-21.692916870117188
-50.4820483838523,-23.595947265625
-4.639593570653838,-0.909805178642273
-21.0606958753072,-10.075641632080078
8.747205755218493,7.1931257247924805
0.6884341878779402,-9.56865119934082
0.300408103033295,-1.1252959966659546
-17.2817979072755,-33.63923645019531
5.79128728304933,1.217172622680664
3.7921116228684086,-1.3504494428634644
0.51700222845629,-13.90446662902832
1.0966146270020711,2.7913708686828613
-6.613686761665703,-32.75143814086914
-39.873530292237,-20.49584197998047
-35.0272315856836,-26.63884162902832
0.2475632146873464,4.5377397537231445
5.59963570142504,-8.547805786132812
5.29419053806362,-5.003091335296631
6.457932781589695,3.713392972946167
6.4251548431743295,-4.929211616516113
-19.7885249955934,-19.383298873901367
-2.4097304318056905,-4.02851676940918
7.543407488617369,3.023275136947632
1.83593808226401,-1.9506187438964844
-1.5082203021212124,-2.0345497131347656
5.99108205682079,-8.55109977722168
-18.1797235112709,-6.762245178222656
-12.840088322870097,-22.803741455078125
-2.23616712442702,2.0962753295898438
-4.662511414401839,-13.12904167175293
3.41802282280863,-1.683321475982666
-12.0320822507053,-35.00958251953125
-25.9801803981754,-22.78493881225586
-5.97419023328963,3.9004135131835938
15.4186986077963,-6.687490463256836
4.480465220149085,-6.618999004364014
-13.2363849677504,-6.541992664337158
-9.362863686069195,-14.1738920211792
4.128157012788561,9.525474548339844
2.26767773086615,-8.8860445022583
-24.1634597090208,-28.59492301940918
10.013204486477417,4.962952613830566
-31.934070451053,-12.677906036376953
-22.9515728231767,-0.09681224822998047
-11.219410776078313,-24.410964965820312
6.00089213826483,-8.130277633666992
-28.9638748432599,-26.358110427856445
3.11049964318654,-0.42213642597198486
-1.073248118887358,0.6585566997528076
-10.249148139079496,-19.65975570678711
-13.14009076535719,-10.770715713500977
0.7364260970712593,-3.9891934394836426
-44.9949251983702,-1.1235259771347046
-5.159519294761907,-2.0940446853637695
1.869241020829697,-26.46834945678711
-55.54568697318505,-29.840097427368164
0.3065104335081801,-1.831078052520752
-10.386374558578522,2.617589235305786
-3.0345245902191325,-6.7135515213012695
-57.144820014625296,-10.413467407226562
2.85060083445348,-1.1442290544509888
2.446050707651698,1.1149606704711914
5.50221601830175,-5.925356388092041
3.455876052191651,-2.1195476055145264
-14.6157572128631,-27.036069869995117
-0.874105623616695,-13.370074272155762
-1.378759213278819,2.5475993156433105
1.350733135180331,-16.17557144165039
-1.94666134980912,-1.467137098312378
-3.36735139960915,-8.684953689575195
0.8319171014720902,-3.9901552200317383
-40.2101205720394,-2.495007038116455
-24.577379709126298,-31.200355529785156
-18.6292132467089,-7.869417190551758
-46.39510994896701,-10.221803665161133
-2.487076105276776,-12.569640159606934
-4.752960817423343,-37.00162124633789
-0.1160299782726794,-6.204009056091309
-18.5277286275242,-2.1821746826171875
-14.1325019191809,-18.19678497314453
10.909208084253878,3.7919437885284424
1.30779520720034,-0.5260396003723145
-5.77436797253085,-1.9692912101745605
3.986867952152618,0.1532469093799591
-21.7936206120663,-34.464195251464844
-2.643556292002,-3.7641665935516357
11.0853991753379,-1.7249137163162231
-12.9397422629832,-11.284738540649414
-0.190891674386513,-6.255921363830566
-6.32558602127377,8.458171844482422
5.391699208755202,0.10560035705566406
-8.998840630677615,-3.2850306034088135
-1.6005087696864486,-2.9107680320739746
7.5482379424635875,5.351677417755127
-7.642910278690365,-8.852659225463867
3.719171936095444,0.6410672664642334
-0.8981307679622897,-1.747025489807129
7.06032809637297,-0.3234422206878662
-3.134999611446543,-2.479780673980713
-5.94174589421185,2.0810837745666504
-17.7883076547542,-24.232810974121094
-25.2381267145584,-19.9687557220459
-27.5445722402187,-34.37260055541992
2.6678241356197647,-16.155712127685547
5.02066543392875,-4.5724639892578125
-1.67197513843126,-25.911029815673828
6.58117049992555,-0.21752989292144775
3.12612254618191,-8.559443473815918
-2.1147225087047508,-2.4030232429504395
-76.9668504799361,-3.404982566833496
10.11870938841209,1.0405874252319336
4.755697845162629,5.317591667175293
16.5479703149859,12.967519760131836
4.001938538520379,-8.566476821899414
-14.1813773041305,-24.685903549194336
0.7709161631446207,-1.6486530303955078
-24.2508933717269,-12.926280975341797
-22.3071231538392,-22.3673095703125
7.2595381633228,2.151618003845215
11.555346181601609,4.771933078765869
-26.258782255785,-13.28836727142334
10.3189652047012,-3.6563682556152344
0.809697096857583,2.6728386878967285
-18.5255095356289,-34.57764434814453
-1.0680791130593923,2.1544437408447266
-3.5390830989045075,-11.79631233215332
10.468583156479704,0.28586244583129883
-10.613183176373598,-9.357298851013184
-6.40442742836347,-0.9326393604278564
7.196532980977684,-3.928852081298828
-10.586292641023492,10.691811561584473
-26.79502671025515,-37.617462158203125
-7.187555808667961,-3.2793211936950684
5.4465900456679694,1.8568696975708008
3.1988276731025875,4.697047233581543
7.827394642815597,0.36284327507019043
3.887422638441485,0.4219191074371338
-3.41466344580097,1.407127857208252
2.667044757168528,-2.2944626808166504
1.0590749185315824,-1.59907865524292
-3.9965921287470247,-0.11759543418884277
10.982614675109394,1.4570879936218262
0.4076170529080399,-13.946273803710938
2.71319811317338,-4.0980424880981445
8.652061852316729,7.5199480056762695
-0.6579761516790089,-7.457191467285156
-51.6773231694491,-33.20131301879883
-2.8325461302865187,6.053742408752441
2.12749125232924,-26.475914001464844
3.562549470771905,5.522355079650879
-16.517773128145326,-0.8833996057510376
6.874655354673765,1.7231554985046387
0.2047767843086013,-3.0016121864318848
-2.698758931910008,10.573741912841797
1.8601156760560384,0.6465514898300171
-22.2455703021075,-19.791488647460938
2.4288820651169605,2.7710790634155273
-16.8307740899425,-1.170778512954712
20.7191486697607,1.592522382736206
-30.7261055182573,-24.144969940185547
-38.4849400567448,-13.39770221710205
-14.3103126367969,-8.185940742492676
0.7860328468455551,-12.000839233398438
-48.3858044800915,-21.858535766601562
-3.21662088766757,1.7563978433609009
1.675245639565673,1.0308692455291748
-90.3299705619704,-22.097640991210938
-9.28527551691871,-0.5614970922470093
-1.2293411329062325,0.5658186078071594
-4.534682244798708,-9.777891159057617
-68.1959205924323,-32.05733871459961
-24.5242345195019,-17.18707847595215
-2.77042962989298,-0.533788800239563
3.8009101564042025,0.027516841888427734
8.933703319425492,-0.10084283351898193
-11.341527235964405,0.9985594749450684
6.71098989067457,7.3715338706970215
4.54734483862441,8.813061714172363
-5.16341129781556,-6.789457321166992
-49.062306315025,-34.67597198486328
5.26551760771767,0.046762943267822266
3.33951124606136,-3.7555017471313477
5.006519903780723,0.4338865876197815
4.05485944970297,-1.0187127590179443
2.283405953189745,-6.841212749481201
-2.66483863280114,-11.1368408203125
12.566471603210276,1.134453535079956
-27.9020155354992,-11.65604305267334
8.88265541550952,1.282494306564331
0.1652887870268324,-7.173098564147949
15.4985727759109,0.861832857131958
9.014890317831036,4.406156539916992
1.4803529144374856,-4.296240329742432
18.1939100849816,1.7311534881591797
-2.6304973605131474,4.603199481964111
-5.493763326806099,5.962480545043945
-0.6715208179901364,0.8094098567962646
-36.7383193130824,-12.853778839111328
5.062784719364307,9.365975379943848
-12.026803679110706,-22.039445877075195
-3.01321716593974,1.3187134265899658
8.35813394800668,12.458332061767578
-3.60075442831331,-0.1308882236480713
-9.509135784465323,-2.6860437393188477
-19.6175855102284,-8.875751495361328
-27.8629509568953,-8.214788436889648
1.74273211890989,3.977151870727539
-2.19578977406709,-6.423873424530029
2.42002639701588,3.521250009536743
-25.55316918036869,-10.554741859436035
5.635020609606415,1.6970505714416504
-34.727836669101,-21.13347625732422
4.4516036428765,-5.4894304275512695
4.967381413305823,5.756711959838867
-6.81516141534704,-2.8528130054473877
-24.3954295810688,3.2482357025146484
8.658679095048068,-0.5236678123474121
3.7347243087796,-7.709455490112305
-12.909633143366396,-5.182473659515381
-60.49569009623433,-26.636383056640625
-3.790702882666694,-0.6696102619171143
-12.41068356063,-13.121381759643555
2.76740193393285,2.728208303451538
-18.9061714872788,3.3880276679992676
-3.681083449701528,-20.516246795654297
8.13893448615947,2.095515727996826
-51.402683514636095,-28.749277114868164
-3.0703466753296,8.009743690490723
0.4646043967887734,-4.429694652557373
5.989492839405608,-3.887861967086792
8.833837192566008,0.267117977142334
-26.1965705632023,5.39479923248291
0.0804428699766095,-1.1455981731414795
10.229168329440906,3.9219892024993896
2.12042655289975,0.24734008312225342
3.88810032819938,2.246258020401001
-31.515616413872173,-11.4017915725708
2.28163515100639,-7.794032573699951
-9.633163292669298,-16.373188018798828
2.63206586722876,14.192974090576172
0.3189015990893598,-12.70817756652832
-6.31868596379813,-2.6276774406433105
-6.4648984000359935,-11.85236930847168
8.91646092056966,-2.021087884902954
-42.637521131086125,-15.215736389160156
-89.5439156156453,-22.58191680908203
9.179556151687803,-1.6207847595214844
8.754663680824095,0.42334556579589844
0.8838679103249854,-4.795773506164551
4.338369925074482,-8.44787883758545
-18.23432595343749,-19.900012969970703
6.92534745147092,-0.8819975852966309
-1.768261666543676,-3.576533079147339
-7.87226820943855,-1.5711236000061035
-12.0847368637308,-10.17680835723877
-4.4222229386498375,-3.1442601680755615
6.63109301847755,4.031744480133057
1.675381804264854,-3.25105357170105
-6.897600670415837,-5.561409950256348
-12.2774867069717,-20.97246742248535
-3.963646539183849,1.480356216430664
-2.552277046947741,-8.797901153564453
-10.78700495517378,-7.2394328117370605
-6.426376983867103,-5.708971977233887
8.2142562177934,1.18483567237854
-16.967828162594074,2.6247012615203857
6.07843040491799,-5.9264044761657715
3.08443697315444,-3.6450400352478027
-1.3811964732242277,-10.241321563720703
-4.51305804704249,-29.10814094543457
-9.93375477053989,-4.8096513748168945
-0.6581754288220045,-2.3256990909576416
-7.952166005584182,-18.17739486694336
-13.563015982384195,-4.603752613067627
-47.9957157156951,-24.80719757080078
4.96190002222477,4.683831691741943
-2.0240269290899,-2.8512866497039795
3.47166270740147,-0.18519890308380127
-5.2815921348029296,0.006265163421630859
2.369358494612781,2.6745777130126953
-4.214346026907057,-13.050783157348633
-23.8934551543691,-27.01674461364746
-1.0659561461183158,-7.316592693328857
3.126169348435272,-18.60529899597168
2.35164464781062,-2.8404550552368164
-1.79502295092813,3.617703914642334
-15.957982665262508,-21.165781021118164
-64.65676531723692,-28.453298568725586
-27.8195558011628,-26.643402099609375
-10.480511156242285,-10.464385032653809
-6.18357684414468,-15.912477493286133
-6.75960002722117,-2.9175822734832764
4.4105627388370605,-1.8823671340942383
5.58846482112586,-1.15803861618042
-16.8483709423333,-4.485805988311768
16.1850033157246,9.918632507324219
-3.34531377329845,1.14398193359375
5.893700156574014,7.689939975738525
2.745769909533195,13.068975448608398
2.53362859007723,5.840054512023926
1.0880788430276551,0.7028961181640625
