Score,Pred Score
-13.812973987503693,-4.196727752685547
-14.6311710829416,-25.572471618652344
-15.020937907067507,-11.988624572753906
5.61896917638109,-0.2953205108642578
0.1461877509898399,3.202694892883301
3.59745169898486,0.6137542724609375
-6.72144892291601,-7.571146011352539
4.304204520484877,1.2157001495361328
3.37898618824583,6.722324371337891
3.939818822274421,2.108987808227539
13.9953943577381,6.933412551879883
-5.39913759737588,-1.5519733428955078
-2.204579993178592,-3.320685386657715
8.829561804598438,1.7569808959960938
6.01696699102072,4.918107986450195
-6.376202369524528,-1.2981624603271484
-6.50906463316165,-7.3629608154296875
-60.92137282626391,-34.82292938232422
1.99934019108803,2.5186119079589844
2.188685633501576,5.421769142150879
4.07090957771029,-5.831218719482422
0.5211206139658471,-5.883720397949219
12.5580583918003,4.566564559936523
3.320229681965675,4.989238739013672
-0.4381862293696001,0.9912052154541016
0.1752112379752922,-4.815589904785156
4.123908949931413,3.113616943359375
12.966325580978296,6.75288200378418
7.692941411907634,1.8744621276855469
-62.9031214125763,-55.72237014770508
-5.800670766453999,-4.039463043212891
-11.705366535732304,-12.371210098266602
-4.786538605318405,-5.9827423095703125
-82.4887013651952,-65.00420379638672
-8.251107402184557,-8.445611000061035
1.61677665352485,-9.737861633300781
-11.916211326129387,-24.814273834228516
-45.634880019414,-25.881431579589844
-0.568998602339841,-4.845649719238281
-12.147399114840605,-11.361358642578125
-27.4476544011683,-34.33787155151367
-0.4835459876036119,1.8900203704833984
-8.39479061793487,-12.986995697021484
-46.862925671502296,-31.97784423828125
0.3837795244341289,1.1845893859863281
7.184930267876617,4.002109527587891
2.8348518495029404,-4.843439102172852
-9.859535687586003,-9.317235946655273
-6.00025755794808,2.519193649291992
-4.764629840066975,-1.7916221618652344
-2.377061578670744,3.730794906616211
-2.0585753436264698,-6.34334659576416
1.1848602197973823,6.137212753295898
4.97603191479674,4.142736434936523
4.27399441028646,2.8330116271972656
-46.2372447228831,-53.13520050048828
-31.4759298257721,-36.91021728515625
-50.1674018945849,-29.019153594970703
0.9601515747159592,-0.1569366455078125
-11.864177458483407,-4.333250045776367
-0.538262620928304,-2.1304969787597656
-1.5184696160120892,1.1588993072509766
-3.0836644409391925,-6.851947784423828
11.316750179392892,4.929969787597656
-11.183106529127476,-7.38347053527832
3.59102041590596,0.22360992431640625
4.55602013063716,5.431848526000977
11.579228393987275,3.9347286224365234
2.3067635611900137,-6.0837249755859375
10.480393919522983,3.79669189453125
-2.698100773809443,-1.591836929321289
3.776985072333982,0.0471954345703125
-11.773766374328297,-14.035781860351562
8.681027307740193,3.080110549926758
-1.1091988250418725,-2.4201221466064453
4.484288991501213,0.9437122344970703
0.0548896546292299,3.150247573852539
0.1118559290339978,-14.998603820800781
3.9797293996962297,-1.2174606323242188
-22.42608065327665,-21.230266571044922
7.37064384347005,0.4696388244628906
5.344594984386832,-7.763416290283203
-1.2497809936708242,-5.920871734619141
13.71198107208239,-0.7692089080810547
0.5045482395984724,-1.4542884826660156
2.86709961553106,-2.71514892578125
0.4423212163888063,1.7064151763916016
-3.724573545179619,-3.015932083129883
0.2570808252882703,3.420330047607422
-70.65073406723695,-61.833160400390625
-33.9587360563784,-19.018287658691406
9.2088386022025,4.55504035949707
1.3318185914773402,2.3581790924072266
-9.176001953270983,-3.3767547607421875
-10.497767159210698,-12.51699447631836
-0.4402086584014632,-8.978837966918945
2.1560784090827942,-3.2591800689697266
-27.1636490162131,-17.050588607788086
-0.670930828719279,0.21283340454101562
-22.794043146736,-26.37301254272461
0.8105828534072201,1.9689311981201172
1.2287673509824204,-5.460565567016602
-0.6435038581465955,-2.470745086669922
8.474782023793379,0.36061573028564453
-9.601847091024196,-10.832584381103516
-1.6610011043127195,-6.511238098144531
-0.1091636509260827,-1.2909088134765625
7.570838092245207,1.2111759185791016
-7.211196994815285,-37.867835998535156
9.090654061652296,-7.191842079162598
-26.6651088566214,-2.2307777404785156
-17.309192174305,-7.10443115234375
4.14054171285972,5.76740837097168
4.097668935846943,6.563007354736328
-0.29408409265346,2.2179431915283203
-35.8165916579592,-26.142187118530273
10.898098675545494,5.656116485595703
-1.6552655274048038,-1.9316635131835938
1.6729502580778592,-16.029605865478516
-6.42491227706334,-19.690908432006836
-15.4752611754195,-17.210372924804688
-0.6907348474047925,0.9894828796386719
-21.3629045873375,-7.721482276916504
4.219145585451182,-2.924083709716797
-3.019531285218114,-4.521596908569336
4.25311060075082,0.46623802185058594
-15.0412339008878,-3.2532787322998047
-8.237627320974727,-19.867109298706055
-1.0683487237199796,-10.052669525146484
-1.7174251595272625,0.9865550994873047
4.069163600073605,-0.27169036865234375
-10.162041561092582,-16.644744873046875
-5.97248436581227,-4.375997543334961
6.120538767403939,-2.5107803344726562
-0.8028238008287005,3.5241146087646484
-23.6042929930625,-30.366575241088867
-0.1777753404752198,-8.77645492553711
-5.785469568057495,-33.83918380737305
-0.0556983764780604,-2.438042640686035
-25.4508968849616,-5.498786926269531
-5.3185412482723295,-0.35308837890625
4.020569536845237,8.33350658416748
-58.5527340809363,-11.867130279541016
-6.291328737399075,-7.952707290649414
8.922207576391518,10.791021347045898
22.7414116448382,5.2652435302734375
-44.6057608529879,-50.32866668701172
-26.5129077898497,-12.839105606079102
-2.13735826282737,-7.957469940185547
-1.14890133483728,7.617195129394531
0.369316059642221,-2.6786937713623047
-0.6884117876070912,-10.300731658935547
-5.8772631055401,-4.699062347412109
3.6053774296538297,3.2801284790039062
5.07108724357905,3.2800331115722656
1.292753014965791,3.4985618591308594
-3.43040335892423,-4.760795593261719
0.7651079053562314,3.723280906677246
-37.13962469223695,-19.858020782470703
-5.822632503482525,-8.416910171508789
-6.879472048396067,-8.964519500732422
-7.1526743450051855,-12.709062576293945
0.3302260274555297,0.32131195068359375
-1.178255647098801,3.2179794311523438
-2.99361591491145,2.4311962127685547
-18.1070051290659,-29.465286254882812
-3.0332808194811403,3.9958248138427734
2.6303171850506604,1.5284690856933594
-9.72499716390718,2.702686309814453
0.2729453578388601,-4.163373947143555
-21.4503408223732,-25.86064338684082
-4.99755531471552,-0.8350181579589844
-18.0018409950579,-24.716171264648438
4.00031385473591,5.933225631713867
14.1235470599023,-3.8895339965820312
6.55729051148795,-2.590465545654297
11.19992297656359,8.186162948608398
-7.81388191369781,-7.327948570251465
-2.924593214648255,-6.264591217041016
3.7667366885646025,-6.527021408081055
-6.68253431604433,-4.890644073486328
0.7345204104922589,2.1321029663085938
-10.626155896203898,-5.883054733276367
8.106852576346123,9.518930435180664
-58.24412469223692,-52.20526885986328
1.4955767028094,-2.078166961669922
-17.6906096863185,-32.15151596069336
-4.813871520282443,2.6120548248291016
-11.8973420493851,-7.723346710205078
-2.67676896274171,-6.366655349731445
-3.9331393974605526,1.6473217010498047
8.756217929094177,1.7921943664550781
-29.2662792150344,-17.518823623657227
1.7249239205326918,2.439713478088379
-6.686975812883663,-21.36005401611328
11.10272802991041,4.860363006591797
-10.956818171714705,-5.550966262817383
-6.3500959185649,-14.301742553710938
0.6681105368389735,3.008014678955078
-12.500029270357295,-24.01358413696289
-2.591242863373206,-0.8920764923095703
5.954690473588823,-0.32357215881347656
-43.929359067237,-34.039451599121094
-17.4841411730512,-19.031982421875
3.61441892535489,2.222808837890625
2.1112971208509976,-0.5872039794921875
-41.8026500314277,-40.053802490234375
8.463248256721428,4.306455612182617
-13.037072413777096,-15.947050094604492
-1.6307504375632549,-8.60873031616211
-0.3284521577656807,7.1496124267578125
0.4685622181175212,-1.2275543212890625
-5.316952415477393,-0.8777809143066406
4.584421564331302,-5.437206268310547
-20.3593816575191,-21.698463439941406
3.67041582610247,-6.563843727111816
2.204062447972561,-3.8136472702026367
-4.666937653128132,-1.0791778564453125
-12.3781694316975,-10.207843780517578
7.06923762363823,-0.11301803588867188
-37.2883298194418,-19.07735824584961
6.442434166934048,7.152446746826172
-12.2162083245621,-15.359025955200195
-20.3623076046531,-6.247646331787109
-5.45440876641342,0.22405624389648438
-4.96580172718434,-10.982964515686035
-37.4061766871973,-28.89604949951172
0.5403453062071405,-7.302572250366211
8.656689402528613,7.065317153930664
12.331931266595111,7.388706207275391
2.75380173901167,-1.8621158599853516
-2.8447496930443927,-1.4373950958251953
0.0285872237409883,4.30485725402832
-73.5286754265322,-10.418310165405273
7.285509446842615,7.5471038818359375
6.72046542688671,8.9046630859375
-6.19730890695259,-2.4337806701660156
-16.4599719883519,-5.530561447143555
-10.288292260688207,5.574474334716797
-10.285920522724917,-3.376842498779297
-4.65691689928222,-3.2326412200927734
-37.1716279374795,-26.246686935424805
-36.50577458359941,-11.698009490966797
0.7942566624333496,5.277101516723633
-2.491707941339629,1.6254262924194336
1.7387039934851498,0.8072643280029297
-13.8996269060666,-12.195152282714844
4.17561229224804,5.893388748168945
4.7680640763497,-15.36067008972168
-6.745372906074374,-3.3392295837402344
7.262818938793504,-3.531879425048828
-55.7541546140486,-40.2079963684082
-5.85807143580148,-4.603511810302734
-52.7336020518746,-34.82976150512695
-1.995826789875676,-2.7530517578125
-1.3326443092463092,-15.133377075195312
5.029017096161708,-3.0549697875976562
-0.71117494174041,-2.6130905151367188
8.243548509216069,7.607814788818359
5.81602235619721,-5.054943084716797
5.978124919049687,0.48795223236083984
-2.8859593337581737,-4.352720260620117
-26.0047332498617,-20.792152404785156
-1.5220929784942658,-9.98685073852539
-15.0089303719363,-15.68587875366211
-1.757118944268968,-17.961631774902344
-13.5091075877696,1.022878646850586
-4.0681667574955,3.7105236053466797
4.43276114617859,2.794607162475586
-4.665207913971671,-7.939696311950684
7.33919324558513,5.643970489501953
-11.69780882660921,-20.69211769104004
-29.9162730471743,-35.190616607666016
-5.331847529263395,-13.187259674072266
4.2006804390709,2.9733333587646484
4.76541245752904,5.006710052490234
5.87221574658101,1.7609939575195312
-12.955988512618,-35.51728820800781
-14.4061745570978,-7.819721221923828
13.644333664082708,5.322612762451172
7.522446474796843,-7.4540252685546875
2.858782897786812,4.177028656005859
-49.8653288018085,-54.64088439941406
-4.029904705212941,-2.3049488067626953
-6.2026319104393295,-7.091255187988281
4.452168509343501,7.5471601486206055
-16.475900892606802,3.550161361694336
-11.03094492075089,-33.64585876464844
-8.08045020128908,-10.336509704589844
-14.885807229381896,-7.394557952880859
-11.113180908425988,-5.539339065551758
5.506094216928792,2.2009525299072266
5.29091659278858,7.059329032897949
3.42106467876526,0.11151695251464844
5.162821279449693,2.9419593811035156
6.020551076354931,-0.15821266174316406
0.8086942897832163,2.7271385192871094
-8.80546181278599,-8.536636352539062
-7.42349600405968,-1.051076889038086
-14.4731176558811,-13.564870834350586
-35.5448186771701,-34.798770904541016
-1.657597602265355,-1.4598817825317383
-1.930224441335125,-8.38963508605957
-10.398648228661925,0.2066183090209961
1.3131129859732091,2.2806930541992188
-0.1240821746904601,-2.1201610565185547
-35.1709788883515,-36.53277587890625
0.6771989561182002,-0.9458732604980469
-5.8677981963370005,-9.516407012939453
0.7982616963508231,-4.886618614196777
2.595279020812243,-1.5027999877929688
6.9472187772133225,-0.21969223022460938
-41.1395198834054,-27.559675216674805
-35.4604736838065,-23.312984466552734
7.87379173269718,7.79636287689209
-8.72128086410909,-41.68684005737305
-82.13826531723697,-20.684730529785156
-9.70693692529289,-11.753585815429688
-61.4386715672369,-50.765342712402344
7.10938257895085,3.208057403564453
0.4007388327427847,5.106006622314453
-0.7455370396145937,0.8318233489990234
1.674966057420845,0.1995677947998047
11.877856996640997,4.970707893371582
-0.9096556467231308,-1.40484619140625
-1.4680391508473674,-9.086936950683594
15.6414782015599,3.63348388671875
-10.35739215730591,-0.2930717468261719
1.926107182225645,5.568413734436035
6.99756701325662,5.32164192199707
3.54836143321337,-1.639857292175293
-7.726553411266567,1.8941764831542969
-48.51478094223695,-61.00108337402344
-3.0453156276270903,-3.2549896240234375
-3.454798154796729,1.2055549621582031
9.503977484174175,5.432550430297852
6.001532732018722,6.089310646057129
1.775572054007981,2.829183578491211
-2.6871577689602653,3.5340614318847656
-7.920344649869953,-10.344913482666016
2.578081311550471,0.31051063537597656
-14.434457477598505,-2.9696578979492188
-1.338045882914232,3.497610092163086
-44.1817825469333,-36.18637466430664
2.4314234692194163,-4.363239288330078
-2.07036107592124,-5.209726333618164
-6.560167066336443,-10.110824584960938
-2.54688332955635,-2.6655807495117188
-7.940842049461227,-9.55488395690918
-7.789052707582185,-4.96348762512207
-1.4295761119406232,-0.02236652374267578
7.206977941743588,-3.0340328216552734
-4.081394009803599,6.971141815185547
-30.167243616457,-20.777851104736328
11.7225687296843,8.885717391967773
-0.8984319813221007,-2.28076171875
10.349523074958825,2.302928924560547
5.42147270471237,8.355140686035156
-0.3136273830120112,-0.8365879058837891
4.398848813602776,6.054265022277832
2.099307195887115,1.0175323486328125
-61.6890402284636,-38.604522705078125
-7.08434802004719,-2.962228775024414
9.0758909366509,4.335535049438477
-1.9263965715605047,0.5540866851806641
-6.262949496708321,-3.2086257934570312
-4.739766082030863,1.2865982055664062
-36.8822022827233,-36.58771896362305
3.24770439300306,1.2538871765136719
1.41805545618482,-2.116994857788086
-24.4432878855492,-4.795869827270508
-24.96156751119129,-26.52093505859375
-7.734574598544068,-22.317039489746094
2.79124989437018,2.6167068481445312
-5.17831154550348,-10.92935562133789
1.5275640312561216,-6.531614303588867
3.682989905065457,5.227949142456055
-10.8237586662752,-16.546722412109375
-6.929951553081727,-17.570728302001953
-27.96215708599589,-20.39101219177246
-2.88087637063392,1.345010757446289
-5.960419628776203,0.5341796875
-37.189874708633695,-25.39537811279297
1.1496085756031087,-0.9324855804443359
-12.7137936794919,-10.400382995605469
8.398744223780918,0.0074901580810546875
-33.3004252633332,-35.05784606933594
4.065326821312747,1.4930419921875
-41.9047429025821,-28.969369888305664
7.383552345763623,2.6921615600585938
6.364261125349779,-6.39647102355957
4.841793570156368,-0.5771980285644531
4.179707781567577,6.567768096923828
-14.7229944429405,8.18832778930664
7.078924552126015,-1.6106224060058594
-12.898019313824,-9.920063018798828
-70.8116033690518,-11.74058723449707
12.7359625054994,9.959465026855469
5.586124430090477,-0.2162303924560547
3.028467183462371,1.1090888977050781
-5.830142578087577,6.838622093200684
-22.6841489367301,-11.47160530090332
-1.51657819068512,-1.5305671691894531
-81.52648016021857,-17.827791213989258
-3.36903782007548,1.1456146240234375
-18.707844022,-18.660472869873047
-34.48768519828235,-20.71933937072754
-39.7169735486916,-14.409666061401367
-1.593720937577549,-4.138808250427246
-23.2954444871652,-21.776927947998047
-45.30258920076982,-38.720947265625
12.5056328567953,10.40231704711914
-11.9299972333177,-4.319248199462891
-37.9495035857927,-6.705221176147461
0.7001962140772594,6.180351257324219
4.49418879319923,18.361083984375
-39.0646563811545,-37.51969909667969
-9.09730633851708,-8.190887451171875
-17.5589533745204,-27.824508666992188
-4.92782811871599,4.510560989379883
-8.2299173561342,-5.934314727783203
2.60625970962018,-3.8924407958984375
2.726862934921635,2.2193737030029297
4.071661498679735,-0.8697881698608398
-11.9154244975033,4.544422149658203
0.9090871567987184,0.3553314208984375
7.92708077877978,2.835906982421875
-3.119647295186995,-3.264375686645508
-2.248378586620203,14.076776504516602
1.6646916021852596,-3.5535221099853516
0.1590569364430157,7.985212326049805
-77.3623903172369,-68.14605712890625
15.8859560938761,7.9120330810546875
-3.11888044241469,0.8279438018798828
-2.7468186065138984,-5.402069091796875
2.77922195660905,-9.662025451660156
4.052279150357491,-0.6215038299560547
-4.03806373695381,-16.82066535949707
-2.4461467814868523,-6.420051574707031
-0.1639564470097907,5.015525817871094
0.8542168432631491,-0.2615814208984375
5.84905996845087,-5.010984420776367
-5.77665564868809,-3.2396583557128906
-3.7008288999313423,-0.21142959594726562
-7.18713065449027,-3.758817672729492
-0.9529303605806088,4.648313522338867
-15.902118442879,-12.388797760009766
-28.0636361890057,-19.196496963500977
-26.912205886836706,-28.332406997680664
8.596988309863011,4.075948715209961
0.2877587512502297,-1.9666481018066406
3.3899996482015826,4.365638732910156
-20.5869014386951,-12.964390754699707
-9.341800010912078,-13.43488883972168
0.1692077246922899,2.128721237182617
-1.857666460494741,2.3131351470947266
-13.2752747780792,-29.67951202392578
4.49646859469848,-3.3157272338867188
3.60913262992784,-1.0231399536132812
-5.653435188749545,2.0895748138427734
1.51502173443586,6.474576950073242
8.143116180793372,5.236394882202148
-8.36164856265281,-12.602262496948242
-1.130678948105339,-1.5974006652832031
-4.349210006555943,-0.1485614776611328
0.2594141505344826,-12.452292442321777
-32.1283374054069,-29.39671516418457
-1.9051378030600723,0.09041595458984375
4.768047800449637,3.383930206298828
2.264898495983479,-8.54615592956543
-6.47138721063866,-4.803377151489258
4.93167956005568,-7.2025837898254395
2.4851768276660025,2.7840919494628906
-3.930469946192945,-3.102816581726074
11.923948375295712,7.105846405029297
10.41580460128629,8.747509002685547
-8.700462669667385,-3.3350915908813477
13.1991243046288,1.5809097290039062
-4.75101729862813,-0.058757781982421875
-1.4230966237807086,-8.202266693115234
-2.07861348348741,-4.969221115112305
10.292368565007404,13.477951049804688
1.9007667723773176,1.1858654022216797
-0.1428452494230792,-6.143577575683594
2.4933992323843923,-11.161354064941406
-13.861300672159,-2.53378963470459
-1.7943154401891548,7.254267692565918
-4.15624175439773,-4.1024627685546875
-14.277645616907492,-2.215442657470703
2.713132201978397,-5.0014801025390625
-13.315456279797685,-16.74795150756836
-5.36204355968609,-5.564525604248047
-1.4872271509121793,-3.8662118911743164
0.31232235517322,4.477457046508789
3.0307168501552093,4.954235076904297
3.4484762474106,5.2748918533325195
-34.0729170807354,-34.59398651123047
-25.0659802428987,-13.21157455444336
0.86771933446589,0.25614166259765625
-11.996919710325,-3.036839485168457
-56.2560888739038,-35.215450286865234
-12.7386491421071,-11.61372184753418
-3.520787796436005,-16.168712615966797
-0.8014467498558491,-8.4063720703125
-34.7812340468876,-32.364009857177734
7.158235365631607,-12.357486724853516
3.29681579894721,-1.561025619506836
0.046018285265003,-7.2255401611328125
2.046344769010002,-0.9182415008544922
4.25403099118957,0.35251617431640625
3.7804230286959792,-7.4287109375
-3.773219093074008,-6.069984436035156
-9.722403045722997,-2.1811065673828125
2.81101468536903,-4.661571502685547
-23.7494411406013,-10.659976959228516
-75.56229656723696,-43.91484832763672
9.94612085382829,8.879402160644531
-8.207132148775708,-20.70915412902832
-3.09775596823669,1.3576335906982422
3.77256113899207,-4.657989501953125
0.2016574678685985,-0.32132720947265625
4.38808277416547,2.4417991638183594
3.7092867134231,-0.22596359252929688
1.6740112862957208,0.6519546508789062
-5.472376660417956,-6.683492660522461
12.283123760680592,4.106157302856445
4.417989059347175,-7.4503936767578125
1.907333647224608,6.265048980712891
7.837521570550837,1.7776966094970703
4.82455755953161,-6.663347244262695
-0.6472060937938101,-4.370141983032227
-8.237956686764985,-12.992095947265625
7.859716520666763,4.707008361816406
2.765011277030255,2.7570438385009766
4.62415639298937,5.068141937255859
6.430237727930085,-0.1640796661376953
2.44728958086436,-3.8769092559814453
-1.93656353174353,-2.026620864868164
-33.7845903951132,-35.41358947753906
10.960301672714698,10.050092697143555
2.4659746492236927,-0.6714820861816406
18.2642273209106,4.221567153930664
7.656482330373112,5.0193328857421875
-63.2346715672369,-48.96717834472656
-22.9610154952969,-31.65578269958496
4.39789099231211,1.9033832550048828
-46.587141393021525,-33.46430206298828
-12.281506448986304,-13.529884338378906
5.220668557811489,2.0290088653564453
-1.4412632820262703,-5.302474021911621
-35.163016426576704,-23.30046272277832
-31.380009974583203,-26.928295135498047
-40.7258600860177,-10.274351119995117
-35.3994683825842,-31.430431365966797
-10.968565079401992,-12.398736000061035
15.384553292915324,-19.830265045166016
-0.4271227388875901,-0.9794769287109375
-7.69948364751984,-6.215728759765625
-26.6822467124322,-17.920963287353516
-0.2823200449385875,0.07136154174804688
-3.8453528225106623,-9.04611587524414
-2.4599041427842496,-0.5547294616699219
-12.7315114055493,-6.592198371887207
1.418014053180695,-3.822223663330078
-3.4922781726655696,-10.96746826171875
-17.5801214502402,-20.49358558654785
-49.5120706514507,-47.779029846191406
-0.4503474699443348,-5.189533233642578
2.332279780348585,-7.296482086181641
-42.2483635713802,-40.48701095581055
-5.00028834575103,1.8721294403076172
-5.14141487663266,1.0815448760986328
-19.923371510770203,1.7152099609375
4.28301459624688,2.930511474609375
0.3224388648416145,2.016073226928711
6.795393661635613,4.089572906494141
6.720388221210122,5.143915176391602
-20.7558388881914,-9.696371078491211
-12.5922662394529,-11.093757629394531
-5.19085420781142,-6.288066864013672
-27.3858072066324,-19.680477142333984
6.488490212037078,4.394115447998047
-12.5233171201947,-6.959596633911133
0.996650643215182,1.8321857452392578
3.27144637329635,8.79928207397461
1.203208947199059,-6.853476524353027
4.5031585012656095,0.34149169921875
-46.6686841099013,-45.14374923706055
3.600655729290548,3.4512033462524414
-2.7077151362496297,-13.574542999267578
-42.936846127142296,-39.003997802734375
2.679404112105611,0.3252544403076172
-23.975827854410426,-21.238662719726562
-24.4869919201538,-20.939584732055664
-6.22433036882608,1.6753215789794922
-24.992167376126925,-21.353208541870117
-9.742168339465294,-7.992702484130859
0.1235817830644999,-0.0036115646362304688
-11.607028837624,-11.140124320983887
5.321680837772678,-0.41931915283203125
3.3452637215970498,-1.407461166381836
13.015759276594096,11.860734939575195
-6.13466459150186,-21.39246368408203
3.557691046156,7.392735481262207
2.0008593011464906,0.6818361282348633
-1.2671721747064446,-8.96851921081543
-2.989164004622407,-5.589263916015625
-2.43808381047612,4.318490028381348
-11.30813578108209,-6.753118515014648
-9.619042312244815,-24.548877716064453
-4.01456885639382,-4.291593551635742
-4.853312003098937,-10.354852676391602
2.78743688363977,0.9651813507080078
3.6035536346157695,2.453226089477539
6.09033976794457,7.185407638549805
-5.89266438028177,3.6259822845458984
-20.7592210135025,-24.97351837158203
-3.637071869773312,-5.915742874145508
-4.396710286499547,-8.707725524902344
9.04709717330502,-10.680042266845703
1.69213972357191,1.0346736907958984
-27.068723822751306,-21.107078552246094
0.2886204877907422,-6.991716384887695
-0.592182005541919,-9.766895294189453
-4.736229867816737,-3.786895751953125
7.877641553655238,2.2089366912841797
-2.588665914009158,1.4131584167480469
4.72846919446815,-6.725303649902344
3.42669038506664,-1.7327728271484375
-10.274169876330886,1.086639404296875
-1.289264920121349,-6.346532821655273
-6.9648772325347394,-10.166118621826172
-1.2236747050651609,0.10653495788574219
-12.208208404490907,-23.227527618408203
4.40921359309415,2.752664566040039
-15.991582533821994,-2.1106834411621094
7.809600001042748,4.661954879760742
-3.0331069492891496,-3.3037261962890625
2.603164662477901,-7.9380388259887695
-24.2572199033326,-22.768571853637695
13.667582002208905,4.467096328735352
8.19307228691883,-10.671085357666016
0.4664503305112299,-2.004903793334961
-6.46133524603972,-9.943876266479492
-19.7520332208299,-8.977300643920898
-7.75971004909346,-1.0745315551757812
7.66334596528203,2.5455055236816406
-27.64770126959135,-22.29582977294922
-1.8239337240231768,-7.996010780334473
5.265272900492549,2.2530078887939453
0.9434331950199416,-7.742376327514648
2.13745295521649,-3.4720211029052734
2.76912169862866,-0.8117561340332031
2.409764321136161,5.31245231628418
3.7606671418030695,3.164081573486328
-89.04756219223692,-47.80813980102539
6.987950206462267,2.6312789916992188
-10.09410467002709,-10.549297332763672
8.16191414696451,8.405143737792969
-10.731303688850904,-17.926528930664062
7.588764503474316,-0.5489501953125
-5.25293160621848,-1.217951774597168
2.3065604778561424,7.155864715576172
-3.8022266666193874,-22.501300811767578
3.22816419080692,-0.05026817321777344
1.1941842843275,2.0997867584228516
9.772192422094813,-20.077539443969727
-2.489313079893845,-6.158082962036133
-13.547300817594484,-32.696624755859375
-1.5403494549472296,-5.720208168029785
-5.139364658294922,-0.9470767974853516
-1.32131943338233,4.213863372802734
-0.5284321769112605,0.34563446044921875
0.1119561526876595,-3.0535545349121094
-0.0918051514147744,1.29559326171875
-1.7237618714553775,-2.3449039459228516
-1.5699354762224491,-3.301786422729492
1.5718362711845366,-1.046762466430664
3.58036180553514,-2.3088321685791016
7.45084701577923,-15.605123519897461
-7.378812419643663,-2.197296142578125
-33.1832620874725,-43.674171447753906
-6.066411004621831,0.9343833923339844
-16.4910721624856,-23.351308822631836
0.8267526169764301,0.8089694976806641
-9.762453719841735,-22.86029815673828
1.741670982094262,11.462522506713867
-0.0053525606393112,-1.7834243774414062
-51.4043293278057,-33.697181701660156
14.9415296965116,16.594350814819336
8.70853787657841,0.902801513671875
-2.149900469098629,-6.343339920043945
-0.0379657812584102,3.016063690185547
-15.3173389528898,-5.107107162475586
-1.7663441991754285,5.593484878540039
-6.708306328674888,8.67054271697998
-78.7451798053926,-61.321624755859375
-0.5413656534735456,-9.676277160644531
9.625121597198186,7.821489334106445
-3.15562863494722,0.845428466796875
9.60447820177431,5.346048355102539
-3.31847606547329,2.712291717529297
-4.12581810820042,0.09225273132324219
1.7706121017107803,-0.9114952087402344
0.5117341060036625,2.547088623046875
2.63157412115867,-2.4095001220703125
-4.763634360062484,-8.303279876708984
-11.18181257464061,-1.9095687866210938
-39.4932668903457,-13.564151763916016
9.206200380526292,8.059896469116211
-2.93911844531118,-1.5487613677978516
-28.13472322157985,-26.423019409179688
9.62907409316032,1.2305450439453125
-7.042636248773623,-18.205760955810547
-4.03025121975644,-8.26710319519043
3.42951329804928,3.365701675415039
2.5565427438131976,10.10783576965332
2.8513084033656,3.8962154388427734
-5.5623675139736175,-1.7204933166503906
-4.144685584269085,5.243165969848633
-11.221818720505304,-5.711601257324219
-2.111656589218961,1.4110584259033203
-1.626797120535592,-5.587165832519531
0.7652624054000594,4.172107696533203
-21.5531296050118,-21.372451782226562
-13.053772031257305,-14.667816162109375
5.42509465390903,-0.2324237823486328
-5.5186956836840375,-11.344234466552734
-2.260381023139061,2.1661739349365234
-30.3377383335249,-27.910263061523438
7.380729755239978,6.80610466003418
-4.172986764275874,-1.4104957580566406
-1.2036514942358316,-0.3426475524902344
-35.2906329121599,-18.70537567138672
-2.54595208771381,13.382928848266602
-10.901275449743116,-1.9583892822265625
-17.0078420331655,-21.55971336364746
-11.9784507557909,-2.25022029876709
-19.469018973061075,-6.803550720214844
-3.2142130797467816,2.5301895141601562
-0.5663484394051013,9.64251708984375
-21.2195468929047,-12.810600280761719
8.077984978184695,4.406455993652344
-17.0119321722455,-12.241315841674805
4.67424026120176,4.025135040283203
-47.9875704511971,-35.29850769042969
4.316615136301563,0.27159881591796875
11.2728180991378,10.377485275268555
-3.5546157663424616,5.256902694702148
-3.15887949932979,-7.610783100128174
-1.6422791314174887,4.080162048339844
-3.448025235667948,-21.742774963378906
-13.5632540546311,-4.7551422119140625
0.8825935384285006,2.0165481567382812
3.27100049685324,-10.525501251220703
-0.7762273913233743,4.870220184326172
1.026942322157092,-0.22860240936279297
9.859104788483815,5.727622985839844
-1.9977872313530125,1.576436996459961
-13.1809903671301,-6.521860122680664
-35.1782981083837,-36.5528450012207
-35.8337806803641,-31.612695693969727
-7.639409008216227,-3.457242965698242
-15.746453943284,-29.196533203125
1.055995951979529,2.8205156326293945
3.987299411465438,1.438680648803711
-37.0930621901092,-8.506046295166016
16.694612728237402,6.576448440551758
-4.527979888097892,-6.557912826538086
14.6352674345898,5.556182861328125
5.034618319433818,1.5802021026611328
-3.77133000272187,-3.548410415649414
-1.61504571199055,1.4522056579589844
-56.3663437951974,-42.10780334472656
10.088450856398616,5.054765701293945
-14.285610883283098,-19.70844268798828
2.6210618799141923,1.3341999053955078
-2.308732762121495,-9.49675178527832
-83.9761260280997,-53.51648712158203
-1.03656181464744,-1.4463558197021484
10.16232173056559,10.715553283691406
-3.12013961477547,-2.6597251892089844
3.010752586641185,-1.9058952331542969
-1.5178355576616795,4.994753837585449
-2.60072537807549,-2.114503860473633
-2.367312137177082,0.9685611724853516
6.075310726130807,6.666439056396484
2.24572304437811,-5.230411529541016
0.2044267191685782,-2.4378833770751953
-14.409506408843407,-12.069690704345703
-2.683955047842884,-0.22534942626953125
-0.0075038478591599,1.9855384826660156
7.190050317883171,2.740598678588867
-2.1691769605730515,0.32843875885009766
-7.910003358009165,-4.1193389892578125
-69.1366966634013,-32.10819625854492
1.437241653553571,-9.554916381835938
-20.7409218490905,-12.667203903198242
3.78247800369874,1.8322772979736328
7.909526276907584,-3.422924041748047
6.097122298913325,2.773587226867676
24.5800902168924,12.280893325805664
-9.979741434164584,-17.613462448120117
3.1327986373042376,1.78302001953125
-8.393586343504198,1.7407493591308594
8.678125432705007,6.733861923217773
20.7428439693387,-6.7644453048706055
-1.511416195100045,-33.782833099365234
-23.3725501337939,-5.360008239746094
4.69437535963172,-2.0413360595703125
8.24149319055937,0.8856067657470703
-0.2898522089969393,3.2393150329589844
-7.19378137939456,-10.535755157470703
1.0271109700113177,-0.4677696228027344
-14.564555056626377,-3.25653076171875
-9.657849716236,-24.278026580810547
-0.7280966227290082,-0.18797874450683594
-21.8962191024866,-13.549356460571289
-40.2614734397264,-27.588796615600586
-1.77750068778882,-4.834020614624023
-28.3488859938485,-28.695499420166016
-8.184373188662292,-49.620201110839844
-6.135426654744688,4.085990905761719
-3.270422191581055,-9.163860321044922
-6.055427015859325,-4.3363189697265625
-34.3143130117107,-26.391437530517578
-50.4820483838523,-28.934349060058594
-4.639593570653838,0.4129800796508789
-21.0606958753072,-16.908401489257812
8.747205755218493,10.754186630249023
0.6884341878779402,-0.3244495391845703
0.300408103033295,2.776845932006836
-2.6184282494780104,0.8517255783081055
-37.3999740396079,-24.73702049255371
-10.594900847222812,-10.500463485717773
-23.227454082363305,-13.252838134765625
-15.4814292943448,-7.927042007446289
-6.89310310865277,-7.789918899536133
-0.3887710448227697,-8.288799285888672
-4.0896099478500325,4.132038116455078
-42.6579269422049,-32.93326950073242
8.45389840526827,7.613452911376953
-15.5157954828953,-17.512535095214844
-1.9802660997523944,4.618349075317383
1.8368511005450223,-2.957639694213867
2.11900133622217,4.325832366943359
-38.4962238749225,-33.54144287109375
0.8069046214032297,-4.286231994628906
-0.0780407432645869,1.0899887084960938
5.009535132419683,4.143589019775391
-74.9399761386801,-49.03866195678711
2.806732553915905,4.282452583312988
-4.81834176383161,3.251688003540039
-1.4920816076829602,-3.844752311706543
-0.003939288658445,5.092000961303711
5.86288473591452,7.020498275756836
0.4443344011282492,-3.0159149169921875
5.72263802046558,2.569873809814453
5.46583466116103,-6.941232681274414
5.05355462238675,-0.46568870544433594
-17.190033530139498,-1.1213607788085938
-10.1192188918475,-8.447359085083008
-10.539071528779305,-6.55515193939209
0.2492257167476033,1.0458335876464844
14.9823899147147,7.494655609130859
1.7336328627834918,6.971816062927246
3.2582764286422226,1.536397933959961
-42.4099588259267,-26.664813995361328
-38.7823663998969,-18.937664031982422
11.644495901203598,9.288454055786133
-39.0956747424042,-7.569118499755859
-38.6438610292767,-21.384052276611328
-40.5029244010595,-39.63582229614258
-0.897066728281827,3.118001937866211
-17.6830733389949,0.8082122802734375
-0.0084306638066775,-6.496917724609375
0.5394390329931549,1.131072998046875
-21.61387508166409,-9.037544250488281
5.053393098685065,1.5762863159179688
-15.7834934865799,-11.53287124633789
-58.40351531723695,-52.665184020996094
8.86280218600469,10.172740936279297
1.888243484494037,2.252408981323242
8.99923705482913,3.487548828125
4.133325903305868,2.3389244079589844
4.774357664359128,1.8178329467773438
7.418770080750715,-3.4746971130371094
-2.25262466719878,6.247367858886719
-7.071587649042333,-2.1889991760253906
4.398742241377427,5.6066741943359375
-8.692928400841772,4.4613494873046875
2.334382802629,4.425558090209961
2.8274240704709,9.892560958862305
2.1747311895065486,9.637504577636719
2.776867734737273,7.067901134490967
-12.4595255596924,-7.527595520019531
6.86106163750481,3.4552440643310547
-0.3530077955256401,-6.9581298828125
-1.6020246929696491,-25.83502197265625
-7.57557880794988,-4.6106719970703125
13.9692836454661,1.9257545471191406
1.289294757415069,-5.12040901184082
-20.3746494688195,-22.572402954101562
-8.044482691931467,-5.736139297485352
2.51340467963473,-3.525920867919922
11.0282847349576,13.000835418701172
-1.3944922949507652,5.5424041748046875
-26.2706781913698,-23.627540588378906
-71.7765711158932,-40.92163848876953
-44.2857422252861,-27.895977020263672
10.116767222520318,9.495050430297852
-46.9980356488569,-35.15227508544922
-8.677497573270493,-5.596220016479492
-25.781275563237,-5.1543779373168945
-26.5692742661385,-21.21957015991211
1.2555345380058751,-2.180072784423828
-0.810306898238276,-0.6034078598022461
0.2404076931068699,-10.95675277709961
-11.9846830308257,-13.212512969970703
-5.775806690181939,-7.8440093994140625
1.9806048133258944,-27.045299530029297
16.618750626525,12.497859954833984
8.204494762209066,4.610391616821289
6.80321923705408,-12.055021286010742
11.710679650337616,3.6156139373779297
3.181253849239128,-0.13909339904785156
0.90894434552881,6.548151016235352
3.547124544521316,-15.434228897094727
-2.202886656443709,-3.548736572265625
-11.133669865203094,-15.682771682739258
9.328533024448705,5.000398635864258
-0.7012610501602399,-3.384553909301758
-0.3170472839931941,-0.07558250427246094
-2.3458288386735573,4.6115875244140625
-26.1191329979098,-11.543079376220703
-2.33292598982445,-5.076519012451172
2.461922216333884,1.7154254913330078
-22.4462583852743,-21.940994262695312
16.899113604615202,9.841424942016602
-2.85382252753121,4.245391845703125
1.2705701336207027,-2.878326416015625
7.960789166364423,7.887786865234375
2.71808902854303,5.254081726074219
5.5273920092716775,-18.36017608642578
-4.11149235653684,-6.419273376464844
-20.9676231329802,-3.7079524993896484
-0.89184437235696,-0.6047382354736328
-1.2816619609782416,-1.5846271514892578
4.85634828411675,10.489316940307617
4.71112087372323,0.8833694458007812
-30.7199022255615,-22.0065975189209
-3.8590388668775,-0.07198905944824219
-10.6557437737239,-1.178741455078125
-13.4460672849668,-25.522672653198242
-5.527709296795018,-7.032341003417969
-1.876637029070265,-7.103786468505859
10.2532613363299,5.827869415283203
3.00680128293027,0.9862480163574219
19.33685959748449,11.468730926513672
-0.1058882282985149,2.944906234741211
14.3436638764016,3.94210147857666
-16.1535771788668,-24.405094146728516
0.9480162028997956,-1.1036109924316406
-18.5891767455387,-29.70431137084961
6.02246857213521,7.000118255615234
5.16750826555368,5.5097150802612305
-1.0190872666435924,-1.385457992553711
-19.100904418149,-10.63314437866211
4.743603615290096,3.95526123046875
-13.8157551615103,1.4709835052490234
-3.802611775309477,3.314441680908203
4.30511943579503,1.9431915283203125
-22.482844278002705,-12.02102279663086
0.60779733849738,-4.473562240600586
-38.4626262988146,-27.193737030029297
-0.6089836493556324,1.8546857833862305
0.8617451361473882,2.5767269134521484
-2.40000424902785,-4.937583923339844
-2.390619984667185,0.003314971923828125
-15.559462368784592,-20.692890167236328
-13.790764753514,-6.177490234375
-9.325981865786185,-2.208324432373047
-58.4491138315396,-42.594085693359375
9.550892694239591,15.732134819030762
-2.3538192484503564,-8.807024002075195
-5.83438093189622,-0.14868545532226562
-7.10827059552493,-11.656761169433594
-12.414939844598162,-2.315744400024414
6.6154810826822,3.302988052368164
1.3155747227446202,3.0906505584716797
-2.56542276271332,1.387028694152832
-13.546032832554804,1.8893871307373047
-16.600339428286603,-15.302431106567383
6.167862854629888,5.041358947753906
-40.922076323723,-16.621917724609375
16.9349100756105,6.5371551513671875
-12.24911226903676,-8.092562675476074
4.867927463076468,0.1909923553466797
-21.6327950573002,-28.623882293701172
7.11033993521173,4.957622528076172
-9.59094984812801,-16.929901123046875
4.92186081619874,4.488796234130859
-7.815562497274902,-0.9881744384765625
-2.20364176327536,2.8024826049804688
-19.6754058911438,-44.32892608642578
-91.8886792382854,-25.27252197265625
-20.9507978903398,-42.61184310913086
-17.8084408175675,-4.509696960449219
-62.9612541332419,-42.60837936401367
5.598134989920393,3.9218311309814453
-7.283890318199592,-7.4119157791137695
6.1026124307435,8.977115631103516
7.42840635595139,3.7739696502685547
-5.179391847578812,-8.07803726196289
-4.873152982370568,-4.393640518188477
7.276768036701751,-5.37944221496582
-10.739322929783883,1.8745803833007812
-22.9219832537164,-40.9891357421875
1.5259403537211615,6.240119934082031
-44.7886924625105,-47.08056640625
-3.72583443525641,2.5751075744628906
-14.57002364123529,-29.353221893310547
-10.128266274366498,-18.978717803955078
-28.0249952668106,-17.313657760620117
-26.24662901330595,-34.91476821899414
-40.3645652505015,-32.13481140136719
-30.8056950922951,-14.112459182739258
-3.9552380984537248,-3.023662567138672
-2.1789667599796294,-4.356569290161133
-0.5734820606807138,3.7831478118896484
-1.1617148968623687,-7.508702278137207
3.42848617073407,-2.7960033416748047
-17.4030551064212,-8.509879112243652
3.88109013796494,1.945760726928711
9.400493271217616,2.1213531494140625
-11.302161927872188,-10.06268310546875
-13.3709137252944,-23.366748809814453
-6.79658968512302,-3.53265380859375
4.509456424718162,11.117488861083984
5.45103123545738,1.932856559753418
-12.909180343140196,3.7308216094970703
-6.61979034735207,-7.046674728393555
11.9978624338519,7.104331016540527
-12.53254789251529,-1.7239093780517578
-8.36198121766124,-8.756625175476074
-4.361976736345532,-9.72060775756836
-0.1898191226144924,2.526477813720703
2.3166834950764685,4.1188507080078125
-12.6203596574975,-20.97979736328125
-1.207429910073891,-4.882778167724609
-29.7403775200217,-16.63461685180664
5.31082796058257,5.014072418212891
2.97844031586002,-6.009988784790039
-12.533050119535002,-9.972509384155273
-5.8684323426223,6.565727233886719
2.391980620215489,5.06080436706543
7.73570234615748,-1.2362823486328125
6.093529951556334,2.6829872131347656
17.709922444879297,8.228607177734375
11.779516260068313,8.400127410888672
2.4866177573815964,0.1306934356689453
-30.89708550466269,-33.283203125
-9.231606713935047,-3.31655216217041
-13.4089268865456,-11.316778182983398
-9.06573754635488,-20.630704879760742
9.30630078585379,0.7344493865966797
-7.156550033865472,-9.461143493652344
-10.5414716495377,-3.355637550354004
-27.8178569354009,-32.898704528808594
5.3817717725564,-0.9264774322509766
-35.155236696245,-33.822269439697266
-21.4141717786538,-11.716245651245117
-2.6053130644292946,-4.554218292236328
-9.953220777101093,-5.057269096374512
-8.798237091769485,-8.631526947021484
-27.6920167541674,-16.875696182250977
8.017093587799739,0.9621562957763672
-1.19024715514191,-0.8503055572509766
-3.2855896341823474,-17.511920928955078
-30.7366736665872,-20.326820373535156
-11.338238855350506,-16.209468841552734
-1.059512617215007,-1.2493019104003906
-33.7712071062874,-33.31561279296875
3.812227003524945,4.482631683349609
-2.8472026300298463,-23.321929931640625
-21.5871320482388,-2.7018260955810547
1.845960760756301,1.9484825134277344
-13.950148061363093,-3.849796772003174
-15.1006814359747,0.6245460510253906
-8.65496498210776,-8.948209762573242
-31.18852367408345,-27.953840255737305
2.35160533891099,0.9251976013183594
-7.06329362397977,-11.019372940063477
-11.299328727708405,1.0805625915527344
-5.73967918172164,-5.854938507080078
-4.062121175440552,-2.6175098419189453
3.62056380925444,3.9780197143554688
-6.512385872303066,-29.413780212402344
-17.2817979072755,-13.255830764770508
5.79128728304933,-3.288646697998047
3.7921116228684086,4.010292053222656
0.51700222845629,-2.0538558959960938
1.0966146270020711,-7.386920928955078
-6.613686761665703,-13.875545501708984
-39.873530292237,-31.988523483276367
-35.0272315856836,-38.15864562988281
0.2475632146873464,4.51201057434082
5.59963570142504,-8.323104858398438
5.29419053806362,-0.2704143524169922
6.457932781589695,3.465730667114258
6.4251548431743295,-4.70240592956543
-19.7885249955934,-21.784435272216797
-2.4097304318056905,-3.866138458251953
7.543407488617369,9.493598937988281
1.83593808226401,-0.1764688491821289
-1.5082203021212124,-0.5435333251953125
5.99108205682079,-4.126203536987305
-18.1797235112709,-12.304502487182617
-12.840088322870097,-10.288358688354492
-2.23616712442702,5.6138458251953125
-4.662511414401839,-3.767544746398926
3.41802282280863,4.147329330444336
-12.0320822507053,-29.865604400634766
-25.9801803981754,-24.328968048095703
-5.97419023328963,2.9930896759033203
15.4186986077963,3.0693359375
4.480465220149085,-2.438098907470703
-13.2363849677504,-3.609893798828125
-9.362863686069195,-11.763744354248047
4.128157012788561,1.4719676971435547
2.26767773086615,-5.644170761108398
-24.1634597090208,-15.491168022155762
10.013204486477417,9.564802169799805
-31.934070451053,-14.838010787963867
-22.9515728231767,-7.679767608642578
-11.219410776078313,-19.581401824951172
6.00089213826483,2.1399459838867188
-28.9638748432599,-45.03752899169922
3.11049964318654,0.9936180114746094
-1.073248118887358,-6.065235137939453
-10.249148139079496,-15.92434310913086
-13.14009076535719,-17.30034637451172
0.7364260970712593,-1.476944923400879
-44.9949251983702,-16.58753204345703
-5.159519294761907,-8.005797386169434
1.869241020829697,-16.516672134399414
-55.54568697318505,-51.22133255004883
0.3065104335081801,-2.441051483154297
-10.386374558578522,-5.713474273681641
-3.0345245902191325,4.643170356750488
-57.144820014625296,-41.74036407470703
2.85060083445348,1.8141288757324219
2.446050707651698,-0.4872932434082031
5.50221601830175,2.802572250366211
3.455876052191651,-9.87190055847168
-14.6157572128631,-22.481515884399414
-0.874105623616695,2.8500137329101562
-1.378759213278819,-9.124685287475586
1.350733135180331,3.2609786987304688
-1.94666134980912,-7.8284454345703125
-3.36735139960915,-2.6330642700195312
0.8319171014720902,-1.6790447235107422
-40.2101205720394,-13.76287841796875
-24.577379709126298,-53.06266784667969
-18.6292132467089,-13.72613525390625
-46.39510994896701,-21.571781158447266
-2.487076105276776,-6.971170425415039
-4.752960817423343,-11.027956008911133
-0.1160299782726794,-2.1974620819091797
-18.5277286275242,-7.90235710144043
-14.1325019191809,-3.187196731567383
10.909208084253878,12.381240844726562
1.30779520720034,4.310230255126953
3.986867952152618,1.0566291809082031
-21.7936206120663,-27.202198028564453
-2.643556292002,-2.0850563049316406
11.0853991753379,4.155815124511719
-12.9397422629832,-13.395479202270508
-0.190891674386513,4.753511428833008
-6.32558602127377,0.017824172973632812
5.391699208755202,10.673316955566406
-8.998840630677615,-0.05710601806640625
-1.6005087696864486,5.704227447509766
7.5482379424635875,7.064321517944336
-7.642910278690365,-1.4880332946777344
3.719171936095444,8.252941131591797
-0.8981307679622897,-2.504840850830078
7.06032809637297,4.66343879699707
-3.134999611446543,2.1163063049316406
-5.94174589421185,-2.8006820678710938
-17.7883076547542,-26.24072265625
-25.2381267145584,-37.46917724609375
-27.5445722402187,-33.78871154785156
2.6678241356197647,-0.5401630401611328
5.02066543392875,-0.4272880554199219
-1.67197513843126,-43.274898529052734
6.58117049992555,4.422370910644531
-2.1147225087047508,-3.413188934326172
-76.9668504799361,-25.520519256591797
10.11870938841209,1.1400432586669922
4.755697845162629,7.24388313293457
4.001938538520379,-5.450590133666992
-14.1813773041305,-18.019763946533203
-24.2508933717269,-13.242687225341797
-22.3071231538392,-29.214797973632812
7.2595381633228,4.890872001647949
11.555346181601609,11.886598587036133
-26.258782255785,-27.119361877441406
10.3189652047012,3.2111892700195312
-18.5255095356289,-28.60324478149414
-1.0680791130593923,4.304777145385742
-3.5390830989045075,-23.869335174560547
10.468583156479704,4.751947402954102
-10.613183176373598,3.044139862060547
-6.40442742836347,-4.804449081420898
7.196532980977684,4.092714309692383
-10.586292641023492,-4.076506614685059
-26.79502671025515,-33.019798278808594
-7.187555808667961,-2.9562950134277344
3.1988276731025875,-8.14584732055664
7.827394642815597,10.307445526123047
3.887422638441485,6.401081085205078
-3.41466344580097,3.2163543701171875
2.667044757168528,-0.1885395050048828
1.0590749185315824,-1.7285957336425781
-3.9965921287470247,-5.677419662475586
10.982614675109394,3.006296157836914
0.4076170529080399,0.2260150909423828
2.71319811317338,-4.470115661621094
8.652061852316729,-0.6520519256591797
-0.6579761516790089,2.324840545654297
-51.6773231694491,-33.681640625
-2.8325461302865187,3.9074554443359375
2.12749125232924,-11.278566360473633
3.562549470771905,9.608234405517578
-16.517773128145326,-1.2080554962158203
6.874655354673765,6.4528045654296875
0.2047767843086013,-6.0911865234375
-2.698758931910008,-0.7588539123535156
1.8601156760560384,4.674001693725586
-22.2455703021075,-25.19464874267578
2.4288820651169605,-1.7493152618408203
-16.8307740899425,-1.6901741027832031
20.7191486697607,7.051464080810547
-30.7261055182573,-28.62700653076172
-38.4849400567448,-25.043012619018555
-14.3103126367969,-14.606861114501953
0.7860328468455551,-5.971231460571289
-48.3858044800915,-40.32763671875
-3.21662088766757,-10.752277374267578
1.675245639565673,-7.682822227478027
-90.3299705619704,-45.99224853515625
-9.28527551691871,-1.9009323120117188
-1.2293411329062325,4.812278747558594
-4.534682244798708,-6.537452697753906
-68.1959205924323,-43.40965270996094
-24.5242345195019,-21.377981185913086
-2.77042962989298,0.8048458099365234
3.8009101564042025,0.08511734008789062
8.933703319425492,3.9168014526367188
-11.341527235964405,-1.6278648376464844
6.71098989067457,3.4612903594970703
4.54734483862441,7.842304229736328
-5.16341129781556,-8.650520324707031
-49.062306315025,-54.726654052734375
5.26551760771767,1.9008712768554688
3.33951124606136,-10.939237594604492
5.006519903780723,-6.856006622314453
4.05485944970297,-5.893352508544922
2.283405953189745,-1.8542213439941406
-2.66483863280114,-4.672788619995117
12.566471603210276,6.1305389404296875
-27.9020155354992,-11.885830879211426
8.88265541550952,4.44974422454834
0.1652887870268324,4.108867645263672
15.4985727759109,9.489082336425781
9.014890317831036,7.4560546875
1.4803529144374856,-0.24431419372558594
18.1939100849816,14.858341217041016
-2.6304973605131474,4.278347015380859
-5.493763326806099,2.3213138580322266
-36.7383193130824,-25.50847053527832
5.062784719364307,10.681488037109375
-12.026803679110706,-24.390804290771484
-3.01321716593974,0.8379554748535156
8.35813394800668,11.647088050842285
-3.60075442831331,-3.3599205017089844
-9.509135784465323,1.4459075927734375
-19.6175855102284,-9.982574462890625
-27.8629509568953,-25.453433990478516
1.74273211890989,2.9981918334960938
-2.19578977406709,1.3762187957763672
2.42002639701588,9.075536727905273
-25.55316918036869,-20.070051193237305
5.635020609606415,-0.17764663696289062
-34.727836669101,-30.152626037597656
4.4516036428765,-1.5666427612304688
4.967381413305823,2.1553802490234375
-6.81516141534704,2.0307979583740234
8.658679095048068,9.426761627197266
3.7347243087796,-4.9918975830078125
-12.909633143366396,-4.012298583984375
-60.49569009623433,-29.772239685058594
-3.790702882666694,-2.034605026245117
-12.41068356063,-9.150354385375977
2.76740193393285,-0.9279689788818359
-18.9061714872788,-14.604949951171875
-3.681083449701528,-9.693880081176758
8.13893448615947,8.032419204711914
-51.402683514636095,-25.81623649597168
-3.0703466753296,-4.062541961669922
5.989492839405608,-9.38421630859375
8.833837192566008,12.346961975097656
-26.1965705632023,2.868152618408203
10.229168329440906,2.464048385620117
2.12042655289975,-7.470190048217773
3.88810032819938,2.8911266326904297
-31.515616413872173,-18.90749740600586
2.28163515100639,0.3718738555908203
-9.633163292669298,-17.33601951599121
2.63206586722876,0.5904617309570312
0.3189015990893598,-6.349704742431641
-6.31868596379813,5.119110107421875
-6.4648984000359935,-10.288610458374023
8.91646092056966,4.01434326171875
-42.637521131086125,-25.741514205932617
-89.5439156156453,-42.97611999511719
9.179556151687803,-3.440084457397461
8.754663680824095,6.904684066772461
0.8838679103249854,0.8109912872314453
4.338369925074482,8.65355110168457
-18.23432595343749,-29.982467651367188
6.92534745147092,2.8416004180908203
-1.768261666543676,2.4547958374023438
-7.87226820943855,2.176624298095703
-12.0847368637308,-12.058980941772461
-4.4222229386498375,-5.279672622680664
6.63109301847755,0.41009521484375
1.675381804264854,-3.5205078125
-6.897600670415837,-5.646556854248047
-12.2774867069717,-25.23032569885254
-3.963646539183849,4.939144134521484
-2.552277046947741,-3.5494813919067383
-10.78700495517378,-7.548992156982422
-6.426376983867103,0.7335968017578125
8.2142562177934,8.06657600402832
6.07843040491799,5.453497886657715
3.08443697315444,1.2928237915039062
-1.3811964732242277,-7.35692024230957
-4.51305804704249,0.18147659301757812
-9.93375477053989,-8.118532180786133
-0.6581754288220045,0.2606678009033203
-7.952166005584182,-26.175046920776367
-13.563015982384195,-11.718812942504883
-47.9957157156951,-23.03150749206543
4.96190002222477,5.1733856201171875
-2.0240269290899,-1.4054985046386719
3.47166270740147,2.9276371002197266
-5.2815921348029296,-1.6780624389648438
2.369358494612781,6.474884033203125
-4.214346026907057,-0.6883907318115234
-23.8934551543691,-31.869922637939453
-1.0659561461183158,1.6091842651367188
3.126169348435272,-13.405781745910645
2.35164464781062,1.1338005065917969
-1.79502295092813,-1.6545991897583008
-15.957982665262508,-29.413061141967773
-64.65676531723692,-39.68571472167969
-27.8195558011628,-21.558122634887695
-10.480511156242285,-13.561687469482422
-6.18357684414468,-1.8933420181274414
-6.75960002722117,-8.307769775390625
4.4105627388370605,-1.368307113647461
5.58846482112586,-3.9758872985839844
-16.8483709423333,-8.373443603515625
-3.34531377329845,0.943603515625
5.893700156574014,7.154314041137695
2.745769909533195,4.452392578125
2.53362859007723,-10.383447647094727
1.0880788430276551,3.705738067626953
