Score,Pred Score
-13.812973987503693,-1.1058483123779297
-14.6311710829416,-34.7191276550293
-15.020937907067507,-10.42924690246582
5.61896917638109,1.7208099365234375
0.1461877509898399,2.743411064147949
3.59745169898486,-1.0218734741210938
-6.72144892291601,-2.415389060974121
4.304204520484877,2.7407875061035156
3.37898618824583,-0.3603935241699219
3.939818822274421,-0.9318294525146484
13.9953943577381,6.518101692199707
-5.39913759737588,-0.4697742462158203
-2.204579993178592,0.28465843200683594
8.829561804598438,3.278921127319336
6.01696699102072,4.298770904541016
-6.376202369524528,-2.781383514404297
-6.50906463316165,-6.355512619018555
-60.92137282626391,-39.10795211791992
1.99934019108803,8.858217239379883
2.188685633501576,5.276671409606934
4.07090957771029,-1.0297603607177734
0.5211206139658471,-4.731739044189453
12.5580583918003,2.194530487060547
3.320229681965675,4.229379653930664
-0.4381862293696001,5.563196182250977
0.1752112379752922,-2.664968490600586
4.123908949931413,-1.0778579711914062
12.966325580978296,5.7078399658203125
7.692941411907634,-1.7018547058105469
-62.9031214125763,-50.97432327270508
-5.800670766453999,-1.6761398315429688
-11.705366535732304,-9.844179153442383
-4.786538605318405,-10.282855987548828
-82.4887013651952,-65.79984283447266
-8.251107402184557,-7.71504020690918
1.61677665352485,-10.868339538574219
-11.916211326129387,-31.16429901123047
-45.634880019414,-26.25324058532715
-0.568998602339841,-3.8728256225585938
-12.147399114840605,-7.533334732055664
-27.4476544011683,-36.35700225830078
-0.4835459876036119,1.16290283203125
-8.39479061793487,-12.39570426940918
-46.862925671502296,-34.77495193481445
0.3837795244341289,2.7115259170532227
7.184930267876617,2.7143287658691406
2.8348518495029404,-4.11234188079834
-9.859535687586003,-4.753093719482422
-6.00025755794808,2.9295120239257812
-4.764629840066975,-2.0772361755371094
-2.377061578670744,0.001949310302734375
-2.0585753436264698,-7.763489723205566
1.1848602197973823,2.2646961212158203
4.97603191479674,1.2542486190795898
4.27399441028646,1.2076683044433594
-46.2372447228831,-54.72645568847656
-31.4759298257721,-39.42686462402344
-50.1674018945849,-29.470657348632812
0.9601515747159592,1.6112194061279297
-11.864177458483407,-6.116479873657227
-0.538262620928304,0.43756103515625
-1.5184696160120892,4.77581787109375
-3.0836644409391925,-5.985974311828613
11.316750179392892,4.655149459838867
-11.183106529127476,-10.394479751586914
3.59102041590596,1.409475326538086
4.55602013063716,2.1498584747314453
11.579228393987275,5.664228439331055
2.3067635611900137,-5.230600357055664
10.480393919522983,2.8093643188476562
-2.698100773809443,-8.783811569213867
3.776985072333982,-3.484434127807617
-11.773766374328297,-11.858659744262695
8.681027307740193,-0.022539138793945312
-1.1091988250418725,-3.6677284240722656
4.484288991501213,-0.6466617584228516
0.0548896546292299,2.1522884368896484
0.1118559290339978,-14.31374454498291
3.9797293996962297,-4.989410400390625
-22.42608065327665,-23.51467514038086
7.37064384347005,-0.4953889846801758
5.344594984386832,-10.144563674926758
-1.2497809936708242,-7.571660995483398
13.71198107208239,0.0331268310546875
0.5045482395984724,0.039012908935546875
2.86709961553106,-3.3291664123535156
0.4423212163888063,-9.651273727416992
-3.724573545179619,2.90047550201416
0.2570808252882703,-1.2132244110107422
-70.65073406723695,-55.07457733154297
-33.9587360563784,-17.008010864257812
9.2088386022025,1.3534822463989258
1.3318185914773402,-1.510676383972168
-9.176001953270983,-4.574396133422852
-10.497767159210698,-11.038843154907227
-0.4402086584014632,-8.728769302368164
2.1560784090827942,-1.0980796813964844
-27.1636490162131,-13.102910995483398
-0.670930828719279,-7.540884017944336
-22.794043146736,-34.450687408447266
0.8105828534072201,-1.7265033721923828
1.2287673509824204,-2.950145721435547
-0.6435038581465955,-2.9155216217041016
8.474782023793379,1.6406707763671875
-9.601847091024196,-11.712966918945312
-1.6610011043127195,-3.5654983520507812
-0.1091636509260827,-2.3570785522460938
7.570838092245207,0.16182899475097656
-7.211196994815285,-35.0008430480957
9.090654061652296,-7.34454870223999
-26.6651088566214,2.270761489868164
-17.309192174305,-1.1303462982177734
4.14054171285972,2.8016490936279297
4.097668935846943,3.8750953674316406
-0.29408409265346,-3.9138259887695312
-35.8165916579592,-39.930419921875
10.898098675545494,4.567191123962402
-1.6552655274048038,3.677483558654785
1.6729502580778592,-9.243839263916016
-6.42491227706334,-18.762584686279297
-15.4752611754195,-16.01335906982422
-0.6907348474047925,-1.8948345184326172
-21.3629045873375,-3.8619651794433594
4.219145585451182,-2.560354232788086
-3.019531285218114,-9.569734573364258
4.25311060075082,-3.5659732818603516
-15.0412339008878,-2.083446502685547
-8.237627320974727,-32.67051315307617
-1.0683487237199796,-7.9318389892578125
-1.7174251595272625,0.7287826538085938
4.069163600073605,2.0996265411376953
-10.162041561092582,-16.62765884399414
-5.97248436581227,-4.967496871948242
6.120538767403939,-1.6763134002685547
-0.8028238008287005,-6.078619003295898
-23.6042929930625,-31.155189514160156
-0.1777753404752198,-3.6789016723632812
-5.785469568057495,-41.78490447998047
-0.0556983764780604,0.45517635345458984
-25.4508968849616,-1.2286701202392578
-5.3185412482723295,5.7300262451171875
4.020569536845237,9.366954803466797
-58.5527340809363,-4.600349426269531
-6.291328737399075,-6.241060256958008
8.922207576391518,11.503618240356445
22.7414116448382,7.964208602905273
-44.6057608529879,-55.90861511230469
-26.5129077898497,-9.093839645385742
-2.13735826282737,-5.884721755981445
-1.14890133483728,7.854581832885742
0.369316059642221,0.00090789794921875
-0.6884117876070912,-9.214370727539062
-5.8772631055401,-5.005367279052734
3.6053774296538297,7.746320724487305
5.07108724357905,2.7434730529785156
1.292753014965791,5.518543243408203
-3.43040335892423,-5.100363731384277
0.7651079053562314,0.1004486083984375
-37.13962469223695,-18.780471801757812
-5.822632503482525,-6.2837982177734375
-6.879472048396067,-7.356351852416992
-7.1526743450051855,-6.863025665283203
0.3302260274555297,2.1401634216308594
-1.178255647098801,7.569004058837891
-2.99361591491145,3.627492904663086
-18.1070051290659,-17.028532028198242
-3.0332808194811403,9.372644424438477
2.6303171850506604,0.42493247985839844
-9.72499716390718,8.233068466186523
0.2729453578388601,4.392677307128906
-21.4503408223732,-18.554645538330078
-4.99755531471552,0.3573150634765625
-18.0018409950579,-27.168994903564453
4.00031385473591,11.972620964050293
14.1235470599023,-2.3906898498535156
6.55729051148795,2.855276107788086
11.19992297656359,8.876752853393555
-7.81388191369781,-4.352487564086914
-2.924593214648255,-1.0849227905273438
3.7667366885646025,-2.959430694580078
-6.68253431604433,-0.1631793975830078
0.7345204104922589,3.1053848266601562
-10.626155896203898,0.853114128112793
8.106852576346123,9.324329376220703
-58.24412469223692,-47.448509216308594
1.4955767028094,-1.4048423767089844
-17.6906096863185,-36.19475173950195
-4.813871520282443,5.522909164428711
-11.8973420493851,-2.2801666259765625
-2.67676896274171,-4.5364990234375
-3.9331393974605526,5.386480331420898
8.756217929094177,1.4497394561767578
-29.2662792150344,-13.03968620300293
1.7249239205326918,-0.9526262283325195
-6.686975812883663,-39.72163009643555
11.10272802991041,2.386302947998047
-10.956818171714705,-6.397007942199707
-6.3500959185649,-24.19618034362793
0.6681105368389735,0.3233528137207031
-12.500029270357295,-17.874011993408203
-2.591242863373206,-6.577027320861816
5.954690473588823,-2.672708511352539
-43.929359067237,-35.94601058959961
-17.4841411730512,-14.539634704589844
3.61441892535489,1.2828025817871094
2.1112971208509976,0.008632659912109375
-41.8026500314277,-42.73045349121094
8.463248256721428,1.036935806274414
-13.037072413777096,-15.095136642456055
-1.6307504375632549,-5.5753936767578125
-0.3284521577656807,-0.22815322875976562
0.4685622181175212,-4.42405891418457
-5.316952415477393,-2.416872024536133
4.584421564331302,-6.219093322753906
-20.3593816575191,-21.065256118774414
3.67041582610247,-6.135560989379883
2.204062447972561,-5.956123352050781
-4.666937653128132,-4.156429290771484
-12.3781694316975,-9.833169937133789
7.06923762363823,0.3483409881591797
-37.2883298194418,-17.63232421875
6.442434166934048,4.053640365600586
-12.2162083245621,-12.759529113769531
-20.3623076046531,-4.146551132202148
-5.45440876641342,-1.1751289367675781
-4.96580172718434,-9.467513084411621
-37.4061766871973,-32.172706604003906
0.5403453062071405,-9.36021614074707
8.656689402528613,6.539923667907715
12.331931266595111,4.532360076904297
2.75380173901167,-2.381420135498047
-2.8447496930443927,-0.7902183532714844
0.0285872237409883,-3.0422897338867188
-73.5286754265322,-11.848819732666016
7.285509446842615,5.364795684814453
6.72046542688671,8.72606086730957
-6.19730890695259,-5.072834014892578
-16.4599719883519,-6.347358703613281
-10.288292260688207,2.663755416870117
-10.285920522724917,-5.4771575927734375
-4.65691689928222,-5.385944366455078
-37.1716279374795,-20.7354793548584
-36.50577458359941,-8.100006103515625
0.7942566624333496,-2.2271251678466797
-2.491707941339629,-0.9137182235717773
1.7387039934851498,0.6316566467285156
-13.8996269060666,-9.481756210327148
4.17561229224804,6.266462326049805
4.7680640763497,-12.467041015625
-6.745372906074374,-7.175662994384766
7.262818938793504,-5.2915802001953125
-55.7541546140486,-41.7623176574707
-5.85807143580148,-3.5708694458007812
-52.7336020518746,-39.03491973876953
-1.995826789875676,-3.069751739501953
-1.3326443092463092,-27.56539535522461
5.029017096161708,-4.986564636230469
-0.71117494174041,-6.241539001464844
8.243548509216069,3.474363327026367
5.81602235619721,-4.946651458740234
5.978124919049687,-0.7504911422729492
-2.8859593337581737,-7.429868698120117
-26.0047332498617,-30.44985580444336
-1.5220929784942658,-14.31264877319336
-15.0089303719363,-16.628814697265625
-1.757118944268968,-23.023426055908203
-13.5091075877696,-2.178590774536133
-4.0681667574955,1.1838407516479492
4.43276114617859,-0.2696113586425781
-4.665207913971671,-7.981833457946777
7.33919324558513,-2.963205337524414
-11.69780882660921,-21.006919860839844
-29.9162730471743,-40.18931198120117
-5.331847529263395,-5.964973449707031
4.2006804390709,0.36414527893066406
4.76541245752904,1.7568283081054688
5.87221574658101,0.28964805603027344
-12.955988512618,-42.086055755615234
-14.4061745570978,-7.099241256713867
13.644333664082708,2.736539840698242
7.522446474796843,-15.402120590209961
2.858782897786812,-1.3591232299804688
-49.8653288018085,-54.15113830566406
-4.029904705212941,-2.586658477783203
-6.2026319104393295,-21.360002517700195
4.452168509343501,1.7802658081054688
-16.475900892606802,-1.487870216369629
-11.03094492075089,-39.853729248046875
-8.08045020128908,-11.006929397583008
-14.885807229381896,-3.3917293548583984
-11.113180908425988,-7.5336198806762695
5.506094216928792,0.5638313293457031
5.29091659278858,1.6877059936523438
3.42106467876526,1.8416414260864258
5.162821279449693,2.4076032638549805
6.020551076354931,-0.6725578308105469
0.8086942897832163,-1.2638301849365234
-8.80546181278599,-13.196352005004883
-7.42349600405968,-6.469759941101074
-14.4731176558811,-10.29195785522461
-35.5448186771701,-23.683330535888672
-1.657597602265355,-4.2665486335754395
-1.930224441335125,-14.456161499023438
-10.398648228661925,-5.117056846618652
1.3131129859732091,-0.6212081909179688
-0.1240821746904601,-4.433320045471191
-35.1709788883515,-32.87714767456055
0.6771989561182002,-8.60052490234375
-5.8677981963370005,-11.868260383605957
0.7982616963508231,-5.554289817810059
2.595279020812243,-4.879268646240234
6.9472187772133225,-5.3268022537231445
-41.1395198834054,-20.762985229492188
-35.4604736838065,-26.05436897277832
7.87379173269718,6.176758766174316
-8.72128086410909,-42.81536865234375
-82.13826531723697,-19.389158248901367
-9.70693692529289,-11.128801345825195
-61.4386715672369,-53.832881927490234
7.10938257895085,1.2156181335449219
0.4007388327427847,5.4233245849609375
-0.7455370396145937,4.06226921081543
1.674966057420845,-1.9321537017822266
11.877856996640997,6.618581771850586
-0.9096556467231308,-0.6574001312255859
-1.4680391508473674,-0.82806396484375
15.6414782015599,-0.8972244262695312
-10.35739215730591,0.6951484680175781
1.926107182225645,1.4145774841308594
6.99756701325662,5.041777610778809
3.54836143321337,-0.7138395309448242
-7.726553411266567,1.8225231170654297
-48.51478094223695,-57.662044525146484
-3.0453156276270903,-1.1970062255859375
-3.454798154796729,3.6792869567871094
9.503977484174175,2.088735580444336
6.001532732018722,8.159605026245117
1.775572054007981,1.023946762084961
-2.6871577689602653,-2.5404281616210938
-7.920344649869953,-15.634044647216797
2.578081311550471,-1.127166748046875
-14.434457477598505,0.35388755798339844
-1.338045882914232,3.837841033935547
-44.1817825469333,-29.021141052246094
2.4314234692194163,-4.00321102142334
-2.07036107592124,-7.250999450683594
-6.560167066336443,-5.634458541870117
-2.54688332955635,-0.5997524261474609
-7.940842049461227,-9.004697799682617
-7.789052707582185,-3.5201416015625
-1.4295761119406232,2.575702667236328
7.206977941743588,0.036464691162109375
-4.081394009803599,7.251941680908203
-30.167243616457,-17.365089416503906
11.7225687296843,7.350942611694336
-0.8984319813221007,-5.219305038452148
10.349523074958825,4.80837869644165
5.42147270471237,6.991445541381836
-0.3136273830120112,0.05276679992675781
4.398848813602776,8.232949256896973
2.099307195887115,7.172767639160156
-61.6890402284636,-32.79014205932617
-7.08434802004719,-1.6036491394042969
9.0758909366509,2.1160078048706055
-1.9263965715605047,1.0181045532226562
-6.262949496708321,-3.880655288696289
-4.739766082030863,4.16819953918457
-36.8822022827233,-34.39637756347656
3.24770439300306,-0.804351806640625
1.41805545618482,-7.281248092651367
-24.4432878855492,-3.2839889526367188
-24.96156751119129,-21.840665817260742
-7.734574598544068,-20.266742706298828
2.79124989437018,5.333253860473633
-5.17831154550348,-11.625598907470703
1.5275640312561216,3.0798377990722656
3.682989905065457,5.126860618591309
-10.8237586662752,-13.781028747558594
-6.929951553081727,-17.164142608642578
-27.96215708599589,-12.96908187866211
-2.88087637063392,4.090839385986328
-5.960419628776203,3.6465091705322266
-37.189874708633695,-30.464200973510742
1.1496085756031087,-5.382567405700684
-12.7137936794919,-14.528339385986328
8.398744223780918,-6.324705123901367
-33.3004252633332,-42.00726318359375
4.065326821312747,-1.7381763458251953
-41.9047429025821,-24.68224334716797
7.383552345763623,0.23170089721679688
6.364261125349779,-5.946874618530273
4.841793570156368,-0.7843475341796875
4.179707781567577,2.8609962463378906
-14.7229944429405,4.539451599121094
7.078924552126015,-2.8622817993164062
-12.898019313824,-12.033191680908203
-70.8116033690518,-15.491181373596191
12.7359625054994,6.478991508483887
5.586124430090477,1.3815135955810547
3.028467183462371,0.06670951843261719
-5.830142578087577,-0.8098106384277344
-22.6841489367301,-12.156488418579102
-1.51657819068512,-4.445781707763672
-81.52648016021857,-18.637065887451172
-3.36903782007548,-1.7875404357910156
-18.707844022,-16.807641983032227
-34.48768519828235,-25.683303833007812
-39.7169735486916,-17.536090850830078
-1.593720937577549,-2.3199987411499023
-23.2954444871652,-19.4681453704834
-45.30258920076982,-32.28523635864258
12.5056328567953,2.7622241973876953
-11.9299972333177,-8.716791152954102
-37.9495035857927,-4.200164794921875
0.7001962140772594,0.40392112731933594
4.49418879319923,14.496471405029297
-39.0646563811545,-33.01096725463867
-9.09730633851708,-11.180274963378906
-17.5589533745204,-28.596654891967773
-4.92782811871599,4.45501708984375
-8.2299173561342,-8.584545135498047
2.60625970962018,-5.740365982055664
2.726862934921635,-0.2557086944580078
4.071661498679735,-6.733789443969727
-11.9154244975033,0.9051933288574219
0.9090871567987184,-5.850618362426758
7.92708077877978,1.2846622467041016
-3.119647295186995,-7.90172004699707
-2.248378586620203,2.423860549926758
1.6646916021852596,-4.36651611328125
0.1590569364430157,10.416971206665039
-77.3623903172369,-70.32512664794922
15.8859560938761,3.1344242095947266
-3.11888044241469,-3.1788158416748047
-2.7468186065138984,-5.609588623046875
2.77922195660905,-8.016151428222656
4.052279150357491,-3.5071048736572266
-4.03806373695381,-16.47451400756836
-2.4461467814868523,-13.159980773925781
-0.1639564470097907,2.850433349609375
0.8542168432631491,-6.317604064941406
5.84905996845087,-12.654574394226074
-5.77665564868809,-3.0563735961914062
-3.7008288999313423,-1.2647209167480469
-7.18713065449027,-5.729374885559082
-0.9529303605806088,2.855497360229492
-15.902118442879,-10.988553047180176
-28.0636361890057,-16.21564292907715
-26.912205886836706,-29.87967872619629
8.596988309863011,-2.8086109161376953
0.2877587512502297,-14.562973022460938
3.3899996482015826,3.3061742782592773
-20.5869014386951,-12.341079711914062
-9.341800010912078,-21.927078247070312
0.1692077246922899,-1.604705810546875
-1.857666460494741,-0.04321098327636719
-13.2752747780792,-34.105308532714844
4.49646859469848,-9.95037841796875
3.60913262992784,-4.055212020874023
-5.653435188749545,-4.699178695678711
1.51502173443586,-4.215080261230469
8.143116180793372,-6.186575889587402
-8.36164856265281,-19.147998809814453
-1.130678948105339,-11.572297096252441
-4.349210006555943,-2.8623275756835938
0.2594141505344826,-18.267391204833984
-32.1283374054069,-31.439329147338867
-1.9051378030600723,-4.553243637084961
4.768047800449637,-4.751369476318359
2.264898495983479,-16.15692138671875
-6.47138721063866,-6.088136672973633
4.93167956005568,-13.467660903930664
2.4851768276660025,-3.0291996002197266
-3.930469946192945,-9.464073181152344
11.923948375295712,0.591583251953125
10.41580460128629,-0.6169734001159668
-8.700462669667385,-10.329154014587402
13.1991243046288,-5.875740051269531
-4.75101729862813,-3.242767333984375
-1.4230966237807086,-14.66080093383789
-2.07861348348741,-12.68803882598877
10.292368565007404,5.130559921264648
1.9007667723773176,-5.354700088500977
-0.1428452494230792,-7.773994445800781
2.4933992323843923,-17.004711151123047
-13.861300672159,-9.722352981567383
-1.7943154401891548,-1.3314170837402344
-4.15624175439773,-10.764389991760254
-14.277645616907492,-7.336895942687988
2.713132201978397,-12.211193084716797
-13.315456279797685,-22.513935089111328
-5.36204355968609,-6.129560470581055
-1.4872271509121793,-5.294306755065918
0.31232235517322,-2.172128677368164
3.0307168501552093,-4.192768096923828
3.4484762474106,2.2241621017456055
-34.0729170807354,-38.347076416015625
-25.0659802428987,-13.530189514160156
0.86771933446589,-2.7175960540771484
-11.996919710325,-9.062959671020508
-56.2560888739038,-37.42959976196289
-12.7386491421071,-11.365251541137695
-3.520787796436005,-16.120298385620117
-0.8014467498558491,-12.988800048828125
-34.7812340468876,-25.40073013305664
7.158235365631607,-16.892837524414062
3.29681579894721,-8.529979705810547
0.046018285265003,-20.896757125854492
2.046344769010002,-10.428205490112305
4.25403099118957,0.7741241455078125
3.7804230286959792,-11.072673797607422
-3.773219093074008,-11.27676773071289
-9.722403045722997,2.5492000579833984
2.81101468536903,-5.4872283935546875
-23.7494411406013,-10.380653381347656
-75.56229656723696,-38.69813537597656
9.94612085382829,6.140542984008789
-8.207132148775708,-19.05709457397461
-3.09775596823669,-2.4686927795410156
3.77256113899207,-7.240024566650391
0.2016574678685985,0.4874286651611328
4.38808277416547,1.9806537628173828
3.7092867134231,-5.236698150634766
1.6740112862957208,0.22427749633789062
-5.472376660417956,-8.11922836303711
12.283123760680592,1.9845161437988281
4.417989059347175,-7.340322494506836
1.907333647224608,-0.9933624267578125
7.837521570550837,-1.4555816650390625
4.82455755953161,-10.860708236694336
-0.6472060937938101,-4.515589714050293
-8.237956686764985,-20.238731384277344
7.859716520666763,0.1733074188232422
2.765011277030255,-0.00191497802734375
4.62415639298937,2.885496139526367
6.430237727930085,-3.8950119018554688
2.44728958086436,-8.936763763427734
-1.93656353174353,1.562668800354004
-33.7845903951132,-32.87478256225586
10.960301672714698,9.409074783325195
2.4659746492236927,-2.587108612060547
18.2642273209106,-0.27127647399902344
7.656482330373112,1.3667449951171875
-63.2346715672369,-43.017215728759766
-22.9610154952969,-35.42241287231445
4.39789099231211,0.09526252746582031
-46.587141393021525,-33.13486862182617
-12.281506448986304,-5.658027648925781
5.220668557811489,0.3354778289794922
-1.4412632820262703,-10.036834716796875
-35.163016426576704,-19.557491302490234
-31.380009974583203,-27.197912216186523
-40.7258600860177,-9.05875015258789
-35.3994683825842,-31.925189971923828
-10.968565079401992,-12.651098251342773
15.384553292915324,-26.623523712158203
-0.4271227388875901,1.4595975875854492
-7.69948364751984,-4.990020751953125
-26.6822467124322,-15.080450057983398
-0.2823200449385875,-4.354404449462891
-3.8453528225106623,-10.309272766113281
-2.4599041427842496,-1.8550395965576172
-12.7315114055493,-9.80355453491211
1.418014053180695,-4.064403533935547
-3.4922781726655696,-8.552452087402344
-17.5801214502402,-21.82133674621582
-49.5120706514507,-43.593017578125
-0.4503474699443348,-5.351016998291016
2.332279780348585,-6.544960021972656
-42.2483635713802,-44.58574676513672
-5.00028834575103,-2.3005237579345703
-5.14141487663266,-5.537759780883789
-19.923371510770203,1.0904731750488281
4.28301459624688,-2.873594284057617
0.3224388648416145,-8.283222198486328
6.795393661635613,-0.3608264923095703
6.720388221210122,4.885282516479492
-20.7558388881914,-3.3426952362060547
-12.5922662394529,-13.293460845947266
-5.19085420781142,-4.339895248413086
-27.3858072066324,-19.4620418548584
6.488490212037078,5.453692436218262
-12.5233171201947,-8.86319351196289
0.996650643215182,1.4916362762451172
3.27144637329635,8.420660018920898
1.203208947199059,-12.08860969543457
4.5031585012656095,0.8755683898925781
-46.6686841099013,-39.833797454833984
3.600655729290548,6.350996017456055
-2.7077151362496297,-15.926193237304688
-42.936846127142296,-30.539794921875
2.679404112105611,2.07065486907959
-23.975827854410426,-19.29888153076172
-24.4869919201538,-18.422624588012695
-6.22433036882608,5.142403602600098
-24.992167376126925,-21.086374282836914
-9.742168339465294,-3.1020374298095703
0.1235817830644999,2.939352035522461
-11.607028837624,-8.665674209594727
5.321680837772678,3.8917369842529297
3.3452637215970498,4.946033477783203
13.015759276594096,10.604217529296875
-6.13466459150186,-16.820972442626953
3.557691046156,8.507585525512695
2.0008593011464906,-3.2146806716918945
-1.2671721747064446,-8.329837799072266
-2.989164004622407,-10.331781387329102
-2.43808381047612,3.8084678649902344
-11.30813578108209,-1.2992000579833984
-9.619042312244815,-21.67864990234375
-4.01456885639382,-0.2266712188720703
-4.853312003098937,-13.010038375854492
2.78743688363977,2.339139938354492
3.6035536346157695,2.924539566040039
6.09033976794457,9.593528747558594
-5.89266438028177,6.373373031616211
-20.7592210135025,-27.320838928222656
-3.637071869773312,-2.880826950073242
-4.396710286499547,-3.156017303466797
9.04709717330502,-12.651861190795898
1.69213972357191,4.57689094543457
-27.068723822751306,-17.04796028137207
0.2886204877907422,-2.4766902923583984
-0.592182005541919,-8.334833145141602
-4.736229867816737,-0.30948638916015625
7.877641553655238,3.439197540283203
-2.588665914009158,-4.541704177856445
4.72846919446815,-8.90084457397461
3.42669038506664,-2.3904285430908203
-10.274169876330886,2.951078414916992
-1.289264920121349,-6.300579071044922
-6.9648772325347394,-8.966567993164062
-1.2236747050651609,2.6272640228271484
-12.208208404490907,-32.375389099121094
4.40921359309415,4.57244873046875
-15.991582533821994,4.006059646606445
7.809600001042748,6.836077690124512
-3.0331069492891496,-2.102924346923828
2.603164662477901,-9.937932968139648
-24.2572199033326,-18.5130558013916
13.667582002208905,2.7888851165771484
8.19307228691883,-12.256126403808594
0.4664503305112299,1.9947128295898438
-6.46133524603972,-12.388876914978027
-19.7520332208299,-16.77836799621582
-7.75971004909346,0.5423831939697266
7.66334596528203,-3.8946914672851562
-27.64770126959135,-19.67263412475586
-1.8239337240231768,-5.254748344421387
5.265272900492549,3.7528839111328125
0.9434331950199416,-5.462274551391602
2.13745295521649,-5.499370574951172
2.76912169862866,-7.971343994140625
2.409764321136161,0.16910934448242188
3.7606671418030695,1.5894832611083984
-89.04756219223692,-42.55887222290039
6.987950206462267,-1.4407272338867188
-10.09410467002709,-5.93951416015625
8.16191414696451,3.286130905151367
-10.731303688850904,-21.343791961669922
7.588764503474316,-0.7966728210449219
-5.25293160621848,-5.827939987182617
2.3065604778561424,4.108863830566406
-3.8022266666193874,-21.78658103942871
3.22816419080692,-1.4542179107666016
1.1941842843275,3.0910539627075195
9.772192422094813,-23.19415283203125
-2.489313079893845,-6.054311752319336
-13.547300817594484,-25.50311851501465
-1.5403494549472296,-3.8061418533325195
-5.139364658294922,-1.4753780364990234
-1.32131943338233,1.4541301727294922
-0.5284321769112605,-1.387777328491211
0.1119561526876595,-3.468515396118164
-0.0918051514147744,1.390756607055664
-1.7237618714553775,-2.1381359100341797
-1.5699354762224491,-3.687532424926758
1.5718362711845366,-0.1657848358154297
3.58036180553514,-1.3848552703857422
7.45084701577923,-17.300701141357422
-7.378812419643663,-5.86005973815918
-33.1832620874725,-36.54240798950195
-6.066411004621831,-0.3426246643066406
-16.4910721624856,-23.915313720703125
0.8267526169764301,1.5122127532958984
-9.762453719841735,-15.583681106567383
1.741670982094262,6.246895790100098
-0.0053525606393112,-4.392698287963867
-51.4043293278057,-28.036457061767578
14.9415296965116,11.298582077026367
8.70853787657841,-0.7699089050292969
-2.149900469098629,-3.291606903076172
-0.0379657812584102,1.2824268341064453
-15.3173389528898,-3.7656517028808594
-1.7663441991754285,2.732820510864258
-6.708306328674888,7.906993865966797
-78.7451798053926,-54.65632247924805
-0.5413656534735456,-3.1609325408935547
9.625121597198186,2.017230987548828
-3.15562863494722,1.0399398803710938
9.60447820177431,2.262746810913086
-3.31847606547329,-2.4250712394714355
-4.12581810820042,2.035287857055664
1.7706121017107803,-2.6798152923583984
0.5117341060036625,9.125383377075195
2.63157412115867,1.0729598999023438
-4.763634360062484,-2.191556930541992
-11.18181257464061,1.289083480834961
-39.4932668903457,-7.769172668457031
9.206200380526292,9.210443496704102
-2.93911844531118,2.629469871520996
-28.13472322157985,-21.593080520629883
9.62907409316032,2.1512069702148438
-7.042636248773623,-15.482768058776855
-4.03025121975644,-2.893596649169922
3.42951329804928,7.657602310180664
2.5565427438131976,7.374037742614746
2.8513084033656,7.885704040527344
-5.5623675139736175,-2.2217063903808594
-4.144685584269085,9.411421775817871
-11.221818720505304,0.20766067504882812
-2.111656589218961,3.64595890045166
-1.626797120535592,0.9735870361328125
0.7652624054000594,4.884452819824219
-21.5531296050118,-21.790550231933594
-13.053772031257305,-13.875240325927734
5.42509465390903,2.900247573852539
-5.5186956836840375,-8.8330078125
-2.260381023139061,4.038829803466797
-30.3377383335249,-24.338092803955078
7.380729755239978,2.837082862854004
-4.172986764275874,-0.12707901000976562
-1.2036514942358316,5.078446388244629
-35.2906329121599,-14.414100646972656
-2.54595208771381,7.621852874755859
-10.901275449743116,4.5737762451171875
-17.0078420331655,-21.978315353393555
-11.9784507557909,-0.3065185546875
-19.469018973061075,-4.2136945724487305
-3.2142130797467816,3.2915382385253906
-0.5663484394051013,8.994707107543945
-21.2195468929047,-12.06829833984375
8.077984978184695,5.301459312438965
-17.0119321722455,-11.647565841674805
4.67424026120176,4.489946365356445
-47.9875704511971,-26.83935546875
4.316615136301563,3.1314144134521484
11.2728180991378,8.007286071777344
-3.5546157663424616,-0.6208705902099609
-3.15887949932979,-7.5709404945373535
-1.6422791314174887,7.16120719909668
-3.448025235667948,-19.64657211303711
-13.5632540546311,-1.6611995697021484
0.8825935384285006,8.295358657836914
3.27100049685324,-8.755566596984863
-0.7762273913233743,8.37857437133789
1.026942322157092,3.758500099182129
9.859104788483815,3.7525863647460938
-1.9977872313530125,2.6569385528564453
-13.1809903671301,-6.708799362182617
-35.1782981083837,-31.865644454956055
-35.8337806803641,-25.328157424926758
-7.639409008216227,-1.1875629425048828
-15.746453943284,-21.188804626464844
1.055995951979529,8.193033218383789
3.987299411465438,0.5153293609619141
-37.0930621901092,1.4268989562988281
16.694612728237402,7.252099990844727
-4.527979888097892,-14.448734283447266
14.6352674345898,-3.781465530395508
5.034618319433818,-2.845966339111328
-3.77133000272187,-5.8812408447265625
-1.61504571199055,-2.3161277770996094
-56.3663437951974,-40.49309539794922
10.088450856398616,2.7309093475341797
-14.285610883283098,-17.367359161376953
2.6210618799141923,-3.007017135620117
-2.308732762121495,-11.69105339050293
-83.9761260280997,-43.629878997802734
-1.03656181464744,-1.6418514251708984
10.16232173056559,6.835849761962891
-3.12013961477547,-2.313467025756836
3.010752586641185,-1.0327587127685547
-1.5178355576616795,2.1674394607543945
-2.60072537807549,-2.7239723205566406
-2.367312137177082,-4.778217315673828
6.075310726130807,3.9831600189208984
2.24572304437811,-6.2464752197265625
0.2044267191685782,-7.164608001708984
-14.409506408843407,-11.70638656616211
-2.683955047842884,-3.1349716186523438
-0.0075038478591599,-4.548421859741211
7.190050317883171,1.5362834930419922
-2.1691769605730515,-2.7251806259155273
-7.910003358009165,-1.5014286041259766
-69.1366966634013,-27.602148056030273
1.437241653553571,-12.817398071289062
-20.7409218490905,-9.179746627807617
3.78247800369874,4.975765228271484
7.909526276907584,-3.682880401611328
6.097122298913325,-5.4821014404296875
24.5800902168924,9.586559295654297
-9.979741434164584,-18.225399017333984
3.1327986373042376,4.01054573059082
-8.393586343504198,2.3133544921875
8.678125432705007,4.751928329467773
20.7428439693387,-9.205257415771484
-1.511416195100045,-33.84431457519531
-23.3725501337939,-4.637445449829102
4.69437535963172,-8.021987915039062
8.24149319055937,-1.5191802978515625
-0.2898522089969393,2.444957733154297
-7.19378137939456,-10.870635986328125
1.0271109700113177,-3.3002729415893555
-14.564555056626377,0.8545398712158203
-9.657849716236,-32.67109298706055
-0.7280966227290082,-3.001737594604492
-21.8962191024866,-13.066978454589844
-40.2614734397264,-20.831815719604492
-1.77750068778882,-2.6506214141845703
-28.3488859938485,-29.84899139404297
-8.184373188662292,-52.47699737548828
-6.135426654744688,3.3926773071289062
-3.270422191581055,-10.89445686340332
-6.055427015859325,-5.267459869384766
-34.3143130117107,-24.898948669433594
-50.4820483838523,-26.716419219970703
-4.639593570653838,0.42153072357177734
-21.0606958753072,-16.19853973388672
8.747205755218493,8.911529541015625
0.6884341878779402,0.20493030548095703
0.300408103033295,-1.499502182006836
-2.6184282494780104,-0.4979095458984375
-37.3999740396079,-19.818130493164062
-10.594900847222812,-6.900783538818359
-23.227454082363305,-13.835647583007812
-15.4814292943448,-9.866796493530273
-6.89310310865277,-3.943552017211914
-0.3887710448227697,-4.443576812744141
-4.0896099478500325,7.15444278717041
-42.6579269422049,-32.64199447631836
8.45389840526827,9.169715881347656
-15.5157954828953,-9.679677963256836
-1.9802660997523944,-1.295654296875
1.8368511005450223,0.06571578979492188
2.11900133622217,4.515542030334473
-38.4962238749225,-29.062143325805664
0.8069046214032297,-0.8800792694091797
-0.0780407432645869,2.0540084838867188
5.009535132419683,0.35436344146728516
-74.9399761386801,-46.95537567138672
2.806732553915905,6.631929397583008
-4.81834176383161,6.827817916870117
-1.4920816076829602,-0.029405593872070312
-0.003939288658445,8.848400115966797
5.86288473591452,8.9833402633667
0.4443344011282492,2.926168441772461
5.72263802046558,2.8331336975097656
5.46583466116103,-4.780153274536133
5.05355462238675,-2.696187973022461
-17.190033530139498,2.74395751953125
-10.1192188918475,-1.6742725372314453
-10.539071528779305,-2.9374618530273438
0.2492257167476033,2.7784252166748047
14.9823899147147,8.639915466308594
1.7336328627834918,-2.160151481628418
3.2582764286422226,0.9797477722167969
-42.4099588259267,-23.667234420776367
-38.7823663998969,-18.346830368041992
11.644495901203598,7.641265869140625
-39.0956747424042,-0.4546394348144531
-38.6438610292767,-21.543689727783203
-40.5029244010595,-33.8961067199707
-0.897066728281827,4.361599922180176
-17.6830733389949,-2.3758163452148438
-0.0084306638066775,0.8179740905761719
0.5394390329931549,4.599130630493164
-21.61387508166409,-5.374061584472656
5.053393098685065,5.661816596984863
-15.7834934865799,-9.844049453735352
-58.40351531723695,-39.476627349853516
8.86280218600469,9.6553955078125
1.888243484494037,5.4116621017456055
8.99923705482913,2.3733158111572266
4.133325903305868,3.7813453674316406
4.774357664359128,3.298442840576172
7.418770080750715,-8.770370483398438
-2.25262466719878,9.96911907196045
-7.071587649042333,-0.4302196502685547
4.398742241377427,4.222103118896484
-8.692928400841772,5.432310104370117
2.334382802629,6.49336051940918
2.8274240704709,8.223150253295898
2.1747311895065486,10.608552932739258
2.776867734737273,7.84613037109375
-12.4595255596924,-3.783987045288086
6.86106163750481,0.3311653137207031
-0.3530077955256401,-4.007549285888672
-1.6020246929696491,-22.00823211669922
-7.57557880794988,-6.157110214233398
13.9692836454661,2.0006370544433594
1.289294757415069,-8.164752960205078
-20.3746494688195,-21.48233413696289
-8.044482691931467,-5.081325531005859
2.51340467963473,-5.533669471740723
11.0282847349576,8.056045532226562
-1.3944922949507652,1.2373790740966797
-26.2706781913698,-22.009897232055664
-71.7765711158932,-33.54814147949219
-44.2857422252861,-25.637123107910156
10.116767222520318,5.242361068725586
-46.9980356488569,-40.66650390625
-8.677497573270493,-2.8128433227539062
-25.781275563237,-0.5152511596679688
-26.5692742661385,-19.356122970581055
1.2555345380058751,-4.532587051391602
-0.810306898238276,-6.191774368286133
0.2404076931068699,-12.863740921020508
-11.9846830308257,-11.91956901550293
-5.775806690181939,-9.184980392456055
1.9806048133258944,-29.78050994873047
16.618750626525,7.268009185791016
8.204494762209066,-1.8963279724121094
6.80321923705408,-7.575586318969727
11.710679650337616,0.40493011474609375
3.181253849239128,-0.6794090270996094
0.90894434552881,4.228314399719238
3.547124544521316,-27.353580474853516
-2.202886656443709,-2.4374561309814453
-11.133669865203094,-13.844381332397461
9.328533024448705,0.7092266082763672
-0.7012610501602399,-3.9015655517578125
-0.3170472839931941,-3.8710479736328125
-2.3458288386735573,1.7463741302490234
-26.1191329979098,-10.690679550170898
-2.33292598982445,-4.768521308898926
2.461922216333884,2.6721153259277344
-22.4462583852743,-24.715576171875
16.899113604615202,6.11229133605957
-2.85382252753121,3.065127372741699
1.2705701336207027,-3.321704864501953
7.960789166364423,6.772063255310059
2.71808902854303,6.720584869384766
5.5273920092716775,-18.16788673400879
-4.11149235653684,-7.268428802490234
-20.9676231329802,-3.2325973510742188
-0.89184437235696,-3.8354263305664062
-1.2816619609782416,-2.333634376525879
4.85634828411675,6.895114898681641
4.71112087372323,-3.7940940856933594
-30.7199022255615,-20.360485076904297
-3.8590388668775,-3.3559303283691406
-10.6557437737239,-5.960287094116211
-13.4460672849668,-25.905609130859375
-5.527709296795018,-7.424892425537109
-1.876637029070265,-4.898258209228516
10.2532613363299,8.063149452209473
3.00680128293027,-0.7049980163574219
19.33685959748449,7.207828521728516
-0.1058882282985149,-2.152179718017578
14.3436638764016,7.8116302490234375
-16.1535771788668,-25.13676643371582
0.9480162028997956,1.9177513122558594
-18.5891767455387,-24.977657318115234
6.02246857213521,3.8184471130371094
5.16750826555368,3.7509469985961914
-1.0190872666435924,-0.2400035858154297
-19.100904418149,-9.792179107666016
4.743603615290096,0.40366172790527344
-13.8157551615103,3.4837207794189453
-3.802611775309477,6.121984481811523
4.30511943579503,1.4345855712890625
-22.482844278002705,-13.970867156982422
0.60779733849738,-2.4086151123046875
-38.4626262988146,-20.742250442504883
-0.6089836493556324,6.871608734130859
0.8617451361473882,4.608579635620117
-2.40000424902785,-2.251720428466797
-2.390619984667185,-0.120849609375
-15.559462368784592,-17.771312713623047
-13.790764753514,-0.7488975524902344
-9.325981865786185,-5.841798782348633
-58.4491138315396,-39.09349822998047
9.550892694239591,16.598398208618164
-2.3538192484503564,-6.329532623291016
-5.83438093189622,0.24610137939453125
-7.10827059552493,-10.922954559326172
-12.414939844598162,-0.20956802368164062
6.6154810826822,8.209163665771484
1.3155747227446202,1.7868061065673828
-2.56542276271332,5.06199836730957
-13.546032832554804,3.8454036712646484
-16.600339428286603,-8.624086380004883
6.167862854629888,7.882350921630859
-40.922076323723,-9.576549530029297
16.9349100756105,7.018516540527344
-12.24911226903676,-5.849210739135742
4.867927463076468,4.823561668395996
-21.6327950573002,-25.633522033691406
7.11033993521173,9.249521255493164
-9.59094984812801,-23.74383544921875
4.92186081619874,7.396207809448242
-7.815562497274902,-0.17436981201171875
-2.20364176327536,2.294637680053711
-19.6754058911438,-39.216041564941406
-91.8886792382854,-15.681133270263672
-20.9507978903398,-35.20895004272461
-17.8084408175675,-4.370372772216797
-62.9612541332419,-38.60971450805664
5.598134989920393,5.69718074798584
-7.283890318199592,-9.61985969543457
6.1026124307435,8.022809028625488
7.42840635595139,5.168094635009766
-5.179391847578812,-8.493210792541504
-4.873152982370568,-3.772258758544922
7.276768036701751,-0.8520488739013672
-10.739322929783883,3.9719486236572266
-22.9219832537164,-36.020511627197266
1.5259403537211615,6.295450210571289
-44.7886924625105,-35.92125701904297
-3.72583443525641,5.953718185424805
-14.57002364123529,-26.73224639892578
-10.128266274366498,-19.546716690063477
-28.0249952668106,-12.992731094360352
-26.24662901330595,-33.73675537109375
-40.3645652505015,-28.64453887939453
-30.8056950922951,-16.472576141357422
-3.9552380984537248,-4.2710418701171875
-2.1789667599796294,-12.377878189086914
-0.5734820606807138,3.2565155029296875
-1.1617148968623687,-18.51936149597168
3.42848617073407,-10.376229286193848
-17.4030551064212,-7.424135208129883
3.88109013796494,-2.381953239440918
9.400493271217616,-0.7535858154296875
-11.302161927872188,-13.545038223266602
-13.3709137252944,-28.12364959716797
-6.79658968512302,-1.1199846267700195
4.509456424718162,8.069341659545898
5.45103123545738,0.37525463104248047
-12.909180343140196,4.346744537353516
-6.61979034735207,-6.611001968383789
11.9978624338519,0.8485736846923828
-12.53254789251529,-4.425153732299805
-8.36198121766124,-3.058516502380371
-4.361976736345532,-5.695829391479492
-0.1898191226144924,2.1854476928710938
2.3166834950764685,0.07756805419921875
-12.6203596574975,-26.453689575195312
-1.207429910073891,-6.587050437927246
-29.7403775200217,-11.843297004699707
5.31082796058257,2.7676525115966797
2.97844031586002,-3.091358184814453
-12.533050119535002,-11.381206512451172
-5.8684323426223,3.658611297607422
2.391980620215489,4.041606903076172
7.73570234615748,-2.9620580673217773
6.093529951556334,1.7287054061889648
17.709922444879297,2.8373641967773438
11.779516260068313,3.296889305114746
2.4866177573815964,-0.4785728454589844
-30.89708550466269,-38.394859313964844
-9.231606713935047,1.726548194885254
-13.4089268865456,-14.184436798095703
-9.06573754635488,-27.620838165283203
9.30630078585379,0.01895427703857422
-7.156550033865472,-11.020517349243164
-10.5414716495377,-5.143218994140625
-27.8178569354009,-32.98434829711914
5.3817717725564,-7.372077941894531
-35.155236696245,-32.68364334106445
-21.4141717786538,-25.580642700195312
-2.6053130644292946,-6.021345138549805
-9.953220777101093,-10.16691780090332
-8.798237091769485,-12.40102767944336
-27.6920167541674,-16.46226692199707
8.017093587799739,-1.3756351470947266
-1.19024715514191,-3.7492198944091797
-3.2855896341823474,-21.353534698486328
-30.7366736665872,-16.8316593170166
-11.338238855350506,-17.692033767700195
-1.059512617215007,-2.5915679931640625
-33.7712071062874,-32.16203308105469
3.812227003524945,-1.6132183074951172
-2.8472026300298463,-29.02007293701172
-21.5871320482388,-1.8162384033203125
1.845960760756301,-2.2029266357421875
-13.950148061363093,1.3954143524169922
-15.1006814359747,4.3498382568359375
-8.65496498210776,-6.6933441162109375
-31.18852367408345,-25.793272018432617
2.35160533891099,-4.864825248718262
-7.06329362397977,-5.53795051574707
-11.299328727708405,5.047267913818359
-5.73967918172164,-1.6138935089111328
-4.062121175440552,-1.9451179504394531
3.62056380925444,0.9217853546142578
-6.512385872303066,-28.329160690307617
-17.2817979072755,-11.704093933105469
5.79128728304933,0.9118766784667969
3.7921116228684086,5.410097122192383
0.51700222845629,-1.7007312774658203
1.0966146270020711,-4.457548141479492
-6.613686761665703,-17.1077880859375
-39.873530292237,-28.352519989013672
-35.0272315856836,-31.970643997192383
0.2475632146873464,6.128896713256836
5.59963570142504,-3.670442581176758
5.29419053806362,0.6225910186767578
6.457932781589695,4.0215044021606445
6.4251548431743295,1.7119426727294922
-19.7885249955934,-22.265771865844727
-2.4097304318056905,-0.6847057342529297
7.543407488617369,8.878435134887695
1.83593808226401,7.084580898284912
-1.5082203021212124,1.8405818939208984
5.99108205682079,-0.1456756591796875
-18.1797235112709,-6.491390228271484
-12.840088322870097,-8.133415222167969
-2.23616712442702,7.917400360107422
-4.662511414401839,-6.138489723205566
3.41802282280863,2.8754024505615234
-12.0320822507053,-27.522247314453125
-25.9801803981754,-23.079675674438477
-5.97419023328963,4.926660537719727
15.4186986077963,3.5156307220458984
4.480465220149085,0.8247528076171875
-13.2363849677504,-6.2752838134765625
-9.362863686069195,-10.986444473266602
4.128157012788561,2.723752975463867
2.26767773086615,-2.042348861694336
-24.1634597090208,-12.359521865844727
10.013204486477417,10.915082931518555
-31.934070451053,-12.303993225097656
-22.9515728231767,0.07524490356445312
-11.219410776078313,-16.73333740234375
6.00089213826483,5.539273262023926
-28.9638748432599,-42.30253219604492
3.11049964318654,3.8178882598876953
-1.073248118887358,-0.4874458312988281
-10.249148139079496,-12.64460563659668
-13.14009076535719,-28.118566513061523
0.7364260970712593,-0.17879009246826172
-44.9949251983702,-14.166707992553711
-5.159519294761907,-6.86651611328125
1.869241020829697,-13.785884857177734
-55.54568697318505,-47.29238510131836
0.3065104335081801,1.4645767211914062
-10.386374558578522,-2.003856658935547
-3.0345245902191325,-1.4895553588867188
-57.144820014625296,-40.21337127685547
2.85060083445348,3.36185359954834
2.446050707651698,-1.8660621643066406
5.50221601830175,-2.6504011154174805
3.455876052191651,-6.33404541015625
-14.6157572128631,-24.493144989013672
-0.874105623616695,-1.142730712890625
-1.378759213278819,-6.856220245361328
1.350733135180331,-1.0500411987304688
-1.94666134980912,-13.781785011291504
-3.36735139960915,-6.3063201904296875
0.8319171014720902,-9.08686637878418
-40.2101205720394,-8.883121490478516
-24.577379709126298,-48.77650833129883
-18.6292132467089,-15.070014953613281
-46.39510994896701,-20.991844177246094
-2.487076105276776,-7.302835464477539
-4.752960817423343,-9.906919479370117
-0.1160299782726794,-6.771078109741211
-18.5277286275242,-11.577507019042969
-14.1325019191809,5.388552665710449
10.909208084253878,7.635438919067383
1.30779520720034,1.9004030227661133
3.986867952152618,5.49515962600708
-21.7936206120663,-22.324501037597656
-2.643556292002,-9.125907897949219
11.0853991753379,-4.707640647888184
-12.9397422629832,-13.44212818145752
-0.190891674386513,0.5414886474609375
-6.32558602127377,-1.0018863677978516
5.391699208755202,6.257904052734375
-8.998840630677615,-2.752197265625
-1.6005087696864486,4.042381286621094
7.5482379424635875,3.8345279693603516
-7.642910278690365,-4.255983352661133
3.719171936095444,4.75391960144043
-0.8981307679622897,-5.169120788574219
7.06032809637297,4.574907302856445
-3.134999611446543,-3.0840415954589844
-5.94174589421185,-1.7546539306640625
-17.7883076547542,-28.150352478027344
-25.2381267145584,-37.48342514038086
-27.5445722402187,-34.488487243652344
2.6678241356197647,-5.088839530944824
5.02066543392875,-2.111194610595703
-1.67197513843126,-46.54426574707031
6.58117049992555,2.671222686767578
-2.1147225087047508,-4.279735565185547
-76.9668504799361,-16.044898986816406
10.11870938841209,-0.8666553497314453
4.755697845162629,4.180641174316406
4.001938538520379,-10.027896881103516
-14.1813773041305,-23.451658248901367
-24.2508933717269,-13.445416450500488
-22.3071231538392,-32.8192138671875
7.2595381633228,8.804388046264648
11.555346181601609,6.7299652099609375
-26.258782255785,-22.966428756713867
10.3189652047012,2.039348602294922
-18.5255095356289,-31.21662712097168
-1.0680791130593923,0.5070657730102539
-3.5390830989045075,-17.60928726196289
10.468583156479704,3.1014022827148438
-10.613183176373598,1.1953353881835938
-6.40442742836347,-1.3738174438476562
7.196532980977684,4.048982620239258
-10.586292641023492,1.1000652313232422
-26.79502671025515,-24.30489158630371
-7.187555808667961,0.50897216796875
3.1988276731025875,-8.579009056091309
7.827394642815597,6.935827255249023
3.887422638441485,7.316107749938965
-3.41466344580097,5.468509674072266
2.667044757168528,-0.28861045837402344
1.0590749185315824,0.4071693420410156
-3.9965921287470247,-0.816960334777832
10.982614675109394,3.9343385696411133
0.4076170529080399,0.5822772979736328
2.71319811317338,-2.045316696166992
8.652061852316729,-0.9884014129638672
-0.6579761516790089,1.3606529235839844
-51.6773231694491,-23.374359130859375
-2.8325461302865187,5.1047515869140625
2.12749125232924,-9.329195022583008
3.562549470771905,5.107637405395508
-16.517773128145326,2.829011917114258
6.874655354673765,5.159442901611328
0.2047767843086013,-1.2692451477050781
-2.698758931910008,1.7545547485351562
1.8601156760560384,3.5575742721557617
-22.2455703021075,-19.863950729370117
2.4288820651169605,-0.20550155639648438
-16.8307740899425,2.8992176055908203
20.7191486697607,7.182464599609375
-30.7261055182573,-23.280752182006836
-38.4849400567448,-20.413402557373047
-14.3103126367969,-14.015933990478516
0.7860328468455551,-2.8964080810546875
-48.3858044800915,-34.75585174560547
-3.21662088766757,-11.654413223266602
1.675245639565673,-7.575197219848633
-90.3299705619704,-36.82664489746094
-9.28527551691871,2.655376434326172
-1.2293411329062325,6.946805953979492
-4.534682244798708,-13.215986251831055
-68.1959205924323,-30.933605194091797
-24.5242345195019,-20.90476417541504
-2.77042962989298,4.114284515380859
3.8009101564042025,3.7389907836914062
8.933703319425492,5.184225082397461
-11.341527235964405,-3.6296329498291016
6.71098989067457,6.017063140869141
4.54734483862441,1.4179410934448242
-5.16341129781556,-5.200386047363281
-49.062306315025,-48.93709945678711
5.26551760771767,1.0632514953613281
3.33951124606136,-8.966081619262695
5.006519903780723,-3.6272201538085938
4.05485944970297,-5.515439987182617
2.283405953189745,0.11828804016113281
-2.66483863280114,-3.1985092163085938
12.566471603210276,4.917509078979492
-27.9020155354992,-12.469528198242188
8.88265541550952,3.106196403503418
0.1652887870268324,7.843023300170898
15.4985727759109,5.501399993896484
9.014890317831036,6.5354156494140625
1.4803529144374856,4.192901611328125
18.1939100849816,10.70213508605957
-2.6304973605131474,5.891130447387695
-5.493763326806099,1.112335205078125
-36.7383193130824,-29.300918579101562
5.062784719364307,5.371829986572266
-12.026803679110706,-29.40227699279785
-3.01321716593974,0.6841163635253906
8.35813394800668,8.60659122467041
-3.60075442831331,-5.164922714233398
-9.509135784465323,0.307342529296875
-19.6175855102284,-11.284637451171875
-27.8629509568953,-29.645402908325195
1.74273211890989,-2.3700389862060547
-2.19578977406709,1.8405847549438477
2.42002639701588,3.929899215698242
-25.55316918036869,-22.828447341918945
5.635020609606415,-1.0863513946533203
-34.727836669101,-31.948814392089844
4.4516036428765,-2.4941635131835938
4.967381413305823,0.6539497375488281
-6.81516141534704,0.5024948120117188
8.658679095048068,4.820708274841309
3.7347243087796,-6.12127685546875
-12.909633143366396,-9.283226013183594
-60.49569009623433,-31.23303985595703
-3.790702882666694,-5.149025917053223
-12.41068356063,-6.571672439575195
2.76740193393285,-0.1723194122314453
-18.9061714872788,-14.319068908691406
-3.681083449701528,-11.768411636352539
8.13893448615947,1.22222900390625
-51.402683514636095,-26.17728042602539
-3.0703466753296,-5.917957305908203
5.989492839405608,-21.737041473388672
8.833837192566008,7.111419677734375
-26.1965705632023,-0.345703125
10.229168329440906,-1.7002067565917969
2.12042655289975,-7.622276306152344
3.88810032819938,-0.16478252410888672
-31.515616413872173,-21.476337432861328
2.28163515100639,-4.876418113708496
-9.633163292669298,-20.06997299194336
2.63206586722876,0.2235431671142578
0.3189015990893598,-8.060188293457031
-6.31868596379813,-0.022510528564453125
-6.4648984000359935,-14.750068664550781
8.91646092056966,-1.2454967498779297
-42.637521131086125,-26.432270050048828
-89.5439156156453,-49.80466842651367
9.179556151687803,-3.406003952026367
8.754663680824095,3.7033653259277344
0.8838679103249854,0.7506618499755859
4.338369925074482,4.532794952392578
-18.23432595343749,-32.71199035644531
6.92534745147092,-0.6888885498046875
-1.768261666543676,-0.6887626647949219
-7.87226820943855,0.5473699569702148
-12.0847368637308,-15.698644638061523
-4.4222229386498375,-6.471824645996094
6.63109301847755,-1.1573505401611328
1.675381804264854,-5.490301132202148
-6.897600670415837,-9.743759155273438
-12.2774867069717,-28.560155868530273
-3.963646539183849,3.1372203826904297
-2.552277046947741,-11.331421852111816
-10.78700495517378,-9.959081649780273
-6.426376983867103,2.9924144744873047
8.2142562177934,5.785569190979004
6.07843040491799,5.613847732543945
3.08443697315444,-0.4126472473144531
-1.3811964732242277,-7.93528938293457
-4.51305804704249,-5.460691452026367
-9.93375477053989,-5.680719375610352
-0.6581754288220045,-1.6126766204833984
-7.952166005584182,-24.50331687927246
-13.563015982384195,-7.036535263061523
-47.9957157156951,-29.27025032043457
4.96190002222477,1.5024185180664062
-2.0240269290899,-1.6666088104248047
3.47166270740147,1.5461540222167969
-5.2815921348029296,-0.1701812744140625
2.369358494612781,6.375253677368164
-4.214346026907057,-4.699975967407227
-23.8934551543691,-28.313716888427734
-1.0659561461183158,1.1068973541259766
3.126169348435272,-10.36482048034668
2.35164464781062,1.4282283782958984
-1.79502295092813,-1.9518308639526367
-15.957982665262508,-29.08828353881836
-64.65676531723692,-39.00233840942383
-27.8195558011628,-22.71013641357422
-10.480511156242285,-15.587059020996094
-6.18357684414468,-0.8105831146240234
-6.75960002722117,-9.931560516357422
4.4105627388370605,-0.4045677185058594
5.58846482112586,-2.1823654174804688
-16.8483709423333,-0.5544033050537109
-3.34531377329845,0.250274658203125
5.893700156574014,6.261871337890625
2.745769909533195,4.624212265014648
2.53362859007723,-7.494757652282715
1.0880788430276551,4.980569839477539
