Score,Pred Score
-13.812973987503693,-2.9864025115966797
-14.6311710829416,-28.561948776245117
-15.020937907067507,-12.851661682128906
5.61896917638109,1.4960250854492188
0.1461877509898399,3.5162477493286133
3.59745169898486,2.029315948486328
-6.72144892291601,-7.148651123046875
4.304204520484877,1.898965835571289
3.37898618824583,5.061977386474609
3.939818822274421,1.3352031707763672
13.9953943577381,6.287710189819336
-5.39913759737588,-2.0839271545410156
-2.204579993178592,-3.319477081298828
8.829561804598438,2.4543991088867188
6.01696699102072,4.773401260375977
-6.376202369524528,-0.694854736328125
-6.50906463316165,-7.411598205566406
-60.92137282626391,-36.949127197265625
1.99934019108803,5.095066070556641
2.188685633501576,4.079571723937988
4.07090957771029,-6.247016906738281
0.5211206139658471,-5.720949172973633
12.5580583918003,4.5131988525390625
3.320229681965675,4.406940460205078
-0.4381862293696001,3.1732006072998047
0.1752112379752922,-5.718755722045898
4.123908949931413,2.2834510803222656
12.966325580978296,5.7715301513671875
7.692941411907634,-0.3180093765258789
-62.9031214125763,-55.947532653808594
-5.800670766453999,-1.826681137084961
-11.705366535732304,-12.36833381652832
-4.786538605318405,-9.10179328918457
-82.4887013651952,-64.98810577392578
-8.251107402184557,-7.510845184326172
1.61677665352485,-12.057121276855469
-11.916211326129387,-27.034767150878906
-45.634880019414,-24.702669143676758
-0.568998602339841,-4.141063690185547
-12.147399114840605,-11.288318634033203
-27.4476544011683,-34.314857482910156
-0.4835459876036119,2.6237621307373047
-8.39479061793487,-12.830944061279297
-46.862925671502296,-33.52204132080078
0.3837795244341289,2.824106216430664
7.184930267876617,3.2179203033447266
2.8348518495029404,-4.404010772705078
-9.859535687586003,-6.985187530517578
-6.00025755794808,3.736513137817383
-4.764629840066975,-2.0616912841796875
-2.377061578670744,1.1947498321533203
-2.0585753436264698,-8.693829536437988
1.1848602197973823,6.5069122314453125
4.97603191479674,3.1383819580078125
4.27399441028646,3.265594482421875
-46.2372447228831,-53.51419448852539
-31.4759298257721,-36.894920349121094
-50.1674018945849,-26.44672203063965
0.9601515747159592,0.9378013610839844
-11.864177458483407,-4.737192153930664
-0.538262620928304,-1.2558479309082031
-1.5184696160120892,1.9901924133300781
-3.0836644409391925,-7.958715438842773
11.316750179392892,3.9058151245117188
-11.183106529127476,-7.323741912841797
3.59102041590596,0.6997013092041016
4.55602013063716,4.392650604248047
11.579228393987275,4.550954818725586
2.3067635611900137,-6.09404182434082
10.480393919522983,2.9622859954833984
-2.698100773809443,-2.4946680068969727
3.776985072333982,-1.0056133270263672
-11.773766374328297,-13.514457702636719
8.681027307740193,2.145315170288086
-1.1091988250418725,-1.7198963165283203
4.484288991501213,1.1149940490722656
0.0548896546292299,3.0413131713867188
0.1118559290339978,-16.420188903808594
3.9797293996962297,-2.033966064453125
-22.42608065327665,-18.82306671142578
7.37064384347005,-1.0733890533447266
5.344594984386832,-7.625881195068359
-1.2497809936708242,-6.911277770996094
13.71198107208239,-0.34651756286621094
0.5045482395984724,-1.0352497100830078
2.86709961553106,-2.3929061889648438
0.4423212163888063,-0.8179130554199219
-3.724573545179619,-0.6218833923339844
0.2570808252882703,2.6255569458007812
-70.65073406723695,-56.93330001831055
-33.9587360563784,-19.07366180419922
9.2088386022025,2.398601531982422
1.3318185914773402,2.194011688232422
-9.176001953270983,-4.571815490722656
-10.497767159210698,-12.130302429199219
-0.4402086584014632,-8.10611343383789
2.1560784090827942,-2.8116140365600586
-27.1636490162131,-12.66085147857666
-0.670930828719279,-0.11677932739257812
-22.794043146736,-27.063255310058594
0.8105828534072201,0.9167232513427734
1.2287673509824204,-2.7661399841308594
-0.6435038581465955,-2.3392601013183594
8.474782023793379,0.9294624328613281
-9.601847091024196,-9.677440643310547
-1.6610011043127195,-3.7559738159179688
-0.1091636509260827,-1.8997459411621094
7.570838092245207,1.4320964813232422
-7.211196994815285,-33.106971740722656
9.090654061652296,-8.670516014099121
-26.6651088566214,0.5658397674560547
-17.309192174305,-5.6919403076171875
4.14054171285972,5.843387603759766
4.097668935846943,5.924713134765625
-0.29408409265346,0.6281471252441406
-35.8165916579592,-26.598411560058594
10.898098675545494,3.6322717666625977
-1.6552655274048038,0.945612907409668
1.6729502580778592,-14.745476722717285
-6.42491227706334,-20.511119842529297
-15.4752611754195,-17.592479705810547
-0.6907348474047925,0.6955928802490234
-21.3629045873375,-7.057044982910156
4.219145585451182,-3.7974014282226562
-3.019531285218114,-6.250511169433594
4.25311060075082,0.2968635559082031
-15.0412339008878,-2.6441268920898438
-8.237627320974727,-20.354145050048828
-1.0683487237199796,-9.583869934082031
-1.7174251595272625,1.8519458770751953
4.069163600073605,2.311145782470703
-10.162041561092582,-15.745845794677734
-5.97248436581227,-4.3531036376953125
6.120538767403939,-2.9883766174316406
-0.8028238008287005,-0.1764678955078125
-23.6042929930625,-30.05205726623535
-0.1777753404752198,-7.865474700927734
-5.785469568057495,-38.72675323486328
-0.0556983764780604,-1.429962158203125
-25.4508968849616,-5.518857955932617
-5.3185412482723295,1.0972862243652344
4.020569536845237,7.331830978393555
-58.5527340809363,-8.238492965698242
-6.291328737399075,-8.604545593261719
8.922207576391518,11.809547424316406
22.7414116448382,5.739603042602539
-44.6057608529879,-51.65229034423828
-26.5129077898497,-13.232305526733398
-2.13735826282737,-8.982269287109375
-1.14890133483728,6.733156204223633
0.369316059642221,-3.117605209350586
-0.6884117876070912,-12.394367218017578
-5.8772631055401,-7.027919769287109
3.6053774296538297,1.2536201477050781
5.07108724357905,1.8312129974365234
1.292753014965791,3.7505245208740234
-3.43040335892423,-7.2576446533203125
0.7651079053562314,2.4078330993652344
-37.13962469223695,-18.580875396728516
-5.822632503482525,-7.591686248779297
-6.879472048396067,-9.87529182434082
-7.1526743450051855,-13.556015014648438
0.3302260274555297,-1.3858833312988281
-1.178255647098801,3.149148941040039
-2.99361591491145,2.903667449951172
-18.1070051290659,-26.55828857421875
-3.0332808194811403,4.242956161499023
2.6303171850506604,0.855865478515625
-9.72499716390718,4.324702262878418
0.2729453578388601,-1.9932231903076172
-21.4503408223732,-23.90256690979004
-4.99755531471552,-0.924407958984375
-18.0018409950579,-25.79850959777832
4.00031385473591,7.952613830566406
14.1235470599023,-5.480100631713867
6.55729051148795,-1.395914077758789
11.19992297656359,6.842832565307617
-7.81388191369781,-7.559297561645508
-2.924593214648255,-5.079498291015625
3.7667366885646025,-6.7675018310546875
-6.68253431604433,-4.955074310302734
0.7345204104922589,1.0867424011230469
-10.626155896203898,-5.295283317565918
8.106852576346123,8.83819580078125
-58.24412469223692,-51.730194091796875
1.4955767028094,-2.5308151245117188
-17.6906096863185,-33.63272476196289
-4.813871520282443,4.285757064819336
-11.8973420493851,-5.189847946166992
-2.67676896274171,-5.950246810913086
-3.9331393974605526,0.7779903411865234
8.756217929094177,0.5323448181152344
-29.2662792150344,-14.401941299438477
1.7249239205326918,3.341716766357422
-6.686975812883663,-22.45938491821289
11.10272802991041,6.855030059814453
-10.956818171714705,-5.890815734863281
-6.3500959185649,-15.723316192626953
0.6681105368389735,2.215953826904297
-12.500029270357295,-22.35732650756836
-2.591242863373206,-1.3342247009277344
5.954690473588823,0.09795761108398438
-43.929359067237,-34.07234191894531
-17.4841411730512,-16.8725528717041
3.61441892535489,3.5685176849365234
2.1112971208509976,-0.61395263671875
-41.8026500314277,-37.58568572998047
8.463248256721428,4.578258514404297
-13.037072413777096,-15.680122375488281
-1.6307504375632549,-8.409795761108398
-0.3284521577656807,7.458524703979492
0.4685622181175212,-0.8592987060546875
-5.316952415477393,0.7437572479248047
4.584421564331302,-6.0562591552734375
-20.3593816575191,-23.207599639892578
3.67041582610247,-5.358251571655273
2.204062447972561,-1.9656410217285156
-4.666937653128132,0.06086540222167969
-12.3781694316975,-12.09176254272461
7.06923762363823,1.4258079528808594
-37.2883298194418,-18.605670928955078
6.442434166934048,6.697237014770508
-12.2162083245621,-14.24624252319336
-20.3623076046531,-4.35572624206543
-5.45440876641342,0.7976245880126953
-4.96580172718434,-11.581110000610352
-37.4061766871973,-28.725313186645508
0.5403453062071405,-8.198514938354492
8.656689402528613,6.561661720275879
12.331931266595111,7.23682975769043
2.75380173901167,-0.5293369293212891
-2.8447496930443927,-0.3542900085449219
0.0285872237409883,3.239185333251953
-73.5286754265322,-9.279550552368164
7.285509446842615,8.772481918334961
6.72046542688671,9.874561309814453
-6.19730890695259,-4.5196685791015625
-16.4599719883519,-6.195039749145508
-10.288292260688207,5.504850387573242
-10.285920522724917,-1.0116329193115234
-4.65691689928222,-1.487457275390625
-37.1716279374795,-23.94338607788086
-36.50577458359941,-9.275001525878906
0.7942566624333496,3.4821319580078125
-2.491707941339629,1.2450103759765625
1.7387039934851498,2.564115524291992
-13.8996269060666,-10.517101287841797
4.17561229224804,6.274791717529297
4.7680640763497,-13.37898063659668
-6.745372906074374,-4.344818115234375
7.262818938793504,-1.5799579620361328
-55.7541546140486,-39.59347915649414
-5.85807143580148,-2.6761913299560547
-52.7336020518746,-33.97273254394531
-1.995826789875676,-2.0286788940429688
-1.3326443092463092,-17.562053680419922
5.029017096161708,-2.8040103912353516
-0.71117494174041,-1.9942359924316406
8.243548509216069,6.74254035949707
5.81602235619721,-3.89306640625
5.978124919049687,1.1005020141601562
-2.8859593337581737,-5.138830184936523
-26.0047332498617,-23.612180709838867
-1.5220929784942658,-11.120569229125977
-15.0089303719363,-14.714550018310547
-1.757118944268968,-17.085140228271484
-13.5091075877696,1.0584754943847656
-4.0681667574955,3.6639537811279297
4.43276114617859,3.8406524658203125
-4.665207913971671,-6.7444868087768555
7.33919324558513,3.861297607421875
-11.69780882660921,-19.26590347290039
-29.9162730471743,-33.2030143737793
-5.331847529263395,-9.777751922607422
4.2006804390709,4.660791397094727
4.76541245752904,5.334293365478516
5.87221574658101,1.7645530700683594
-12.955988512618,-36.35060119628906
-14.4061745570978,-7.690431594848633
13.644333664082708,5.028076171875
7.522446474796843,-10.343278884887695
2.858782897786812,2.1623592376708984
-49.8653288018085,-52.31329345703125
-4.029904705212941,-0.5879020690917969
-6.2026319104393295,-10.306732177734375
4.452168509343501,7.348638534545898
-16.475900892606802,3.4055023193359375
-11.03094492075089,-32.31622314453125
-8.08045020128908,-10.658530235290527
-14.885807229381896,-3.0546417236328125
-11.113180908425988,-6.072446823120117
5.506094216928792,2.2070236206054688
5.29091659278858,6.852081298828125
3.42106467876526,0.9532346725463867
5.162821279449693,1.8847875595092773
6.020551076354931,-0.14343833923339844
0.8086942897832163,2.2719478607177734
-8.80546181278599,-10.236434936523438
-7.42349600405968,0.8013019561767578
-14.4731176558811,-12.547000885009766
-35.5448186771701,-29.27511978149414
-1.657597602265355,-0.6194171905517578
-1.930224441335125,-10.532573699951172
-10.398648228661925,-0.6328163146972656
1.3131129859732091,2.5299625396728516
-0.1240821746904601,-2.056913375854492
-35.1709788883515,-33.166526794433594
0.6771989561182002,-1.2335567474365234
-5.8677981963370005,-9.756624221801758
0.7982616963508231,-3.263169288635254
2.595279020812243,-1.3518009185791016
6.9472187772133225,-0.1921825408935547
-41.1395198834054,-23.695642471313477
-35.4604736838065,-23.806562423706055
7.87379173269718,6.6944122314453125
-8.72128086410909,-40.40584182739258
-82.13826531723697,-16.678730010986328
-9.70693692529289,-10.800176620483398
-61.4386715672369,-52.68695831298828
7.10938257895085,2.1771392822265625
0.4007388327427847,4.810819625854492
-0.7455370396145937,1.9662132263183594
1.674966057420845,-0.47095680236816406
11.877856996640997,5.357418060302734
-0.9096556467231308,-1.1565475463867188
-1.4680391508473674,-5.019681930541992
15.6414782015599,1.1054134368896484
-10.35739215730591,1.4875774383544922
1.926107182225645,3.590984344482422
6.99756701325662,5.447728157043457
3.54836143321337,-1.5992984771728516
-7.726553411266567,2.347886085510254
-48.51478094223695,-61.14034652709961
-3.0453156276270903,-2.4858551025390625
-3.454798154796729,3.4611759185791016
9.503977484174175,4.609041213989258
6.001532732018722,6.314644813537598
1.775572054007981,2.3592090606689453
-2.6871577689602653,-0.3643636703491211
-7.920344649869953,-11.791791915893555
2.578081311550471,0.9764003753662109
-14.434457477598505,-3.366527557373047
-1.338045882914232,2.0307064056396484
-44.1817825469333,-34.46474075317383
2.4314234692194163,-5.954742431640625
-2.07036107592124,-5.867341995239258
-6.560167066336443,-9.288360595703125
-2.54688332955635,-3.947511672973633
-7.940842049461227,-7.856266021728516
-7.789052707582185,-4.866065979003906
-1.4295761119406232,1.5388069152832031
7.206977941743588,-2.539703369140625
-4.081394009803599,7.554224014282227
-30.167243616457,-21.682537078857422
11.7225687296843,7.501445770263672
-0.8984319813221007,-3.6659488677978516
10.349523074958825,2.0005927085876465
5.42147270471237,7.110080718994141
-0.3136273830120112,-0.3890800476074219
4.398848813602776,6.859491348266602
2.099307195887115,3.3077430725097656
-61.6890402284636,-37.643550872802734
-7.08434802004719,-1.4491214752197266
9.0758909366509,4.222063064575195
-1.9263965715605047,-0.15027427673339844
-6.262949496708321,-4.508806228637695
-4.739766082030863,2.227781295776367
-36.8822022827233,-36.363956451416016
3.24770439300306,0.13983726501464844
1.41805545618482,-2.9290924072265625
-24.4432878855492,-4.104299545288086
-24.96156751119129,-23.33090591430664
-7.734574598544068,-23.212833404541016
2.79124989437018,3.6733760833740234
-5.17831154550348,-11.592777252197266
1.5275640312561216,-3.5505199432373047
3.682989905065457,5.902421951293945
-10.8237586662752,-13.216791152954102
-6.929951553081727,-17.53276824951172
-27.96215708599589,-16.196630477905273
-2.88087637063392,2.153850555419922
-5.960419628776203,-0.4762992858886719
-37.189874708633695,-27.266735076904297
1.1496085756031087,-1.5048913955688477
-12.7137936794919,-13.058879852294922
8.398744223780918,-1.3806495666503906
-33.3004252633332,-33.55221939086914
4.065326821312747,3.2831974029541016
-41.9047429025821,-27.335556030273438
7.383552345763623,2.4813060760498047
6.364261125349779,-7.377490997314453
4.841793570156368,0.4304618835449219
4.179707781567577,6.65339469909668
-14.7229944429405,8.69894027709961
7.078924552126015,-1.2015495300292969
-12.898019313824,-6.86053466796875
-70.8116033690518,-12.451571464538574
12.7359625054994,9.207550048828125
5.586124430090477,1.2620525360107422
3.028467183462371,0.7175559997558594
-5.830142578087577,7.602201461791992
-22.6841489367301,-12.122007369995117
-1.51657819068512,-0.6256942749023438
-81.52648016021857,-18.36924934387207
-3.36903782007548,1.0684432983398438
-18.707844022,-19.77617835998535
-34.48768519828235,-19.3465576171875
-39.7169735486916,-15.089500427246094
-1.593720937577549,-3.2828540802001953
-23.2954444871652,-20.537845611572266
-45.30258920076982,-34.996734619140625
12.5056328567953,9.197019577026367
-11.9299972333177,-4.292572021484375
-37.9495035857927,-5.057638168334961
0.7001962140772594,4.468776702880859
4.49418879319923,18.082805633544922
-39.0646563811545,-33.253990173339844
-9.09730633851708,-7.016345977783203
-17.5589533745204,-26.619617462158203
-4.92782811871599,5.015787124633789
-8.2299173561342,-5.08935546875
2.60625970962018,-3.168130874633789
2.726862934921635,3.008359909057617
4.071661498679735,-0.967808723449707
-11.9154244975033,3.421304702758789
0.9090871567987184,-1.5040912628173828
7.92708077877978,3.0336570739746094
-3.119647295186995,-3.1213340759277344
-2.248378586620203,9.941762924194336
1.6646916021852596,-2.1055030822753906
0.1590569364430157,10.28610610961914
-77.3623903172369,-68.34431457519531
15.8859560938761,7.641277313232422
-3.11888044241469,-0.3957653045654297
-2.7468186065138984,-5.090669631958008
2.77922195660905,-10.3389892578125
4.052279150357491,-1.3247356414794922
-4.03806373695381,-15.94534683227539
-2.4461467814868523,-6.479671478271484
-0.1639564470097907,4.352210998535156
0.8542168432631491,-1.1479301452636719
5.84905996845087,-6.623630523681641
-5.77665564868809,-2.0137081146240234
-3.7008288999313423,0.06813621520996094
-7.18713065449027,-5.480381011962891
-0.9529303605806088,4.7564697265625
-15.902118442879,-10.510560989379883
-28.0636361890057,-17.046295166015625
-26.912205886836706,-25.456167221069336
8.596988309863011,3.320556640625
0.2877587512502297,-3.8297805786132812
3.3899996482015826,6.265188217163086
-20.5869014386951,-11.378579139709473
-9.341800010912078,-15.473819732666016
0.1692077246922899,3.876938819885254
-1.857666460494741,2.9914073944091797
-13.2752747780792,-29.66741180419922
4.49646859469848,-3.372457504272461
3.60913262992784,-0.7689399719238281
-5.653435188749545,1.8097915649414062
1.51502173443586,7.884849548339844
8.143116180793372,2.7790451049804688
-8.36164856265281,-14.631561279296875
-1.130678948105339,-4.960931777954102
-4.349210006555943,0.33681488037109375
0.2594141505344826,-13.2913236618042
-32.1283374054069,-29.080766677856445
-1.9051378030600723,0.42404937744140625
4.768047800449637,3.3041954040527344
2.264898495983479,-9.365657806396484
-6.47138721063866,-4.027500152587891
4.93167956005568,-7.54837703704834
2.4851768276660025,2.393674850463867
-3.930469946192945,-2.949981689453125
11.923948375295712,6.0625762939453125
10.41580460128629,7.348513126373291
-8.700462669667385,-5.014636993408203
13.1991243046288,0.4433784484863281
-4.75101729862813,0.3820972442626953
-1.4230966237807086,-8.400814056396484
-2.07861348348741,-8.039108276367188
10.292368565007404,12.86279296875
1.9007667723773176,1.8575267791748047
-0.1428452494230792,-4.927400588989258
2.4933992323843923,-11.175472259521484
-13.861300672159,-4.123845100402832
-1.7943154401891548,7.110414505004883
-4.15624175439773,-5.337314605712891
-14.277645616907492,-2.3852500915527344
2.713132201978397,-5.852621078491211
-13.315456279797685,-16.038496017456055
-5.36204355968609,-3.007291793823242
-1.4872271509121793,-3.107297897338867
0.31232235517322,3.903196334838867
3.0307168501552093,3.546295166015625
3.4484762474106,4.740507125854492
-34.0729170807354,-34.33570098876953
-25.0659802428987,-10.016464233398438
0.86771933446589,-0.09792709350585938
-11.996919710325,-5.070930480957031
-56.2560888739038,-35.35480880737305
-12.7386491421071,-8.718948364257812
-3.520787796436005,-13.536214828491211
-0.8014467498558491,-7.753871917724609
-34.7812340468876,-28.119997024536133
7.158235365631607,-12.67420768737793
3.29681579894721,-2.0563621520996094
0.046018285265003,-9.240264892578125
2.046344769010002,-1.6820049285888672
4.25403099118957,2.619882583618164
3.7804230286959792,-7.736806869506836
-3.773219093074008,-5.257246971130371
-9.722403045722997,-0.2601127624511719
2.81101468536903,-4.162538528442383
-23.7494411406013,-10.293624877929688
-75.56229656723696,-40.58879470825195
9.94612085382829,8.681474685668945
-8.207132148775708,-19.687406539916992
-3.09775596823669,0.12709617614746094
3.77256113899207,-3.8767833709716797
0.2016574678685985,0.923797607421875
4.38808277416547,3.238828659057617
3.7092867134231,-1.5104427337646484
1.6740112862957208,0.8549232482910156
-5.472376660417956,-4.768770217895508
12.283123760680592,3.1632862091064453
4.417989059347175,-7.043044090270996
1.907333647224608,5.037466049194336
7.837521570550837,1.1028671264648438
4.82455755953161,-7.794092178344727
-0.6472060937938101,-2.944253921508789
-8.237956686764985,-14.943778991699219
7.859716520666763,2.4015350341796875
2.765011277030255,2.019672393798828
4.62415639298937,4.646411895751953
6.430237727930085,-0.8335132598876953
2.44728958086436,-2.9240589141845703
-1.93656353174353,-0.2997722625732422
-33.7845903951132,-33.62408447265625
10.960301672714698,9.436639785766602
2.4659746492236927,-1.8009490966796875
18.2642273209106,4.622886657714844
7.656482330373112,4.148733139038086
-63.2346715672369,-48.08986282348633
-22.9610154952969,-32.19306945800781
4.39789099231211,2.2702884674072266
-46.587141393021525,-33.18120574951172
-12.281506448986304,-10.28091812133789
5.220668557811489,1.4384708404541016
-1.4412632820262703,-7.099708557128906
-35.163016426576704,-21.733421325683594
-31.380009974583203,-26.45221519470215
-40.7258600860177,-8.56646728515625
-35.3994683825842,-30.84498405456543
-10.968565079401992,-12.694341659545898
15.384553292915324,-21.72466278076172
-0.4271227388875901,-1.1316518783569336
-7.69948364751984,-6.154138565063477
-26.6822467124322,-16.05845069885254
-0.2823200449385875,-0.2558021545410156
-3.8453528225106623,-9.444290161132812
-2.4599041427842496,0.11403465270996094
-12.7315114055493,-7.096641540527344
1.418014053180695,-4.1536102294921875
-3.4922781726655696,-9.344175338745117
-17.5801214502402,-20.589332580566406
-49.5120706514507,-47.9708137512207
-0.4503474699443348,-4.277942657470703
2.332279780348585,-6.055248260498047
-42.2483635713802,-40.71196365356445
-5.00028834575103,0.2141895294189453
-5.14141487663266,0.06734848022460938
-19.923371510770203,3.0773754119873047
4.28301459624688,1.7781314849853516
0.3224388648416145,0.6304073333740234
6.795393661635613,2.065643310546875
6.720388221210122,3.811788558959961
-20.7558388881914,-6.530796051025391
-12.5922662394529,-11.391456604003906
-5.19085420781142,-5.228973388671875
-27.3858072066324,-20.030658721923828
6.488490212037078,3.832172393798828
-12.5233171201947,-9.82232666015625
0.996650643215182,2.5143394470214844
3.27144637329635,8.345926284790039
1.203208947199059,-10.345242500305176
4.5031585012656095,-0.7929401397705078
-46.6686841099013,-43.75537872314453
3.600655729290548,4.2291412353515625
-2.7077151362496297,-17.440038681030273
-42.936846127142296,-37.44529724121094
2.679404112105611,-0.15263938903808594
-23.975827854410426,-21.298784255981445
-24.4869919201538,-19.89034652709961
-6.22433036882608,1.2803421020507812
-24.992167376126925,-21.180862426757812
-9.742168339465294,-6.750698089599609
0.1235817830644999,-0.6332550048828125
-11.607028837624,-10.108743667602539
5.321680837772678,-0.2982616424560547
3.3452637215970498,-1.0650520324707031
13.015759276594096,11.107170104980469
-6.13466459150186,-21.783740997314453
3.557691046156,8.529417991638184
2.0008593011464906,-1.6445198059082031
-1.2671721747064446,-9.544647216796875
-2.989164004622407,-8.571903228759766
-2.43808381047612,2.852254867553711
-11.30813578108209,-5.31016731262207
-9.619042312244815,-23.75876235961914
-4.01456885639382,-3.221179962158203
-4.853312003098937,-11.959543228149414
2.78743688363977,1.2723731994628906
3.6035536346157695,2.0921249389648438
6.09033976794457,8.148324966430664
-5.89266438028177,4.4595947265625
-20.7592210135025,-26.322927474975586
-3.637071869773312,-4.507892608642578
-4.396710286499547,-8.17154598236084
9.04709717330502,-12.293502807617188
1.69213972357191,2.4392223358154297
-27.068723822751306,-21.08186149597168
0.2886204877907422,-6.303567886352539
-0.592182005541919,-9.709480285644531
-4.736229867816737,-2.2082901000976562
7.877641553655238,2.0936851501464844
-2.588665914009158,-2.9089927673339844
4.72846919446815,-7.814586639404297
3.42669038506664,-2.9519729614257812
-10.274169876330886,1.0200347900390625
-1.289264920121349,-6.719142913818359
-6.9648772325347394,-10.28676986694336
-1.2236747050651609,1.4874458312988281
-12.208208404490907,-27.72347640991211
4.40921359309415,2.8374977111816406
-15.991582533821994,-0.9584159851074219
7.809600001042748,4.428699493408203
-3.0331069492891496,-2.670795440673828
2.603164662477901,-10.129753112792969
-24.2572199033326,-21.901607513427734
13.667582002208905,4.700918197631836
8.19307228691883,-9.212963104248047
0.4664503305112299,-0.3633556365966797
-6.46133524603972,-9.708810806274414
-19.7520332208299,-10.919837951660156
-7.75971004909346,-0.4459571838378906
7.66334596528203,-0.5246782302856445
-27.64770126959135,-21.039207458496094
-1.8239337240231768,-8.395313262939453
5.265272900492549,2.5202407836914062
0.9434331950199416,-5.7645721435546875
2.13745295521649,-5.035823822021484
2.76912169862866,-3.1139144897460938
2.409764321136161,2.8163223266601562
3.7606671418030695,2.7218456268310547
-89.04756219223692,-48.02596664428711
6.987950206462267,-0.7543926239013672
-10.09410467002709,-10.938232421875
8.16191414696451,5.794178009033203
-10.731303688850904,-17.241605758666992
7.588764503474316,-0.4318246841430664
-5.25293160621848,-2.098661422729492
2.3065604778561424,5.446489334106445
-3.8022266666193874,-21.538938522338867
3.22816419080692,-0.6325798034667969
1.1941842843275,2.825479507446289
9.772192422094813,-20.48394012451172
-2.489313079893845,-5.284843444824219
-13.547300817594484,-31.55836296081543
-1.5403494549472296,-5.201423645019531
-5.139364658294922,-0.8537473678588867
-1.32131943338233,2.4681949615478516
-0.5284321769112605,-0.5948696136474609
0.1119561526876595,-3.9425926208496094
-0.0918051514147744,1.6751174926757812
-1.7237618714553775,-2.079983711242676
-1.5699354762224491,-3.143169403076172
1.5718362711845366,-2.2649154663085938
3.58036180553514,-3.3150062561035156
7.45084701577923,-15.85368537902832
-7.378812419643663,-4.120141983032227
-33.1832620874725,-43.43825912475586
-6.066411004621831,1.5671367645263672
-16.4910721624856,-25.130449295043945
0.8267526169764301,1.3376579284667969
-9.762453719841735,-21.003612518310547
1.741670982094262,7.512905120849609
-0.0053525606393112,-3.2495689392089844
-51.4043293278057,-33.45978546142578
14.9415296965116,15.282630920410156
8.70853787657841,-0.17859649658203125
-2.149900469098629,-5.0235137939453125
-0.0379657812584102,3.281291961669922
-15.3173389528898,-6.065544128417969
-1.7663441991754285,5.059925079345703
-6.708306328674888,10.016610145568848
-78.7451798053926,-60.2623291015625
-0.5413656534735456,-7.172758102416992
9.625121597198186,5.742245674133301
-3.15562863494722,0.903839111328125
9.60447820177431,5.183765411376953
-3.31847606547329,0.040131568908691406
-4.12581810820042,-0.57769775390625
1.7706121017107803,-1.4065971374511719
0.5117341060036625,2.8759021759033203
2.63157412115867,-1.8195819854736328
-4.763634360062484,-4.522649765014648
-11.18181257464061,0.28031158447265625
-39.4932668903457,-10.742446899414062
9.206200380526292,7.142717361450195
-2.93911844531118,-0.8809528350830078
-28.13472322157985,-25.64749526977539
9.62907409316032,0.5780677795410156
-7.042636248773623,-19.136497497558594
-4.03025121975644,-6.443071365356445
3.42951329804928,3.6773433685302734
2.5565427438131976,8.211544036865234
2.8513084033656,4.441227912902832
-5.5623675139736175,-3.530170440673828
-4.144685584269085,5.971025466918945
-11.221818720505304,-4.369304656982422
-2.111656589218961,-0.17009925842285156
-1.626797120535592,-3.9775753021240234
0.7652624054000594,3.2263050079345703
-21.5531296050118,-23.35883140563965
-13.053772031257305,-13.97769546508789
5.42509465390903,0.9407920837402344
-5.5186956836840375,-10.465078353881836
-2.260381023139061,1.677581787109375
-30.3377383335249,-26.40894317626953
7.380729755239978,3.8608169555664062
-4.172986764275874,-1.319387435913086
-1.2036514942358316,0.5886211395263672
-35.2906329121599,-19.620731353759766
-2.54595208771381,10.502582550048828
-10.901275449743116,2.3906726837158203
-17.0078420331655,-21.35342788696289
-11.9784507557909,-3.2997970581054688
-19.469018973061075,-7.296901702880859
-3.2142130797467816,2.7191104888916016
-0.5663484394051013,8.448749542236328
-21.2195468929047,-13.416688919067383
8.077984978184695,4.964522361755371
-17.0119321722455,-13.417736053466797
4.67424026120176,3.5769729614257812
-47.9875704511971,-33.415348052978516
4.316615136301563,0.8220367431640625
11.2728180991378,8.416762351989746
-3.5546157663424616,0.9898033142089844
-3.15887949932979,-9.034944534301758
-1.6422791314174887,3.9623336791992188
-3.448025235667948,-21.58789825439453
-13.5632540546311,-3.934019088745117
0.8825935384285006,5.056285858154297
3.27100049685324,-8.725032806396484
-0.7762273913233743,5.056459426879883
1.026942322157092,0.13055992126464844
9.859104788483815,3.4875526428222656
-1.9977872313530125,2.3369274139404297
-13.1809903671301,-6.904123306274414
-35.1782981083837,-36.739768981933594
-35.8337806803641,-29.37895965576172
-7.639409008216227,-2.449054718017578
-15.746453943284,-25.971759796142578
1.055995951979529,5.632707595825195
3.987299411465438,0.038055419921875
-37.0930621901092,-6.761119842529297
16.694612728237402,5.753870010375977
-4.527979888097892,-9.275503158569336
14.6352674345898,2.7212867736816406
5.034618319433818,0.4821014404296875
-3.77133000272187,-3.6861724853515625
-1.61504571199055,-0.6316719055175781
-56.3663437951974,-42.80298614501953
10.088450856398616,4.989217758178711
-14.285610883283098,-18.03157615661621
2.6210618799141923,0.8426437377929688
-2.308732762121495,-8.655275344848633
-83.9761260280997,-49.63263702392578
-1.03656181464744,-1.1940231323242188
10.16232173056559,9.999786376953125
-3.12013961477547,-1.7829322814941406
3.010752586641185,-1.7963829040527344
-1.5178355576616795,3.240947723388672
-2.60072537807549,-2.6341209411621094
-2.367312137177082,-1.9775009155273438
6.075310726130807,5.5746002197265625
2.24572304437811,-4.658580780029297
0.2044267191685782,-4.92875862121582
-14.409506408843407,-12.514673233032227
-2.683955047842884,-0.5453777313232422
-0.0075038478591599,0.07835769653320312
7.190050317883171,3.541545867919922
-2.1691769605730515,-0.6518497467041016
-7.910003358009165,-2.6534862518310547
-69.1366966634013,-31.424488067626953
1.437241653553571,-10.980674743652344
-20.7409218490905,-9.690155029296875
3.78247800369874,2.9539623260498047
7.909526276907584,-4.135198593139648
6.097122298913325,-0.014764785766601562
24.5800902168924,12.246471405029297
-9.979741434164584,-17.02402114868164
3.1327986373042376,3.1767196655273438
-8.393586343504198,1.5277538299560547
8.678125432705007,6.119047164916992
20.7428439693387,-8.212007522583008
-1.511416195100045,-33.71245574951172
-23.3725501337939,-5.257101058959961
4.69437535963172,-4.270389556884766
8.24149319055937,-0.457427978515625
-0.2898522089969393,5.1783294677734375
-7.19378137939456,-9.972721099853516
1.0271109700113177,-0.034412384033203125
-14.564555056626377,-0.6659965515136719
-9.657849716236,-28.33199691772461
-0.7280966227290082,-2.838634490966797
-21.8962191024866,-12.338394165039062
-40.2614734397264,-25.161468505859375
-1.77750068778882,-3.4822425842285156
-28.3488859938485,-30.080488204956055
-8.184373188662292,-51.824363708496094
-6.135426654744688,4.134620666503906
-3.270422191581055,-9.67630386352539
-6.055427015859325,-3.595151901245117
-34.3143130117107,-25.81871795654297
-50.4820483838523,-26.92356300354004
-4.639593570653838,-0.2749614715576172
-21.0606958753072,-17.746660232543945
8.747205755218493,10.689918518066406
0.6884341878779402,1.1319694519042969
0.300408103033295,2.0877323150634766
-2.6184282494780104,-0.8962860107421875
-37.3999740396079,-23.263078689575195
-10.594900847222812,-10.650131225585938
-23.227454082363305,-12.402114868164062
-15.4814292943448,-8.219331741333008
-6.89310310865277,-7.475561141967773
-0.3887710448227697,-8.000757217407227
-4.0896099478500325,4.870782852172852
-42.6579269422049,-32.44123840332031
8.45389840526827,7.348852157592773
-15.5157954828953,-15.133530616760254
-1.9802660997523944,4.617124557495117
1.8368511005450223,-2.5574417114257812
2.11900133622217,2.0394325256347656
-38.4962238749225,-33.50996780395508
0.8069046214032297,-3.4991226196289062
-0.0780407432645869,1.7664031982421875
5.009535132419683,3.8131752014160156
-74.9399761386801,-49.53815841674805
2.806732553915905,4.639470100402832
-4.81834176383161,3.9134368896484375
-1.4920816076829602,-4.316986083984375
-0.003939288658445,4.982511520385742
5.86288473591452,7.366493225097656
0.4443344011282492,0.1279430389404297
5.72263802046558,2.7150230407714844
5.46583466116103,-6.521749496459961
5.05355462238675,-0.09075736999511719
-17.190033530139498,0.4635334014892578
-10.1192188918475,-6.664438247680664
-10.539071528779305,-6.344318389892578
0.2492257167476033,1.8155517578125
14.9823899147147,8.131465911865234
1.7336328627834918,2.9019393920898438
3.2582764286422226,0.6189384460449219
-42.4099588259267,-25.338207244873047
-38.7823663998969,-19.024982452392578
11.644495901203598,8.783011436462402
-39.0956747424042,-7.662620544433594
-38.6438610292767,-21.7930850982666
-40.5029244010595,-38.63508605957031
-0.897066728281827,4.111499786376953
-17.6830733389949,-0.9849414825439453
-0.0084306638066775,-3.662242889404297
0.5394390329931549,0.7005252838134766
-21.61387508166409,-7.330411911010742
5.053393098685065,2.717823028564453
-15.7834934865799,-12.12911605834961
-58.40351531723695,-48.056175231933594
8.86280218600469,9.552810668945312
1.888243484494037,1.8288803100585938
8.99923705482913,1.3112468719482422
4.133325903305868,2.065235137939453
4.774357664359128,1.4390029907226562
7.418770080750715,-6.131351470947266
-2.25262466719878,7.13555908203125
-7.071587649042333,-2.270536422729492
4.398742241377427,4.030149459838867
-8.692928400841772,3.5290088653564453
2.334382802629,4.497474670410156
2.8274240704709,9.363967895507812
2.1747311895065486,9.107650756835938
2.776867734737273,5.641757965087891
-12.4595255596924,-7.634744644165039
6.86106163750481,3.630817413330078
-0.3530077955256401,-4.562839508056641
-1.6020246929696491,-22.8770809173584
-7.57557880794988,-5.965456008911133
13.9692836454661,2.522195816040039
1.289294757415069,-6.165061950683594
-20.3746494688195,-22.13228988647461
-8.044482691931467,-4.7088775634765625
2.51340467963473,-4.609075546264648
11.0282847349576,12.457942962646484
-1.3944922949507652,5.892889022827148
-26.2706781913698,-22.572608947753906
-71.7765711158932,-36.4351921081543
-44.2857422252861,-27.355741500854492
10.116767222520318,8.566446304321289
-46.9980356488569,-35.68633270263672
-8.677497573270493,-3.2259864807128906
-25.781275563237,-5.54771614074707
-26.5692742661385,-17.94048500061035
1.2555345380058751,-2.7608489990234375
-0.810306898238276,-1.0006866455078125
0.2404076931068699,-11.367546081542969
-11.9846830308257,-13.589740753173828
-5.775806690181939,-8.042278289794922
1.9806048133258944,-26.687334060668945
16.618750626525,11.917924880981445
8.204494762209066,3.616750717163086
6.80321923705408,-8.878625869750977
11.710679650337616,3.4534549713134766
3.181253849239128,0.4211540222167969
0.90894434552881,7.102079391479492
3.547124544521316,-17.60965919494629
-2.202886656443709,-2.5800857543945312
-11.133669865203094,-12.487056732177734
9.328533024448705,4.709804534912109
-0.7012610501602399,-2.011720657348633
-0.3170472839931941,-0.4124908447265625
-2.3458288386735573,6.557437896728516
-26.1191329979098,-10.550542831420898
-2.33292598982445,-3.977741241455078
2.461922216333884,3.717395782470703
-22.4462583852743,-24.09592056274414
16.899113604615202,8.895822525024414
-2.85382252753121,3.7634353637695312
1.2705701336207027,-2.0915298461914062
7.960789166364423,6.907081604003906
2.71808902854303,5.202289581298828
5.5273920092716775,-16.67535400390625
-4.11149235653684,-4.950527191162109
-20.9676231329802,-1.7677326202392578
-0.89184437235696,-2.2296180725097656
-1.2816619609782416,-0.19119834899902344
4.85634828411675,9.246597290039062
4.71112087372323,-0.24876785278320312
-30.7199022255615,-20.1978816986084
-3.8590388668775,-0.6865825653076172
-10.6557437737239,-3.2581863403320312
-13.4460672849668,-25.199878692626953
-5.527709296795018,-7.423772811889648
-1.876637029070265,-6.415243148803711
10.2532613363299,8.532432556152344
3.00680128293027,1.6526470184326172
19.33685959748449,11.016807556152344
-0.1058882282985149,2.5617504119873047
14.3436638764016,4.909311294555664
-16.1535771788668,-25.546112060546875
0.9480162028997956,0.2838783264160156
-18.5891767455387,-30.443649291992188
6.02246857213521,4.711368560791016
5.16750826555368,5.115772247314453
-1.0190872666435924,-1.2816925048828125
-19.100904418149,-9.764034271240234
4.743603615290096,1.6005783081054688
-13.8157551615103,2.4321632385253906
-3.802611775309477,3.8729896545410156
4.30511943579503,1.9339370727539062
-22.482844278002705,-13.764375686645508
0.60779733849738,-4.041469573974609
-38.4626262988146,-25.11132049560547
-0.6089836493556324,3.3893184661865234
0.8617451361473882,3.5941905975341797
-2.40000424902785,-4.675285339355469
-2.390619984667185,-1.0179176330566406
-15.559462368784592,-19.684310913085938
-13.790764753514,-5.194541931152344
-9.325981865786185,-4.040187835693359
-58.4491138315396,-41.86570739746094
9.550892694239591,15.287056922912598
-2.3538192484503564,-9.174703598022461
-5.83438093189622,-0.402313232421875
-7.10827059552493,-11.779470443725586
-12.414939844598162,-2.057178497314453
6.6154810826822,3.156953811645508
1.3155747227446202,1.415140151977539
-2.56542276271332,3.7257080078125
-13.546032832554804,0.8839912414550781
-16.600339428286603,-13.473690032958984
6.167862854629888,6.026449203491211
-40.922076323723,-14.523605346679688
16.9349100756105,6.357509613037109
-12.24911226903676,-7.599023818969727
4.867927463076468,2.488431930541992
-21.6327950573002,-27.767925262451172
7.11033993521173,5.91663932800293
-9.59094984812801,-20.187929153442383
4.92186081619874,6.0295257568359375
-7.815562497274902,-0.010610580444335938
-2.20364176327536,2.0097427368164062
-19.6754058911438,-42.272586822509766
-91.8886792382854,-23.2645320892334
-20.9507978903398,-40.26964569091797
-17.8084408175675,-4.017513275146484
-62.9612541332419,-41.477317810058594
5.598134989920393,5.369295120239258
-7.283890318199592,-7.35430908203125
6.1026124307435,8.589987754821777
7.42840635595139,3.481588363647461
-5.179391847578812,-9.331387519836426
-4.873152982370568,-4.85700798034668
7.276768036701751,-4.895238876342773
-10.739322929783883,2.564065933227539
-22.9219832537164,-39.136383056640625
1.5259403537211615,6.362337112426758
-44.7886924625105,-43.533790588378906
-3.72583443525641,3.0997276306152344
-14.57002364123529,-30.267017364501953
-10.128266274366498,-19.862491607666016
-28.0249952668106,-16.316110610961914
-26.24662901330595,-35.459617614746094
-40.3645652505015,-30.82111930847168
-30.8056950922951,-13.212400436401367
-3.9552380984537248,-4.040363311767578
-2.1789667599796294,-5.992626190185547
-0.5734820606807138,3.5490455627441406
-1.1617148968623687,-9.634635925292969
3.42848617073407,-4.120521545410156
-17.4030551064212,-8.258840560913086
3.88109013796494,1.4582748413085938
9.400493271217616,0.8804225921630859
-11.302161927872188,-9.74747085571289
-13.3709137252944,-24.214086532592773
-6.79658968512302,-2.3147106170654297
4.509456424718162,9.75064468383789
5.45103123545738,1.9729671478271484
-12.909180343140196,4.842723846435547
-6.61979034735207,-6.810735702514648
11.9978624338519,3.4874916076660156
-12.53254789251529,-2.5892105102539062
-8.36198121766124,-5.88442325592041
-4.361976736345532,-6.921192169189453
-0.1898191226144924,3.0258398056030273
2.3166834950764685,2.5845184326171875
-12.6203596574975,-22.34348487854004
-1.207429910073891,-5.318883895874023
-29.7403775200217,-13.349620819091797
5.31082796058257,2.9117698669433594
2.97844031586002,-3.5043487548828125
-12.533050119535002,-10.313362121582031
-5.8684323426223,6.264921188354492
2.391980620215489,5.389324188232422
7.73570234615748,-2.491802215576172
6.093529951556334,3.3363208770751953
17.709922444879297,8.513595581054688
11.779516260068313,7.387664794921875
2.4866177573815964,-0.18127822875976562
-30.89708550466269,-35.02115249633789
-9.231606713935047,-1.1680583953857422
-13.4089268865456,-12.476863861083984
-9.06573754635488,-22.74763298034668
9.30630078585379,1.2134895324707031
-7.156550033865472,-10.677810668945312
-10.5414716495377,-4.329484939575195
-27.8178569354009,-32.245521545410156
5.3817717725564,-2.0430564880371094
-35.155236696245,-32.98354721069336
-21.4141717786538,-16.146072387695312
-2.6053130644292946,-4.148384094238281
-9.953220777101093,-7.153347015380859
-8.798237091769485,-9.884504318237305
-27.6920167541674,-15.676471710205078
8.017093587799739,1.3452472686767578
-1.19024715514191,-1.9361381530761719
-3.2855896341823474,-19.360675811767578
-30.7366736665872,-18.081567764282227
-11.338238855350506,-15.615118026733398
-1.059512617215007,-1.1209373474121094
-33.7712071062874,-33.385780334472656
3.812227003524945,2.3616809844970703
-2.8472026300298463,-24.377727508544922
-21.5871320482388,-0.8183631896972656
1.845960760756301,-0.022319793701171875
-13.950148061363093,-0.9074831008911133
-15.1006814359747,1.5575523376464844
-8.65496498210776,-9.037410736083984
-31.18852367408345,-29.04111099243164
2.35160533891099,-1.6723766326904297
-7.06329362397977,-9.739627838134766
-11.299328727708405,3.06390380859375
-5.73967918172164,-4.749288558959961
-4.062121175440552,-3.632387161254883
3.62056380925444,1.3857192993164062
-6.512385872303066,-28.530431747436523
-17.2817979072755,-14.35032844543457
5.79128728304933,-0.7065963745117188
3.7921116228684086,4.231784820556641
0.51700222845629,-2.1870079040527344
1.0966146270020711,-6.181571960449219
-6.613686761665703,-15.256879806518555
-39.873530292237,-32.55205535888672
-35.0272315856836,-36.69388198852539
0.2475632146873464,4.294568061828613
5.59963570142504,-9.544697761535645
5.29419053806362,-0.02374267578125
6.457932781589695,4.126686096191406
6.4251548431743295,-0.5880107879638672
-19.7885249955934,-22.327552795410156
-2.4097304318056905,-3.4427452087402344
7.543407488617369,8.918447494506836
1.83593808226401,2.1180639266967773
-1.5082203021212124,-0.5471954345703125
5.99108205682079,-2.7959537506103516
-18.1797235112709,-10.922100067138672
-12.840088322870097,-10.957450866699219
-2.23616712442702,6.723960876464844
-4.662511414401839,-5.246476650238037
3.41802282280863,3.151264190673828
-12.0320822507053,-28.766984939575195
-25.9801803981754,-24.7491455078125
-5.97419023328963,4.042505264282227
15.4186986077963,3.8841514587402344
4.480465220149085,-1.5660743713378906
-13.2363849677504,-4.205808639526367
-9.362863686069195,-11.76617431640625
4.128157012788561,0.20738601684570312
2.26767773086615,-3.8620758056640625
-24.1634597090208,-14.908672332763672
10.013204486477417,9.768011093139648
-31.934070451053,-12.869935989379883
-22.9515728231767,-5.314081192016602
-11.219410776078313,-19.496448516845703
6.00089213826483,4.180198669433594
-28.9638748432599,-47.494232177734375
3.11049964318654,1.0142688751220703
-1.073248118887358,-4.467781066894531
-10.249148139079496,-15.440340042114258
-13.14009076535719,-19.538734436035156
0.7364260970712593,-0.9154205322265625
-44.9949251983702,-16.52304458618164
-5.159519294761907,-8.80483627319336
1.869241020829697,-17.460018157958984
-55.54568697318505,-51.816810607910156
0.3065104335081801,-1.5638980865478516
-10.386374558578522,-4.5793914794921875
-3.0345245902191325,2.8869190216064453
-57.144820014625296,-42.140377044677734
2.85060083445348,2.4605751037597656
2.446050707651698,0.851654052734375
5.50221601830175,1.5102195739746094
3.455876052191651,-6.849687576293945
-14.6157572128631,-21.390087127685547
-0.874105623616695,1.194417953491211
-1.378759213278819,-6.854034423828125
1.350733135180331,2.1742591857910156
-1.94666134980912,-7.919757843017578
-3.36735139960915,-5.720163345336914
0.8319171014720902,-3.7055015563964844
-40.2101205720394,-11.302225112915039
-24.577379709126298,-50.452735900878906
-18.6292132467089,-12.768705368041992
-46.39510994896701,-21.809112548828125
-2.487076105276776,-5.575872421264648
-4.752960817423343,-10.810400009155273
-0.1160299782726794,-3.308063507080078
-18.5277286275242,-8.085704803466797
-14.1325019191809,1.0578975677490234
10.909208084253878,11.888294219970703
1.30779520720034,3.6622467041015625
3.986867952152618,5.139369964599609
-21.7936206120663,-23.62942123413086
-2.643556292002,-4.194757461547852
11.0853991753379,1.1421966552734375
-12.9397422629832,-12.299446105957031
-0.190891674386513,3.263385772705078
-6.32558602127377,-0.47316741943359375
5.391699208755202,10.423789978027344
-8.998840630677615,0.09998321533203125
-1.6005087696864486,5.735414505004883
7.5482379424635875,7.636280059814453
-7.642910278690365,-1.718606948852539
3.719171936095444,8.63775634765625
-0.8981307679622897,-2.803640365600586
7.06032809637297,4.909523010253906
-3.134999611446543,4.568056106567383
-5.94174589421185,-2.0745010375976562
-17.7883076547542,-27.21430778503418
-25.2381267145584,-36.28231430053711
-27.5445722402187,-34.705772399902344
2.6678241356197647,0.6534652709960938
5.02066543392875,0.23801612854003906
-1.67197513843126,-44.25303649902344
6.58117049992555,4.383275985717773
-2.1147225087047508,-2.096355438232422
-76.9668504799361,-22.317901611328125
10.11870938841209,1.97344970703125
4.755697845162629,6.78593635559082
4.001938538520379,-6.891397476196289
-14.1813773041305,-19.637014389038086
-24.2508933717269,-12.429655075073242
-22.3071231538392,-29.16994285583496
7.2595381633228,6.679452896118164
11.555346181601609,10.990050315856934
-26.258782255785,-23.584209442138672
10.3189652047012,3.695934295654297
-18.5255095356289,-26.229476928710938
-1.0680791130593923,3.783628463745117
-3.5390830989045075,-20.439010620117188
10.468583156479704,4.072021484375
-10.613183176373598,4.6941680908203125
-6.40442742836347,-0.8315086364746094
7.196532980977684,5.877269744873047
-10.586292641023492,-1.272963523864746
-26.79502671025515,-32.28226089477539
-7.187555808667961,-1.562398910522461
3.1988276731025875,-11.296760559082031
7.827394642815597,8.849567413330078
3.887422638441485,6.410871505737305
-3.41466344580097,4.865512847900391
2.667044757168528,-1.3403606414794922
1.0590749185315824,-0.6137275695800781
-3.9965921287470247,-3.937734603881836
10.982614675109394,3.5846519470214844
0.4076170529080399,-0.39269065856933594
2.71319811317338,-4.354436874389648
8.652061852316729,-1.3426780700683594
-0.6579761516790089,1.8751029968261719
-51.6773231694491,-29.642574310302734
-2.8325461302865187,3.1003761291503906
2.12749125232924,-11.348474502563477
3.562549470771905,8.237226486206055
-16.517773128145326,0.3999919891357422
6.874655354673765,6.48204231262207
0.2047767843086013,-3.8455123901367188
-2.698758931910008,0.0932159423828125
1.8601156760560384,3.524585723876953
-22.2455703021075,-24.704986572265625
2.4288820651169605,-0.45819664001464844
-16.8307740899425,0.8966941833496094
20.7191486697607,6.509937286376953
-30.7261055182573,-28.013710021972656
-38.4849400567448,-22.390810012817383
-14.3103126367969,-15.094400405883789
0.7860328468455551,-4.549949645996094
-48.3858044800915,-38.3646354675293
-3.21662088766757,-12.788700103759766
1.675245639565673,-8.445219039916992
-90.3299705619704,-42.924644470214844
-9.28527551691871,0.30370140075683594
-1.2293411329062325,4.471370697021484
-4.534682244798708,-8.612529754638672
-68.1959205924323,-41.30659103393555
-24.5242345195019,-22.305797576904297
-2.77042962989298,0.9549980163574219
3.8009101564042025,1.5094280242919922
8.933703319425492,4.315532684326172
-11.341527235964405,-5.2120361328125
6.71098989067457,4.749198913574219
4.54734483862441,5.405511856079102
-5.16341129781556,-6.9044036865234375
-49.062306315025,-54.50459289550781
5.26551760771767,2.4101486206054688
3.33951124606136,-8.82553482055664
5.006519903780723,-5.883386611938477
4.05485944970297,-5.709291458129883
2.283405953189745,-0.8814926147460938
-2.66483863280114,-4.884422302246094
12.566471603210276,6.689765930175781
-27.9020155354992,-11.898714065551758
8.88265541550952,2.9835891723632812
0.1652887870268324,3.8689842224121094
15.4985727759109,8.885896682739258
9.014890317831036,5.819438934326172
1.4803529144374856,0.6241741180419922
18.1939100849816,14.719598770141602
-2.6304973605131474,3.5233078002929688
-5.493763326806099,1.8702507019042969
-36.7383193130824,-27.326152801513672
5.062784719364307,9.426496505737305
-12.026803679110706,-25.281435012817383
-3.01321716593974,1.7892818450927734
8.35813394800668,11.13493537902832
-3.60075442831331,-2.7520065307617188
-9.509135784465323,1.5595989227294922
-19.6175855102284,-9.244388580322266
-27.8629509568953,-25.561546325683594
1.74273211890989,2.3886566162109375
-2.19578977406709,2.0698795318603516
2.42002639701588,9.127399444580078
-25.55316918036869,-19.721454620361328
5.635020609606415,-0.4986991882324219
-34.727836669101,-29.883275985717773
4.4516036428765,-0.9834136962890625
4.967381413305823,3.1861000061035156
-6.81516141534704,1.0071678161621094
8.658679095048068,8.306129455566406
3.7347243087796,-4.694087982177734
-12.909633143366396,-5.913476943969727
-60.49569009623433,-28.941009521484375
-3.790702882666694,-2.8374881744384766
-12.41068356063,-9.51490592956543
2.76740193393285,-0.4820404052734375
-18.9061714872788,-12.285449981689453
-3.681083449701528,-9.571205139160156
8.13893448615947,6.269357681274414
-51.402683514636095,-25.004173278808594
-3.0703466753296,-1.6058387756347656
5.989492839405608,-13.296516418457031
8.833837192566008,10.724586486816406
-26.1965705632023,2.863191604614258
10.229168329440906,0.9533967971801758
2.12042655289975,-7.402569770812988
3.88810032819938,1.998025894165039
-31.515616413872173,-17.80777359008789
2.28163515100639,0.6849746704101562
-9.633163292669298,-17.57829475402832
2.63206586722876,1.1836767196655273
0.3189015990893598,-7.562267303466797
-6.31868596379813,3.922025680541992
-6.4648984000359935,-9.956829071044922
8.91646092056966,1.8568096160888672
-42.637521131086125,-25.52311134338379
-89.5439156156453,-49.14112091064453
9.179556151687803,-0.23139381408691406
8.754663680824095,5.798551559448242
0.8838679103249854,1.2212848663330078
4.338369925074482,7.155534744262695
-18.23432595343749,-29.119976043701172
6.92534745147092,1.3412609100341797
-1.768261666543676,2.9354095458984375
-7.87226820943855,1.4106616973876953
-12.0847368637308,-12.476911544799805
-4.4222229386498375,-4.238189697265625
6.63109301847755,0.9091529846191406
1.675381804264854,-3.5676441192626953
-6.897600670415837,-4.629581451416016
-12.2774867069717,-26.3155574798584
-3.963646539183849,5.455503463745117
-2.552277046947741,-7.342887878417969
-10.78700495517378,-8.501087188720703
-6.426376983867103,1.5419425964355469
8.2142562177934,8.285341262817383
6.07843040491799,4.038373947143555
3.08443697315444,0.32904624938964844
-1.3811964732242277,-7.862581253051758
-4.51305804704249,-2.6195106506347656
-9.93375477053989,-6.832759857177734
-0.6581754288220045,0.08222770690917969
-7.952166005584182,-25.770645141601562
-13.563015982384195,-10.126840591430664
-47.9957157156951,-24.738914489746094
4.96190002222477,4.017936706542969
-2.0240269290899,-1.5674095153808594
3.47166270740147,2.4784507751464844
-5.2815921348029296,-0.937347412109375
2.369358494612781,5.908805847167969
-4.214346026907057,-2.830028533935547
-23.8934551543691,-30.493358612060547
-1.0659561461183158,2.948556900024414
3.126169348435272,-13.54785442352295
2.35164464781062,0.6046218872070312
-1.79502295092813,-2.1652698516845703
-15.957982665262508,-29.67545509338379
-64.65676531723692,-41.40145492553711
-27.8195558011628,-21.99374008178711
-10.480511156242285,-14.259138107299805
-6.18357684414468,-2.629058837890625
-6.75960002722117,-9.590381622314453
4.4105627388370605,-2.4637680053710938
5.58846482112586,-5.09715461730957
-16.8483709423333,-5.182710647583008
-3.34531377329845,-1.1105899810791016
5.893700156574014,6.076335906982422
2.745769909533195,3.885648727416992
2.53362859007723,-9.076713562011719
1.0880788430276551,3.4419288635253906
