Score,Pred Score
-13.812973987503693,-15.642906188964844
-14.6311710829416,-15.292640686035156
-15.020937907067507,-13.766340255737305
5.61896917638109,9.70159912109375
0.1461877509898399,-12.116669654846191
3.59745169898486,-5.182936668395996
-6.72144892291601,-3.7470197677612305
4.304204520484877,-12.512063026428223
3.37898618824583,-0.3554267883300781
3.939818822274421,3.2016868591308594
13.9953943577381,21.865917205810547
-5.39913759737588,-35.38426208496094
-2.204579993178592,-8.700468063354492
8.829561804598438,3.1004436016082764
6.01696699102072,2.5142197608947754
-6.376202369524528,-37.18692398071289
-6.50906463316165,-14.831153869628906
-60.92137282626391,-55.91682434082031
1.99934019108803,13.797170639038086
2.188685633501576,-3.1123123168945312
4.07090957771029,-14.083831787109375
0.5211206139658471,12.79644775390625
12.5580583918003,26.404239654541016
3.320229681965675,-26.359336853027344
-0.4381862293696001,-7.117772579193115
0.1752112379752922,-8.873215675354004
4.123908949931413,35.14213562011719
-14.2382866820043,-1.0810203552246094
12.966325580978296,8.303038597106934
7.692941411907634,1.5303950309753418
-62.9031214125763,-32.15399932861328
-5.800670766453999,-8.269891738891602
-11.705366535732304,-7.207679271697998
-4.786538605318405,-0.4672584533691406
-82.4887013651952,-26.802892684936523
-8.251107402184557,-6.082639694213867
1.61677665352485,-7.176730155944824
-11.916211326129387,-12.375476837158203
-45.634880019414,-27.321643829345703
-0.568998602339841,-11.401317596435547
-12.147399114840605,-11.48944091796875
-27.4476544011683,-20.805870056152344
-2.306526469902426,-14.603292465209961
-0.4835459876036119,5.035373210906982
-8.39479061793487,-8.616098403930664
-46.862925671502296,-16.039688110351562
0.3837795244341289,-3.332712173461914
7.184930267876617,-5.924552917480469
2.8348518495029404,-3.2080283164978027
-9.859535687586003,-6.46197509765625
-6.00025755794808,-10.012879371643066
-4.764629840066975,-24.861907958984375
-2.377061578670744,6.086456775665283
-2.0585753436264698,5.53087854385376
1.1848602197973823,3.868499755859375
4.97603191479674,-3.9208450317382812
4.27399441028646,-18.476234436035156
-46.2372447228831,-17.82804298400879
-31.4759298257721,-9.679672241210938
-50.1674018945849,-24.87436866760254
0.9601515747159592,-2.3915109634399414
-11.864177458483407,-3.012176513671875
-0.538262620928304,-3.8699169158935547
-0.6920482116816997,-5.619150161743164
-1.5184696160120892,-0.9251389503479004
-3.0836644409391925,0.20521295070648193
11.316750179392892,8.263815879821777
-11.183106529127476,-8.660311698913574
3.59102041590596,-1.9598846435546875
4.55602013063716,-3.367213249206543
11.579228393987275,9.2877197265625
2.3067635611900137,0.6455717086791992
10.480393919522983,3.2163405418395996
-2.698100773809443,-2.017026901245117
3.776985072333982,-15.402427673339844
-11.773766374328297,-15.29976749420166
8.681027307740193,0.517852783203125
-1.1091988250418725,-1.8736162185668945
4.484288991501213,6.275798797607422
0.0548896546292299,9.674602508544922
0.1118559290339978,-8.199505805969238
3.9797293996962297,-2.342109203338623
-22.42608065327665,-19.67703628540039
7.37064384347005,-3.8988723754882812
-0.2642143205483515,-9.893278121948242
5.344594984386832,-11.818792343139648
-1.2497809936708242,-12.997082710266113
13.71198107208239,-0.2100820541381836
0.5045482395984724,-5.421822547912598
2.86709961553106,-5.689053535461426
0.4423212163888063,14.225576400756836
-3.724573545179619,4.273665428161621
0.2570808252882703,2.1913909912109375
-70.65073406723695,-39.78199768066406
-33.9587360563784,-14.256834983825684
9.2088386022025,-7.736603736877441
1.3318185914773402,6.6873779296875
-9.176001953270983,-14.6830472946167
-10.497767159210698,-17.14385986328125
-0.4402086584014632,-1.6436681747436523
2.1560784090827942,6.566088676452637
-27.1636490162131,-5.823239326477051
-0.670930828719279,-16.2005672454834
-22.794043146736,-17.49009895324707
0.8105828534072201,4.053394317626953
1.2287673509824204,-1.921372413635254
-0.6435038581465955,3.7538795471191406
8.474782023793379,7.467885971069336
-9.601847091024196,0.2354888916015625
-1.6610011043127195,-0.7497148513793945
-0.1091636509260827,-2.18147611618042
7.570838092245207,-10.804638862609863
-7.211196994815285,-23.171981811523438
9.090654061652296,1.4789657592773438
-26.6651088566214,-1.6606569290161133
-17.309192174305,3.183277130126953
4.14054171285972,0.6059932708740234
4.097668935846943,0.9131736755371094
-0.29408409265346,4.193347930908203
-35.8165916579592,-24.778629302978516
10.898098675545494,2.8425650596618652
-1.6552655274048038,-5.08043098449707
1.6729502580778592,-9.08823013305664
-6.42491227706334,-13.414600372314453
-15.4752611754195,-12.80905532836914
-0.6907348474047925,-0.7478570938110352
-21.3629045873375,-14.03900146484375
4.219145585451182,9.484786987304688
-3.019531285218114,-12.261886596679688
4.25311060075082,7.842991828918457
-15.0412339008878,-24.74420166015625
-8.237627320974727,-31.154348373413086
-1.0683487237199796,-2.4894371032714844
-1.7174251595272625,-25.98122787475586
4.069163600073605,-4.414079666137695
-10.162041561092582,-16.10346221923828
-5.97248436581227,3.288410186767578
6.120538767403939,1.5794901847839355
-0.8028238008287005,-30.31214714050293
-23.6042929930625,-20.98290252685547
-0.1777753404752198,-0.93890380859375
-5.785469568057495,-11.767097473144531
-0.0556983764780604,-2.9518842697143555
-25.4508968849616,-11.57720947265625
-5.3185412482723295,-0.945155143737793
9.1356503291117,2.739811897277832
4.020569536845237,11.901715278625488
-58.5527340809363,-16.85354232788086
-6.291328737399075,5.141359329223633
4.187869588752649,20.08413314819336
8.922207576391518,-6.022315979003906
22.7414116448382,14.402804374694824
-44.6057608529879,-49.2030143737793
-26.5129077898497,-7.700442314147949
-2.13735826282737,-1.6157617568969727
-1.14890133483728,4.834650993347168
-15.2234416939723,0.5678167343139648
0.369316059642221,-6.009456634521484
-0.6884117876070912,-16.364713668823242
-5.8772631055401,13.993637084960938
3.6053774296538297,-1.3344459533691406
5.07108724357905,-1.3040618896484375
1.292753014965791,3.402827262878418
8.440986836263871,-15.577085494995117
-3.43040335892423,-5.761783599853516
0.7651079053562314,-3.4201254844665527
-37.13962469223695,12.969257354736328
-5.822632503482525,-10.515227317810059
-6.879472048396067,-13.06053352355957
2.11024229353816,-7.595392227172852
-7.1526743450051855,-10.743732452392578
-1.122073026503361,-3.2177114486694336
0.3302260274555297,4.623477935791016
-1.178255647098801,-4.39801025390625
-2.99361591491145,-12.690811157226562
-18.1070051290659,-5.520267486572266
-3.0332808194811403,2.718099594116211
2.6303171850506604,-17.31695556640625
-9.72499716390718,10.054983139038086
0.2729453578388601,-8.995288848876953
-21.4503408223732,-12.277053833007812
-4.99755531471552,4.928164958953857
-18.0018409950579,-30.607349395751953
4.00031385473591,10.452776908874512
12.0378145652987,-20.02362060546875
14.1235470599023,-8.346142768859863
6.55729051148795,-1.1501541137695312
11.19992297656359,4.568497657775879
-7.81388191369781,-7.947397708892822
-2.924593214648255,-10.664932250976562
3.7667366885646025,-6.292562484741211
-6.68253431604433,-0.09258890151977539
0.7345204104922589,3.9552688598632812
-10.626155896203898,-7.234737873077393
8.106852576346123,-0.6011428833007812
-58.24412469223692,-31.379676818847656
1.4955767028094,-10.821637153625488
-17.6906096863185,-42.199562072753906
-4.813871520282443,-1.5678138732910156
-11.8973420493851,7.9144744873046875
-2.67676896274171,-2.833055019378662
-3.9331393974605526,56.78583526611328
8.756217929094177,0.11850833892822266
-29.2662792150344,-4.206312656402588
1.7249239205326918,-2.2062268257141113
-6.686975812883663,-30.35431671142578
11.10272802991041,33.576683044433594
-10.956818171714705,-5.392819881439209
-6.3500959185649,-21.32122802734375
0.6681105368389735,-47.420318603515625
-12.500029270357295,15.682121276855469
-2.591242863373206,2.619718551635742
5.954690473588823,-6.696551322937012
-43.929359067237,-28.10024642944336
-17.4841411730512,-5.204781532287598
3.61441892535489,-14.48882007598877
2.1112971208509976,-0.1851058006286621
-41.8026500314277,-8.4661865234375
7.028135642932115,-2.959522247314453
8.463248256721428,-21.556259155273438
-13.037072413777096,-3.9028701782226562
-1.6307504375632549,13.731170654296875
-0.3284521577656807,-1.3465843200683594
0.4685622181175212,-5.521892070770264
-5.316952415477393,-24.882720947265625
4.584421564331302,0.28719520568847656
-20.3593816575191,6.831581115722656
3.67041582610247,-0.836400032043457
2.204062447972561,2.0787830352783203
-4.666937653128132,-2.7987937927246094
-12.3781694316975,-8.61931037902832
7.06923762363823,-47.7923583984375
-37.2883298194418,-8.64013957977295
6.442434166934048,-2.3961358070373535
-12.2162083245621,-0.7873845100402832
-20.3623076046531,-8.043986320495605
-5.45440876641342,-4.331533908843994
3.1416241584890576,1.1964473724365234
-4.96580172718434,-6.1599578857421875
-37.4061766871973,-23.622535705566406
6.46185690649625,-10.09688949584961
0.5403453062071405,-4.1950836181640625
8.656689402528613,-1.8672113418579102
12.331931266595111,-3.080876350402832
2.75380173901167,-1.3114001750946045
-2.8447496930443927,-12.528114318847656
0.0285872237409883,49.39354705810547
-73.5286754265322,-10.759868621826172
7.285509446842615,1.2404375076293945
6.72046542688671,-0.3735780715942383
-6.19730890695259,-1.7852153778076172
-16.4599719883519,-4.531564235687256
-10.288292260688207,-4.5249176025390625
-10.285920522724917,3.745698928833008
-30.8171784242839,-10.809732437133789
-4.65691689928222,-16.399749755859375
-37.1716279374795,-13.428250312805176
-36.50577458359941,1.7240409851074219
0.7942566624333496,6.93209171295166
-34.8552692363716,3.866119384765625
-2.491707941339629,-3.530507802963257
1.7387039934851498,11.073753356933594
18.9715733525152,-1.8549299240112305
-13.8996269060666,1.1291542053222656
4.17561229224804,5.327975273132324
4.7680640763497,-8.967751502990723
-6.745372906074374,-12.862030029296875
7.262818938793504,-1.3457908630371094
-55.7541546140486,-35.444183349609375
8.453421074249384,9.55215835571289
-5.85807143580148,-13.718624114990234
-52.7336020518746,-26.140670776367188
-1.995826789875676,-14.912559509277344
-1.3326443092463092,-25.97089385986328
5.029017096161708,1.5781488418579102
-0.71117494174041,-0.050078392028808594
8.243548509216069,9.81161880493164
5.81602235619721,14.75564193725586
5.978124919049687,-8.837839126586914
-2.8859593337581737,13.53332233428955
-26.0047332498617,-22.224096298217773
-1.5220929784942658,-9.2792387008667
-3.195242757261453,-4.3355255126953125
-15.0089303719363,-8.072134971618652
-1.757118944268968,-21.56844139099121
-13.5091075877696,-23.107070922851562
-4.0681667574955,12.1133451461792
4.43276114617859,-0.7412834167480469
-4.665207913971671,-5.140995025634766
7.33919324558513,13.640395164489746
-11.69780882660921,-2.9890174865722656
5.960801203295765,-3.094543933868408
-29.9162730471743,-27.7769775390625
-5.331847529263395,-17.12464141845703
-40.7258600860177,-15.38001823425293
-35.3994683825842,-10.351968765258789
-10.968565079401992,-9.886855125427246
15.384553292915324,-30.605098724365234
-0.4271227388875901,-6.061631202697754
-7.69948364751984,1.79887056350708
-26.6822467124322,-23.457035064697266
-0.2823200449385875,-6.5018768310546875
-3.8453528225106623,-4.222064018249512
-2.4599041427842496,-17.022552490234375
-12.7315114055493,3.3484601974487305
1.418014053180695,-10.31021499633789
-3.4922781726655696,-0.1257781982421875
9.58062385928767,-5.289018630981445
-17.5801214502402,-14.955245971679688
-49.5120706514507,-19.693161010742188
-0.4503474699443348,4.188848972320557
2.332279780348585,-9.958412170410156
-42.2483635713802,-18.36607551574707
-5.00028834575103,1.6055450439453125
-5.14141487663266,-5.511109352111816
-19.923371510770203,7.358304977416992
4.28301459624688,44.5584716796875
0.3224388648416145,-3.9501352310180664
6.795393661635613,-6.3437652587890625
6.720388221210122,12.350870132446289
-20.7558388881914,-11.049283981323242
-12.5922662394529,-10.557554244995117
-5.19085420781142,-2.052138328552246
-27.3858072066324,-12.568523406982422
6.488490212037078,2.76531982421875
-12.5233171201947,-12.187856674194336
0.996650643215182,-3.3692917823791504
3.27144637329635,3.4995784759521484
1.203208947199059,2.445158004760742
4.5031585012656095,24.73131561279297
-46.6686841099013,-16.45574188232422
3.600655729290548,-5.792686939239502
-2.7077151362496297,27.922080993652344
-42.936846127142296,-38.11796951293945
2.679404112105611,-1.1466894149780273
-23.975827854410426,-14.077136039733887
-24.4869919201538,-25.410234451293945
-6.22433036882608,-5.851848602294922
-24.992167376126925,-9.105453491210938
-9.742168339465294,-12.269136428833008
0.1235817830644999,2.1938323974609375
-11.607028837624,-0.017088890075683594
5.321680837772678,-7.1642961502075195
3.3452637215970498,19.133251190185547
13.015759276594096,6.926025867462158
-6.13466459150186,7.381855010986328
3.0897024917955025,-6.744136810302734
3.557691046156,2.9086809158325195
2.0008593011464906,-3.7427849769592285
-1.2671721747064446,-18.252952575683594
-2.989164004622407,-32.823089599609375
-2.43808381047612,-0.6766939163208008
-11.30813578108209,26.38275146484375
-9.619042312244815,-20.93408203125
-4.01456885639382,-0.5437088012695312
-4.853312003098937,-33.9019775390625
2.78743688363977,20.37347412109375
3.6035536346157695,15.610902786254883
6.09033976794457,6.741559982299805
-5.89266438028177,-2.8313465118408203
4.780848076735348,-2.4124298095703125
-20.7592210135025,-31.211423873901367
-3.637071869773312,-7.205161094665527
-4.396710286499547,-3.6441550254821777
9.04709717330502,-29.120277404785156
1.69213972357191,-2.4808740615844727
-27.068723822751306,-5.864475250244141
0.2886204877907422,-8.478256225585938
-0.592182005541919,-18.162879943847656
-4.736229867816737,0.9346117973327637
7.877641553655238,4.967373371124268
-2.588665914009158,-3.0289859771728516
4.72846919446815,-16.80270767211914
3.42669038506664,-2.1275787353515625
-10.274169876330886,15.454679489135742
-1.289264920121349,0.5482444763183594
-6.9648772325347394,-0.5728607177734375
-1.2236747050651609,0.4197220802307129
-12.208208404490907,-36.824913024902344
4.40921359309415,0.5164766311645508
16.4171583068458,8.110334396362305
-15.991582533821994,0.8740949630737305
7.809600001042748,2.9366602897644043
-3.0331069492891496,-2.463621139526367
2.603164662477901,0.5349466800689697
-24.2572199033326,-18.190488815307617
13.667582002208905,-4.431275367736816
8.19307228691883,-14.154653549194336
0.4664503305112299,-10.390986442565918
-6.46133524603972,-22.275604248046875
-19.7520332208299,-45.89576721191406
-7.75971004909346,-16.866714477539062
7.66334596528203,-11.555936813354492
-27.64770126959135,-13.674776077270508
2.125547882163602,-13.420654296875
-1.8239337240231768,-3.710993766784668
3.3696784995100426,-4.904453277587891
5.265272900492549,-2.5470714569091797
6.753311816554961,-5.744928359985352
0.9434331950199416,-11.227554321289062
2.13745295521649,-2.5614066123962402
2.76912169862866,-2.8471479415893555
2.409764321136161,-8.39901065826416
3.7606671418030695,8.912330627441406
0.555665600488549,-7.15858268737793
-89.04756219223692,-64.84840393066406
6.987950206462267,-23.620376586914062
-10.09410467002709,-44.240623474121094
8.16191414696451,9.56666374206543
-10.731303688850904,-15.786514282226562
7.588764503474316,3.3250110149383545
-5.25293160621848,-5.821136474609375
2.3065604778561424,4.607425689697266
-3.8022266666193874,-12.416231155395508
3.22816419080692,0.09930229187011719
1.1941842843275,-2.2350053787231445
9.772192422094813,-7.496712684631348
-2.489313079893845,-0.8064584732055664
-13.547300817594484,-15.020511627197266
-1.5403494549472296,-1.2750511169433594
-5.139364658294922,164.80712890625
-1.32131943338233,12.81695556640625
-0.5284321769112605,0.8687257766723633
0.1119561526876595,-9.662419319152832
14.8508222506114,-20.32403564453125
-0.0918051514147744,26.943588256835938
-1.7237618714553775,-6.920098304748535
-1.5699354762224491,-8.690383911132812
1.5718362711845366,-2.1319618225097656
3.58036180553514,-6.406231880187988
7.45084701577923,-15.227456092834473
-7.378812419643663,-3.3544082641601562
-33.1832620874725,-17.607385635375977
-6.066411004621831,-1.2735824584960938
-16.4910721624856,-57.71402359008789
0.8267526169764301,-10.831995010375977
-9.762453719841735,-27.0515079498291
8.07102955700163,-20.408863067626953
1.741670982094262,37.24885559082031
-0.0053525606393112,-9.310211181640625
-51.4043293278057,-20.29810333251953
14.9415296965116,-12.780113220214844
8.70853787657841,34.91607666015625
-2.149900469098629,-9.302542686462402
14.8229623836697,2.3834128379821777
-0.0379657812584102,-28.19610595703125
-15.3173389528898,-6.51605224609375
-1.7663441991754285,-16.668960571289062
-6.708306328674888,-2.5830726623535156
-78.7451798053926,-25.279396057128906
-0.5413656534735456,20.801406860351562
9.625121597198186,9.47604751586914
-3.15562863494722,22.58241081237793
9.60447820177431,-8.548491477966309
-3.31847606547329,-3.1942358016967773
-4.12581810820042,-4.629642963409424
1.7706121017107803,29.082321166992188
0.5117341060036625,-20.229827880859375
2.63157412115867,-10.811277389526367
-4.763634360062484,69.08633422851562
-11.18181257464061,23.350601196289062
-39.4932668903457,-34.45428466796875
9.206200380526292,6.329400539398193
-2.93911844531118,-3.5016517639160156
-28.13472322157985,-13.21214485168457
9.62907409316032,-11.666967391967773
-7.042636248773623,-7.728333950042725
-4.03025121975644,-3.511953353881836
3.42951329804928,-21.254085540771484
2.5565427438131976,-13.922309875488281
2.8513084033656,-668.4990234375
-5.5623675139736175,0.6963839530944824
16.9968892380515,-2.63858699798584
-4.144685584269085,-3.464982509613037
-11.221818720505304,-8.50418758392334
-2.111656589218961,-0.9938921928405762
-1.626797120535592,-0.3223147392272949
0.7652624054000594,-80.4169921875
-21.5531296050118,-25.00214958190918
-13.053772031257305,-20.091426849365234
5.42509465390903,10.436382293701172
-5.5186956836840375,-34.714698791503906
-2.260381023139061,1.863438367843628
-30.3377383335249,-27.90843391418457
7.380729755239978,0.5961017608642578
-4.172986764275874,-15.088581085205078
-1.2036514942358316,-7.521509170532227
-35.2906329121599,-26.585609436035156
-2.54595208771381,-11.303231239318848
-10.901275449743116,-14.214361190795898
-17.0078420331655,-31.719268798828125
-17.0314498829154,-7.572334289550781
-11.9784507557909,-7.703278541564941
-19.469018973061075,-8.704453468322754
-3.2142130797467816,-5.6931233406066895
-0.5663484394051013,4.05143928527832
-21.2195468929047,-19.932165145874023
8.077984978184695,4.321709632873535
-17.0119321722455,-15.951074600219727
4.67424026120176,28.180953979492188
-47.9875704511971,-14.541091918945312
4.316615136301563,-2.7991342544555664
11.2728180991378,1.733006477355957
-3.5546157663424616,-34.164024353027344
-3.15887949932979,-8.264994621276855
-1.6422791314174887,-2.18060302734375
-3.448025235667948,-18.2646484375
-13.5632540546311,-22.616640090942383
0.8825935384285006,-7.681910991668701
3.27100049685324,2.281216621398926
-0.7762273913233743,3.404757022857666
1.026942322157092,-1.9548115730285645
9.859104788483815,-5.217411041259766
-1.9977872313530125,-10.419857025146484
-13.1809903671301,-3.761129379272461
-35.1782981083837,-31.83380126953125
-35.8337806803641,-9.942851066589355
-7.639409008216227,1.1581182479858398
-15.746453943284,-27.176834106445312
1.055995951979529,1.2296876907348633
3.987299411465438,-12.287944793701172
-37.0930621901092,-8.252334594726562
16.694612728237402,-3.3137402534484863
-4.527979888097892,-21.539548873901367
14.6352674345898,-6.713888645172119
5.034618319433818,-2.625835418701172
-3.77133000272187,-12.957691192626953
-1.61504571199055,-0.47105979919433594
-56.3663437951974,-47.258384704589844
10.088450856398616,-13.433979034423828
-14.285610883283098,-7.5930633544921875
2.6210618799141923,-10.139778137207031
-2.308732762121495,-12.957521438598633
-83.9761260280997,-23.117023468017578
-1.03656181464744,-2.1279296875
10.16232173056559,-1.4488859176635742
-3.12013961477547,-3.0345005989074707
3.010752586641185,-2.718463897705078
-1.5178355576616795,-3.565640449523926
-2.60072537807549,8.021947860717773
-2.367312137177082,-24.2730655670166
6.075310726130807,-0.27836132049560547
2.24572304437811,-2.6713523864746094
0.2044267191685782,6.203375816345215
3.85944773684647,6.123903751373291
-14.409506408843407,-12.588563919067383
-2.683955047842884,16.710735321044922
-0.0075038478591599,-0.0028553009033203125
7.190050317883171,-0.05473947525024414
-2.1691769605730515,-11.582012176513672
-7.910003358009165,-11.90853500366211
-69.1366966634013,-17.214405059814453
1.437241653553571,-19.76898765563965
-20.7409218490905,-15.688323974609375
3.78247800369874,-1.7355616092681885
7.909526276907584,-10.661596298217773
6.097122298913325,-18.43075942993164
24.5800902168924,6.303347587585449
-9.979741434164584,-21.46479034423828
3.1327986373042376,-1.7545766830444336
-8.393586343504198,-7.0943803787231445
8.678125432705007,12.697870254516602
20.7428439693387,-8.674317359924316
-1.511416195100045,-19.59310531616211
-23.3725501337939,-22.159709930419922
4.69437535963172,-3.2435789108276367
8.24149319055937,-3.4861183166503906
-0.2898522089969393,-3.850539207458496
-7.19378137939456,-25.38067626953125
1.0271109700113177,-3.6485519409179688
-14.564555056626377,-14.817190170288086
-9.657849716236,-26.92504119873047
-0.7280966227290082,9.149688720703125
-21.8962191024866,-1.4942312240600586
-40.2614734397264,-34.479820251464844
-1.77750068778882,-6.915313720703125
-28.3488859938485,-33.31568908691406
-8.184373188662292,-29.680339813232422
-6.135426654744688,7.255302429199219
-3.270422191581055,-1.9909744262695312
-6.055427015859325,-16.281293869018555
-34.3143130117107,-28.711318969726562
-50.4820483838523,-39.7256965637207
-4.639593570653838,-7.15155029296875
-21.0606958753072,-62.01802062988281
8.747205755218493,-0.7101888656616211
0.6884341878779402,-5.9295654296875
0.300408103033295,-23.6149959564209
-2.6184282494780104,-2.397313117980957
-37.3999740396079,-15.871328353881836
-10.594900847222812,-35.23556900024414
-23.227454082363305,-35.58832550048828
-15.4814292943448,-11.001962661743164
-6.89310310865277,-3.8498144149780273
-11.7962452523223,-0.736628532409668
-0.3887710448227697,-1.0546526908874512
-4.0896099478500325,2.972672462463379
-42.6579269422049,-27.417022705078125
-2.095241650043551,1.0204849243164062
8.45389840526827,-14.604354858398438
-15.5157954828953,-64.10060119628906
-1.9802660997523944,3.9102110862731934
1.8368511005450223,-9.875823974609375
2.11900133622217,0.5502486228942871
-38.4962238749225,-55.683372497558594
0.8069046214032297,-16.75602912902832
-1.73607437190069,-4.882688999176025
-8.46093254820262,2.0619659423828125
-0.0780407432645869,15.37005615234375
5.009535132419683,-0.4361696243286133
-74.9399761386801,-46.92964553833008
2.806732553915905,0.9853320121765137
-10.415057364934407,1.8898544311523438
-4.81834176383161,-3.7665863037109375
-1.4920816076829602,-6.356513500213623
-0.003939288658445,4.730293273925781
5.86288473591452,3.7829418182373047
0.4443344011282492,1.5085391998291016
5.72263802046558,-5.2950592041015625
5.46583466116103,-7.200582504272461
5.05355462238675,3.4399266242980957
-17.190033530139498,-1.2791309356689453
-10.1192188918475,-12.182170867919922
-10.539071528779305,-8.297207832336426
0.2492257167476033,-25.587005615234375
5.35198813185094,-12.671449661254883
14.9823899147147,-0.9949688911437988
1.7336328627834918,-13.704392433166504
3.2582764286422226,14.313217163085938
1.1615369027166365,9.514394760131836
-42.4099588259267,-53.116065979003906
-38.7823663998969,-6.573418617248535
7.99575647038201,6.638054370880127
11.644495901203598,4.137443542480469
-39.0956747424042,-8.810247421264648
-38.6438610292767,-46.164276123046875
-40.5029244010595,-26.981019973754883
-22.8644313188967,2.2228479385375977
-0.897066728281827,6.289605140686035
-17.6830733389949,-35.10734558105469
-0.0084306638066775,3.764571189880371
0.5394390329931549,5.96116828918457
-21.61387508166409,-13.902742385864258
5.053393098685065,-6.465558052062988
-15.7834934865799,-4.08699369430542
-58.40351531723695,-37.82650375366211
8.86280218600469,7.686898231506348
1.888243484494037,2.253448486328125
8.99923705482913,2.0824451446533203
4.133325903305868,-14.198402404785156
4.774357664359128,6.334327697753906
7.418770080750715,5.64121150970459
-2.25262466719878,0.8990049362182617
-7.071587649042333,0.03647613525390625
4.398742241377427,-26.394744873046875
-8.692928400841772,-24.26605224609375
2.334382802629,-6.4438371658325195
2.8274240704709,3.837061882019043
2.1747311895065486,6.827120304107666
-11.9965988914421,-2.1172142028808594
2.776867734737273,-17.447784423828125
-12.4595255596924,-0.518587589263916
18.5317724911246,1.5733318328857422
6.86106163750481,11.595475196838379
-19.1693792779686,7.004969596862793
-4.20883890972707,-0.18214130401611328
-0.3530077955256401,6.50410270690918
-1.6020246929696491,-37.161399841308594
-7.57557880794988,1.0869944095611572
13.9692836454661,3.9408211708068848
1.289294757415069,-3.4961185455322266
-20.3746494688195,-16.06863021850586
-8.044482691931467,2.8592052459716797
2.51340467963473,-2.9797816276550293
11.0282847349576,4.389935493469238
-1.3944922949507652,-47.68156433105469
-26.2706781913698,-11.326543807983398
-71.7765711158932,-25.85738182067871
-44.2857422252861,-27.558317184448242
-3.057699221935841,-4.339195251464844
10.116767222520318,34.07830810546875
-46.9980356488569,-13.428398132324219
-8.677497573270493,-10.055349349975586
-25.781275563237,7.894622802734375
-2.941164138388841,0.7843818664550781
-26.5692742661385,3.283013343811035
1.2555345380058751,-4.424534797668457
-0.810306898238276,-2.2643842697143555
0.2404076931068699,-3.2183265686035156
-2.5590885431480426,-10.085554122924805
-11.9846830308257,-1.713860034942627
-5.775806690181939,-4.086409091949463
1.9806048133258944,-28.308544158935547
16.618750626525,8.169925689697266
8.204494762209066,3.6907100677490234
6.80321923705408,0.25582122802734375
11.710679650337616,-8.350590705871582
3.181253849239128,-12.458663940429688
0.90894434552881,7.735202789306641
3.547124544521316,-41.728084564208984
-2.202886656443709,-46.84880065917969
-11.133669865203094,-3.8190670013427734
9.328533024448705,13.44594955444336
-0.7012610501602399,1.5933942794799805
-0.3170472839931941,-3.735224723815918
-2.3458288386735573,-5.543434143066406
-26.1191329979098,-12.743175506591797
-2.33292598982445,-19.333534240722656
2.461922216333884,3.0746755599975586
3.73205068567752,4.678079605102539
-22.4462583852743,-23.2060546875
16.899113604615202,0.5797348022460938
-2.85382252753121,10.406230926513672
1.2705701336207027,-5.457018852233887
7.960789166364423,8.128368377685547
2.71808902854303,-9.607610702514648
5.5273920092716775,-43.114505767822266
-4.11149235653684,-29.697145462036133
-20.9676231329802,6.947792053222656
-0.89184437235696,-1.2450151443481445
-1.2816619609782416,-0.9410924911499023
4.85634828411675,6.875744342803955
6.429854346358795,6.635985374450684
4.71112087372323,6.499423980712891
-30.7199022255615,-26.737899780273438
-3.8590388668775,0.18044281005859375
-10.6557437737239,-0.29061222076416016
-13.4460672849668,-21.69249153137207
-5.527709296795018,-5.131903648376465
-1.876637029070265,-12.359764099121094
10.2532613363299,-0.22467327117919922
3.00680128293027,-11.575309753417969
19.33685959748449,8.135035514831543
-0.1058882282985149,2.0658626556396484
14.3436638764016,6.360086441040039
-16.1535771788668,-37.151771545410156
0.9480162028997956,1.3390274047851562
-18.5891767455387,-45.62924575805664
13.309934514349203,11.751142501831055
6.02246857213521,-11.217315673828125
5.16750826555368,-11.095516204833984
-1.0190872666435924,18.162635803222656
-19.100904418149,-3.0397891998291016
4.743603615290096,-4.330966949462891
-13.8157551615103,-12.421197891235352
-3.802611775309477,6.20696496963501
4.30511943579503,-9.360151290893555
-22.482844278002705,-30.421798706054688
0.60779733849738,-10.225717544555664
17.8138573048897,9.852095603942871
-38.4626262988146,-4.338293075561523
-0.6089836493556324,0.43219852447509766
0.8617451361473882,2.6318626403808594
-2.40000424902785,0.9122745990753174
3.7078671714499096,-0.2858142852783203
-2.390619984667185,-1.4089202880859375
-15.559462368784592,-4.9076080322265625
-13.790764753514,3.4494357109069824
-9.325981865786185,-28.328407287597656
-58.4491138315396,-31.46514129638672
9.550892694239591,5.254639625549316
4.435147085081137,-1.7947587966918945
-2.3538192484503564,-2.0902585983276367
-5.83438093189622,1.0077037811279297
-7.10827059552493,-29.426620483398438
-12.414939844598162,11.272390365600586
6.6154810826822,1.0385055541992188
1.3155747227446202,-5.782515525817871
-2.56542276271332,-3.5064640045166016
-13.546032832554804,4.9462571144104
-16.600339428286603,-0.018909454345703125
2.9737175212081803,2.832216262817383
6.167862854629888,-3.3781323432922363
-40.922076323723,-24.660015106201172
16.9349100756105,2.887688636779785
-12.24911226903676,-8.324209213256836
4.867927463076468,-1.6774282455444336
-21.6327950573002,-23.113895416259766
7.11033993521173,18.478670120239258
-9.59094984812801,-29.406761169433594
4.92186081619874,0.8616781234741211
-7.815562497274902,-11.71505355834961
-2.20364176327536,5.881389617919922
-19.6754058911438,-35.9870491027832
-91.8886792382854,-7.884700775146484
-20.9507978903398,-32.696380615234375
-17.8084408175675,-7.747793674468994
-62.9612541332419,-24.930288314819336
5.598134989920393,2.8664016723632812
-7.283890318199592,-1.495347023010254
6.1026124307435,2.655211925506592
7.42840635595139,6.895347595214844
-5.179391847578812,-5.466976165771484
-4.873152982370568,-7.1171112060546875
7.276768036701751,-0.5066490173339844
-10.739322929783883,-6.759994983673096
-22.9219832537164,-29.392271041870117
1.5259403537211615,2.9757509231567383
-44.7886924625105,-30.660350799560547
-3.72583443525641,-5.7389678955078125
-14.57002364123529,-19.00136947631836
-10.128266274366498,-6.785195350646973
-28.0249952668106,-34.3101806640625
-26.24662901330595,-29.403562545776367
-40.3645652505015,-41.56582260131836
-30.8056950922951,-3.221543788909912
-3.9552380984537248,-5.933697700500488
-2.1789667599796294,-23.914749145507812
-0.5734820606807138,-7.863112449645996
-1.1617148968623687,-5.137721061706543
3.42848617073407,5.9543046951293945
-17.4030551064212,-10.548232078552246
3.88109013796494,0.9154548645019531
9.400493271217616,-3.8136720657348633
-11.302161927872188,0.8203792572021484
-13.3709137252944,-18.09122085571289
-6.79658968512302,-6.191045761108398
4.509456424718162,8.132658004760742
5.45103123545738,-13.409370422363281
8.149714042401495,-0.7908811569213867
-12.909180343140196,4.293142795562744
-6.61979034735207,-7.996784210205078
11.9978624338519,11.812538146972656
-12.53254789251529,1.4334335327148438
-8.36198121766124,-12.573751449584961
-4.361976736345532,1.119546890258789
-0.1898191226144924,-4.789125442504883
2.3166834950764685,-5.676921844482422
-12.6203596574975,-13.140655517578125
-1.207429910073891,6.6112060546875
-29.7403775200217,2.7703237533569336
5.31082796058257,-9.071409225463867
2.97844031586002,-7.204071044921875
-12.533050119535002,-10.69295597076416
-5.8684323426223,-0.8847668170928955
2.391980620215489,0.6744518280029297
7.73570234615748,-5.743889331817627
1.166748445159433,3.7098207473754883
6.093529951556334,-6.122206687927246
17.709922444879297,15.891850471496582
11.779516260068313,2.269904136657715
2.4866177573815964,-17.76290512084961
-30.89708550466269,-21.256317138671875
-9.231606713935047,-2.3235111236572266
-13.4089268865456,-6.981429100036621
-9.06573754635488,-9.103745460510254
9.30630078585379,-4.674649238586426
-7.156550033865472,-13.092564582824707
-10.5414716495377,-8.335929870605469
-27.8178569354009,-19.207748413085938
5.3817717725564,1.3357572555541992
-35.155236696245,-46.898826599121094
-21.4141717786538,-23.86166000366211
-2.6053130644292946,0.7519683837890625
-9.953220777101093,-10.785961151123047
-8.798237091769485,-13.275994300842285
-27.6920167541674,-7.269164085388184
8.017093587799739,11.438247680664062
-0.3550158381598589,3.518191337585449
-1.19024715514191,7.598163604736328
-3.2855896341823474,0.2362518310546875
1.844566842421384,4.417038917541504
-30.7366736665872,-38.12031555175781
-11.338238855350506,-15.025979995727539
-1.059512617215007,5.828679084777832
-33.7712071062874,-18.923892974853516
3.812227003524945,-2.0655517578125
-2.8472026300298463,-24.678186416625977
-21.5871320482388,-2.26420521736145
1.845960760756301,7.91314697265625
9.06213659212517,-0.7729787826538086
-13.950148061363093,-4.123836040496826
-15.1006814359747,1.2562694549560547
-8.65496498210776,-1.664900779724121
-31.18852367408345,-4.7455596923828125
2.35160533891099,-6.186733245849609
-7.06329362397977,1.1402359008789062
-11.299328727708405,-14.104181289672852
-5.73967918172164,-0.47641611099243164
-4.062121175440552,-1.897284984588623
3.62056380925444,-2.753514289855957
-6.512385872303066,-19.440372467041016
-17.2817979072755,-27.558006286621094
5.79128728304933,34.48339080810547
3.7921116228684086,-2.830714225769043
0.51700222845629,2.363758087158203
1.0966146270020711,-1.5340209007263184
-6.613686761665703,-28.304336547851562
-39.873530292237,-9.18271255493164
-35.0272315856836,-15.795503616333008
0.2475632146873464,0.35546302795410156
5.59963570142504,-8.732301712036133
5.29419053806362,-1.8572750091552734
6.457932781589695,2.883186101913452
6.4251548431743295,-9.636165618896484
-19.7885249955934,-19.810855865478516
-2.4097304318056905,-3.196751594543457
7.543407488617369,2.6038646697998047
1.83593808226401,-1.4621391296386719
-1.5082203021212124,-2.582233428955078
5.99108205682079,-3.7574470043182373
-18.1797235112709,-5.261794090270996
-12.840088322870097,-24.32402229309082
-2.23616712442702,2.4957385063171387
-4.662511414401839,-4.132712364196777
3.41802282280863,0.3181428909301758
-12.0320822507053,4.380527496337891
-25.9801803981754,-47.90972137451172
-5.97419023328963,5.275774002075195
15.4186986077963,7.503303527832031
4.480465220149085,-5.088855743408203
-13.2363849677504,-11.18603515625
-9.362863686069195,-9.12176513671875
4.128157012788561,-1.1252317428588867
2.26767773086615,-6.705011367797852
-24.1634597090208,-25.511138916015625
10.013204486477417,-5.525387763977051
-31.934070451053,-10.479232788085938
-22.9515728231767,19.39661979675293
-11.219410776078313,-6.4806060791015625
6.00089213826483,-10.550507545471191
-28.9638748432599,-14.548542022705078
3.11049964318654,-8.204869270324707
-1.073248118887358,-14.193233489990234
-10.249148139079496,-12.277560234069824
-13.14009076535719,-26.99698257446289
0.7364260970712593,-2.0203895568847656
-44.9949251983702,-4.933455944061279
-5.159519294761907,-1.817770004272461
1.869241020829697,-4.0887603759765625
-55.54568697318505,-22.77269744873047
0.3065104335081801,16.726591110229492
-10.386374558578522,3.1588544845581055
-3.0345245902191325,-8.839363098144531
-57.144820014625296,-28.935237884521484
2.85060083445348,4.502889156341553
2.446050707651698,-0.32295989990234375
5.50221601830175,-14.755924224853516
3.455876052191651,-1.9853553771972656
-14.6157572128631,-30.622699737548828
-0.874105623616695,-8.767745971679688
-1.378759213278819,14.18505859375
1.350733135180331,-20.05088233947754
-1.94666134980912,-7.727383613586426
-3.36735139960915,-5.805413246154785
0.8319171014720902,-1.7260589599609375
-40.2101205720394,1.9627666473388672
-24.577379709126298,-22.120624542236328
-18.6292132467089,-5.883073329925537
-46.39510994896701,-8.77663803100586
-2.487076105276776,6.4687957763671875
-4.752960817423343,-11.513771057128906
-0.1160299782726794,-6.138633728027344
-18.5277286275242,-7.855543613433838
-14.1325019191809,-14.214935302734375
10.909208084253878,11.095922470092773
1.30779520720034,-5.268226146697998
-5.77436797253085,-6.680580139160156
3.986867952152618,1.3907222747802734
-21.7936206120663,-34.35845947265625
-2.643556292002,27.614524841308594
11.0853991753379,-12.433886528015137
-12.9397422629832,-12.827543258666992
-0.190891674386513,-3.1411666870117188
-6.32558602127377,-3.6799492835998535
5.391699208755202,8.292236328125
-8.998840630677615,2.988959312438965
-1.6005087696864486,-6.512550354003906
7.5482379424635875,16.433551788330078
-7.642910278690365,-6.817289352416992
3.719171936095444,3.0970442295074463
-0.8981307679622897,-16.619487762451172
7.06032809637297,9.906120300292969
-3.134999611446543,-3.047919273376465
-5.94174589421185,-14.721070289611816
-17.7883076547542,-12.226346969604492
-25.2381267145584,-23.56110382080078
-27.5445722402187,-9.229564666748047
2.6678241356197647,-5.787009239196777
5.02066543392875,-2.3523712158203125
-1.67197513843126,-22.75302505493164
6.58117049992555,-3.6534006595611572
3.12612254618191,0.738189697265625
-2.1147225087047508,-5.114719390869141
-76.9668504799361,-8.98513412475586
10.11870938841209,-2.1853103637695312
4.755697845162629,6.007659912109375
16.5479703149859,6.27894926071167
4.001938538520379,-13.752620697021484
-14.1813773041305,-21.40138816833496
0.7709161631446207,-9.7401123046875
-24.2508933717269,-14.013646125793457
-22.3071231538392,-26.265308380126953
7.2595381633228,-1.8934717178344727
11.555346181601609,-2.627298355102539
-26.258782255785,-10.808095932006836
10.3189652047012,-11.567913055419922
0.809697096857583,6.79072380065918
-18.5255095356289,-20.07158088684082
-1.0680791130593923,1.6635980606079102
-3.5390830989045075,-23.297183990478516
10.468583156479704,2.9923572540283203
-10.613183176373598,-20.05080795288086
-6.40442742836347,-0.4712638854980469
7.196532980977684,-5.399662971496582
-10.586292641023492,-3.2786011695861816
-26.79502671025515,-27.384979248046875
-7.187555808667961,-9.952593803405762
5.4465900456679694,-0.6306295394897461
3.1988276731025875,-2.2455101013183594
7.827394642815597,7.527278900146484
3.887422638441485,-2.7882556915283203
-3.41466344580097,-5.0293426513671875
2.667044757168528,-12.578536033630371
1.0590749185315824,-9.116376876831055
-3.9965921287470247,-1.8921794891357422
10.982614675109394,7.942583084106445
0.4076170529080399,-10.679335594177246
2.71319811317338,-5.345812797546387
8.652061852316729,-11.708526611328125
-0.6579761516790089,8.697540283203125
-51.6773231694491,-30.887271881103516
-2.8325461302865187,6.056680679321289
2.12749125232924,-21.379478454589844
3.562549470771905,20.709556579589844
-16.517773128145326,-4.463489532470703
6.874655354673765,4.620144367218018
0.2047767843086013,-1.6135592460632324
-2.698758931910008,23.207042694091797
1.8601156760560384,10.771581649780273
-22.2455703021075,-24.126882553100586
2.4288820651169605,3.805908203125
-16.8307740899425,3.2803430557250977
20.7191486697607,-10.57687759399414
-30.7261055182573,-26.51300811767578
-38.4849400567448,-42.299903869628906
-14.3103126367969,-11.255903244018555
0.7860328468455551,-2.7354736328125
-48.3858044800915,-20.08322525024414
-3.21662088766757,-2.3981456756591797
1.675245639565673,-1.717076301574707
-90.3299705619704,-35.563438415527344
-9.28527551691871,0.7028956413269043
-1.2293411329062325,0.4930868148803711
-4.534682244798708,-24.2969970703125
-68.1959205924323,-30.648311614990234
-24.5242345195019,-41.79553985595703
-2.77042962989298,3.0677566528320312
3.8009101564042025,2.599843978881836
8.933703319425492,10.213973999023438
-11.341527235964405,10.702926635742188
6.71098989067457,9.956743240356445
4.54734483862441,-0.17760562896728516
-5.16341129781556,2.265007495880127
-49.062306315025,-46.78143310546875
5.26551760771767,-25.19976043701172
3.33951124606136,-3.146148681640625
5.006519903780723,-7.090173244476318
4.05485944970297,-0.9516658782958984
2.283405953189745,-8.097618103027344
-2.66483863280114,-9.863046646118164
12.566471603210276,13.05392837524414
-27.9020155354992,-12.782469749450684
8.88265541550952,-1.245833396911621
0.1652887870268324,1.5856523513793945
15.4985727759109,1.983856201171875
9.014890317831036,2.552046775817871
1.4803529144374856,-1.7269668579101562
18.1939100849816,-0.32764291763305664
-2.6304973605131474,-5.891149997711182
-5.493763326806099,2.772134304046631
-0.6715208179901364,50.685760498046875
-36.7383193130824,-24.832866668701172
5.062784719364307,5.76864767074585
-12.026803679110706,-45.207008361816406
-3.01321716593974,-28.023685455322266
8.35813394800668,11.762003898620605
-3.60075442831331,-3.0288257598876953
-9.509135784465323,-24.35140609741211
-19.6175855102284,14.130548477172852
-27.8629509568953,-13.124430656433105
1.74273211890989,14.239497184753418
-2.19578977406709,1.1864347457885742
2.42002639701588,-3.517871856689453
-25.55316918036869,-9.559770584106445
5.635020609606415,0.01256704330444336
-34.727836669101,-14.885356903076172
4.4516036428765,-5.259117126464844
4.967381413305823,18.858383178710938
-6.81516141534704,-4.3226189613342285
-24.3954295810688,-0.41277122497558594
8.658679095048068,0.5904464721679688
3.7347243087796,-34.043792724609375
-12.909633143366396,-11.196029663085938
-60.49569009623433,-12.662429809570312
-3.790702882666694,-2.1476874351501465
-12.41068356063,-25.27389144897461
2.76740193393285,-5.239132404327393
-18.9061714872788,-0.3736686706542969
-3.681083449701528,-15.345216751098633
8.13893448615947,-1.4793665409088135
-51.402683514636095,-22.528871536254883
-3.0703466753296,-3.7571802139282227
0.4646043967887734,-5.592124938964844
5.989492839405608,-13.374275207519531
8.833837192566008,7.70114278793335
-26.1965705632023,-8.744514465332031
0.0804428699766095,-8.52804946899414
10.229168329440906,10.863956451416016
2.12042655289975,-6.525245666503906
3.88810032819938,0.37405824661254883
-31.515616413872173,-18.463714599609375
2.28163515100639,-6.0607991218566895
-9.633163292669298,-12.713924407958984
2.63206586722876,5.748283386230469
0.3189015990893598,-15.449999809265137
-6.31868596379813,12.600443840026855
-6.4648984000359935,-21.896652221679688
8.91646092056966,-5.083296775817871
-42.637521131086125,-17.43430519104004
-89.5439156156453,-5.454345703125
9.179556151687803,-1.2497177124023438
8.754663680824095,-11.85733413696289
0.8838679103249854,-3.1028194427490234
4.338369925074482,-9.207756042480469
-18.23432595343749,-19.27724266052246
6.92534745147092,-3.677595376968384
-1.768261666543676,-12.823173522949219
-7.87226820943855,-2.943378448486328
-12.0847368637308,-20.66626739501953
-4.4222229386498375,-29.375125885009766
6.63109301847755,-6.393991470336914
1.675381804264854,-7.027342796325684
-6.897600670415837,-12.630290985107422
-12.2774867069717,-12.640289306640625
-3.963646539183849,-1.2643513679504395
-2.552277046947741,-5.731083393096924
-10.78700495517378,-0.16717815399169922
-6.426376983867103,-6.346019744873047
8.2142562177934,-2.777088165283203
-16.967828162594074,-7.566562652587891
6.07843040491799,-5.659740924835205
3.08443697315444,-4.608272552490234
-1.3811964732242277,-13.635501861572266
-4.51305804704249,-34.061187744140625
-9.93375477053989,5.2890777587890625
-0.6581754288220045,-7.987900733947754
-7.952166005584182,-18.29114532470703
-13.563015982384195,-8.938753128051758
-47.9957157156951,-21.245468139648438
4.96190002222477,-30.57623291015625
-2.0240269290899,2.221210479736328
3.47166270740147,-3.227715492248535
-5.2815921348029296,2.9342212677001953
2.369358494612781,2.2624013423919678
-4.214346026907057,-10.47000789642334
-23.8934551543691,-9.762588500976562
-1.0659561461183158,-3.026738166809082
3.126169348435272,-7.773860931396484
2.35164464781062,4.768939971923828
-1.79502295092813,-0.7559747695922852
-15.957982665262508,-14.857016563415527
-64.65676531723692,-44.71461868286133
-27.8195558011628,-33.34677505493164
-10.480511156242285,-18.002418518066406
-6.18357684414468,-3.874298095703125
-6.75960002722117,-12.814207077026367
4.4105627388370605,8.773308753967285
5.58846482112586,-3.2096972465515137
-16.8483709423333,-10.534088134765625
16.1850033157246,13.353413581848145
-3.34531377329845,1.0300216674804688
5.893700156574014,7.726417541503906
2.745769909533195,8.971983909606934
2.53362859007723,5.732458114624023
1.0880788430276551,2.421142578125
