Score,Pred Score
-13.812973987503693,-13.988601684570312
-14.6311710829416,-8.751856803894043
-15.020937907067507,-19.29824447631836
5.61896917638109,616.29541015625
0.1461877509898399,6.192356109619141
3.59745169898486,-3.6564674377441406
-6.72144892291601,-4.106998443603516
4.304204520484877,71.68602752685547
3.37898618824583,-71.837890625
3.939818822274421,107.65363311767578
13.9953943577381,-49.830108642578125
-5.39913759737588,87.23793029785156
-2.204579993178592,-15.52913761138916
8.829561804598438,-7.381763458251953
6.01696699102072,-5.075536727905273
-6.376202369524528,125.0427017211914
-6.50906463316165,68.85985565185547
-60.92137282626391,-145.12167358398438
1.99934019108803,15.730766296386719
2.188685633501576,-13.477444648742676
4.07090957771029,185.20687866210938
0.5211206139658471,163.53746032714844
12.5580583918003,34.44835662841797
3.320229681965675,262.29241943359375
-0.4381862293696001,-20.428569793701172
0.1752112379752922,-1.105891227722168
4.123908949931413,153.76693725585938
-14.2382866820043,-8.695159912109375
12.966325580978296,-3.462510108947754
7.692941411907634,10.659248352050781
-62.9031214125763,-32.93539047241211
-5.800670766453999,-8.70405101776123
-11.705366535732304,-3.480821132659912
-4.786538605318405,-6.829424858093262
-82.4887013651952,-8.646405220031738
-8.251107402184557,-7.131234169006348
1.61677665352485,-22.557538986206055
-11.916211326129387,-7.278339385986328
-45.634880019414,-28.6258602142334
-0.568998602339841,-15.801705360412598
-12.147399114840605,-16.077415466308594
-27.4476544011683,-25.082244873046875
-2.306526469902426,-29.571876525878906
-0.4835459876036119,11.142539978027344
-8.39479061793487,-6.768688201904297
-46.862925671502296,-2.6602745056152344
0.3837795244341289,-6.424483299255371
7.184930267876617,373.13165283203125
2.8348518495029404,-0.8334059715270996
-9.859535687586003,178.92300415039062
-6.00025755794808,3.3239078521728516
-4.764629840066975,81.57844543457031
-2.377061578670744,-11.501611709594727
-2.0585753436264698,6.8810834884643555
1.1848602197973823,-4.94561767578125
4.97603191479674,13.086044311523438
4.27399441028646,19.198942184448242
-46.2372447228831,-9.359151840209961
-31.4759298257721,54.55247116088867
-50.1674018945849,-21.580825805664062
0.9601515747159592,-4.52711296081543
-11.864177458483407,-1.827362060546875
-0.538262620928304,-9.790254592895508
-0.6920482116816997,-1.1256294250488281
-1.5184696160120892,6.769376754760742
-3.0836644409391925,11.851914405822754
11.316750179392892,7.100229263305664
-11.183106529127476,-14.54611587524414
3.59102041590596,-25.928077697753906
4.55602013063716,2.4469833374023438
11.579228393987275,16.321548461914062
2.3067635611900137,7.485852241516113
10.480393919522983,-14.712299346923828
-2.698100773809443,13.153250694274902
3.776985072333982,-21.414077758789062
-11.773766374328297,0.5937132835388184
8.681027307740193,-59.57278823852539
-1.1091988250418725,-0.15082883834838867
4.484288991501213,-27.62704086303711
0.0548896546292299,-78.05609130859375
0.1118559290339978,-18.600482940673828
3.9797293996962297,4.367053508758545
-22.42608065327665,-11.781923294067383
7.37064384347005,9.808703422546387
-0.2642143205483515,-12.199533462524414
5.344594984386832,-21.821741104125977
-1.2497809936708242,6.521936416625977
13.71198107208239,5.343966484069824
0.5045482395984724,-17.89923095703125
2.86709961553106,-5.322138786315918
0.4423212163888063,-12.129989624023438
-3.724573545179619,12.782820701599121
0.2570808252882703,133.85516357421875
-70.65073406723695,-51.18878936767578
-33.9587360563784,-6.844239234924316
9.2088386022025,-23.188690185546875
1.3318185914773402,-39.031829833984375
-9.176001953270983,4.634428977966309
-10.497767159210698,0.523585319519043
-0.4402086584014632,5.966225624084473
2.1560784090827942,12.935680389404297
-27.1636490162131,-8.714958190917969
-0.670930828719279,-0.4464836120605469
-22.794043146736,-38.044822692871094
0.8105828534072201,-27.695343017578125
1.2287673509824204,0.43535709381103516
-0.6435038581465955,1.3116607666015625
8.474782023793379,-16.467376708984375
-9.601847091024196,-49.859092712402344
-1.6610011043127195,8.078540802001953
-0.1091636509260827,25.1243896484375
7.570838092245207,-0.8346309661865234
-7.211196994815285,-26.99257469177246
9.090654061652296,40.889556884765625
-26.6651088566214,22.335607528686523
-17.309192174305,17.667640686035156
4.14054171285972,-7.934353828430176
4.097668935846943,8.9136962890625
-0.29408409265346,-5.781364440917969
-35.8165916579592,-16.376676559448242
10.898098675545494,5.170681953430176
-1.6552655274048038,4.3556718826293945
1.6729502580778592,3.2836408615112305
-6.42491227706334,1.0359268188476562
-15.4752611754195,1.3060226440429688
-0.6907348474047925,-9.665567398071289
-21.3629045873375,-46.13745880126953
4.219145585451182,8.342445373535156
-3.019531285218114,19.57925033569336
4.25311060075082,-2.894871711730957
-15.0412339008878,132.64602661132812
-8.237627320974727,-22.788854598999023
-1.0683487237199796,56.890830993652344
-1.7174251595272625,-25.584251403808594
4.069163600073605,-9.476495742797852
-10.162041561092582,-3.3610754013061523
-5.97248436581227,-7.697206497192383
6.120538767403939,-2.632533311843872
-0.8028238008287005,-32.004852294921875
-23.6042929930625,-4.591648101806641
-0.1777753404752198,-5.170078277587891
-5.785469568057495,-25.163375854492188
-0.0556983764780604,-4.303476333618164
-25.4508968849616,43.47750473022461
-5.3185412482723295,-0.08143281936645508
9.1356503291117,-14.543730735778809
4.020569536845237,13.790653228759766
-58.5527340809363,14.77886962890625
-6.291328737399075,-1.7023792266845703
4.187869588752649,-25.780052185058594
8.922207576391518,-5.451179504394531
22.7414116448382,39.3536262512207
-44.6057608529879,-47.19696807861328
-26.5129077898497,-5.119358062744141
-2.13735826282737,-3.34665584564209
-1.14890133483728,-10.886783599853516
-15.2234416939723,-4.414339065551758
0.369316059642221,32.23755645751953
-0.6884117876070912,-20.43764305114746
-5.8772631055401,39.916404724121094
3.6053774296538297,4.034824848175049
5.07108724357905,19.669944763183594
1.292753014965791,9.985038757324219
8.440986836263871,-26.616260528564453
-3.43040335892423,75.34518432617188
0.7651079053562314,0.7391796112060547
-37.13962469223695,50.488609313964844
-5.822632503482525,6.099720001220703
-6.879472048396067,-13.424729347229004
2.11024229353816,-28.772245407104492
-7.1526743450051855,-10.325152397155762
-1.122073026503361,-13.043245315551758
0.3302260274555297,12.534049987792969
-1.178255647098801,51.105804443359375
-2.99361591491145,154.40762329101562
-18.1070051290659,0.9350547790527344
-3.0332808194811403,-18.40655517578125
2.6303171850506604,27.60091209411621
-9.72499716390718,10.419556617736816
0.2729453578388601,70.0876693725586
-21.4503408223732,-1.0069656372070312
-4.99755531471552,-3.4209084510803223
-18.0018409950579,-34.96446228027344
4.00031385473591,15.83831787109375
12.0378145652987,270.18365478515625
14.1235470599023,-12.823206901550293
6.55729051148795,14.663909912109375
11.19992297656359,-5.442115783691406
-7.81388191369781,-10.96439266204834
-2.924593214648255,-4.399280548095703
3.7667366885646025,2.1303796768188477
-6.68253431604433,-1.696232795715332
0.7345204104922589,4.357025146484375
-10.626155896203898,-12.945401191711426
8.106852576346123,-0.757476806640625
-58.24412469223692,-33.607147216796875
1.4955767028094,-23.646995544433594
-17.6906096863185,-22.183326721191406
-4.813871520282443,-6.736330032348633
-11.8973420493851,15.952598571777344
-2.67676896274171,-4.268670082092285
-3.9331393974605526,79.45259857177734
8.756217929094177,-1.0436558723449707
-29.2662792150344,1.5934076309204102
1.7249239205326918,15.392834663391113
-6.686975812883663,-25.872337341308594
11.10272802991041,33.30054473876953
-10.956818171714705,4.908604145050049
-6.3500959185649,-3.120626449584961
0.6681105368389735,115.9244384765625
-12.500029270357295,36.201416015625
-2.591242863373206,1.6797065734863281
5.954690473588823,-19.5556640625
-43.929359067237,-27.441858291625977
-17.4841411730512,0.42897868156433105
3.61441892535489,-11.8316650390625
2.1112971208509976,5.207671165466309
-41.8026500314277,-9.266806602478027
7.028135642932115,-7.4561052322387695
8.463248256721428,146.5762481689453
-13.037072413777096,-20.697547912597656
-1.6307504375632549,-251.58404541015625
-0.3284521577656807,11.333324432373047
0.4685622181175212,1.7796049118041992
-5.316952415477393,-12.324386596679688
4.584421564331302,5.826720237731934
-20.3593816575191,-63.58611297607422
3.67041582610247,-2.9584760665893555
2.204062447972561,11.567899703979492
-4.666937653128132,-31.175254821777344
-12.3781694316975,-5.153202533721924
7.06923762363823,353.15264892578125
-37.2883298194418,-5.477361679077148
6.442434166934048,-1.9433784484863281
-12.2162083245621,-2.6709823608398438
-20.3623076046531,-12.002422332763672
-5.45440876641342,7.084811210632324
3.1416241584890576,4.742410659790039
-4.96580172718434,6.116189002990723
-37.4061766871973,-31.175331115722656
6.46185690649625,-8.506128311157227
0.5403453062071405,-60.88108825683594
8.656689402528613,-1.3495044708251953
12.331931266595111,-40.61700439453125
2.75380173901167,-5.808350086212158
-2.8447496930443927,-78.61788940429688
0.0285872237409883,12.124641418457031
-73.5286754265322,-18.81216812133789
7.285509446842615,-10.50306224822998
6.72046542688671,-10.699542999267578
-6.19730890695259,-7.201362609863281
-16.4599719883519,3.26546573638916
-10.288292260688207,120.79434204101562
-10.285920522724917,20.206798553466797
-30.8171784242839,-76.58563232421875
-4.65691689928222,256.91357421875
-37.1716279374795,-1.2641544342041016
-36.50577458359941,2.2688546180725098
0.7942566624333496,-22.893333435058594
-34.8552692363716,-1.7155494689941406
-2.491707941339629,-9.860427856445312
1.7387039934851498,0.6539783477783203
18.9715733525152,-24.186702728271484
-13.8996269060666,-5.913512229919434
4.17561229224804,7.703639030456543
4.7680640763497,-8.384172439575195
-6.745372906074374,30.997135162353516
7.262818938793504,-0.13177871704101562
-55.7541546140486,-22.259931564331055
8.453421074249384,-28.282821655273438
-5.85807143580148,-34.915435791015625
-52.7336020518746,-11.715948104858398
-1.995826789875676,-32.882911682128906
-1.3326443092463092,-30.57071304321289
5.029017096161708,-15.118067741394043
-0.71117494174041,-3.113790512084961
8.243548509216069,1.2188749313354492
5.81602235619721,-42.0462532043457
5.978124919049687,4.30446720123291
-2.8859593337581737,61.6178092956543
-26.0047332498617,-12.402351379394531
-1.5220929784942658,-14.865701675415039
-3.195242757261453,-54.9727783203125
-15.0089303719363,-15.915603637695312
-1.757118944268968,-4.144741058349609
-13.5091075877696,132.66464233398438
-4.0681667574955,22.08910369873047
4.43276114617859,-2.4522857666015625
-4.665207913971671,-7.9399638175964355
7.33919324558513,38.200260162353516
-11.69780882660921,-68.15191650390625
5.960801203295765,-1.9433650970458984
-29.9162730471743,-24.46648406982422
-5.331847529263395,91.69599914550781
-40.7258600860177,27.046924591064453
-35.3994683825842,-4.557901382446289
-10.968565079401992,-4.1145429611206055
15.384553292915324,-28.26450538635254
-0.4271227388875901,-23.500656127929688
-7.69948364751984,10.541080474853516
-26.6822467124322,-18.088743209838867
-0.2823200449385875,-52.74867248535156
-3.8453528225106623,-5.080080032348633
-2.4599041427842496,3.2606306076049805
-12.7315114055493,1.8533258438110352
1.418014053180695,106.92869567871094
-3.4922781726655696,84.22146606445312
9.58062385928767,-61.419288635253906
-17.5801214502402,-10.411202430725098
-49.5120706514507,-19.579235076904297
-0.4503474699443348,12.489585876464844
2.332279780348585,-13.947837829589844
-42.2483635713802,-0.792266845703125
-5.00028834575103,1.5056438446044922
-5.14141487663266,-3.4399189949035645
-19.923371510770203,5.426999092102051
4.28301459624688,-128.3720245361328
0.3224388648416145,-2.903764247894287
6.795393661635613,-80.12127685546875
6.720388221210122,7.900468826293945
-20.7558388881914,-151.08291625976562
-12.5922662394529,-11.857195854187012
-5.19085420781142,-7.003342151641846
-27.3858072066324,2.85394287109375
6.488490212037078,5.156024932861328
-12.5233171201947,-5.680384635925293
0.996650643215182,4.987653732299805
3.27144637329635,10.859549522399902
1.203208947199059,9.662487983703613
4.5031585012656095,1.4606475830078125
-46.6686841099013,-22.34406280517578
3.600655729290548,-6.362007141113281
-2.7077151362496297,-73.16905212402344
-42.936846127142296,-40.29975128173828
2.679404112105611,0.4897644519805908
-23.975827854410426,-26.30523681640625
-24.4869919201538,-26.8834228515625
-6.22433036882608,-3.6189441680908203
-24.992167376126925,-5.133430480957031
-9.742168339465294,-112.57412719726562
0.1235817830644999,3.771333694458008
-11.607028837624,-1.5871777534484863
5.321680837772678,-9.127907752990723
3.3452637215970498,-19.67474365234375
13.015759276594096,9.126411437988281
-6.13466459150186,-53.626190185546875
3.0897024917955025,-15.347962379455566
3.557691046156,-8.08692741394043
2.0008593011464906,-11.447603225708008
-1.2671721747064446,-3.5378594398498535
-2.989164004622407,-17.593198776245117
-2.43808381047612,0.015406608581542969
-11.30813578108209,-91.46650695800781
-9.619042312244815,-146.03546142578125
-4.01456885639382,-45.93616485595703
-4.853312003098937,-41.127376556396484
2.78743688363977,44.75823211669922
3.6035536346157695,24.352951049804688
6.09033976794457,-0.9976959228515625
-5.89266438028177,-8.023477554321289
4.780848076735348,-27.497756958007812
-20.7592210135025,-23.674514770507812
-3.637071869773312,-2.402505397796631
-4.396710286499547,-8.026439666748047
9.04709717330502,-39.28640365600586
1.69213972357191,9.122536659240723
-27.068723822751306,-42.54810333251953
0.2886204877907422,-15.90995979309082
-0.592182005541919,-3.887908935546875
-4.736229867816737,2.199166774749756
7.877641553655238,0.3618173599243164
-2.588665914009158,-14.376047134399414
4.72846919446815,-6.144460678100586
3.42669038506664,7.188511848449707
-10.274169876330886,-66.57221984863281
-1.289264920121349,-2.774405002593994
-6.9648772325347394,21.928163528442383
-1.2236747050651609,-0.6505126953125
-12.208208404490907,-45.264610290527344
4.40921359309415,-11.389381408691406
16.4171583068458,10.263184547424316
-15.991582533821994,-15.52743148803711
7.809600001042748,-12.052701950073242
-3.0331069492891496,-8.438794136047363
2.603164662477901,-10.962042808532715
-24.2572199033326,-0.39905548095703125
13.667582002208905,-2.7808704376220703
8.19307228691883,-19.447717666625977
0.4664503305112299,-16.01765251159668
-6.46133524603972,27.023094177246094
-19.7520332208299,-128.03541564941406
-7.75971004909346,71.49024200439453
7.66334596528203,-15.350383758544922
-27.64770126959135,-8.66225814819336
2.125547882163602,-52.56155014038086
-1.8239337240231768,-15.762887001037598
3.3696784995100426,-10.764154434204102
5.265272900492549,-0.8872699737548828
6.753311816554961,-4.557910919189453
0.9434331950199416,62.680992126464844
2.13745295521649,3.5295581817626953
2.76912169862866,-13.57325267791748
2.409764321136161,-20.69400405883789
3.7606671418030695,27.04425621032715
0.555665600488549,-20.850072860717773
-89.04756219223692,-119.94546508789062
6.987950206462267,-7.174858093261719
-10.09410467002709,-9.575477600097656
8.16191414696451,15.796003341674805
-10.731303688850904,-10.103516578674316
7.588764503474316,-17.26708221435547
-5.25293160621848,0.5641384124755859
2.3065604778561424,-2.436201572418213
-3.8022266666193874,-11.575565338134766
3.22816419080692,-13.158103942871094
1.1941842843275,-18.218666076660156
9.772192422094813,-6.717681884765625
-2.489313079893845,-12.817301750183105
-13.547300817594484,-24.502233505249023
-1.5403494549472296,3.7993202209472656
-5.139364658294922,273.8079833984375
-1.32131943338233,104.18378448486328
-0.5284321769112605,-11.095861434936523
0.1119561526876595,9.857247352600098
14.8508222506114,-57.40911102294922
-0.0918051514147744,44.36279296875
-1.7237618714553775,-24.700864791870117
-1.5699354762224491,97.48052978515625
1.5718362711845366,-6.5646772384643555
3.58036180553514,-11.97334098815918
7.45084701577923,-19.825069427490234
-7.378812419643663,-9.92072582244873
-33.1832620874725,2.2783660888671875
-6.066411004621831,-8.141222953796387
-16.4910721624856,-7.491924285888672
0.8267526169764301,-24.759212493896484
-9.762453719841735,-31.274633407592773
8.07102955700163,-74.86742401123047
1.741670982094262,-47.130523681640625
-0.0053525606393112,235.88563537597656
-51.4043293278057,-23.398632049560547
14.9415296965116,12.31722354888916
8.70853787657841,-19.831634521484375
-2.149900469098629,0.8534994125366211
14.8229623836697,-8.877811431884766
-0.0379657812584102,-1083.703369140625
-15.3173389528898,-6.829999923706055
-1.7663441991754285,139.64532470703125
-6.708306328674888,-1.1848640441894531
-78.7451798053926,-37.16826629638672
-0.5413656534735456,-46.05500030517578
9.625121597198186,3.6272544860839844
-3.15562863494722,70.20713806152344
9.60447820177431,-0.41452789306640625
-3.31847606547329,-2.5438122749328613
-4.12581810820042,-9.310921669006348
1.7706121017107803,432.0333251953125
0.5117341060036625,265.89111328125
2.63157412115867,-6.67362117767334
-4.763634360062484,1279.300048828125
-11.18181257464061,385.97308349609375
-39.4932668903457,111.53150939941406
9.206200380526292,-0.6014070510864258
-2.93911844531118,14.610406875610352
-28.13472322157985,-3.613682746887207
9.62907409316032,23.18531036376953
-7.042636248773623,-3.6891517639160156
-4.03025121975644,-9.042198181152344
3.42951329804928,10.212749481201172
2.5565427438131976,-53.610130310058594
2.8513084033656,-951.132568359375
-5.5623675139736175,-8.496343612670898
16.9968892380515,-6.609919548034668
-4.144685584269085,-11.019879341125488
-11.221818720505304,-14.240195274353027
-2.111656589218961,2.158039093017578
-1.626797120535592,-1.1410605907440186
0.7652624054000594,-1258.48095703125
-21.5531296050118,-25.128734588623047
-13.053772031257305,-8.028427124023438
5.42509465390903,65.00384521484375
-5.5186956836840375,-114.0777587890625
-2.260381023139061,-6.053292274475098
-30.3377383335249,-43.776309967041016
7.380729755239978,11.254230499267578
-4.172986764275874,-11.301126480102539
-1.2036514942358316,-22.26850128173828
-35.2906329121599,0.9749526977539062
-2.54595208771381,20.893203735351562
-10.901275449743116,-13.413768768310547
-17.0078420331655,-2.2990665435791016
-17.0314498829154,1.4086456298828125
-11.9784507557909,6.14122200012207
-19.469018973061075,-2.271427631378174
-3.2142130797467816,-8.91513442993164
-0.5663484394051013,-7.9991254806518555
-21.2195468929047,-28.51729393005371
8.077984978184695,38.28662872314453
-17.0119321722455,-4.014776706695557
4.67424026120176,-29.693931579589844
-47.9875704511971,-22.45217514038086
4.316615136301563,-11.770554542541504
11.2728180991378,-4.780397415161133
-3.5546157663424616,-16.582181930541992
-3.15887949932979,-2.4567856788635254
-1.6422791314174887,-5.125220775604248
-3.448025235667948,1.4651575088500977
-13.5632540546311,-18.91971778869629
0.8825935384285006,-11.339366912841797
3.27100049685324,2.28170108795166
-0.7762273913233743,-3.0120058059692383
1.026942322157092,-11.103591918945312
9.859104788483815,10.06869888305664
-1.9977872313530125,-31.215068817138672
-13.1809903671301,-2.721062660217285
-35.1782981083837,1.2612075805664062
-35.8337806803641,-26.60834312438965
-7.639409008216227,-12.55160140991211
-15.746453943284,-22.64495086669922
1.055995951979529,-1.868326187133789
3.987299411465438,-20.03346061706543
-37.0930621901092,2.288865089416504
16.694612728237402,-8.932306289672852
-4.527979888097892,-17.721435546875
14.6352674345898,1.1384963989257812
5.034618319433818,-8.948640823364258
-3.77133000272187,-54.812530517578125
-1.61504571199055,-32.875797271728516
-56.3663437951974,-36.84309005737305
10.088450856398616,1.1928443908691406
-14.285610883283098,-92.85565185546875
2.6210618799141923,-20.42053985595703
-2.308732762121495,0.8312654495239258
-83.9761260280997,-13.118524551391602
-1.03656181464744,-57.20808410644531
10.16232173056559,-19.267745971679688
-3.12013961477547,-4.488330364227295
3.010752586641185,-23.99134063720703
-1.5178355576616795,4.851966857910156
-2.60072537807549,3.7510242462158203
-2.367312137177082,-15.026241302490234
6.075310726130807,-36.690547943115234
2.24572304437811,121.10256958007812
0.2044267191685782,14.385438919067383
3.85944773684647,2.727598190307617
-14.409506408843407,-0.6988744735717773
-2.683955047842884,-21.63092041015625
-0.0075038478591599,2.148670196533203
7.190050317883171,2.848564624786377
-2.1691769605730515,-18.18093490600586
-7.910003358009165,-20.54636001586914
-69.1366966634013,-13.594635009765625
1.437241653553571,-2.881532669067383
-20.7409218490905,-168.32540893554688
3.78247800369874,-2.123647689819336
7.909526276907584,-10.922849655151367
6.097122298913325,-8.710865020751953
24.5800902168924,13.378520965576172
-9.979741434164584,-21.952125549316406
3.1327986373042376,-5.671501159667969
-8.393586343504198,-8.5460786819458
8.678125432705007,1.1304893493652344
20.7428439693387,7.360475540161133
-1.511416195100045,-29.633995056152344
-23.3725501337939,-30.65357208251953
4.69437535963172,12.15311050415039
8.24149319055937,-42.124610900878906
-0.2898522089969393,-14.521924018859863
-7.19378137939456,-52.99873352050781
1.0271109700113177,-0.5560083389282227
-14.564555056626377,-58.71355438232422
-9.657849716236,-36.427120208740234
-0.7280966227290082,-113.34512329101562
-21.8962191024866,-4.22849702835083
-40.2614734397264,-81.40147399902344
-1.77750068778882,48.62864685058594
-28.3488859938485,211.88877868652344
-8.184373188662292,-38.2279052734375
-6.135426654744688,169.53128051757812
-3.270422191581055,4.881925582885742
-6.055427015859325,62.363773345947266
-34.3143130117107,251.46810913085938
-50.4820483838523,-22.26981544494629
-4.639593570653838,97.66166687011719
-21.0606958753072,646.1397094726562
8.747205755218493,-10.282364845275879
0.6884341878779402,139.75428771972656
0.300408103033295,22.210010528564453
-2.6184282494780104,-1.340057373046875
-37.3999740396079,-15.346739768981934
-10.594900847222812,43.64120101928711
-23.227454082363305,-18.659637451171875
-15.4814292943448,-2.9699859619140625
-6.89310310865277,-5.632410526275635
-11.7962452523223,9.828746795654297
-0.3887710448227697,46.084693908691406
-4.0896099478500325,-2.5936355590820312
-42.6579269422049,-25.50577735900879
-2.095241650043551,3.0884056091308594
8.45389840526827,294.2287292480469
-15.5157954828953,139.67074584960938
-1.9802660997523944,2.466057777404785
1.8368511005450223,108.60174560546875
2.11900133622217,-6.783853530883789
-38.4962238749225,173.02366638183594
0.8069046214032297,-6.129800796508789
-1.73607437190069,-1.7526865005493164
-8.46093254820262,0.9688215255737305
-0.0780407432645869,69.25530242919922
5.009535132419683,2.30403995513916
-74.9399761386801,-29.49170684814453
2.806732553915905,6.650318145751953
-10.415057364934407,0.8226909637451172
-4.81834176383161,-142.2729034423828
-1.4920816076829602,-7.170168399810791
-0.003939288658445,5.393529891967773
5.86288473591452,-0.3207740783691406
0.4443344011282492,1.093709945678711
5.72263802046558,99.79948425292969
5.46583466116103,-9.383387565612793
5.05355462238675,14.680702209472656
-17.190033530139498,3.658487319946289
-10.1192188918475,-22.01966667175293
-10.539071528779305,-16.633193969726562
0.2492257167476033,102.08956909179688
5.35198813185094,-17.828914642333984
14.9823899147147,-3.4177074432373047
1.7336328627834918,-9.742106437683105
3.2582764286422226,274.2211608886719
1.1615369027166365,4.96575927734375
-42.4099588259267,-62.68320846557617
-38.7823663998969,3.241950035095215
7.99575647038201,6.92327880859375
11.644495901203598,216.06307983398438
-39.0956747424042,63.589202880859375
-38.6438610292767,43.058570861816406
-40.5029244010595,-30.271137237548828
-22.8644313188967,7.811868667602539
-0.897066728281827,5.674526214599609
-17.6830733389949,63.70279312133789
-0.0084306638066775,-1.7707929611206055
0.5394390329931549,11.727002143859863
-21.61387508166409,5.445075988769531
5.053393098685065,-32.07745361328125
-15.7834934865799,4.3149871826171875
-58.40351531723695,-43.142539978027344
8.86280218600469,16.972511291503906
1.888243484494037,-2.3676223754882812
8.99923705482913,13.240650177001953
4.133325903305868,-6.3351898193359375
4.774357664359128,17.933197021484375
7.418770080750715,8.993997573852539
-2.25262466719878,-3.1884117126464844
-7.071587649042333,1.3229961395263672
4.398742241377427,18.619659423828125
-8.692928400841772,-93.32582092285156
2.334382802629,-5.424066543579102
2.8274240704709,8.529984474182129
2.1747311895065486,13.722658157348633
-11.9965988914421,3.3660459518432617
2.776867734737273,-32.38432312011719
-12.4595255596924,10.23335075378418
18.5317724911246,-2.4035263061523438
6.86106163750481,23.575971603393555
-19.1693792779686,11.193713188171387
-4.20883890972707,3.672785758972168
-0.3530077955256401,27.059309005737305
-1.6020246929696491,-32.689605712890625
-7.57557880794988,11.118821144104004
13.9692836454661,17.679241180419922
1.289294757415069,-14.92199420928955
-20.3746494688195,-11.821605682373047
-8.044482691931467,-4.014142990112305
2.51340467963473,13.7957124710083
11.0282847349576,12.63541030883789
-1.3944922949507652,-70.82003784179688
-26.2706781913698,-13.634815216064453
-71.7765711158932,-22.61963653564453
-44.2857422252861,2.4014549255371094
-3.057699221935841,-6.232676982879639
10.116767222520318,184.38687133789062
-46.9980356488569,-13.8831787109375
-8.677497573270493,7.563894748687744
-25.781275563237,10.099361419677734
-2.941164138388841,5.449029922485352
-26.5692742661385,13.774911880493164
1.2555345380058751,5.4649128913879395
-0.810306898238276,-6.278885841369629
0.2404076931068699,7.03959846496582
-2.5590885431480426,-10.497502326965332
-11.9846830308257,4.627190589904785
-5.775806690181939,-9.0494966506958
1.9806048133258944,-15.423154830932617
16.618750626525,4.4998297691345215
8.204494762209066,9.231124877929688
6.80321923705408,-14.972946166992188
11.710679650337616,-2.89048433303833
3.181253849239128,-5.614093780517578
0.90894434552881,-0.7779016494750977
3.547124544521316,32.9992790222168
-2.202886656443709,-117.19281005859375
-11.133669865203094,-48.97422409057617
9.328533024448705,56.688514709472656
-0.7012610501602399,-4.7681884765625
-0.3170472839931941,-19.85747528076172
-2.3458288386735573,88.11418151855469
-26.1191329979098,62.99845886230469
-2.33292598982445,24.122867584228516
2.461922216333884,16.32137107849121
3.73205068567752,1.7181224822998047
-22.4462583852743,-56.670440673828125
16.899113604615202,-183.79824829101562
-2.85382252753121,21.542388916015625
1.2705701336207027,-15.74006462097168
7.960789166364423,12.39979076385498
2.71808902854303,5.669590950012207
5.5273920092716775,-37.85356521606445
-4.11149235653684,-17.261539459228516
-20.9676231329802,23.72631072998047
-0.89184437235696,3.562746047973633
-1.2816619609782416,3.586057662963867
4.85634828411675,4.827882766723633
6.429854346358795,0.8869247436523438
4.71112087372323,16.977420806884766
-30.7199022255615,-2.91632080078125
-3.8590388668775,49.18138885498047
-10.6557437737239,-7.762594223022461
-13.4460672849668,-9.644353866577148
-5.527709296795018,-1.3340730667114258
-1.876637029070265,12.824151992797852
10.2532613363299,-9.472997665405273
3.00680128293027,-229.9678192138672
19.33685959748449,25.692399978637695
-0.1058882282985149,23.826536178588867
14.3436638764016,-12.411008834838867
-16.1535771788668,-61.317928314208984
0.9480162028997956,3.7489013671875
-18.5891767455387,-25.75817108154297
13.309934514349203,12.846943855285645
6.02246857213521,-41.26080322265625
5.16750826555368,-17.181739807128906
-1.0190872666435924,6.5510101318359375
-19.100904418149,15.750985145568848
4.743603615290096,-40.75042724609375
-13.8157551615103,12.039911270141602
-3.802611775309477,22.46957015991211
4.30511943579503,67.4290771484375
-22.482844278002705,-55.12821578979492
0.60779733849738,21.66339874267578
17.8138573048897,8.099254608154297
-38.4626262988146,12.891220092773438
-0.6089836493556324,-4.496479034423828
0.8617451361473882,1.1995964050292969
-2.40000424902785,-3.9409546852111816
3.7078671714499096,4.986964225769043
-2.390619984667185,81.26858520507812
-15.559462368784592,-1.386077880859375
-13.790764753514,-7.8616790771484375
-9.325981865786185,-24.431720733642578
-58.4491138315396,-19.311847686767578
9.550892694239591,-4.1014251708984375
4.435147085081137,-4.8170623779296875
-2.3538192484503564,-6.608100891113281
-5.83438093189622,20.701265335083008
-7.10827059552493,-7.672821044921875
-12.414939844598162,9.227468490600586
6.6154810826822,-6.288081169128418
1.3155747227446202,16.266468048095703
-2.56542276271332,-14.491399765014648
-13.546032832554804,11.476402282714844
-16.600339428286603,13.124903678894043
2.9737175212081803,12.342618942260742
6.167862854629888,-10.146665573120117
-40.922076323723,-20.823959350585938
16.9349100756105,12.170741081237793
-12.24911226903676,7.595998287200928
4.867927463076468,-16.047319412231445
-21.6327950573002,-35.06357955932617
7.11033993521173,25.80084991455078
-9.59094984812801,-30.849365234375
4.92186081619874,7.228608131408691
-7.815562497274902,-0.6917915344238281
-2.20364176327536,6.247505187988281
-19.6754058911438,-32.93310546875
-91.8886792382854,9.611063003540039
-20.9507978903398,-30.264652252197266
-17.8084408175675,7.335937023162842
-62.9612541332419,-23.123607635498047
5.598134989920393,-3.3359766006469727
-7.283890318199592,10.290237426757812
6.1026124307435,-8.061009407043457
7.42840635595139,-5.4864349365234375
-5.179391847578812,12.712444305419922
-4.873152982370568,9.322829246520996
7.276768036701751,29.254467010498047
-10.739322929783883,-9.191110610961914
-22.9219832537164,15.922122955322266
1.5259403537211615,5.176794528961182
-44.7886924625105,-37.93450164794922
-3.72583443525641,-5.332611083984375
-14.57002364123529,9.959259033203125
-10.128266274366498,5.710614204406738
-28.0249952668106,16.429168701171875
-26.24662901330595,-20.776826858520508
-40.3645652505015,-74.0460205078125
-30.8056950922951,17.880258560180664
-3.9552380984537248,-10.206682205200195
-2.1789667599796294,-80.6689453125
-0.5734820606807138,-13.796725273132324
-1.1617148968623687,2.650801658630371
3.42848617073407,-16.297203063964844
-17.4030551064212,10.960269927978516
3.88109013796494,-23.396608352661133
9.400493271217616,-4.770089149475098
-11.302161927872188,-33.863433837890625
-13.3709137252944,-7.7560529708862305
-6.79658968512302,-4.966742515563965
4.509456424718162,15.635025978088379
5.45103123545738,3.2135767936706543
8.149714042401495,2.1984872817993164
-12.909180343140196,10.603273391723633
-6.61979034735207,-6.29442024230957
11.9978624338519,-20.459121704101562
-12.53254789251529,9.283559799194336
-8.36198121766124,-6.111204147338867
-4.361976736345532,13.5762300491333
-0.1898191226144924,3.8306970596313477
2.3166834950764685,-44.48786163330078
-12.6203596574975,-129.44100952148438
-1.207429910073891,146.48880004882812
-29.7403775200217,10.474875450134277
5.31082796058257,-15.265188217163086
2.97844031586002,7.485393524169922
-12.533050119535002,5.220778465270996
-5.8684323426223,-4.586801528930664
2.391980620215489,-6.008510589599609
7.73570234615748,24.304912567138672
1.166748445159433,0.2147655487060547
6.093529951556334,-6.319048881530762
17.709922444879297,22.198755264282227
11.779516260068313,6.422916412353516
2.4866177573815964,30.762054443359375
-30.89708550466269,-10.523663520812988
-9.231606713935047,-11.079461097717285
-13.4089268865456,0.08993053436279297
-9.06573754635488,-3.5305795669555664
9.30630078585379,-14.174915313720703
-7.156550033865472,-4.067911148071289
-10.5414716495377,6.5795674324035645
-27.8178569354009,113.77879333496094
5.3817717725564,91.60652160644531
-35.155236696245,-27.535110473632812
-21.4141717786538,-25.603878021240234
-2.6053130644292946,16.921598434448242
-9.953220777101093,-3.3596911430358887
-8.798237091769485,-3.615861415863037
-27.6920167541674,1.9720134735107422
8.017093587799739,216.4542236328125
-0.3550158381598589,-0.44483470916748047
-1.19024715514191,158.57864379882812
-3.2855896341823474,-4.95587158203125
1.844566842421384,3.954838752746582
-30.7366736665872,-31.12105941772461
-11.338238855350506,-5.35175895690918
-1.059512617215007,-3.222179412841797
-33.7712071062874,112.29242706298828
3.812227003524945,379.79974365234375
-2.8472026300298463,-20.545372009277344
-21.5871320482388,5.952564239501953
1.845960760756301,69.40234375
9.06213659212517,-6.44071102142334
-13.950148061363093,-1.868722915649414
-15.1006814359747,1.3075175285339355
-8.65496498210776,-41.59111785888672
-31.18852367408345,-23.68079376220703
2.35160533891099,1.0598843097686768
-7.06329362397977,14.43328857421875
-11.299328727708405,-65.3635482788086
-5.73967918172164,2.7188754081726074
-4.062121175440552,-5.315694808959961
3.62056380925444,-4.199958801269531
-6.512385872303066,-20.880496978759766
-17.2817979072755,175.64993286132812
5.79128728304933,150.45387268066406
3.7921116228684086,-7.952023506164551
0.51700222845629,158.68060302734375
1.0966146270020711,-7.278719902038574
-6.613686761665703,-20.990337371826172
-39.873530292237,47.94324493408203
-35.0272315856836,-15.321537971496582
0.2475632146873464,-3.579096794128418
5.59963570142504,-22.46329116821289
5.29419053806362,13.58053207397461
6.457932781589695,-12.493990898132324
6.4251548431743295,-0.3357429504394531
-19.7885249955934,90.3292465209961
-2.4097304318056905,2.1206135749816895
7.543407488617369,17.865951538085938
1.83593808226401,-5.488517761230469
-1.5082203021212124,3.2503280639648438
5.99108205682079,26.531475067138672
-18.1797235112709,-5.852273941040039
-12.840088322870097,-17.599349975585938
-2.23616712442702,20.48065948486328
-4.662511414401839,10.270313262939453
3.41802282280863,-11.144745826721191
-12.0320822507053,14.433055877685547
-25.9801803981754,25.783859252929688
-5.97419023328963,5.862884521484375
15.4186986077963,19.95667266845703
4.480465220149085,-2.0494747161865234
-13.2363849677504,24.066516876220703
-9.362863686069195,4.236417770385742
4.128157012788561,2.136336326599121
2.26767773086615,-0.8957734107971191
-24.1634597090208,-26.168006896972656
10.013204486477417,-53.1474609375
-31.934070451053,-7.296548843383789
-22.9515728231767,47.8074951171875
-11.219410776078313,-36.341094970703125
6.00089213826483,4.408551216125488
-28.9638748432599,-14.720970153808594
3.11049964318654,3.6993746757507324
-1.073248118887358,-26.885766983032227
-10.249148139079496,13.525932312011719
-13.14009076535719,-17.49365997314453
0.7364260970712593,-8.037635803222656
-44.9949251983702,21.41765022277832
-5.159519294761907,14.418676376342773
1.869241020829697,10.285575866699219
-55.54568697318505,-3.720998764038086
0.3065104335081801,17.564762115478516
-10.386374558578522,10.624808311462402
-3.0345245902191325,4.151745796203613
-57.144820014625296,6.9981536865234375
2.85060083445348,24.560184478759766
2.446050707651698,-31.570667266845703
5.50221601830175,-9.616056442260742
3.455876052191651,-11.141124725341797
-14.6157572128631,-19.86054801940918
-0.874105623616695,-102.65734100341797
-1.378759213278819,-79.21369934082031
1.350733135180331,95.97761535644531
-1.94666134980912,-2.0610504150390625
-3.36735139960915,-9.610357284545898
0.8319171014720902,-4.054758071899414
-40.2101205720394,40.46128463745117
-24.577379709126298,-12.192777633666992
-18.6292132467089,11.1216402053833
-46.39510994896701,-20.353008270263672
-2.487076105276776,-13.861679077148438
-4.752960817423343,9.189414978027344
-0.1160299782726794,54.42676544189453
-18.5277286275242,18.583797454833984
-14.1325019191809,6.004101753234863
10.909208084253878,22.189655303955078
1.30779520720034,6.731058120727539
-5.77436797253085,2.697744369506836
3.986867952152618,-2.585439682006836
-21.7936206120663,-32.82073974609375
-2.643556292002,32.11297607421875
11.0853991753379,4.0045390129089355
-12.9397422629832,11.029351234436035
-0.190891674386513,-185.20703125
-6.32558602127377,-15.457188606262207
5.391699208755202,-388.2008361816406
-8.998840630677615,-72.44327545166016
-1.6005087696864486,6.480339050292969
7.5482379424635875,45.1824836730957
-7.642910278690365,-84.4830322265625
3.719171936095444,-10.235186576843262
-0.8981307679622897,-163.22781372070312
7.06032809637297,30.122835159301758
-3.134999611446543,11.059612274169922
-5.94174589421185,-47.741722106933594
-17.7883076547542,-17.056127548217773
-25.2381267145584,-17.518115997314453
-27.5445722402187,102.80622863769531
2.6678241356197647,-4.93706750869751
5.02066543392875,-48.29417419433594
-1.67197513843126,-4.899506568908691
6.58117049992555,4.396588325500488
3.12612254618191,11.574134826660156
-2.1147225087047508,-4.972573280334473
-76.9668504799361,6.9159135818481445
10.11870938841209,29.83868408203125
4.755697845162629,8.221691131591797
16.5479703149859,9.435476303100586
4.001938538520379,9.134038925170898
-14.1813773041305,-21.76962661743164
0.7709161631446207,-0.927762508392334
-24.2508933717269,11.541584014892578
-22.3071231538392,-0.29368019104003906
7.2595381633228,2.2475709915161133
11.555346181601609,-4.703526496887207
-26.258782255785,12.962873458862305
10.3189652047012,-179.434814453125
0.809697096857583,20.75505256652832
-18.5255095356289,2.866884231567383
-1.0680791130593923,-7.118072509765625
-3.5390830989045075,0.3377523422241211
10.468583156479704,16.630340576171875
-10.613183176373598,-132.63494873046875
-6.40442742836347,-3.085312843322754
7.196532980977684,15.139019966125488
-10.586292641023492,2.0195770263671875
-26.79502671025515,22.134521484375
-7.187555808667961,-8.274749755859375
5.4465900456679694,2.555708885192871
3.1988276731025875,3.5373172760009766
7.827394642815597,29.836105346679688
3.887422638441485,-2.55996036529541
-3.41466344580097,14.870166778564453
2.667044757168528,-71.24781036376953
1.0590749185315824,-28.420486450195312
-3.9965921287470247,15.815317153930664
10.982614675109394,13.340997695922852
0.4076170529080399,-46.08464050292969
2.71319811317338,-6.810562610626221
8.652061852316729,-115.67364501953125
-0.6579761516790089,-105.76002502441406
-51.6773231694491,-18.06999969482422
-2.8325461302865187,7.95322322845459
2.12749125232924,-11.401952743530273
3.562549470771905,-6.702552795410156
-16.517773128145326,11.42062759399414
6.874655354673765,9.516651153564453
0.2047767843086013,2.1019201278686523
-2.698758931910008,-1588.4521484375
1.8601156760560384,8.30584716796875
-22.2455703021075,-28.398923873901367
2.4288820651169605,27.088531494140625
-16.8307740899425,15.065563201904297
20.7191486697607,-38.24414825439453
-30.7261055182573,-25.76453399658203
-38.4849400567448,-75.94528198242188
-14.3103126367969,14.090806007385254
0.7860328468455551,68.2579345703125
-48.3858044800915,-4.672050476074219
-3.21662088766757,-7.037173271179199
1.675245639565673,-1.188349723815918
-90.3299705619704,-37.625816345214844
-9.28527551691871,14.5880126953125
-1.2293411329062325,-17.12398910522461
-4.534682244798708,-35.699859619140625
-68.1959205924323,-36.468196868896484
-24.5242345195019,-63.40671157836914
-2.77042962989298,-14.64995002746582
3.8009101564042025,-0.7616581916809082
8.933703319425492,21.92861557006836
-11.341527235964405,88.19337463378906
6.71098989067457,12.618947982788086
4.54734483862441,-17.66396713256836
-5.16341129781556,5.676309585571289
-49.062306315025,-8.063385009765625
5.26551760771767,-66.08935546875
3.33951124606136,-3.1598896980285645
5.006519903780723,1.3540573120117188
4.05485944970297,24.245994567871094
2.283405953189745,-14.867156982421875
-2.66483863280114,-18.256772994995117
12.566471603210276,3.9928245544433594
-27.9020155354992,-0.9447531700134277
8.88265541550952,-3.284588575363159
0.1652887870268324,13.900566101074219
15.4985727759109,2.7671470642089844
9.014890317831036,-4.992922782897949
1.4803529144374856,26.821792602539062
18.1939100849816,7.992974281311035
-2.6304973605131474,-7.284698486328125
-5.493763326806099,-3.295860767364502
-0.6715208179901364,34.617767333984375
-36.7383193130824,-16.509281158447266
5.062784719364307,12.409539222717285
-12.026803679110706,-32.1412467956543
-3.01321716593974,-32.486968994140625
8.35813394800668,15.164780616760254
-3.60075442831331,0.029693603515625
-9.509135784465323,40.78790283203125
-19.6175855102284,-38.533721923828125
-27.8629509568953,-0.8468093872070312
1.74273211890989,7.662014007568359
-2.19578977406709,6.323056221008301
2.42002639701588,-15.759002685546875
-25.55316918036869,-4.4717230796813965
5.635020609606415,-1.8881945610046387
-34.727836669101,0.6179122924804688
4.4516036428765,2.9291629791259766
4.967381413305823,66.55584716796875
-6.81516141534704,-11.441862106323242
-24.3954295810688,4.09902286529541
8.658679095048068,12.319602966308594
3.7347243087796,-276.0601806640625
-12.909633143366396,1.0800747871398926
-60.49569009623433,-6.193271636962891
-3.790702882666694,4.547883987426758
-12.41068356063,-22.249841690063477
2.76740193393285,-3.854961395263672
-18.9061714872788,-13.482542991638184
-3.681083449701528,3.9875426292419434
8.13893448615947,-7.076838970184326
-51.402683514636095,7.797945022583008
-3.0703466753296,-6.998256683349609
0.4646043967887734,1.5952720642089844
5.989492839405608,-6.54642915725708
8.833837192566008,26.03580093383789
-26.1965705632023,5.22099494934082
0.0804428699766095,-2.7541275024414062
10.229168329440906,34.57264709472656
2.12042655289975,-15.785469055175781
3.88810032819938,7.160670280456543
-31.515616413872173,-13.882661819458008
2.28163515100639,-13.53697395324707
-9.633163292669298,2.1155776977539062
2.63206586722876,2.161421775817871
0.3189015990893598,-17.642955780029297
-6.31868596379813,2.651226043701172
-6.4648984000359935,-5.971519470214844
8.91646092056966,5.725897789001465
-42.637521131086125,-7.688676834106445
-89.5439156156453,45.78208923339844
9.179556151687803,-13.521644592285156
8.754663680824095,0.8982954025268555
0.8838679103249854,-4.622198104858398
4.338369925074482,-19.613330841064453
-18.23432595343749,-22.443323135375977
6.92534745147092,-6.714099407196045
-1.768261666543676,-22.084272384643555
-7.87226820943855,13.87086296081543
-12.0847368637308,-11.852765083312988
-4.4222229386498375,-32.59855651855469
6.63109301847755,-7.870016098022461
1.675381804264854,-7.695524215698242
-6.897600670415837,13.906661987304688
-12.2774867069717,-45.900856018066406
-3.963646539183849,3.6011338233947754
-2.552277046947741,-12.661171913146973
-10.78700495517378,32.507415771484375
-6.426376983867103,-13.846982955932617
8.2142562177934,-21.856117248535156
-16.967828162594074,-1.5060176849365234
6.07843040491799,-3.389484405517578
3.08443697315444,25.595378875732422
-1.3811964732242277,65.39784240722656
-4.51305804704249,-65.36137390136719
-9.93375477053989,-27.361482620239258
-0.6581754288220045,2.0418901443481445
-7.952166005584182,-9.547826766967773
-13.563015982384195,10.986063957214355
-47.9957157156951,-10.095930099487305
4.96190002222477,742.075927734375
-2.0240269290899,4.7347869873046875
3.47166270740147,18.881872177124023
-5.2815921348029296,5.918244361877441
2.369358494612781,8.379938125610352
-4.214346026907057,-6.51209831237793
-23.8934551543691,-2.8632755279541016
-1.0659561461183158,-3.90740966796875
3.126169348435272,-35.28855895996094
2.35164464781062,-15.31735610961914
-1.79502295092813,3.239795684814453
-15.957982665262508,-10.5423002243042
-64.65676531723692,-26.482627868652344
-27.8195558011628,-29.008861541748047
-10.480511156242285,10.845663070678711
-6.18357684414468,-2.675947666168213
-6.75960002722117,8.191909790039062
4.4105627388370605,21.089921951293945
5.58846482112586,0.97784423828125
-16.8483709423333,-64.8408203125
16.1850033157246,-28.439552307128906
-3.34531377329845,66.88456726074219
5.893700156574014,13.230331420898438
2.745769909533195,9.910700798034668
2.53362859007723,8.704217910766602
1.0880788430276551,8.664681434631348
