Score,Pred Score
-13.812973987503693,73.04592895507812
-14.6311710829416,-15.837392807006836
-15.020937907067507,-6.9397077560424805
5.61896917638109,-68.68466186523438
0.1461877509898399,-10.176668167114258
3.59745169898486,-24.576444625854492
-6.72144892291601,-7.790172576904297
4.304204520484877,-132.5848846435547
3.37898618824583,-32.05714416503906
3.939818822274421,-167.40914916992188
13.9953943577381,19.79912567138672
-5.39913759737588,-279.7044372558594
-2.204579993178592,-32.11895751953125
8.829561804598438,-49.1441535949707
6.01696699102072,-11.892096519470215
-6.376202369524528,-144.4051513671875
-6.50906463316165,-191.73931884765625
-60.92137282626391,-555.903564453125
1.99934019108803,-47.118736267089844
2.188685633501576,-36.81679153442383
4.07090957771029,-270.2567138671875
0.5211206139658471,-102.052490234375
12.5580583918003,31.29757308959961
3.320229681965675,-216.80946350097656
-0.4381862293696001,-45.30184555053711
0.1752112379752922,-13.729074478149414
4.123908949931413,-22.811508178710938
-14.2382866820043,-22.49322509765625
12.966325580978296,0.2925853729248047
7.692941411907634,-2.044862747192383
-62.9031214125763,-30.804527282714844
-5.800670766453999,-6.28068733215332
-11.705366535732304,3.9857749938964844
-4.786538605318405,-20.618444442749023
-82.4887013651952,-8.382078170776367
-8.251107402184557,-35.54286193847656
1.61677665352485,-34.43315887451172
-11.916211326129387,-6.993141174316406
-45.634880019414,-34.94813537597656
-0.568998602339841,-38.23439025878906
-12.147399114840605,1.9243793487548828
-27.4476544011683,-22.13024139404297
-2.306526469902426,-69.12448120117188
-0.4835459876036119,-6.511368274688721
-8.39479061793487,-2.276860237121582
-46.862925671502296,4.837741851806641
0.3837795244341289,-23.5015926361084
7.184930267876617,-201.530029296875
2.8348518495029404,-17.849552154541016
-9.859535687586003,-131.07763671875
-6.00025755794808,5.011442184448242
-4.764629840066975,-160.48802185058594
-2.377061578670744,-44.362823486328125
-2.0585753436264698,-40.37724304199219
1.1848602197973823,-149.787841796875
4.97603191479674,3.1166915893554688
4.27399441028646,18.457805633544922
-46.2372447228831,-14.50705337524414
-31.4759298257721,-168.0885009765625
-50.1674018945849,-45.401458740234375
0.9601515747159592,-14.40719985961914
-11.864177458483407,-178.69345092773438
-0.538262620928304,-21.555572509765625
-0.6920482116816997,-9.518474578857422
-1.5184696160120892,-7.162179946899414
-3.0836644409391925,-37.39959716796875
11.316750179392892,9.252933502197266
-11.183106529127476,-21.727399826049805
3.59102041590596,82.65739440917969
4.55602013063716,-24.731830596923828
11.579228393987275,-2.797823905944824
2.3067635611900137,1.198822021484375
10.480393919522983,-34.753028869628906
-2.698100773809443,14.22999382019043
3.776985072333982,-11.9156494140625
-11.773766374328297,-6.120181083679199
8.681027307740193,-10.036392211914062
-1.1091988250418725,-58.671329498291016
4.484288991501213,62.61571502685547
0.0548896546292299,14.360122680664062
0.1118559290339978,-48.0866813659668
3.9797293996962297,-16.377052307128906
-22.42608065327665,6.53941535949707
7.37064384347005,-9.290597915649414
-0.2642143205483515,-35.83061218261719
5.344594984386832,-11.17024040222168
-1.2497809936708242,11.506011962890625
13.71198107208239,-17.301671981811523
0.5045482395984724,9.2462158203125
2.86709961553106,-16.777477264404297
0.4423212163888063,267.80419921875
-3.724573545179619,-9.192123413085938
0.2570808252882703,237.5798797607422
-70.65073406723695,-54.12834930419922
-33.9587360563784,-4.581911087036133
9.2088386022025,-27.602108001708984
1.3318185914773402,-204.96043395996094
-9.176001953270983,-0.7338466644287109
-10.497767159210698,-3.178956985473633
-0.4402086584014632,-5.780546188354492
2.1560784090827942,12.472572326660156
-27.1636490162131,-25.456947326660156
-0.670930828719279,-0.23407363891601562
-22.794043146736,-36.49836730957031
0.8105828534072201,-1.9625530242919922
1.2287673509824204,-48.865753173828125
-0.6435038581465955,96.717529296875
8.474782023793379,-14.262310028076172
-9.601847091024196,14.410438537597656
-1.6610011043127195,-9.660348892211914
-0.1091636509260827,12.97549057006836
7.570838092245207,-17.699115753173828
-7.211196994815285,-12.333274841308594
9.090654061652296,-18.85137176513672
-26.6651088566214,38.33115005493164
-17.309192174305,2.720738410949707
4.14054171285972,-19.2982234954834
4.097668935846943,80.52948760986328
-0.29408409265346,-13.457569122314453
-35.8165916579592,-36.27172088623047
10.898098675545494,-22.828170776367188
-1.6552655274048038,-31.4180850982666
1.6729502580778592,-3.178071975708008
-6.42491227706334,0.6034965515136719
-15.4752611754195,-8.661386489868164
-0.6907348474047925,-59.06734085083008
-21.3629045873375,13.905120849609375
4.219145585451182,178.3746337890625
-3.019531285218114,-93.63832092285156
4.25311060075082,-37.092559814453125
-15.0412339008878,370.98809814453125
-8.237627320974727,-34.56964874267578
-1.0683487237199796,-123.15695190429688
-1.7174251595272625,-192.9632568359375
4.069163600073605,-42.458797454833984
-10.162041561092582,-3.701383590698242
-5.97248436581227,-16.899288177490234
6.120538767403939,-24.897621154785156
-0.8028238008287005,-41.05064392089844
-23.6042929930625,16.64248275756836
-0.1777753404752198,-22.29734992980957
-5.785469568057495,129.789794921875
-0.0556983764780604,-15.086553573608398
-25.4508968849616,-58.93598937988281
-5.3185412482723295,-3.6991119384765625
9.1356503291117,-44.48500061035156
4.020569536845237,-12.773252487182617
-58.5527340809363,28.900737762451172
-6.291328737399075,-41.03863525390625
4.187869588752649,-142.68826293945312
8.922207576391518,-62.086151123046875
22.7414116448382,5.31500244140625
-44.6057608529879,-19.97193145751953
-26.5129077898497,-3.8680038452148438
-2.13735826282737,-14.972792625427246
-1.14890133483728,-38.23261260986328
-15.2234416939723,-14.248050689697266
0.369316059642221,-203.6898651123047
-0.6884117876070912,-1.3361711502075195
-5.8772631055401,-114.46421813964844
3.6053774296538297,-7.229433059692383
5.07108724357905,2.317737579345703
1.292753014965791,-19.239418029785156
8.440986836263871,-62.116729736328125
-3.43040335892423,-59.4232177734375
0.7651079053562314,-3.793593406677246
-37.13962469223695,-18.072948455810547
-5.822632503482525,19.931800842285156
-6.879472048396067,-16.736526489257812
2.11024229353816,-46.53832244873047
-7.1526743450051855,-14.705131530761719
-1.122073026503361,-12.20797348022461
0.3302260274555297,-28.21613883972168
-1.178255647098801,-207.87277221679688
-2.99361591491145,3.61297607421875
-18.1070051290659,-10.488143920898438
-3.0332808194811403,-12.910717010498047
2.6303171850506604,-118.17511749267578
-9.72499716390718,-55.03053665161133
0.2729453578388601,-150.60565185546875
-21.4503408223732,-18.238115310668945
-4.99755531471552,-16.87179183959961
-18.0018409950579,-31.952770233154297
4.00031385473591,-47.85551834106445
12.0378145652987,246.461669921875
14.1235470599023,-11.865120887756348
6.55729051148795,-106.38384246826172
11.19992297656359,-16.656814575195312
-7.81388191369781,-7.155679702758789
-2.924593214648255,-123.84896850585938
3.7667366885646025,-6.180890083312988
-6.68253431604433,-12.008774757385254
0.7345204104922589,4.262093544006348
-10.626155896203898,-40.39209747314453
8.106852576346123,-4.866620063781738
-58.24412469223692,-38.54878234863281
1.4955767028094,38.975528717041016
-17.6906096863185,-31.711811065673828
-4.813871520282443,-33.036563873291016
-11.8973420493851,405.0859375
-2.67676896274171,-14.568428039550781
-3.9331393974605526,216.79127502441406
8.756217929094177,-2.1350278854370117
-29.2662792150344,-10.68603515625
1.7249239205326918,-4.213541030883789
-6.686975812883663,-1.8035926818847656
11.10272802991041,50.460044860839844
-10.956818171714705,8.15405559539795
-6.3500959185649,5.977436065673828
0.6681105368389735,516.7774658203125
-12.500029270357295,71.63031005859375
-2.591242863373206,-15.073820114135742
5.954690473588823,-46.448333740234375
-43.929359067237,-28.112253189086914
-17.4841411730512,1.0788474082946777
3.61441892535489,-8.729610443115234
2.1112971208509976,3.8174428939819336
-41.8026500314277,-27.535892486572266
7.028135642932115,-27.91183853149414
8.463248256721428,199.76217651367188
-13.037072413777096,-63.8590087890625
-1.6307504375632549,148.70440673828125
-0.3284521577656807,10.112848281860352
0.4685622181175212,-45.106353759765625
-5.316952415477393,-18.719512939453125
4.584421564331302,-3.8353724479675293
-20.3593816575191,55.02955627441406
3.67041582610247,-41.447547912597656
2.204062447972561,14.386726379394531
-4.666937653128132,45.29864501953125
-12.3781694316975,-7.684164047241211
7.06923762363823,848.0714721679688
-37.2883298194418,2.597116470336914
6.442434166934048,-3.5613021850585938
-12.2162083245621,-33.780601501464844
-20.3623076046531,-17.343475341796875
-5.45440876641342,0.03139781951904297
3.1416241584890576,-13.710183143615723
-4.96580172718434,-3.8556976318359375
-37.4061766871973,-26.794673919677734
6.46185690649625,15.629416465759277
0.5403453062071405,-82.9266357421875
8.656689402528613,-19.99184799194336
12.331931266595111,-115.0257339477539
2.75380173901167,-37.217872619628906
-2.8447496930443927,-85.35663604736328
0.0285872237409883,430.474609375
-73.5286754265322,-57.94527053833008
7.285509446842615,-44.503822326660156
6.72046542688671,-33.885528564453125
-6.19730890695259,-25.08537483215332
-16.4599719883519,5.801009178161621
-10.288292260688207,250.82127380371094
-10.285920522724917,0.06388664245605469
-30.8171784242839,-171.73455810546875
-4.65691689928222,-113.490966796875
-37.1716279374795,-3.3693161010742188
-36.50577458359941,-9.137578964233398
0.7942566624333496,-115.88480377197266
-34.8552692363716,-10.11479377746582
-2.491707941339629,-36.514610290527344
1.7387039934851498,-8.312893867492676
18.9715733525152,-37.05630874633789
-13.8996269060666,-8.523733139038086
4.17561229224804,-5.107677459716797
4.7680640763497,-4.114665985107422
-6.745372906074374,57.372642517089844
7.262818938793504,-60.142547607421875
-55.7541546140486,-28.772077560424805
8.453421074249384,-58.65912628173828
-5.85807143580148,-39.89756774902344
-52.7336020518746,-17.02479362487793
-1.995826789875676,66.43128967285156
-1.3326443092463092,-38.09223937988281
5.029017096161708,-20.94742774963379
-0.71117494174041,-12.018447875976562
8.243548509216069,-0.3340911865234375
5.81602235619721,-131.3517303466797
5.978124919049687,10.685638427734375
-2.8859593337581737,191.140380859375
-26.0047332498617,-16.373958587646484
-1.5220929784942658,-24.964353561401367
-3.195242757261453,-73.48370361328125
-15.0089303719363,-8.603675842285156
-1.757118944268968,-0.4183692932128906
-13.5091075877696,59.7489013671875
-4.0681667574955,-19.878894805908203
4.43276114617859,-4.694725513458252
-4.665207913971671,-13.097326278686523
7.33919324558513,23.448808670043945
-11.69780882660921,-81.84329223632812
5.960801203295765,14.79727840423584
-29.9162730471743,-28.65786361694336
-5.331847529263395,-27.701950073242188
-40.7258600860177,59.20709228515625
-35.3994683825842,9.771398544311523
-10.968565079401992,12.177613258361816
15.384553292915324,-42.738548278808594
-0.4271227388875901,-44.60744857788086
-7.69948364751984,8.068044662475586
-26.6822467124322,-29.92154884338379
-0.2823200449385875,-200.71910095214844
-3.8453528225106623,1.584146499633789
-2.4599041427842496,-29.698925018310547
-12.7315114055493,6.079865455627441
1.418014053180695,-214.17886352539062
-3.4922781726655696,183.30624389648438
9.58062385928767,-215.13735961914062
-17.5801214502402,-22.106536865234375
-49.5120706514507,-29.652692794799805
-0.4503474699443348,-1.1785264015197754
2.332279780348585,-107.86531066894531
-42.2483635713802,-12.852487564086914
-5.00028834575103,0.8588752746582031
-5.14141487663266,-11.539031028747559
-19.923371510770203,1.617401123046875
4.28301459624688,-762.345458984375
0.3224388648416145,2.8585205078125
6.795393661635613,-123.03631591796875
6.720388221210122,22.311851501464844
-20.7558388881914,25.079872131347656
-12.5922662394529,3.1750049591064453
-5.19085420781142,-32.60659408569336
-27.3858072066324,16.70939064025879
6.488490212037078,4.615684509277344
-12.5233171201947,6.4472808837890625
0.996650643215182,2.0881500244140625
3.27144637329635,6.402339935302734
1.203208947199059,4.6015625
4.5031585012656095,124.3714828491211
-46.6686841099013,-25.717823028564453
3.600655729290548,0.01946258544921875
-2.7077151362496297,162.45550537109375
-42.936846127142296,-41.92530059814453
2.679404112105611,-0.10473823547363281
-23.975827854410426,-42.783592224121094
-24.4869919201538,-24.904483795166016
-6.22433036882608,-15.692047119140625
-24.992167376126925,10.199684143066406
-9.742168339465294,67.9139633178711
0.1235817830644999,5.524291038513184
-11.607028837624,-29.154661178588867
5.321680837772678,-17.468116760253906
3.3452637215970498,244.69573974609375
13.015759276594096,1.3497848510742188
-6.13466459150186,44.83592224121094
3.0897024917955025,-34.81690216064453
3.557691046156,-36.517539978027344
2.0008593011464906,-36.77360153198242
-1.2671721747064446,-9.401180267333984
-2.989164004622407,-65.07810974121094
-2.43808381047612,10.645979881286621
-11.30813578108209,320.6755065917969
-9.619042312244815,-137.1778564453125
-4.01456885639382,13.994232177734375
-4.853312003098937,-53.981117248535156
2.78743688363977,195.3221435546875
3.6035536346157695,170.45755004882812
6.09033976794457,-10.242168426513672
-5.89266438028177,-13.089102745056152
4.780848076735348,32.0762939453125
-20.7592210135025,-38.3519287109375
-3.637071869773312,-4.44367790222168
-4.396710286499547,-25.122957229614258
9.04709717330502,-31.96690559387207
1.69213972357191,13.579647064208984
-27.068723822751306,228.82318115234375
0.2886204877907422,-33.79935073852539
-0.592182005541919,-11.255863189697266
-4.736229867816737,3.232076644897461
7.877641553655238,-5.594518661499023
-2.588665914009158,-21.481719970703125
4.72846919446815,4.88853645324707
3.42669038506664,9.192364692687988
-10.274169876330886,173.5653076171875
-1.289264920121349,-25.092132568359375
-6.9648772325347394,32.596595764160156
-1.2236747050651609,-0.7476034164428711
-12.208208404490907,-98.32145690917969
4.40921359309415,0.7865934371948242
16.4171583068458,3.8630409240722656
-15.991582533821994,-16.624053955078125
7.809600001042748,40.09330749511719
-3.0331069492891496,-10.040987014770508
2.603164662477901,20.73809051513672
-24.2572199033326,-18.494831085205078
13.667582002208905,-6.021834373474121
8.19307228691883,-5.304653167724609
0.4664503305112299,-5.002409934997559
-6.46133524603972,-16.060791015625
-19.7520332208299,-135.6619873046875
-7.75971004909346,-8.182891845703125
7.66334596528203,-29.956777572631836
-27.64770126959135,5.106621742248535
2.125547882163602,-51.508731842041016
-1.8239337240231768,-36.321693420410156
3.3696784995100426,-4.270498275756836
5.265272900492549,-28.794357299804688
6.753311816554961,-4.254312515258789
0.9434331950199416,-153.59645080566406
2.13745295521649,4.286651611328125
2.76912169862866,-11.85533332824707
2.409764321136161,-27.549118041992188
3.7606671418030695,8.198253631591797
0.555665600488549,-14.467758178710938
-89.04756219223692,179.04156494140625
6.987950206462267,-126.13423156738281
-10.09410467002709,-18.80633544921875
8.16191414696451,8.799009323120117
-10.731303688850904,4.200563430786133
7.588764503474316,-21.726451873779297
-5.25293160621848,-2.306652069091797
2.3065604778561424,14.397649765014648
-3.8022266666193874,-0.05613517761230469
3.22816419080692,-49.78961181640625
1.1941842843275,-15.302160263061523
9.772192422094813,-9.688236236572266
-2.489313079893845,-4.488766670227051
-13.547300817594484,-46.09990692138672
-1.5403494549472296,-1.9719181060791016
-5.139364658294922,520.95849609375
-1.32131943338233,-325.1641845703125
-0.5284321769112605,-23.611347198486328
0.1119561526876595,-40.13554000854492
14.8508222506114,-151.5582733154297
-0.0918051514147744,-80.1927490234375
-1.7237618714553775,-38.12028503417969
-1.5699354762224491,34.47218322753906
1.5718362711845366,-12.588273048400879
3.58036180553514,-20.725967407226562
7.45084701577923,-3.6576900482177734
-7.378812419643663,-8.84219741821289
-33.1832620874725,9.652467727661133
-6.066411004621831,-17.269920349121094
-16.4910721624856,-300.2193603515625
0.8267526169764301,-24.574562072753906
-9.762453719841735,-50.68862533569336
8.07102955700163,-131.53749084472656
1.741670982094262,35.353515625
-0.0053525606393112,-592.4303588867188
-51.4043293278057,-18.81407928466797
14.9415296965116,-1.8357620239257812
8.70853787657841,-45.70733642578125
-2.149900469098629,7.187614440917969
14.8229623836697,-18.840530395507812
-0.0379657812584102,-286.0400390625
-15.3173389528898,-18.92627716064453
-1.7663441991754285,-114.08074951171875
-6.708306328674888,-7.442005157470703
-78.7451798053926,-47.30636978149414
-0.5413656534735456,-196.51885986328125
9.625121597198186,4.982479095458984
-3.15562863494722,-212.24472045898438
9.60447820177431,-44.442291259765625
-3.31847606547329,-1.016733169555664
-4.12581810820042,-21.174951553344727
1.7706121017107803,399.63427734375
0.5117341060036625,184.5662384033203
2.63157412115867,-7.544300079345703
-4.763634360062484,-47.720550537109375
-11.18181257464061,378.34613037109375
-39.4932668903457,156.9842529296875
9.206200380526292,11.28289794921875
-2.93911844531118,7.235149383544922
-28.13472322157985,-0.034320831298828125
9.62907409316032,4.251918792724609
-7.042636248773623,11.460746765136719
-4.03025121975644,-30.8756160736084
3.42951329804928,-45.585540771484375
2.5565427438131976,-146.35552978515625
2.8513084033656,-5772.2900390625
-5.5623675139736175,-1.6659832000732422
16.9968892380515,-14.566452980041504
-4.144685584269085,-19.50261878967285
-11.221818720505304,-14.209314346313477
-2.111656589218961,-3.6974258422851562
-1.626797120535592,-10.351771354675293
0.7652624054000594,1217.076416015625
-21.5531296050118,-24.5531005859375
-13.053772031257305,-8.132354736328125
5.42509465390903,63.96763610839844
-5.5186956836840375,-92.5667724609375
-2.260381023139061,-2.1867799758911133
-30.3377383335249,-37.268714904785156
7.380729755239978,-27.414234161376953
-4.172986764275874,6.195560455322266
-1.2036514942358316,-55.853187561035156
-35.2906329121599,-31.9586181640625
-2.54595208771381,-14.566902160644531
-10.901275449743116,-10.822781562805176
-17.0078420331655,28.078290939331055
-17.0314498829154,-5.777660369873047
-11.9784507557909,10.666084289550781
-19.469018973061075,-5.0409393310546875
-3.2142130797467816,-16.676259994506836
-0.5663484394051013,1.0364198684692383
-21.2195468929047,-38.920494079589844
8.077984978184695,34.572166442871094
-17.0119321722455,-4.11650276184082
4.67424026120176,-548.7154541015625
-47.9875704511971,-25.243783950805664
4.316615136301563,-15.900019645690918
11.2728180991378,-9.61194133758545
-3.5546157663424616,-32.220916748046875
-3.15887949932979,-28.011978149414062
-1.6422791314174887,-5.441616058349609
-3.448025235667948,21.729782104492188
-13.5632540546311,2.5517730712890625
0.8825935384285006,-18.135807037353516
3.27100049685324,5.767570495605469
-0.7762273913233743,-13.910528182983398
1.026942322157092,-5.439911365509033
9.859104788483815,-8.943309783935547
-1.9977872313530125,-33.05963134765625
-13.1809903671301,-3.6767473220825195
-35.1782981083837,-25.525070190429688
-35.8337806803641,-44.04639434814453
-7.639409008216227,-16.95346450805664
-15.746453943284,-10.886625289916992
1.055995951979529,-10.100858688354492
3.987299411465438,-64.8779296875
-37.0930621901092,0.890986442565918
16.694612728237402,-33.13835144042969
-4.527979888097892,-51.03875732421875
14.6352674345898,-6.173320770263672
5.034618319433818,-39.11309051513672
-3.77133000272187,108.5845947265625
-1.61504571199055,-58.49552917480469
-56.3663437951974,-137.27896118164062
10.088450856398616,0.5279884338378906
-14.285610883283098,-247.139404296875
2.6210618799141923,-40.482513427734375
-2.308732762121495,0.3013277053833008
-83.9761260280997,-18.472274780273438
-1.03656181464744,-18.15777587890625
10.16232173056559,-14.489917755126953
-3.12013961477547,-15.525461196899414
3.010752586641185,41.64874267578125
-1.5178355576616795,7.967744827270508
-2.60072537807549,20.284420013427734
-2.367312137177082,-37.27509307861328
6.075310726130807,-64.17657470703125
2.24572304437811,-108.26220703125
0.2044267191685782,11.24099349975586
3.85944773684647,-41.78352355957031
-14.409506408843407,9.278246879577637
-2.683955047842884,-311.59063720703125
-0.0075038478591599,-27.462005615234375
7.190050317883171,5.730066299438477
-2.1691769605730515,-42.735958099365234
-7.910003358009165,-30.104066848754883
-69.1366966634013,-33.609703063964844
1.437241653553571,-9.154930114746094
-20.7409218490905,-150.22784423828125
3.78247800369874,-5.010706901550293
7.909526276907584,-31.39540672302246
6.097122298913325,1.8996925354003906
24.5800902168924,-7.442034721374512
-9.979741434164584,-8.484699249267578
3.1327986373042376,-92.18128204345703
-8.393586343504198,-5.154417037963867
8.678125432705007,-0.21241474151611328
20.7428439693387,10.016929626464844
-1.511416195100045,-27.940563201904297
-23.3725501337939,-50.29415512084961
4.69437535963172,-14.009187698364258
8.24149319055937,-57.81208801269531
-0.2898522089969393,-30.38809585571289
-7.19378137939456,-62.62322998046875
1.0271109700113177,-28.060766220092773
-14.564555056626377,45.06951141357422
-9.657849716236,-78.20185089111328
-0.7280966227290082,-318.4670715332031
-21.8962191024866,-22.060977935791016
-40.2614734397264,-158.81915283203125
-1.77750068778882,113.33551025390625
-28.3488859938485,435.18939208984375
-8.184373188662292,-39.055625915527344
-6.135426654744688,193.23416137695312
-3.270422191581055,15.886514663696289
-6.055427015859325,15.907211303710938
-34.3143130117107,686.4496459960938
-50.4820483838523,4.6570634841918945
-4.639593570653838,28.1396484375
-21.0606958753072,605.259765625
8.747205755218493,-32.574989318847656
0.6884341878779402,175.75680541992188
0.300408103033295,43.1358528137207
-2.6184282494780104,-15.245241165161133
-37.3999740396079,-2.8430747985839844
-10.594900847222812,-53.024658203125
-23.227454082363305,-8.594562530517578
-15.4814292943448,-20.75702476501465
-6.89310310865277,-29.897113800048828
-11.7962452523223,2.4501800537109375
-0.3887710448227697,87.49617004394531
-4.0896099478500325,-21.349660873413086
-42.6579269422049,-15.1697998046875
-2.095241650043551,-3.1954870223999023
8.45389840526827,320.50341796875
-15.5157954828953,176.7901611328125
-1.9802660997523944,4.732891082763672
1.8368511005450223,102.32180786132812
2.11900133622217,-56.638092041015625
-38.4962238749225,84.48507690429688
0.8069046214032297,-21.398311614990234
-1.73607437190069,0.49021339416503906
-8.46093254820262,-6.481392860412598
-0.0780407432645869,70.03874969482422
5.009535132419683,2.284137725830078
-74.9399761386801,-29.143821716308594
2.806732553915905,2.5126609802246094
-10.415057364934407,-12.748575210571289
-4.81834176383161,-239.49273681640625
-1.4920816076829602,-13.805079460144043
-0.003939288658445,-7.619239807128906
5.86288473591452,12.010517120361328
0.4443344011282492,1.5675220489501953
5.72263802046558,106.34417724609375
5.46583466116103,-12.996787071228027
5.05355462238675,7.228548049926758
-17.190033530139498,-11.74470043182373
-10.1192188918475,-34.045249938964844
-10.539071528779305,-30.857006072998047
0.2492257167476033,158.9983673095703
5.35198813185094,-53.06204605102539
14.9823899147147,-11.645538330078125
1.7336328627834918,-0.9506740570068359
3.2582764286422226,280.120361328125
1.1615369027166365,-40.26862716674805
-42.4099588259267,-88.96380615234375
-38.7823663998969,14.185401916503906
7.99575647038201,-7.846904754638672
11.644495901203598,223.44920349121094
-39.0956747424042,100.46025848388672
-38.6438610292767,105.60894775390625
-40.5029244010595,-37.80441665649414
-22.8644313188967,5.843021392822266
-0.897066728281827,-9.622638702392578
-17.6830733389949,201.057861328125
-0.0084306638066775,-6.778364181518555
0.5394390329931549,4.401697158813477
-21.61387508166409,11.656815528869629
5.053393098685065,-38.22782516479492
-15.7834934865799,11.048331260681152
-58.40351531723695,-50.27464294433594
8.86280218600469,12.796613693237305
1.888243484494037,9.054422378540039
8.99923705482913,15.791852951049805
4.133325903305868,-75.32221984863281
4.774357664359128,12.78961181640625
7.418770080750715,5.9755401611328125
-2.25262466719878,5.477235794067383
-7.071587649042333,8.605274200439453
4.398742241377427,18.4000244140625
-8.692928400841772,-132.57705688476562
2.334382802629,-27.339818954467773
2.8274240704709,17.920021057128906
2.1747311895065486,38.31910705566406
-11.9965988914421,2.2465763092041016
2.776867734737273,-55.62574768066406
-12.4595255596924,12.818586349487305
18.5317724911246,-8.827432632446289
6.86106163750481,-65.73076629638672
-19.1693792779686,11.699438095092773
-4.20883890972707,1.3622360229492188
-0.3530077955256401,30.34450912475586
-1.6020246929696491,-48.73040008544922
-7.57557880794988,18.646221160888672
13.9692836454661,6.962645530700684
1.289294757415069,-23.97772789001465
-20.3746494688195,-23.764644622802734
-8.044482691931467,-16.414213180541992
2.51340467963473,26.421083450317383
11.0282847349576,7.477169036865234
-1.3944922949507652,79.37831115722656
-26.2706781913698,-18.11998748779297
-71.7765711158932,-25.46088218688965
-44.2857422252861,-4.136695861816406
-3.057699221935841,-6.494209289550781
10.116767222520318,257.3748474121094
-46.9980356488569,-20.045639038085938
-8.677497573270493,19.976119995117188
-25.781275563237,-14.913398742675781
-2.941164138388841,11.125041961669922
-26.5692742661385,30.233354568481445
1.2555345380058751,6.49711799621582
-0.810306898238276,-22.530105590820312
0.2404076931068699,23.668746948242188
-2.5590885431480426,20.531408309936523
-11.9846830308257,21.563419342041016
-5.775806690181939,-17.385244369506836
1.9806048133258944,-16.946895599365234
16.618750626525,-7.175901412963867
8.204494762209066,-21.763843536376953
6.80321923705408,-15.423851013183594
11.710679650337616,-4.408822059631348
3.181253849239128,-82.16677856445312
0.90894434552881,2.6840476989746094
3.547124544521316,-242.197021484375
-2.202886656443709,-109.362548828125
-11.133669865203094,-58.89084243774414
9.328533024448705,79.34930419921875
-0.7012610501602399,-11.567846298217773
-0.3170472839931941,-29.84478187561035
-2.3458288386735573,-23.249710083007812
-26.1191329979098,-48.18359375
-2.33292598982445,-80.69869995117188
2.461922216333884,-4.164908409118652
3.73205068567752,-11.503562927246094
-22.4462583852743,-181.16766357421875
16.899113604615202,-210.6922607421875
-2.85382252753121,64.55716705322266
1.2705701336207027,-17.168184280395508
7.960789166364423,2.674318313598633
2.71808902854303,20.96524429321289
5.5273920092716775,-81.0535888671875
-4.11149235653684,-17.759929656982422
-20.9676231329802,-97.13951873779297
-0.89184437235696,7.110639572143555
-1.2816619609782416,11.158136367797852
4.85634828411675,2.518564224243164
6.429854346358795,-3.1279029846191406
4.71112087372323,-25.778364181518555
-30.7199022255615,-156.34927368164062
-3.8590388668775,21.450454711914062
-10.6557437737239,-11.905397415161133
-13.4460672849668,-8.863754272460938
-5.527709296795018,-9.731801986694336
-1.876637029070265,12.80178451538086
10.2532613363299,-13.087230682373047
3.00680128293027,-151.573486328125
19.33685959748449,13.230728149414062
-0.1058882282985149,29.0913143157959
14.3436638764016,-42.87431335449219
-16.1535771788668,-60.94228744506836
0.9480162028997956,-33.910675048828125
-18.5891767455387,-36.420921325683594
13.309934514349203,0.4637603759765625
6.02246857213521,483.23004150390625
5.16750826555368,-60.80772018432617
-1.0190872666435924,-33.21295166015625
-19.100904418149,22.356157302856445
4.743603615290096,-152.5680389404297
-13.8157551615103,39.182151794433594
-3.802611775309477,6.658939361572266
4.30511943579503,3.1676101684570312
-22.482844278002705,-53.13524627685547
0.60779733849738,36.93262481689453
17.8138573048897,-7.785144805908203
-38.4626262988146,18.606584548950195
-0.6089836493556324,-8.432149887084961
0.8617451361473882,0.2143726348876953
-2.40000424902785,-11.443387985229492
3.7078671714499096,-10.482034683227539
-2.390619984667185,125.470458984375
-15.559462368784592,-63.72352600097656
-13.790764753514,-36.842220306396484
-9.325981865786185,-27.596599578857422
-58.4491138315396,-24.5766658782959
9.550892694239591,-26.796632766723633
4.435147085081137,-22.66628646850586
-2.3538192484503564,-11.450994491577148
-5.83438093189622,22.831275939941406
-7.10827059552493,-160.80734252929688
-12.414939844598162,-27.700407028198242
6.6154810826822,-17.591938018798828
1.3155747227446202,-15.5782470703125
-2.56542276271332,-10.884187698364258
-13.546032832554804,-10.483470916748047
-16.600339428286603,34.639930725097656
2.9737175212081803,25.53537368774414
6.167862854629888,-13.8070707321167
-40.922076323723,-57.34754943847656
16.9349100756105,7.3296613693237305
-12.24911226903676,10.896936416625977
4.867927463076468,-14.36184310913086
-21.6327950573002,-2.333057403564453
7.11033993521173,-13.112869262695312
-9.59094984812801,-49.994144439697266
4.92186081619874,1.6350021362304688
-7.815562497274902,5.621236801147461
-2.20364176327536,69.25732421875
-19.6754058911438,-56.70027160644531
-91.8886792382854,-5.491058349609375
-20.9507978903398,-42.1999626159668
-17.8084408175675,20.988357543945312
-62.9612541332419,-47.365631103515625
5.598134989920393,0.98992919921875
-7.283890318199592,14.989002227783203
6.1026124307435,-25.600980758666992
7.42840635595139,-8.922172546386719
-5.179391847578812,20.326828002929688
-4.873152982370568,7.444023132324219
7.276768036701751,25.68579864501953
-10.739322929783883,-8.529218673706055
-22.9219832537164,19.383132934570312
1.5259403537211615,-2.233213424682617
-44.7886924625105,-44.82545852661133
-3.72583443525641,90.84701538085938
-14.57002364123529,4.812828063964844
-10.128266274366498,24.399784088134766
-28.0249952668106,87.24072265625
-26.24662901330595,-40.33089828491211
-40.3645652505015,130.50450134277344
-30.8056950922951,36.59440612792969
-3.9552380984537248,-15.589296340942383
-2.1789667599796294,222.09823608398438
-0.5734820606807138,-10.502176284790039
-1.1617148968623687,-0.28531646728515625
3.42848617073407,77.84107971191406
-17.4030551064212,10.642679214477539
3.88109013796494,-27.458541870117188
9.400493271217616,-3.7097110748291016
-11.302161927872188,-58.0792236328125
-13.3709137252944,-15.423566818237305
-6.79658968512302,-24.05876350402832
4.509456424718162,5.6970720291137695
5.45103123545738,25.28656768798828
8.149714042401495,7.895526885986328
-12.909180343140196,9.830657958984375
-6.61979034735207,11.32596206665039
11.9978624338519,-56.17524719238281
-12.53254789251529,14.390029907226562
-8.36198121766124,-1.2827987670898438
-4.361976736345532,13.047436714172363
-0.1898191226144924,2.294863700866699
2.3166834950764685,72.43734741210938
-12.6203596574975,-191.13949584960938
-1.207429910073891,56.81884765625
-29.7403775200217,47.64841079711914
5.31082796058257,-14.331771850585938
2.97844031586002,38.89839172363281
-12.533050119535002,29.865371704101562
-5.8684323426223,-1.7655096054077148
2.391980620215489,-4.758190155029297
7.73570234615748,26.756099700927734
1.166748445159433,-11.918869018554688
6.093529951556334,-2.0742626190185547
17.709922444879297,107.34242248535156
11.779516260068313,1.0636119842529297
2.4866177573815964,-52.30949401855469
-30.89708550466269,-21.285600662231445
-9.231606713935047,-28.99085235595703
-13.4089268865456,25.91643714904785
-9.06573754635488,8.820387840270996
9.30630078585379,-40.80440139770508
-7.156550033865472,26.468185424804688
-10.5414716495377,22.196868896484375
-27.8178569354009,-176.32382202148438
5.3817717725564,-42.986000061035156
-35.155236696245,-61.70621109008789
-21.4141717786538,-48.28510665893555
-2.6053130644292946,0.7030425071716309
-9.953220777101093,3.281081199645996
-8.798237091769485,25.529176712036133
-27.6920167541674,25.704242706298828
8.017093587799739,1.513336181640625
-0.3550158381598589,-8.839826583862305
-1.19024715514191,-240.2872314453125
-3.2855896341823474,-223.91989135742188
1.844566842421384,-21.524188995361328
-30.7366736665872,-39.57992935180664
-11.338238855350506,9.965795516967773
-1.059512617215007,-72.77368927001953
-33.7712071062874,-139.67575073242188
3.812227003524945,540.9874267578125
-2.8472026300298463,-30.18486785888672
-21.5871320482388,-7.814706802368164
1.845960760756301,-87.06809997558594
9.06213659212517,-18.448928833007812
-13.950148061363093,9.78420639038086
-15.1006814359747,18.163715362548828
-8.65496498210776,-41.10533142089844
-31.18852367408345,-488.16375732421875
2.35160533891099,-27.024497985839844
-7.06329362397977,-57.951873779296875
-11.299328727708405,-105.11483764648438
-5.73967918172164,-5.246106147766113
-4.062121175440552,-19.598161697387695
3.62056380925444,-24.45441436767578
-6.512385872303066,-39.796165466308594
-17.2817979072755,-138.49888610839844
5.79128728304933,-191.50686645507812
3.7921116228684086,-5.085163116455078
0.51700222845629,33.96286392211914
1.0966146270020711,2.332914352416992
-6.613686761665703,-19.843910217285156
-39.873530292237,-33.28108596801758
-35.0272315856836,-20.04256820678711
0.2475632146873464,-11.085598945617676
5.59963570142504,-50.07649230957031
5.29419053806362,-2.1510887145996094
6.457932781589695,-20.246496200561523
6.4251548431743295,2.041867256164551
-19.7885249955934,-186.05140686035156
-2.4097304318056905,0.21254730224609375
7.543407488617369,2.681077003479004
1.83593808226401,-3.2572154998779297
-1.5082203021212124,-185.7672119140625
5.99108205682079,24.579605102539062
-18.1797235112709,-4.745390892028809
-12.840088322870097,-70.32975769042969
-2.23616712442702,5.606526851654053
-4.662511414401839,9.665846824645996
3.41802282280863,-29.187761306762695
-12.0320822507053,-16.50641632080078
-25.9801803981754,-18.475860595703125
-5.97419023328963,-163.91891479492188
15.4186986077963,41.0030517578125
4.480465220149085,-10.16299819946289
-13.2363849677504,39.524658203125
-9.362863686069195,15.466160774230957
4.128157012788561,-12.780960083007812
2.26767773086615,-2.9970245361328125
-24.1634597090208,-52.03340530395508
10.013204486477417,-116.08267211914062
-31.934070451053,-21.290233612060547
-22.9515728231767,-5.5063934326171875
-11.219410776078313,-156.5843505859375
6.00089213826483,6.888792037963867
-28.9638748432599,-15.709877014160156
3.11049964318654,-11.355591773986816
-1.073248118887358,-30.092941284179688
-10.249148139079496,-114.00143432617188
-13.14009076535719,-21.88606834411621
0.7364260970712593,-1.5110092163085938
-44.9949251983702,2.5147438049316406
-5.159519294761907,11.544649124145508
1.869241020829697,35.661651611328125
-55.54568697318505,-15.21548080444336
0.3065104335081801,14.610946655273438
-10.386374558578522,5.283725738525391
-3.0345245902191325,3.99346923828125
-57.144820014625296,10.280082702636719
2.85060083445348,5.44168758392334
2.446050707651698,-92.95750427246094
5.50221601830175,-10.14814281463623
3.455876052191651,-29.136157989501953
-14.6157572128631,-46.93977355957031
-0.874105623616695,-120.88583374023438
-1.378759213278819,-100.77174377441406
1.350733135180331,282.5384521484375
-1.94666134980912,-16.459436416625977
-3.36735139960915,-18.79012107849121
0.8319171014720902,-32.232975006103516
-40.2101205720394,38.33707046508789
-24.577379709126298,-12.88717269897461
-18.6292132467089,28.52577781677246
-46.39510994896701,-13.444847106933594
-2.487076105276776,-141.45339965820312
-4.752960817423343,-36.71063995361328
-0.1160299782726794,99.11740112304688
-18.5277286275242,24.085718154907227
-14.1325019191809,-0.7649240493774414
10.909208084253878,-3.2874670028686523
1.30779520720034,-7.124094009399414
-5.77436797253085,4.271022796630859
3.986867952152618,-5.237766265869141
-21.7936206120663,-30.903640747070312
-2.643556292002,205.1011199951172
11.0853991753379,14.23438549041748
-12.9397422629832,28.148406982421875
-0.190891674386513,-130.0177001953125
-6.32558602127377,-21.324440002441406
5.391699208755202,352.4177551269531
-8.998840630677615,65.52669525146484
-1.6005087696864486,-25.9843807220459
7.5482379424635875,101.11529541015625
-7.642910278690365,165.11029052734375
3.719171936095444,-45.01896667480469
-0.8981307679622897,135.27557373046875
7.06032809637297,21.715030670166016
-3.134999611446543,1.2787837982177734
-5.94174589421185,87.68486022949219
-17.7883076547542,1.5149154663085938
-25.2381267145584,-21.55999183654785
-27.5445722402187,108.63233947753906
2.6678241356197647,3.098078727722168
5.02066543392875,65.88915252685547
-1.67197513843126,-17.808523178100586
6.58117049992555,-1.6604185104370117
3.12612254618191,9.187084197998047
-2.1147225087047508,-1.5075664520263672
-76.9668504799361,2.063060760498047
10.11870938841209,-50.85209655761719
4.755697845162629,16.050485610961914
16.5479703149859,-9.77859878540039
4.001938538520379,22.77519989013672
-14.1813773041305,-14.713401794433594
0.7709161631446207,-6.551374435424805
-24.2508933717269,26.170942306518555
-22.3071231538392,14.703498840332031
7.2595381633228,-8.26962661743164
11.555346181601609,-8.663803100585938
-26.258782255785,25.080638885498047
10.3189652047012,23.6507568359375
0.809697096857583,9.28000259399414
-18.5255095356289,17.123199462890625
-1.0680791130593923,-36.509456634521484
-3.5390830989045075,13.573200225830078
10.468583156479704,9.065152168273926
-10.613183176373598,143.97096252441406
-6.40442742836347,-11.120723724365234
7.196532980977684,26.602766036987305
-10.586292641023492,-11.411046981811523
-26.79502671025515,36.167510986328125
-7.187555808667961,-6.6004228591918945
5.4465900456679694,-8.520235061645508
3.1988276731025875,-0.8518867492675781
7.827394642815597,19.680156707763672
3.887422638441485,-5.106954097747803
-3.41466344580097,-19.788101196289062
2.667044757168528,106.05198669433594
1.0590749185315824,-44.0355224609375
-3.9965921287470247,8.20980453491211
10.982614675109394,4.322601318359375
0.4076170529080399,111.28732299804688
2.71319811317338,-21.219860076904297
8.652061852316729,-217.45501708984375
-0.6579761516790089,123.65332794189453
-51.6773231694491,-19.29008674621582
-2.8325461302865187,16.148372650146484
2.12749125232924,-1.6372661590576172
3.562549470771905,-109.89265441894531
-16.517773128145326,4.479150772094727
6.874655354673765,1.0902462005615234
0.2047767843086013,-2.136964797973633
-2.698758931910008,9019.5830078125
1.8601156760560384,45.21088409423828
-22.2455703021075,-16.805809020996094
2.4288820651169605,-152.5159454345703
-16.8307740899425,8.755653381347656
20.7191486697607,-42.49371337890625
-30.7261055182573,-44.14647674560547
-38.4849400567448,-146.592529296875
-14.3103126367969,24.95809555053711
0.7860328468455551,-0.87939453125
-48.3858044800915,-8.4298095703125
-3.21662088766757,-5.009199142456055
1.675245639565673,-16.545330047607422
-90.3299705619704,-62.38618469238281
-9.28527551691871,8.23979377746582
-1.2293411329062325,-35.61553955078125
-4.534682244798708,-49.529083251953125
-68.1959205924323,-24.579092025756836
-24.5242345195019,-103.89171600341797
-2.77042962989298,-12.751053810119629
3.8009101564042025,-14.468219757080078
8.933703319425492,16.142242431640625
-11.341527235964405,-85.75440979003906
6.71098989067457,2.447507858276367
4.54734483862441,-25.865379333496094
-5.16341129781556,19.688608169555664
-49.062306315025,65.68830871582031
5.26551760771767,119.15512084960938
3.33951124606136,-4.954318046569824
5.006519903780723,-6.6517486572265625
4.05485944970297,25.265972137451172
2.283405953189745,-1.725372314453125
-2.66483863280114,-47.97007369995117
12.566471603210276,12.60904312133789
-27.9020155354992,6.750541687011719
8.88265541550952,-2.4467010498046875
0.1652887870268324,-6.751552581787109
15.4985727759109,-11.631173133850098
9.014890317831036,-10.374650955200195
1.4803529144374856,-14.0274658203125
18.1939100849816,-1.8339242935180664
-2.6304973605131474,-2.219236373901367
-5.493763326806099,-14.559054374694824
-0.6715208179901364,127.5636978149414
-36.7383193130824,-56.507022857666016
5.062784719364307,12.205009460449219
-12.026803679110706,-47.29999923706055
-3.01321716593974,-36.48907470703125
8.35813394800668,6.017871856689453
-3.60075442831331,8.74310302734375
-9.509135784465323,7.001556396484375
-19.6175855102284,-63.140174865722656
-27.8629509568953,12.690305709838867
1.74273211890989,49.92764663696289
-2.19578977406709,15.992496490478516
2.42002639701588,-75.95628356933594
-25.55316918036869,7.145510673522949
5.635020609606415,-13.00469970703125
-34.727836669101,1.9455413818359375
4.4516036428765,25.322956085205078
4.967381413305823,-127.49476623535156
-6.81516141534704,-25.364519119262695
-24.3954295810688,11.757884979248047
8.658679095048068,-1.791494369506836
3.7347243087796,32.28118896484375
-12.909633143366396,15.094464302062988
-60.49569009623433,27.024089813232422
-3.790702882666694,-0.9465198516845703
-12.41068356063,15.914112091064453
2.76740193393285,-7.448280334472656
-18.9061714872788,-20.605045318603516
-3.681083449701528,-2.7549076080322266
8.13893448615947,-13.13267707824707
-51.402683514636095,8.90597915649414
-3.0703466753296,-3.424715042114258
0.4646043967887734,3.920260429382324
5.989492839405608,0.4041786193847656
8.833837192566008,14.193450927734375
-26.1965705632023,-27.55607032775879
0.0804428699766095,4.669225692749023
10.229168329440906,44.61968231201172
2.12042655289975,-34.1043815612793
3.88810032819938,16.805639266967773
-31.515616413872173,-9.088577270507812
2.28163515100639,-12.745128631591797
-9.633163292669298,0.18729400634765625
2.63206586722876,-12.115854263305664
0.3189015990893598,-26.66457176208496
-6.31868596379813,2.7895259857177734
-6.4648984000359935,11.406211853027344
8.91646092056966,4.99705696105957
-42.637521131086125,-7.79829216003418
-89.5439156156453,22.10791015625
9.179556151687803,-72.53372192382812
8.754663680824095,-0.06460952758789062
0.8838679103249854,-7.516025543212891
4.338369925074482,-15.745725631713867
-18.23432595343749,-39.64720153808594
6.92534745147092,-18.531909942626953
-1.768261666543676,-48.53855895996094
-7.87226820943855,9.811140060424805
-12.0847368637308,1.7533206939697266
-4.4222229386498375,-37.66346740722656
6.63109301847755,-8.878438949584961
1.675381804264854,-38.13616943359375
-6.897600670415837,47.04388427734375
-12.2774867069717,-143.7371826171875
-3.963646539183849,-7.250607967376709
-2.552277046947741,-26.864093780517578
-10.78700495517378,34.44178009033203
-6.426376983867103,-30.37492561340332
8.2142562177934,-45.308738708496094
-16.967828162594074,1.9409255981445312
6.07843040491799,2.7792739868164062
3.08443697315444,-18.644657135009766
-1.3811964732242277,24.23702049255371
-4.51305804704249,90.71864318847656
-9.93375477053989,-42.974464416503906
-0.6581754288220045,-3.6635446548461914
-7.952166005584182,-3.4795570373535156
-13.563015982384195,13.080255508422852
-47.9957157156951,-27.8043212890625
4.96190002222477,123.77197265625
-2.0240269290899,-21.906904220581055
3.47166270740147,-8.365438461303711
-5.2815921348029296,-9.687202453613281
2.369358494612781,-16.48163604736328
-4.214346026907057,-10.041352272033691
-23.8934551543691,46.422889709472656
-1.0659561461183158,-7.171770095825195
3.126169348435272,-2.7434844970703125
2.35164464781062,28.228439331054688
-1.79502295092813,-7.495368957519531
-15.957982665262508,-16.475751876831055
-64.65676531723692,-60.677703857421875
-27.8195558011628,-23.661388397216797
-10.480511156242285,15.85931396484375
-6.18357684414468,-4.431781768798828
-6.75960002722117,48.69664764404297
4.4105627388370605,14.903820037841797
5.58846482112586,-7.667811393737793
-16.8483709423333,102.72125244140625
16.1850033157246,0.16713714599609375
-3.34531377329845,-3.5484695434570312
5.893700156574014,22.89903450012207
2.745769909533195,22.978994369506836
2.53362859007723,-5.821575164794922
1.0880788430276551,-10.482917785644531
