Score,Pred Score
-13.812973987503693,-15.462326049804688
-14.6311710829416,-12.211099624633789
-15.020937907067507,-13.201994895935059
5.61896917638109,66.13710021972656
0.1461877509898399,-9.492277145385742
3.59745169898486,-1.6672110557556152
-6.72144892291601,-6.770145416259766
4.304204520484877,6.08586311340332
3.37898618824583,-12.487876892089844
3.939818822274421,12.216060638427734
13.9953943577381,29.66558837890625
-5.39913759737588,-9.446990966796875
-2.204579993178592,-7.258964538574219
8.829561804598438,0.7202839851379395
6.01696699102072,1.293035864830017
-6.376202369524528,-19.702350616455078
-6.50906463316165,-14.797386169433594
-60.92137282626391,-23.41522216796875
1.99934019108803,16.415428161621094
2.188685633501576,-5.184861183166504
4.07090957771029,24.2314453125
0.5211206139658471,58.38642883300781
12.5580583918003,26.377422332763672
3.320229681965675,8.35555648803711
-0.4381862293696001,-6.459000110626221
0.1752112379752922,-7.936521530151367
4.123908949931413,41.351318359375
-14.2382866820043,-3.3912010192871094
12.966325580978296,9.019024848937988
7.692941411907634,0.37298059463500977
-62.9031214125763,-35.95033645629883
-5.800670766453999,-9.340960502624512
-11.705366535732304,-7.716785430908203
-4.786538605318405,3.126667022705078
-82.4887013651952,-23.53325653076172
-8.251107402184557,-5.635866165161133
1.61677665352485,-12.619108200073242
-11.916211326129387,-9.364792823791504
-45.634880019414,-28.67021369934082
-0.568998602339841,-12.336825370788574
-12.147399114840605,-13.22307300567627
-27.4476544011683,-19.240005493164062
-2.306526469902426,-19.96894073486328
-0.4835459876036119,8.461017608642578
-8.39479061793487,-7.290251731872559
-46.862925671502296,-11.948646545410156
0.3837795244341289,-3.756195545196533
7.184930267876617,2.548145294189453
2.8348518495029404,-4.073766231536865
-9.859535687586003,13.568437576293945
-6.00025755794808,-2.9114866256713867
-4.764629840066975,-13.17673110961914
-2.377061578670744,2.538733720779419
-2.0585753436264698,5.271270751953125
1.1848602197973823,-3.5096664428710938
4.97603191479674,-1.3419570922851562
4.27399441028646,-13.989503860473633
-46.2372447228831,-15.608476638793945
-31.4759298257721,-1.7733955383300781
-50.1674018945849,-24.65848731994629
0.9601515747159592,-2.3005104064941406
-11.864177458483407,-1.36181640625
-0.538262620928304,-7.664433479309082
-0.6920482116816997,-4.816617965698242
-1.5184696160120892,-1.729494571685791
-3.0836644409391925,0.627493143081665
11.316750179392892,9.632275581359863
-11.183106529127476,-7.176222324371338
3.59102041590596,-21.735000610351562
4.55602013063716,-2.8607378005981445
11.579228393987275,8.657746315002441
2.3067635611900137,1.5424842834472656
10.480393919522983,-3.5756053924560547
-2.698100773809443,4.698081970214844
3.776985072333982,-18.795860290527344
-11.773766374328297,-13.885126113891602
8.681027307740193,-13.053680419921875
-1.1091988250418725,-4.4914045333862305
4.484288991501213,-4.736606597900391
0.0548896546292299,-7.943394660949707
0.1118559290339978,-9.263054847717285
3.9797293996962297,-2.4030027389526367
-22.42608065327665,-17.85130500793457
7.37064384347005,-2.90657901763916
-0.2642143205483515,-16.270648956298828
5.344594984386832,-9.646467208862305
-1.2497809936708242,-12.066679954528809
13.71198107208239,-2.973935127258301
0.5045482395984724,-0.9383563995361328
2.86709961553106,-4.4265851974487305
0.4423212163888063,-0.16724395751953125
-3.724573545179619,5.891695976257324
0.2570808252882703,14.524551391601562
-70.65073406723695,-35.238548278808594
-33.9587360563784,-14.107158660888672
9.2088386022025,-6.3303422927856445
1.3318185914773402,8.114013671875
-9.176001953270983,-10.234965324401855
-10.497767159210698,-15.593755722045898
-0.4402086584014632,-3.1146726608276367
2.1560784090827942,7.115272521972656
-27.1636490162131,-5.823734760284424
-0.670930828719279,-12.687397003173828
-22.794043146736,-16.233280181884766
0.8105828534072201,2.0320558547973633
1.2287673509824204,-3.5340280532836914
-0.6435038581465955,11.95389175415039
8.474782023793379,0.41051483154296875
-9.601847091024196,-2.9675827026367188
-1.6610011043127195,-1.7658720016479492
-0.1091636509260827,0.512528657913208
7.570838092245207,-10.672666549682617
-7.211196994815285,-27.50775718688965
9.090654061652296,-2.9005165100097656
-26.6651088566214,-4.666050910949707
-17.309192174305,4.1652960777282715
4.14054171285972,-0.4699862003326416
4.097668935846943,13.480705261230469
-0.29408409265346,4.246451377868652
-35.8165916579592,-21.72598648071289
10.898098675545494,2.454570770263672
-1.6552655274048038,-4.208937644958496
1.6729502580778592,-5.084681987762451
-6.42491227706334,-13.014863967895508
-15.4752611754195,-12.257861137390137
-0.6907348474047925,-2.865121841430664
-21.3629045873375,-16.16474151611328
4.219145585451182,-8.840898513793945
-3.019531285218114,-10.331109046936035
4.25311060075082,9.92451286315918
-15.0412339008878,-47.579254150390625
-8.237627320974727,-26.519306182861328
-1.0683487237199796,-0.9451608657836914
-1.7174251595272625,-19.83726692199707
4.069163600073605,-8.501321792602539
-10.162041561092582,-13.889046669006348
-5.97248436581227,0.9693946838378906
6.120538767403939,2.2591567039489746
-0.8028238008287005,-28.460798263549805
-23.6042929930625,-16.40477752685547
-0.1777753404752198,-2.6382017135620117
-5.785469568057495,-25.9683837890625
-0.0556983764780604,-1.4817595481872559
-25.4508968849616,-12.061239242553711
-5.3185412482723295,-1.2691724300384521
9.1356503291117,1.0347328186035156
4.020569536845237,12.321381568908691
-58.5527340809363,-7.932234764099121
-6.291328737399075,4.828557014465332
4.187869588752649,16.27829933166504
8.922207576391518,-4.113827705383301
22.7414116448382,16.453128814697266
-44.6057608529879,-53.20903015136719
-26.5129077898497,-8.627396583557129
-2.13735826282737,-2.453263282775879
-1.14890133483728,1.069681167602539
-15.2234416939723,-0.900425910949707
0.369316059642221,2.30621337890625
-0.6884117876070912,-22.061931610107422
-5.8772631055401,29.284011840820312
3.6053774296538297,1.0185585021972656
5.07108724357905,5.851436614990234
1.292753014965791,5.101544380187988
8.440986836263871,-13.017729759216309
-3.43040335892423,1.0283584594726562
0.7651079053562314,-2.5764737129211426
-37.13962469223695,2.438619613647461
-5.822632503482525,-13.539491653442383
-6.879472048396067,-15.07458209991455
2.11024229353816,-12.49966049194336
-7.1526743450051855,-9.005975723266602
-1.122073026503361,-9.734079360961914
0.3302260274555297,4.9700927734375
-1.178255647098801,-46.985748291015625
-2.99361591491145,3.0133399963378906
-18.1070051290659,-1.5543432235717773
-3.0332808194811403,-3.889965057373047
2.6303171850506604,-7.492115020751953
-9.72499716390718,13.796515464782715
0.2729453578388601,-2.138519287109375
-21.4503408223732,-9.066003799438477
-4.99755531471552,3.3688478469848633
-18.0018409950579,-32.154876708984375
4.00031385473591,10.846516609191895
12.0378145652987,10.01373291015625
14.1235470599023,-8.527376174926758
6.55729051148795,-11.55826187133789
11.19992297656359,2.9940595626831055
-7.81388191369781,-7.43782901763916
-2.924593214648255,-4.476554870605469
3.7667366885646025,-1.495570182800293
-6.68253431604433,0.44597434997558594
0.7345204104922589,2.7853922843933105
-10.626155896203898,-7.6797404289245605
8.106852576346123,-1.3018741607666016
-58.24412469223692,-33.882572174072266
1.4955767028094,-0.17995166778564453
-17.6906096863185,-32.026004791259766
-4.813871520282443,-5.9178972244262695
-11.8973420493851,1.2818069458007812
-2.67676896274171,-7.0394110679626465
-3.9331393974605526,67.42855834960938
8.756217929094177,-1.686140537261963
-29.2662792150344,-7.91020393371582
1.7249239205326918,-6.338044166564941
-6.686975812883663,-26.688819885253906
11.10272802991041,43.25920104980469
-10.956818171714705,-6.421179294586182
-6.3500959185649,-12.313369750976562
0.6681105368389735,-39.682342529296875
-12.500029270357295,42.69498062133789
-2.591242863373206,7.176548004150391
5.954690473588823,-6.57257604598999
-43.929359067237,-30.014360427856445
-17.4841411730512,-5.225180149078369
3.61441892535489,-17.954879760742188
2.1112971208509976,-2.585296154022217
-41.8026500314277,-2.919365882873535
7.028135642932115,-7.635448455810547
8.463248256721428,-11.700942993164062
-13.037072413777096,-5.20379638671875
-1.6307504375632549,47.38482666015625
-0.3284521577656807,-2.323375701904297
0.4685622181175212,-5.3372602462768555
-5.316952415477393,-32.791595458984375
4.584421564331302,-0.9799137115478516
-20.3593816575191,9.368619918823242
3.67041582610247,-3.290154457092285
2.204062447972561,3.6566953659057617
-4.666937653128132,6.42792272567749
-12.3781694316975,-12.450104713439941
7.06923762363823,-49.28790283203125
-37.2883298194418,-11.323205947875977
6.442434166934048,-4.067138671875
-12.2162083245621,-2.8296308517456055
-20.3623076046531,-6.570365905761719
-5.45440876641342,-4.151890754699707
3.1416241584890576,-2.9034833908081055
-4.96580172718434,-3.5133419036865234
-37.4061766871973,-21.866159439086914
6.46185690649625,-10.966852188110352
0.5403453062071405,0.4619140625
8.656689402528613,-4.3975419998168945
12.331931266595111,-6.729713439941406
2.75380173901167,-1.0884568691253662
-2.8447496930443927,-7.938911437988281
0.0285872237409883,55.456153869628906
-73.5286754265322,-4.568601608276367
7.285509446842615,-0.14150428771972656
6.72046542688671,-1.94144868850708
-6.19730890695259,-5.539206504821777
-16.4599719883519,-2.5299830436706543
-10.288292260688207,-4.33648681640625
-10.285920522724917,7.862653732299805
-30.8171784242839,-14.976524353027344
-4.65691689928222,-44.14739990234375
-37.1716279374795,-11.394369125366211
-36.50577458359941,4.415041923522949
0.7942566624333496,13.758747100830078
-34.8552692363716,2.1212339401245117
-2.491707941339629,-7.85706090927124
1.7387039934851498,9.984107971191406
18.9715733525152,-4.274526119232178
-13.8996269060666,-1.3115177154541016
4.17561229224804,3.572148323059082
4.7680640763497,-7.240850448608398
-6.745372906074374,13.31644058227539
7.262818938793504,6.312474250793457
-55.7541546140486,-30.0506649017334
8.453421074249384,5.207309722900391
-5.85807143580148,-15.41716194152832
-52.7336020518746,-22.105995178222656
-1.995826789875676,-14.963188171386719
-1.3326443092463092,-27.045644760131836
5.029017096161708,-0.4064626693725586
-0.71117494174041,-0.21259433031082153
8.243548509216069,10.001802444458008
5.81602235619721,-4.465087890625
5.978124919049687,-7.4172163009643555
-2.8859593337581737,4.853344917297363
-26.0047332498617,-24.075008392333984
-1.5220929784942658,-13.959033966064453
-3.195242757261453,-1.331207275390625
-15.0089303719363,-6.089384078979492
-1.757118944268968,-21.65399169921875
-13.5091075877696,-12.294418334960938
-4.0681667574955,11.301534652709961
4.43276114617859,-2.1270008087158203
-4.665207913971671,-5.372578144073486
7.33919324558513,15.806793212890625
-11.69780882660921,-2.767369270324707
5.960801203295765,-5.7222418785095215
-29.9162730471743,-30.044891357421875
-5.331847529263395,-5.693363189697266
-40.7258600860177,-15.281442642211914
-35.3994683825842,-7.0764594078063965
-10.968565079401992,-6.340683937072754
15.384553292915324,-28.746593475341797
-0.4271227388875901,-4.741167068481445
-7.69948364751984,1.7767248153686523
-26.6822467124322,-20.138782501220703
-0.2823200449385875,-23.539093017578125
-3.8453528225106623,-2.1930832862854004
-2.4599041427842496,-13.999456405639648
-12.7315114055493,5.257709503173828
1.418014053180695,29.564163208007812
-3.4922781726655696,19.39134979248047
9.58062385928767,-3.1561012268066406
-17.5801214502402,-11.748953819274902
-49.5120706514507,-22.245973587036133
-0.4503474699443348,3.931276321411133
2.332279780348585,12.519248962402344
-42.2483635713802,-13.455039978027344
-5.00028834575103,1.2186708450317383
-5.14141487663266,-8.127230644226074
-19.923371510770203,5.055208206176758
4.28301459624688,47.67626953125
0.3224388648416145,-4.780160903930664
6.795393661635613,-7.4070892333984375
6.720388221210122,11.792671203613281
-20.7558388881914,-23.084487915039062
-12.5922662394529,-10.153250694274902
-5.19085420781142,-1.5278196334838867
-27.3858072066324,-11.882359504699707
6.488490212037078,1.6034140586853027
-12.5233171201947,-14.610549926757812
0.996650643215182,-4.175824165344238
3.27144637329635,4.935245513916016
1.203208947199059,1.4891548156738281
4.5031585012656095,20.446868896484375
-46.6686841099013,-12.209877014160156
3.600655729290548,-9.051589012145996
-2.7077151362496297,12.371463775634766
-42.936846127142296,-34.906044006347656
2.679404112105611,-4.761532783508301
-23.975827854410426,-18.140140533447266
-24.4869919201538,-27.149873733520508
-6.22433036882608,-4.577740669250488
-24.992167376126925,-9.756879806518555
-9.742168339465294,-6.7631378173828125
0.1235817830644999,0.23505115509033203
-11.607028837624,0.6742610931396484
5.321680837772678,-7.283009052276611
3.3452637215970498,13.26116943359375
13.015759276594096,6.667534828186035
-6.13466459150186,-2.687793731689453
3.0897024917955025,-9.183148384094238
3.557691046156,2.051980972290039
2.0008593011464906,-7.810400485992432
-1.2671721747064446,-13.052629470825195
-2.989164004622407,-27.32917022705078
-2.43808381047612,-0.24935579299926758
-11.30813578108209,-20.618804931640625
-9.619042312244815,-12.670684814453125
-4.01456885639382,-3.6627750396728516
-4.853312003098937,-25.583858489990234
2.78743688363977,18.927122116088867
3.6035536346157695,14.200923919677734
6.09033976794457,4.310036659240723
-5.89266438028177,0.015408515930175781
4.780848076735348,-2.5174102783203125
-20.7592210135025,-25.49419593811035
-3.637071869773312,-6.785757064819336
-4.396710286499547,-3.270205497741699
9.04709717330502,-31.786170959472656
1.69213972357191,-3.539522171020508
-27.068723822751306,2.6550769805908203
0.2886204877907422,-7.58519172668457
-0.592182005541919,-9.818948745727539
-4.736229867816737,1.1693940162658691
7.877641553655238,3.72178316116333
-2.588665914009158,-1.6093101501464844
4.72846919446815,-18.12494468688965
3.42669038506664,-1.4550724029541016
-10.274169876330886,-3.8434276580810547
-1.289264920121349,0.11916923522949219
-6.9648772325347394,4.944364547729492
-1.2236747050651609,0.6040582656860352
-12.208208404490907,-32.567535400390625
4.40921359309415,-2.5488321781158447
16.4171583068458,8.961701393127441
-15.991582533821994,-2.0371809005737305
7.809600001042748,-0.19005393981933594
-3.0331069492891496,-5.015742301940918
2.603164662477901,0.03460836410522461
-24.2572199033326,-21.313098907470703
13.667582002208905,-6.110503196716309
8.19307228691883,-17.30226707458496
0.4664503305112299,-9.577657699584961
-6.46133524603972,-24.17251205444336
-19.7520332208299,-43.07276153564453
-7.75971004909346,-9.682571411132812
7.66334596528203,-13.119132995605469
-27.64770126959135,-15.21076488494873
2.125547882163602,-23.121891021728516
-1.8239337240231768,-6.519392013549805
3.3696784995100426,-7.3801069259643555
5.265272900492549,-2.4071617126464844
6.753311816554961,-7.813721656799316
0.9434331950199416,-6.463520050048828
2.13745295521649,-1.3215694427490234
2.76912169862866,-7.772851943969727
2.409764321136161,-11.275264739990234
3.7606671418030695,16.37650489807129
0.555665600488549,-10.496707916259766
-89.04756219223692,-57.614891052246094
6.987950206462267,-27.88611602783203
-10.09410467002709,-8.180587768554688
8.16191414696451,12.053791046142578
-10.731303688850904,-17.759624481201172
7.588764503474316,-0.8761038780212402
-5.25293160621848,-7.773015975952148
2.3065604778561424,3.3791303634643555
-3.8022266666193874,-9.578043937683105
3.22816419080692,-1.7960963249206543
1.1941842843275,-8.296531677246094
9.772192422094813,-6.421231269836426
-2.489313079893845,-1.8788394927978516
-13.547300817594484,-12.092662811279297
-1.5403494549472296,1.725616455078125
-5.139364658294922,103.608154296875
-1.32131943338233,-12.082015991210938
-0.5284321769112605,-0.2663116455078125
0.1119561526876595,-10.249923706054688
14.8508222506114,-30.112903594970703
-0.0918051514147744,16.070335388183594
-1.7237618714553775,-10.744892120361328
-1.5699354762224491,5.646522521972656
1.5718362711845366,-0.11865425109863281
3.58036180553514,-9.744962692260742
7.45084701577923,-19.116941452026367
-7.378812419643663,-8.734046936035156
-33.1832620874725,-12.32351303100586
-6.066411004621831,-2.6293210983276367
-16.4910721624856,-46.43553924560547
0.8267526169764301,-13.810680389404297
-9.762453719841735,-19.613889694213867
8.07102955700163,-26.41893768310547
1.741670982094262,0.9352569580078125
-0.0053525606393112,7.92828369140625
-51.4043293278057,-21.778989791870117
14.9415296965116,-1.0420112609863281
8.70853787657841,34.128822326660156
-2.149900469098629,-8.18358325958252
14.8229623836697,-1.974085807800293
-0.0379657812584102,-13.590728759765625
-15.3173389528898,-6.435914993286133
-1.7663441991754285,23.3985595703125
-6.708306328674888,-5.170058250427246
-78.7451798053926,-20.22168731689453
-0.5413656534735456,-3.064971923828125
9.625121597198186,7.331262588500977
-3.15562863494722,57.00663757324219
9.60447820177431,-9.312973976135254
-3.31847606547329,-3.4003562927246094
-4.12581810820042,-5.157380104064941
1.7706121017107803,62.73500061035156
0.5117341060036625,95.07904052734375
2.63157412115867,-11.99238395690918
-4.763634360062484,37.35162353515625
-11.18181257464061,56.68601989746094
-39.4932668903457,-61.53326416015625
9.206200380526292,5.83217191696167
-2.93911844531118,-1.8737831115722656
-28.13472322157985,-14.734631538391113
9.62907409316032,-7.552780628204346
-7.042636248773623,-12.229609489440918
-4.03025121975644,-4.203793525695801
3.42951329804928,-4.561725616455078
2.5565427438131976,-17.6646671295166
2.8513084033656,-640.76220703125
-5.5623675139736175,-0.583043098449707
16.9968892380515,-6.758859634399414
-4.144685584269085,-1.2983412742614746
-11.221818720505304,-10.43297004699707
-2.111656589218961,-3.36961030960083
-1.626797120535592,0.22135066986083984
0.7652624054000594,-380.96051025390625
-21.5531296050118,-24.289974212646484
-13.053772031257305,-24.498628616333008
5.42509465390903,8.268020629882812
-5.5186956836840375,-34.14361572265625
-2.260381023139061,0.9413824081420898
-30.3377383335249,-26.377809524536133
7.380729755239978,3.172260284423828
-4.172986764275874,-12.443862915039062
-1.2036514942358316,-10.749197006225586
-35.2906329121599,-17.580204010009766
-2.54595208771381,-5.367881774902344
-10.901275449743116,-16.250808715820312
-17.0078420331655,-28.072158813476562
-17.0314498829154,-9.44725513458252
-11.9784507557909,-4.582058906555176
-19.469018973061075,-6.185283660888672
-3.2142130797467816,-7.5370635986328125
-0.5663484394051013,3.970064640045166
-21.2195468929047,-19.61176872253418
8.077984978184695,0.10619735717773438
-17.0119321722455,-18.358070373535156
4.67424026120176,40.58177185058594
-47.9875704511971,-10.165441513061523
4.316615136301563,-3.235360622406006
11.2728180991378,-0.6188278198242188
-3.5546157663424616,-23.303030014038086
-3.15887949932979,-11.168547630310059
-1.6422791314174887,-3.161646842956543
-3.448025235667948,-15.57271957397461
-13.5632540546311,-20.46984100341797
0.8825935384285006,-12.3695068359375
3.27100049685324,0.8624086380004883
-0.7762273913233743,-2.033109664916992
1.026942322157092,-3.829282760620117
9.859104788483815,-2.6127243041992188
-1.9977872313530125,-14.998406410217285
-13.1809903671301,-6.164211750030518
-35.1782981083837,-28.27544593811035
-35.8337806803641,-11.68205451965332
-7.639409008216227,-1.316192626953125
-15.746453943284,-22.932933807373047
1.055995951979529,-2.208014488220215
3.987299411465438,-10.335674285888672
-37.0930621901092,-6.74660587310791
16.694612728237402,-5.780994892120361
-4.527979888097892,-30.39221954345703
14.6352674345898,-7.005534648895264
5.034618319433818,-3.8347091674804688
-3.77133000272187,-17.076026916503906
-1.61504571199055,-2.826171875
-56.3663437951974,-48.25575256347656
10.088450856398616,-6.6344099044799805
-14.285610883283098,-21.14702606201172
2.6210618799141923,-11.410463333129883
-2.308732762121495,-14.915840148925781
-83.9761260280997,-20.115966796875
-1.03656181464744,-4.86529541015625
10.16232173056559,-2.7355475425720215
-3.12013961477547,-4.734731674194336
3.010752586641185,-11.573123931884766
-1.5178355576616795,-3.3268394470214844
-2.60072537807549,8.348703384399414
-2.367312137177082,-26.120071411132812
6.075310726130807,-1.4600098133087158
2.24572304437811,13.79549789428711
0.2044267191685782,10.693323135375977
3.85944773684647,6.719173431396484
-14.409506408843407,-12.52442455291748
-2.683955047842884,-8.413520812988281
-0.0075038478591599,1.4515533447265625
7.190050317883171,-2.0917787551879883
-2.1691769605730515,-13.000208854675293
-7.910003358009165,-10.813804626464844
-69.1366966634013,-12.156465530395508
1.437241653553571,-23.296531677246094
-20.7409218490905,-1.342254638671875
3.78247800369874,-3.2055160999298096
7.909526276907584,-14.126526832580566
6.097122298913325,-13.434086799621582
24.5800902168924,7.593318462371826
-9.979741434164584,-20.062911987304688
3.1327986373042376,-1.1950187683105469
-8.393586343504198,-5.282771110534668
8.678125432705007,9.02353286743164
20.7428439693387,-6.175836086273193
-1.511416195100045,-19.262359619140625
-23.3725501337939,-25.149765014648438
4.69437535963172,-0.573725700378418
8.24149319055937,-3.5204029083251953
-0.2898522089969393,-3.8199257850646973
-7.19378137939456,-31.933517456054688
1.0271109700113177,-1.5999746322631836
-14.564555056626377,-27.029102325439453
-9.657849716236,-20.863798141479492
-0.7280966227290082,-25.12716293334961
-21.8962191024866,-2.070293426513672
-40.2614734397264,-36.323123931884766
-1.77750068778882,14.008895874023438
-28.3488859938485,-43.65240478515625
-8.184373188662292,-28.0582275390625
-6.135426654744688,18.512662887573242
-3.270422191581055,-2.0775766372680664
-6.055427015859325,-0.8745403289794922
-34.3143130117107,-50.1142578125
-50.4820483838523,-41.00049591064453
-4.639593570653838,-0.902801513671875
-21.0606958753072,-32.375579833984375
8.747205755218493,-3.3530311584472656
0.6884341878779402,0.7679595947265625
0.300408103033295,-20.444732666015625
-2.6184282494780104,-5.772380352020264
-37.3999740396079,-15.992254257202148
-10.594900847222812,-26.543777465820312
-23.227454082363305,-38.10950469970703
-15.4814292943448,-14.164481163024902
-6.89310310865277,-4.638125419616699
-11.7962452523223,-1.7940607070922852
-0.3887710448227697,-3.7259769439697266
-4.0896099478500325,0.7263507843017578
-42.6579269422049,-22.95432472229004
-2.095241650043551,-2.6336660385131836
8.45389840526827,-17.93566131591797
-15.5157954828953,-23.13446807861328
-1.9802660997523944,3.3569536209106445
1.8368511005450223,-5.403411865234375
2.11900133622217,-1.3286027908325195
-38.4962238749225,-31.231857299804688
0.8069046214032297,-10.629219055175781
-1.73607437190069,-6.703396797180176
-8.46093254820262,-1.6515769958496094
-0.0780407432645869,13.016693115234375
5.009535132419683,-1.5319585800170898
-74.9399761386801,-49.86797332763672
2.806732553915905,-0.04669046401977539
-10.415057364934407,-2.6439666748046875
-4.81834176383161,-1.458831787109375
-1.4920816076829602,-6.919981002807617
-0.003939288658445,5.723984718322754
5.86288473591452,6.761490345001221
0.4443344011282492,0.15758085250854492
5.72263802046558,4.674201965332031
5.46583466116103,-6.655961513519287
5.05355462238675,4.891939163208008
-17.190033530139498,0.018120765686035156
-10.1192188918475,-12.949016571044922
-10.539071528779305,-9.049273490905762
0.2492257167476033,-13.812978744506836
5.35198813185094,-13.081560134887695
14.9823899147147,0.33179378509521484
1.7336328627834918,-14.717926025390625
3.2582764286422226,34.56507873535156
1.1615369027166365,7.921457290649414
-42.4099588259267,-50.8308219909668
-38.7823663998969,-4.502293586730957
7.99575647038201,4.322726249694824
11.644495901203598,16.086793899536133
-39.0956747424042,-3.3655548095703125
-38.6438610292767,-51.645423889160156
-40.5029244010595,-24.42477798461914
-22.8644313188967,-0.6099653244018555
-0.897066728281827,4.12420654296875
-17.6830733389949,-20.245494842529297
-0.0084306638066775,3.162944793701172
0.5394390329931549,5.956687927246094
-21.61387508166409,-9.81729507446289
5.053393098685065,-16.840656280517578
-15.7834934865799,-5.460362434387207
-58.40351531723695,-36.598907470703125
8.86280218600469,7.7802910804748535
1.888243484494037,4.204526901245117
8.99923705482913,1.9456195831298828
4.133325903305868,-13.217239379882812
4.774357664359128,7.026793479919434
7.418770080750715,5.560271263122559
-2.25262466719878,-2.1045331954956055
-7.071587649042333,-2.180187225341797
4.398742241377427,14.531871795654297
-8.692928400841772,33.60118103027344
2.334382802629,-7.274838447570801
2.8274240704709,3.20223331451416
2.1747311895065486,6.729438781738281
-11.9965988914421,-1.5665578842163086
2.776867734737273,-18.394023895263672
-12.4595255596924,0.34267711639404297
18.5317724911246,1.4660520553588867
6.86106163750481,30.995458602905273
-19.1693792779686,5.8587751388549805
-4.20883890972707,-0.9874439239501953
-0.3530077955256401,11.878948211669922
-1.6020246929696491,-36.48326110839844
-7.57557880794988,0.8085517883300781
13.9692836454661,3.3376197814941406
1.289294757415069,-5.155876159667969
-20.3746494688195,-9.833296775817871
-8.044482691931467,2.276975631713867
2.51340467963473,-0.3890190124511719
11.0282847349576,6.552188873291016
-1.3944922949507652,-42.159637451171875
-26.2706781913698,-14.508503913879395
-71.7765711158932,-23.365703582763672
-44.2857422252861,-11.662893295288086
-3.057699221935841,-3.978231906890869
10.116767222520318,52.22178649902344
-46.9980356488569,-6.700767517089844
-8.677497573270493,-11.754510879516602
-25.781275563237,19.820323944091797
-2.941164138388841,-1.700728416442871
-26.5692742661385,0.8190317153930664
1.2555345380058751,-4.988191604614258
-0.810306898238276,-1.3929171562194824
0.2404076931068699,-3.358203411102295
-2.5590885431480426,-13.872567176818848
-11.9846830308257,-2.3924083709716797
-5.775806690181939,-4.274840354919434
1.9806048133258944,-24.230329513549805
16.618750626525,6.7938337326049805
8.204494762209066,5.954418182373047
6.80321923705408,3.165529251098633
11.710679650337616,-6.580634117126465
3.181253849239128,3.80206298828125
0.90894434552881,7.773227214813232
3.547124544521316,-46.069244384765625
-2.202886656443709,-15.172500610351562
-11.133669865203094,-8.143044471740723
9.328533024448705,29.719802856445312
-0.7012610501602399,1.3731374740600586
-0.3170472839931941,-1.4956016540527344
-2.3458288386735573,-18.691646575927734
-26.1191329979098,2.2203521728515625
-2.33292598982445,-29.640647888183594
2.461922216333884,4.385504245758057
3.73205068567752,2.6327123641967773
-22.4462583852743,-0.069854736328125
16.899113604615202,-6.1419830322265625
-2.85382252753121,2.4885520935058594
1.2705701336207027,-11.839628219604492
7.960789166364423,4.251995086669922
2.71808902854303,-12.163864135742188
5.5273920092716775,-35.89382553100586
-4.11149235653684,-27.827178955078125
-20.9676231329802,4.046302795410156
-0.89184437235696,-1.0842666625976562
-1.2816619609782416,-1.6378288269042969
4.85634828411675,5.531833171844482
6.429854346358795,3.559202194213867
4.71112087372323,10.299108505249023
-30.7199022255615,-29.154296875
-3.8590388668775,3.257892608642578
-10.6557437737239,-3.305293083190918
-13.4460672849668,-24.73746681213379
-5.527709296795018,-5.061706066131592
-1.876637029070265,-13.945469856262207
10.2532613363299,-4.463082313537598
3.00680128293027,-4.4925537109375
19.33685959748449,8.812020301818848
-0.1058882282985149,1.6721153259277344
14.3436638764016,-1.4051885604858398
-16.1535771788668,-36.31748962402344
0.9480162028997956,-9.296966552734375
-18.5891767455387,-36.53251266479492
13.309934514349203,8.955126762390137
6.02246857213521,18.85504150390625
5.16750826555368,-11.91706657409668
-1.0190872666435924,4.4513702392578125
-19.100904418149,0.46588706970214844
4.743603615290096,-17.676189422607422
-13.8157551615103,-9.647140502929688
-3.802611775309477,7.197454452514648
4.30511943579503,-8.188443183898926
-22.482844278002705,-29.427169799804688
0.60779733849738,-1.0287342071533203
17.8138573048897,10.253256797790527
-38.4626262988146,-2.588761329650879
-0.6089836493556324,-1.4270601272583008
0.8617451361473882,5.554638862609863
-2.40000424902785,0.3341696262359619
3.7078671714499096,-0.23643112182617188
-2.390619984667185,2.961456298828125
-15.559462368784592,-2.206857681274414
-13.790764753514,2.704050064086914
-9.325981865786185,-27.799396514892578
-58.4491138315396,-27.98555564880371
9.550892694239591,1.9981603622436523
4.435147085081137,1.5402536392211914
-2.3538192484503564,-2.9715957641601562
-5.83438093189622,10.978404998779297
-7.10827059552493,-28.311874389648438
-12.414939844598162,7.581856727600098
6.6154810826822,0.8924942016601562
1.3155747227446202,-1.8347883224487305
-2.56542276271332,-0.16245555877685547
-13.546032832554804,3.7922868728637695
-16.600339428286603,0.5793952941894531
2.9737175212081803,0.6189689636230469
6.167862854629888,-3.56441068649292
-40.922076323723,-21.22978973388672
16.9349100756105,4.360980987548828
-12.24911226903676,-10.211402893066406
4.867927463076468,-0.8116016387939453
-21.6327950573002,-14.522873878479004
7.11033993521173,23.895830154418945
-9.59094984812801,-28.127038955688477
4.92186081619874,0.4080195426940918
-7.815562497274902,-13.626104354858398
-2.20364176327536,-6.005668640136719
-19.6754058911438,-34.256954193115234
-91.8886792382854,-7.131137847900391
-20.9507978903398,-32.634857177734375
-17.8084408175675,-8.516613006591797
-62.9612541332419,-18.652271270751953
5.598134989920393,0.10962867736816406
-7.283890318199592,-3.6357879638671875
6.1026124307435,0.9056291580200195
7.42840635595139,6.5060882568359375
-5.179391847578812,-2.4886465072631836
-4.873152982370568,-5.905757427215576
7.276768036701751,1.174264907836914
-10.739322929783883,-6.137197494506836
-22.9219832537164,-24.155183792114258
1.5259403537211615,3.768287181854248
-44.7886924625105,-32.043819427490234
-3.72583443525641,4.737602233886719
-14.57002364123529,-15.189172744750977
-10.128266274366498,-7.416138648986816
-28.0249952668106,-20.24236297607422
-26.24662901330595,-31.206371307373047
-40.3645652505015,-22.71668815612793
-30.8056950922951,-5.656214714050293
-3.9552380984537248,-6.418688774108887
-2.1789667599796294,-22.052818298339844
-0.5734820606807138,-10.007004737854004
-1.1617148968623687,-7.332117080688477
3.42848617073407,5.4729413986206055
-17.4030551064212,-8.888422966003418
3.88109013796494,-4.654085159301758
9.400493271217616,-4.14961051940918
-11.302161927872188,-7.377237796783447
-13.3709137252944,-20.240249633789062
-6.79658968512302,-11.031242370605469
4.509456424718162,10.208724021911621
5.45103123545738,-17.857046127319336
8.149714042401495,-1.8593978881835938
-12.909180343140196,5.129913806915283
-6.61979034735207,-11.854436874389648
11.9978624338519,4.634590148925781
-12.53254789251529,-0.494720458984375
-8.36198121766124,-11.991357803344727
-4.361976736345532,1.6713199615478516
-0.1898191226144924,-3.4709057807922363
2.3166834950764685,-0.13155364990234375
-12.6203596574975,-22.572586059570312
-1.207429910073891,-2.3331298828125
-29.7403775200217,1.2326936721801758
5.31082796058257,-8.507492065429688
2.97844031586002,-9.36134147644043
-12.533050119535002,-13.578985214233398
-5.8684323426223,-1.820861577987671
2.391980620215489,-4.495035171508789
7.73570234615748,-2.2237932682037354
1.166748445159433,0.6549253463745117
6.093529951556334,-7.982598304748535
17.709922444879297,19.954364776611328
11.779516260068313,2.856112480163574
2.4866177573815964,-10.261405944824219
-30.89708550466269,-19.302722930908203
-9.231606713935047,-5.674898147583008
-13.4089268865456,-9.746540069580078
-9.06573754635488,-12.487556457519531
9.30630078585379,-6.066636562347412
-7.156550033865472,-14.884452819824219
-10.5414716495377,-7.833659648895264
-27.8178569354009,5.1810760498046875
5.3817717725564,9.471275329589844
-35.155236696245,-35.9119873046875
-21.4141717786538,-17.035804748535156
-2.6053130644292946,1.5264077186584473
-9.953220777101093,-10.371026039123535
-8.798237091769485,-15.346254348754883
-27.6920167541674,-8.995437622070312
8.017093587799739,31.847393035888672
-0.3550158381598589,-0.029468536376953125
-1.19024715514191,12.655586242675781
-3.2855896341823474,1.6413841247558594
1.844566842421384,4.686763286590576
-30.7366736665872,-25.348670959472656
-11.338238855350506,-19.1730899810791
-1.059512617215007,4.745386123657227
-33.7712071062874,-16.92974853515625
3.812227003524945,-70.12054443359375
-2.8472026300298463,-22.181385040283203
-21.5871320482388,-1.2358794212341309
1.845960760756301,3.3997859954833984
9.06213659212517,-6.22715950012207
-13.950148061363093,-5.3803510665893555
-15.1006814359747,0.5277700424194336
-8.65496498210776,-18.141393661499023
-31.18852367408345,-1.635986328125
2.35160533891099,-9.150358200073242
-7.06329362397977,-11.758056640625
-11.299328727708405,-22.202634811401367
-5.73967918172164,-0.6963539123535156
-4.062121175440552,-2.650725841522217
3.62056380925444,-3.896486282348633
-6.512385872303066,-18.263580322265625
-17.2817979072755,-6.177337646484375
5.79128728304933,34.285491943359375
3.7921116228684086,-5.624685287475586
0.51700222845629,-0.8030242919921875
1.0966146270020711,-6.189970016479492
-6.613686761665703,-24.16400146484375
-39.873530292237,0.4512767791748047
-35.0272315856836,-12.373052597045898
0.2475632146873464,-5.237224578857422
5.59963570142504,-11.913626670837402
5.29419053806362,2.798480987548828
6.457932781589695,-1.7872605323791504
6.4251548431743295,-12.349123001098633
-19.7885249955934,-19.344253540039062
-2.4097304318056905,-6.200544834136963
7.543407488617369,2.1710667610168457
1.83593808226401,-5.904323577880859
-1.5082203021212124,-12.076885223388672
5.99108205682079,0.8281465768814087
-18.1797235112709,-6.553360939025879
-12.840088322870097,-22.51260757446289
-2.23616712442702,2.2697272300720215
-4.662511414401839,-3.757087230682373
3.41802282280863,-1.5880098342895508
-12.0320822507053,4.386746406555176
-25.9801803981754,-40.53497314453125
-5.97419023328963,14.63323974609375
15.4186986077963,2.2724342346191406
4.480465220149085,-1.8988456726074219
-13.2363849677504,-8.982263565063477
-9.362863686069195,-7.850094795227051
4.128157012788561,0.08033466339111328
2.26767773086615,-11.41250991821289
-24.1634597090208,-24.028356552124023
10.013204486477417,-12.526077270507812
-31.934070451053,-10.08892822265625
-22.9515728231767,19.405872344970703
-11.219410776078313,-4.8911590576171875
6.00089213826483,-12.230573654174805
-28.9638748432599,-15.199316024780273
3.11049964318654,-5.88422966003418
-1.073248118887358,-17.076374053955078
-10.249148139079496,6.32269287109375
-13.14009076535719,-30.896892547607422
0.7364260970712593,-5.611716270446777
-44.9949251983702,-2.7899937629699707
-5.159519294761907,1.708963394165039
1.869241020829697,-14.791595458984375
-55.54568697318505,-19.446435928344727
0.3065104335081801,-0.2575092315673828
-10.386374558578522,3.3020620346069336
-3.0345245902191325,-8.910934448242188
-57.144820014625296,-26.924406051635742
2.85060083445348,4.864737510681152
2.446050707651698,1.2300777435302734
5.50221601830175,-17.955472946166992
3.455876052191651,-2.4412670135498047
-14.6157572128631,-28.30061912536621
-0.874105623616695,-8.768470764160156
-1.378759213278819,27.01854705810547
1.350733135180331,7.535923004150391
-1.94666134980912,-9.640884399414062
-3.36735139960915,-7.30978536605835
0.8319171014720902,-4.407481670379639
-40.2101205720394,3.54547119140625
-24.577379709126298,-19.425830841064453
-18.6292132467089,-5.293379783630371
-46.39510994896701,-8.457603454589844
-2.487076105276776,-2.6488800048828125
-4.752960817423343,-16.876388549804688
-0.1160299782726794,-9.256393432617188
-18.5277286275242,-5.430294036865234
-14.1325019191809,-7.751973628997803
10.909208084253878,9.195243835449219
1.30779520720034,-3.762162923812866
-5.77436797253085,-7.433633804321289
3.986867952152618,-2.4665374755859375
-21.7936206120663,-35.203216552734375
-2.643556292002,21.144081115722656
11.0853991753379,-10.029863357543945
-12.9397422629832,-13.583271980285645
-0.190891674386513,0.0650787353515625
-6.32558602127377,-4.659614086151123
5.391699208755202,43.59039306640625
-8.998840630677615,8.497354507446289
-1.6005087696864486,-7.504359245300293
7.5482379424635875,18.32855796813965
-7.642910278690365,-9.956058502197266
3.719171936095444,2.095280885696411
-0.8981307679622897,-27.543811798095703
7.06032809637297,13.494514465332031
-3.134999611446543,-5.254895210266113
-5.94174589421185,-14.470673561096191
-17.7883076547542,-8.184526443481445
-25.2381267145584,-21.021194458007812
-27.5445722402187,21.042076110839844
2.6678241356197647,-10.2562894821167
5.02066543392875,-9.886983871459961
-1.67197513843126,-16.773738861083984
6.58117049992555,-2.99940824508667
3.12612254618191,0.9224567413330078
-2.1147225087047508,-5.987452507019043
-76.9668504799361,-5.840446472167969
10.11870938841209,2.8335494995117188
4.755697845162629,4.736268997192383
16.5479703149859,8.375113487243652
4.001938538520379,-16.301591873168945
-14.1813773041305,-19.651287078857422
0.7709161631446207,-8.243228912353516
-24.2508933717269,-15.126869201660156
-22.3071231538392,-23.186359405517578
7.2595381633228,-4.571199417114258
11.555346181601609,-6.8965301513671875
-26.258782255785,-9.965902328491211
10.3189652047012,-29.53178596496582
0.809697096857583,4.559767723083496
-18.5255095356289,-14.861273765563965
-1.0680791130593923,0.03334236145019531
-3.5390830989045075,-29.98126792907715
10.468583156479704,5.185157775878906
-10.613183176373598,-20.92074203491211
-6.40442742836347,0.46569037437438965
7.196532980977684,-2.884073257446289
-10.586292641023492,-4.000847816467285
-26.79502671025515,-23.709701538085938
-7.187555808667961,-11.274169921875
5.4465900456679694,-3.7601523399353027
3.1988276731025875,-4.755711555480957
7.827394642815597,7.749712944030762
3.887422638441485,-2.9794158935546875
-3.41466344580097,1.4996452331542969
2.667044757168528,-17.681053161621094
1.0590749185315824,-10.03458023071289
-3.9965921287470247,-5.755170822143555
10.982614675109394,7.600839614868164
0.4076170529080399,-22.581703186035156
2.71319811317338,-7.644341945648193
8.652061852316729,-13.414932250976562
-0.6579761516790089,12.280975341796875
-51.6773231694491,-25.336185455322266
-2.8325461302865187,4.745710849761963
2.12749125232924,-20.033605575561523
3.562549470771905,10.047052383422852
-16.517773128145326,-2.0639171600341797
6.874655354673765,3.294221878051758
0.2047767843086013,-1.5191786289215088
-2.698758931910008,72.3184814453125
1.8601156760560384,0.021798133850097656
-22.2455703021075,-30.06882095336914
2.4288820651169605,39.9276123046875
-16.8307740899425,1.7796874046325684
20.7191486697607,-2.326763153076172
-30.7261055182573,-25.674497604370117
-38.4849400567448,-69.80487823486328
-14.3103126367969,-13.885275840759277
0.7860328468455551,-0.02054595947265625
-48.3858044800915,-16.570966720581055
-3.21662088766757,-4.745288848876953
1.675245639565673,-5.093876838684082
-90.3299705619704,-36.60540008544922
-9.28527551691871,0.5992598533630371
-1.2293411329062325,-2.279759407043457
-4.534682244798708,-24.38003921508789
-68.1959205924323,-28.816631317138672
-24.5242345195019,-44.675941467285156
-2.77042962989298,3.69649600982666
3.8009101564042025,4.036462783813477
8.933703319425492,12.802328109741211
-11.341527235964405,7.720954895019531
6.71098989067457,8.457209587097168
4.54734483862441,1.7864503860473633
-5.16341129781556,2.983999729156494
-49.062306315025,-46.21977233886719
5.26551760771767,-10.534881591796875
3.33951124606136,-3.296144485473633
5.006519903780723,-9.563798904418945
4.05485944970297,0.7090015411376953
2.283405953189745,-7.233673095703125
-2.66483863280114,-8.422186851501465
12.566471603210276,16.432262420654297
-27.9020155354992,-15.60335922241211
8.88265541550952,-1.2086992263793945
0.1652887870268324,2.117018699645996
15.4985727759109,2.3892154693603516
9.014890317831036,3.6401538848876953
1.4803529144374856,1.3510055541992188
18.1939100849816,-0.04503822326660156
-2.6304973605131474,-8.000134468078613
-5.493763326806099,2.78587007522583
-0.6715208179901364,25.738143920898438
-36.7383193130824,-21.790019989013672
5.062784719364307,10.273468017578125
-12.026803679110706,-36.45198059082031
-3.01321716593974,-22.564502716064453
8.35813394800668,9.655694961547852
-3.60075442831331,-4.924717903137207
-9.509135784465323,-12.982051849365234
-19.6175855102284,-2.3045568466186523
-27.8629509568953,-13.823698997497559
1.74273211890989,13.061817169189453
-2.19578977406709,-1.8159160614013672
2.42002639701588,-12.430961608886719
-25.55316918036869,-10.943172454833984
5.635020609606415,-1.141709804534912
-34.727836669101,-17.071533203125
4.4516036428765,-9.164292335510254
4.967381413305823,15.163955688476562
-6.81516141534704,-5.61439323425293
-24.3954295810688,-2.9612913131713867
8.658679095048068,-1.141552209854126
3.7347243087796,-71.68379211425781
-12.909633143366396,-9.861583709716797
-60.49569009623433,-6.104074478149414
-3.790702882666694,-4.861952781677246
-12.41068356063,-22.397838592529297
2.76740193393285,-6.3816680908203125
-18.9061714872788,-3.535580635070801
-3.681083449701528,-10.741544723510742
8.13893448615947,-0.2780447006225586
-51.402683514636095,-20.346771240234375
-3.0703466753296,-7.348178863525391
0.4646043967887734,-6.786792755126953
5.989492839405608,-13.356241226196289
8.833837192566008,7.816149711608887
-26.1965705632023,-11.518826484680176
0.0804428699766095,-9.981562614440918
10.229168329440906,2.58209228515625
2.12042655289975,-5.758787155151367
3.88810032819938,-1.865957260131836
-31.515616413872173,-21.181232452392578
2.28163515100639,-7.940030574798584
-9.633163292669298,-13.908674240112305
2.63206586722876,4.854676246643066
0.3189015990893598,-18.0955810546875
-6.31868596379813,12.624162673950195
-6.4648984000359935,-16.580482482910156
8.91646092056966,-5.474802494049072
-42.637521131086125,-19.595600128173828
-89.5439156156453,-21.83587646484375
9.179556151687803,-19.177146911621094
8.754663680824095,-7.2321577072143555
0.8838679103249854,-2.445240020751953
4.338369925074482,-12.290994644165039
-18.23432595343749,-17.102359771728516
6.92534745147092,-1.217628002166748
-1.768261666543676,-13.11065673828125
-7.87226820943855,2.9331207275390625
-12.0847368637308,-24.59119415283203
-4.4222229386498375,-31.394329071044922
6.63109301847755,-11.35805892944336
1.675381804264854,-7.644312858581543
-6.897600670415837,-11.2506103515625
-12.2774867069717,-30.243614196777344
-3.963646539183849,-1.9257514476776123
-2.552277046947741,-7.709132194519043
-10.78700495517378,-0.07570648193359375
-6.426376983867103,-4.623297691345215
8.2142562177934,-4.938906669616699
-16.967828162594074,-8.017444610595703
6.07843040491799,-7.143575668334961
3.08443697315444,-10.682571411132812
-1.3811964732242277,1.1526565551757812
-4.51305804704249,-35.404964447021484
-9.93375477053989,1.8587779998779297
-0.6581754288220045,-6.993895053863525
-7.952166005584182,-19.16750717163086
-13.563015982384195,-4.865809917449951
-47.9957157156951,-17.082077026367188
4.96190002222477,63.81024169921875
-2.0240269290899,7.809148788452148
3.47166270740147,-1.1580615043640137
-5.2815921348029296,0.8421077728271484
2.369358494612781,1.999101161956787
-4.214346026907057,-8.700654029846191
-23.8934551543691,-13.794580459594727
-1.0659561461183158,-4.25385856628418
3.126169348435272,-14.648494720458984
2.35164464781062,-15.18199348449707
-1.79502295092813,0.4685401916503906
-15.957982665262508,-13.76152515411377
-64.65676531723692,-43.736793518066406
-27.8195558011628,-33.83152389526367
-10.480511156242285,-14.89068603515625
-6.18357684414468,-4.859771728515625
-6.75960002722117,-13.673982620239258
4.4105627388370605,0.9853115081787109
5.58846482112586,-3.1233863830566406
-16.8483709423333,-18.85107421875
16.1850033157246,11.498888969421387
-3.34531377329845,-9.281303405761719
5.893700156574014,8.008270263671875
2.745769909533195,9.939163208007812
2.53362859007723,4.542604446411133
1.0880788430276551,3.410677909851074
