Score,Pred Score
4.2006804390709,-0.5445491075515747
4.76541245752904,4.29135799407959
5.87221574658101,10.23829460144043
-12.955988512618,-12.043298721313477
-14.4061745570978,-37.58697509765625
13.644333664082708,2.838299036026001
7.522446474796843,-10.958398818969727
2.858782897786812,2.1127147674560547
-49.8653288018085,-26.070348739624023
-4.029904705212941,-6.3262128829956055
-6.2026319104393295,-19.45294189453125
4.452168509343501,-5.086760997772217
-16.475900892606802,-2.2677173614501953
-11.03094492075089,-19.028038024902344
-8.08045020128908,7.121971130371094
1.39259946716825,-9.562187194824219
-14.885807229381896,-0.9156405925750732
-11.113180908425988,-7.89607048034668
5.506094216928792,-5.410415172576904
5.29091659278858,-12.804062843322754
3.42106467876526,-7.04874324798584
5.162821279449693,-1.54783034324646
6.020551076354931,-3.0700221061706543
0.8086942897832163,-8.798469543457031
-8.80546181278599,-9.900776863098145
-7.42349600405968,-6.270247936248779
-14.4731176558811,-2.8412060737609863
-35.5448186771701,-11.631742477416992
-1.657597602265355,-1.9266510009765625
-1.930224441335125,-11.807928085327148
-10.398648228661925,-4.741014003753662
-1.6521884315998507,-7.00721549987793
1.3131129859732091,-3.7815980911254883
-0.1240821746904601,-10.935796737670898
-35.1709788883515,-9.581977844238281
0.6771989561182002,-6.762653350830078
-5.8677981963370005,-1.2800453901290894
0.7982616963508231,-3.1701455116271973
2.595279020812243,-8.676197052001953
6.9472187772133225,-13.201541900634766
-41.1395198834054,-11.915196418762207
-35.4604736838065,-14.162394523620605
7.87379173269718,-2.3950846195220947
-8.72128086410909,-29.265430450439453
-82.13826531723697,-12.983128547668457
-9.70693692529289,-9.210460662841797
-61.4386715672369,-38.57016372680664
7.10938257895085,-2.9187350273132324
0.4007388327427847,5.766263961791992
-0.7455370396145937,-6.972891330718994
1.674966057420845,11.933663368225098
11.877856996640997,-7.028842926025391
-0.9096556467231308,-3.235724925994873
-1.4680391508473674,-8.047040939331055
15.6414782015599,-8.563875198364258
-10.35739215730591,4.617481231689453
1.926107182225645,-7.2601542472839355
6.99756701325662,-9.534062385559082
3.54836143321337,5.63283634185791
-7.726553411266567,-9.631599426269531
-48.51478094223695,-36.93406295776367
-3.0453156276270903,2.286712646484375
-3.454798154796729,-2.836507797241211
9.503977484174175,-0.6992154717445374
6.001532732018722,2.437793731689453
1.775572054007981,-20.97205352783203
-2.6871577689602653,-10.74399471282959
-7.920344649869953,-6.797169208526611
2.578081311550471,14.26110553741455
-14.434457477598505,-0.6331326961517334
-1.338045882914232,-8.273181915283203
-44.1817825469333,-23.27487564086914
2.4314234692194163,-5.496358394622803
-2.35314836228574,-8.634075164794922
-2.07036107592124,-1.3839460611343384
-6.560167066336443,-6.939789772033691
-2.54688332955635,-10.993932723999023
-7.940842049461227,-5.298219203948975
-7.789052707582185,-1.3490256071090698
-1.4295761119406232,-5.881561279296875
7.206977941743588,10.106124877929688
-4.081394009803599,-11.046798706054688
-30.167243616457,-12.021194458007812
11.7225687296843,-4.259495735168457
-0.8984319813221007,8.498978614807129
10.349523074958825,-7.991825580596924
5.42147270471237,-2.455479383468628
-0.3136273830120112,-2.0031440258026123
4.398848813602776,-21.390567779541016
2.099307195887115,-6.328724384307861
-61.6890402284636,-38.70652389526367
-7.08434802004719,0.5355024337768555
0.6962467393230812,-9.814892768859863
9.0758909366509,-11.19662857055664
-1.9263965715605047,-8.50478744506836
-6.262949496708321,-6.230536460876465
-4.739766082030863,-63.371337890625
-36.8822022827233,-17.588790893554688
3.24770439300306,-10.925874710083008
-2.289513933263135,-4.891463279724121
1.41805545618482,-5.585140705108643
-24.4432878855492,-1.645289659500122
-24.96156751119129,-54.196685791015625
-7.734574598544068,-18.10405731201172
2.79124989437018,-9.219831466674805
-5.17831154550348,-8.482260704040527
1.5275640312561216,-17.065818786621094
3.682989905065457,-4.140881538391113
-10.8237586662752,-14.18929672241211
-6.929951553081727,-9.007013320922852
-27.96215708599589,-13.264205932617188
-2.88087637063392,-5.183000564575195
-5.960419628776203,-1.4374866485595703
-37.189874708633695,-20.200178146362305
1.1496085756031087,-4.326426029205322
-12.7137936794919,-11.611455917358398
8.398744223780918,-15.257612228393555
-33.3004252633332,-23.05331039428711
9.144089281431205,-10.093988418579102
4.065326821312747,10.388278007507324
-41.9047429025821,-7.8537492752075195
7.383552345763623,-5.204833030700684
6.364261125349779,-4.741643905639648
4.841793570156368,-11.258081436157227
1.6198341998494314,-4.3253865242004395
4.179707781567577,-1.3767461776733398
-14.7229944429405,0.8090519905090332
7.078924552126015,-6.6874542236328125
-12.898019313824,-15.288451194763184
-70.8116033690518,-12.001072883605957
12.7359625054994,0.8548192977905273
5.586124430090477,-2.625685691833496
3.028467183462371,9.846541404724121
-5.830142578087577,-7.850552558898926
-22.6841489367301,-5.0766520500183105
-1.51657819068512,-2.8077268600463867
-81.52648016021857,-12.627685546875
-3.36903782007548,-9.71829605102539
-18.707844022,-3.827167510986328
-34.48768519828235,-10.90266227722168
-39.7169735486916,-6.000865936279297
-1.593720937577549,-16.137319564819336
-23.2954444871652,-6.9144134521484375
-45.30258920076982,-9.826519012451172
12.5056328567953,10.905817985534668
-11.9299972333177,-3.5856971740722656
-37.9495035857927,-47.833866119384766
0.7001962140772594,-5.369064807891846
4.49418879319923,-0.8437881469726562
-39.0646563811545,-13.792028427124023
-9.09730633851708,-7.714866638183594
-17.5589533745204,-11.465421676635742
-4.92782811871599,-5.66624641418457
-8.2299173561342,-1.434335708618164
2.60625970962018,-0.06451225280761719
2.726862934921635,-1.0060068368911743
4.071661498679735,-5.844047546386719
-13.2494383747796,-1.8008623123168945
-11.9154244975033,0.3840080499649048
0.9090871567987184,-5.6440348625183105
7.92708077877978,-2.878042221069336
-3.119647295186995,-11.49229621887207
-2.248378586620203,-13.372900009155273
1.6646916021852596,-8.158676147460938
0.1590569364430157,-6.443887710571289
-77.3623903172369,-26.058595657348633
15.8859560938761,0.2125430703163147
-3.11888044241469,-3.2827377319335938
-2.7468186065138984,-1.1838016510009766
2.77922195660905,5.357837677001953
4.052279150357491,-8.455368995666504
-4.03806373695381,-4.3288421630859375
-2.4461467814868523,-17.539756774902344
-0.1639564470097907,-6.846074104309082
0.8542168432631491,-6.030848503112793
5.84905996845087,0.20535659790039062
-5.77665564868809,4.372385025024414
-3.7008288999313423,-8.412803649902344
-7.18713065449027,-6.002643585205078
-0.9529303605806088,2.569103717803955
-15.902118442879,-7.701887130737305
-28.0636361890057,-5.434391975402832
-26.912205886836706,-14.135515213012695
8.596988309863011,-4.1563262939453125
0.2877587512502297,-3.9061295986175537
3.3899996482015826,-1.0185191631317139
-20.5869014386951,-5.699483871459961
-9.341800010912078,-12.311277389526367
0.1692077246922899,-12.603763580322266
-1.857666460494741,3.194368362426758
-13.2752747780792,-13.722810745239258
0.7445982178878973,-7.563698768615723
4.49646859469848,3.6020431518554688
3.60913262992784,-0.5293700695037842
-5.653435188749545,-3.162691354751587
1.51502173443586,-5.952291488647461
8.143116180793372,-2.0983328819274902
-8.36164856265281,-20.262340545654297
-1.130678948105339,4.7846221923828125
-4.349210006555943,6.175731658935547
0.2594141505344826,-6.818673610687256
-32.1283374054069,-42.83489227294922
-1.9051378030600723,-3.1390719413757324
4.768047800449637,-11.909096717834473
2.264898495983479,-5.746405124664307
-6.47138721063866,-13.14225959777832
4.93167956005568,-4.618380546569824
2.4851768276660025,-4.780820846557617
-3.930469946192945,-4.459415435791016
11.923948375295712,1.0713081359863281
11.616605850275496,1.612250804901123
10.41580460128629,-8.262931823730469
-8.700462669667385,-7.1464056968688965
13.1991243046288,-9.682207107543945
-4.75101729862813,-3.07736873626709
-1.4230966237807086,-13.716506958007812
-2.07861348348741,-0.018425345420837402
10.292368565007404,-0.3383321762084961
1.9007667723773176,-7.558965682983398
17.1612744381531,-4.620069980621338
-0.1428452494230792,-0.8590242266654968
2.4933992323843923,-4.246101379394531
-13.861300672159,-11.114234924316406
-1.7943154401891548,-8.407597541809082
-4.15624175439773,-6.131037712097168
-14.277645616907492,-8.017488479614258
2.713132201978397,-23.142818450927734
-13.315456279797685,-17.585538864135742
-5.36204355968609,8.311556816101074
-1.4872271509121793,-5.745162010192871
0.31232235517322,14.127601623535156
3.0307168501552093,-11.559683799743652
3.4484762474106,0.7149631381034851
-34.0729170807354,-14.492976188659668
-25.0659802428987,-9.1724853515625
0.86771933446589,0.34366798400878906
-11.996919710325,-2.552673578262329
17.2594267615487,1.424717664718628
-56.2560888739038,-15.301801681518555
-12.7386491421071,-9.038249015808105
-3.520787796436005,-14.47457504272461
-0.8014467498558491,-4.33960485458374
-34.7812340468876,-36.740150451660156
7.158235365631607,-8.421412467956543
3.29681579894721,-5.226491928100586
0.046018285265003,-12.831023216247559
2.046344769010002,-14.058699607849121
4.25403099118957,-12.618476867675781
3.7804230286959792,-6.200717926025391
-3.773219093074008,1.9432759284973145
-9.722403045722997,-11.314506530761719
2.81101468536903,4.500637531280518
-23.7494411406013,-18.625774383544922
-75.56229656723696,-16.875656127929688
4.366245372711767,-0.2834436893463135
9.94612085382829,-0.7588821649551392
-8.207132148775708,-19.87171173095703
-3.09775596823669,7.778073310852051
3.77256113899207,4.845669746398926
0.2016574678685985,-4.8821306228637695
4.38808277416547,3.408000946044922
3.7092867134231,-9.455246925354004
1.6740112862957208,1.7731666564941406
-5.472376660417956,-5.432441711425781
12.283123760680592,9.49209213256836
4.417989059347175,4.174903869628906
1.907333647224608,-5.898324012756348
-3.73521146317182,-8.79326057434082
7.837521570550837,-1.7283854484558105
4.82455755953161,-7.7983503341674805
-0.6472060937938101,1.363779067993164
-8.237956686764985,-11.219156265258789
7.36579899286375,-5.68467903137207
7.859716520666763,-9.205446243286133
2.765011277030255,5.161910057067871
4.62415639298937,-0.12864083051681519
6.430237727930085,-6.194053649902344
2.44728958086436,-8.795129776000977
-1.93656353174353,-6.959259510040283
-33.7845903951132,-11.845931053161621
10.960301672714698,-4.574446678161621
6.147225205740463,-4.483089447021484
2.4659746492236927,1.5265655517578125
18.2642273209106,-10.145366668701172
7.656482330373112,0.4582381248474121
-63.2346715672369,-17.893259048461914
-22.9610154952969,-18.878185272216797
4.39789099231211,-6.601082801818848
-46.587141393021525,-20.16901397705078
-12.281506448986304,-0.8191862106323242
5.220668557811489,-2.1846351623535156
-1.4412632820262703,-8.0332670211792
-35.163016426576704,-34.87854766845703
-31.380009974583203,-10.375397682189941
-40.7258600860177,-11.424844741821289
-35.3994683825842,-11.288777351379395
-10.968565079401992,-8.152490615844727
15.384553292915324,-24.698816299438477
-0.4271227388875901,6.68770694732666
-7.69948364751984,-5.521822929382324
-26.6822467124322,-16.738195419311523
-0.2823200449385875,7.74420166015625
-3.8453528225106623,-10.330719947814941
-2.4599041427842496,-7.133393287658691
-12.7315114055493,-10.517921447753906
1.418014053180695,-8.992965698242188
-3.4922781726655696,0.6609878540039062
9.58062385928767,-7.025823593139648
-17.5801214502402,-7.153623104095459
-49.5120706514507,-17.11742401123047
-0.4503474699443348,-2.887773036956787
2.332279780348585,-4.777641296386719
-42.2483635713802,-24.228076934814453
-5.00028834575103,-8.868352890014648
-5.14141487663266,-12.058212280273438
-19.923371510770203,-7.464679718017578
4.28301459624688,3.9267616271972656
0.3224388648416145,-9.190345764160156
6.795393661635613,11.53445053100586
6.720388221210122,0.9757468700408936
-20.7558388881914,-9.420916557312012
-12.5922662394529,-7.8813018798828125
-5.19085420781142,-1.181359052658081
-27.3858072066324,-16.890087127685547
6.488490212037078,0.3810917139053345
-12.5233171201947,-11.202001571655273
0.996650643215182,-8.257564544677734
3.27144637329635,-0.2620882987976074
1.203208947199059,-2.461592674255371
4.5031585012656095,-4.7636260986328125
-46.6686841099013,-15.55380630493164
3.600655729290548,-6.528137683868408
-2.7077151362496297,-27.1622314453125
-42.936846127142296,-17.278005599975586
2.679404112105611,-5.644507884979248
-23.975827854410426,-8.71908187866211
-24.4869919201538,-12.684976577758789
-6.22433036882608,-0.577251672744751
-24.992167376126925,-6.908946990966797
-9.742168339465294,5.31892204284668
0.1235817830644999,-8.988155364990234
-11.607028837624,-4.5911173820495605
5.321680837772678,-0.948020339012146
3.3452637215970498,-2.5890254974365234
13.015759276594096,0.08097672462463379
-6.13466459150186,-9.321096420288086
3.0897024917955025,-6.396148681640625
3.557691046156,2.360748291015625
2.0008593011464906,-11.522933959960938
-1.2671721747064446,-14.796576499938965
-2.989164004622407,-4.049274444580078
-2.43808381047612,-10.048402786254883
-11.30813578108209,-3.647735595703125
-9.619042312244815,23.550125122070312
-4.01456885639382,-9.468982696533203
-4.853312003098937,-15.849906921386719
2.78743688363977,-0.3972034454345703
3.6035536346157695,2.0543174743652344
6.09033976794457,5.712268829345703
-5.89266438028177,-2.6960597038269043
4.780848076735348,-20.316360473632812
-20.7592210135025,-16.83841896057129
-3.637071869773312,-13.588324546813965
-4.396710286499547,-0.9327676296234131
9.04709717330502,-12.258079528808594
1.69213972357191,-0.5976365804672241
-27.068723822751306,-27.808441162109375
0.2886204877907422,-0.3454718589782715
-0.592182005541919,-3.126225233078003
-4.736229867816737,1.8695790767669678
7.877641553655238,-2.7554821968078613
-2.588665914009158,-4.226003646850586
4.72846919446815,-7.3451433181762695
3.42669038506664,-7.926222801208496
-10.274169876330886,-14.038223266601562
-1.289264920121349,-11.000162124633789
-6.9648772325347394,5.770586967468262
-1.2236747050651609,-3.3631410598754883
-12.208208404490907,-17.22027587890625
4.40921359309415,-2.4376585483551025
16.4171583068458,1.6852118968963623
-15.991582533821994,-2.4070217609405518
7.809600001042748,-7.802883625030518
-3.0331069492891496,-0.20570874214172363
2.603164662477901,-2.5420429706573486
-24.2572199033326,-12.926591873168945
13.667582002208905,-2.334865093231201
8.19307228691883,-8.403279304504395
0.4664503305112299,-8.50577163696289
-6.46133524603972,17.635440826416016
-19.7520332208299,-72.71351623535156
-7.75971004909346,-6.551872253417969
7.66334596528203,0.32822299003601074
-27.64770126959135,-5.535373210906982
2.125547882163602,-4.097109794616699
-1.8239337240231768,-8.192599296569824
3.3696784995100426,-7.41400146484375
5.265272900492549,-9.605402946472168
6.753311816554961,-7.248378753662109
0.9434331950199416,-6.662574768066406
2.13745295521649,-3.4169294834136963
2.76912169862866,-1.4286519289016724
2.409764321136161,-6.535866737365723
3.7606671418030695,-10.844106674194336
0.555665600488549,-7.758648872375488
-89.04756219223692,-154.77078247070312
6.987950206462267,-17.28976821899414
-10.09410467002709,-107.70013427734375
8.16191414696451,-2.2332682609558105
-10.731303688850904,-7.149472713470459
7.588764503474316,-4.557526588439941
-5.25293160621848,-7.611425399780273
2.3065604778561424,-0.6292794942855835
-3.8022266666193874,-10.06364917755127
3.22816419080692,-4.387223720550537
1.1941842843275,-4.0371270179748535
9.772192422094813,-11.376169204711914
-2.489313079893845,-1.392074465751648
-13.547300817594484,-18.968257904052734
-1.5403494549472296,7.065070152282715
-5.139364658294922,433.1689453125
-1.32131943338233,-14.40949821472168
-0.5284321769112605,-8.598241806030273
0.1119561526876595,-6.658626556396484
14.8508222506114,10.405799865722656
-0.0918051514147744,9.431808471679688
-1.7237618714553775,3.877450942993164
-1.5699354762224491,12.772541046142578
1.5718362711845366,-2.0872626304626465
3.58036180553514,-1.401474118232727
7.45084701577923,-7.363991737365723
-7.378812419643663,-2.115899085998535
-33.1832620874725,-12.524105072021484
-6.066411004621831,-3.2523646354675293
-16.4910721624856,-39.74073028564453
0.8267526169764301,-28.487424850463867
-9.762453719841735,-13.46489429473877
8.07102955700163,-2.461296558380127
1.741670982094262,279.233642578125
-0.0053525606393112,-28.91485595703125
-51.4043293278057,-13.163979530334473
14.9415296965116,-1.0421574115753174
8.70853787657841,3.71795654296875
-2.149900469098629,-22.733531951904297
14.8229623836697,1.617403268814087
-0.0379657812584102,-56.15174865722656
-15.3173389528898,-1.3042762279510498
-1.7663441991754285,12.846212387084961
-6.708306328674888,-6.819922924041748
-78.7451798053926,-13.357831954956055
-0.5413656534735456,26.4698486328125
9.625121597198186,2.5209364891052246
-3.15562863494722,-13.699651718139648
9.60447820177431,-0.2607460021972656
-3.31847606547329,-0.8135685920715332
-4.12581810820042,-0.7962534427642822
1.7706121017107803,-3.694378137588501
0.5117341060036625,-6.7138800621032715
2.63157412115867,-14.13145637512207
-4.763634360062484,86.62831115722656
-11.18181257464061,-21.849775314331055
-39.4932668903457,-18.346580505371094
9.206200380526292,0.5198088884353638
-2.93911844531118,-0.6403045654296875
-28.13472322157985,-6.364535808563232
9.62907409316032,3.3218536376953125
-7.042636248773623,-3.8132266998291016
-4.03025121975644,-5.557307243347168
3.42951329804928,-8.597448348999023
2.5565427438131976,-8.53232192993164
2.8513084033656,-1053.2060546875
-5.5623675139736175,-5.095592021942139
16.9968892380515,-3.826446056365967
-4.144685584269085,-1.8704915046691895
-11.221818720505304,-2.2865538597106934
-2.111656589218961,-5.767815113067627
-1.626797120535592,-4.358867168426514
0.7652624054000594,-6.920848846435547
-21.5531296050118,-15.499526977539062
-13.053772031257305,-7.1241912841796875
5.42509465390903,0.6211919784545898
-5.5186956836840375,-2.5977325439453125
-2.260381023139061,-0.5100446939468384
-30.3377383335249,-10.759027481079102
7.380729755239978,-6.101825714111328
-4.172986764275874,-6.028219699859619
-1.2036514942358316,5.6164655685424805
-35.2906329121599,-17.162128448486328
-2.54595208771381,0.13928604125976562
-10.901275449743116,-10.499844551086426
-17.0078420331655,-17.111669540405273
-17.0314498829154,-6.4393205642700195
-11.9784507557909,-3.573057174682617
-19.469018973061075,-5.722377777099609
-3.2142130797467816,-3.9717791080474854
-0.5663484394051013,-1.1819045543670654
-21.2195468929047,-8.206334114074707
8.077984978184695,19.169567108154297
-17.0119321722455,-8.57125186920166
4.67424026120176,-8.732433319091797
-47.9875704511971,-21.517824172973633
4.316615136301563,-2.2616117000579834
11.2728180991378,-4.435203552246094
-3.5546157663424616,-11.199830055236816
-3.15887949932979,-9.773395538330078
-1.6422791314174887,-0.34854745864868164
-3.448025235667948,-20.58136749267578
-13.5632540546311,-17.849578857421875
0.8825935384285006,1.950080156326294
3.27100049685324,-10.131355285644531
-0.7762273913233743,-2.0384340286254883
1.026942322157092,-1.168272852897644
9.859104788483815,-6.919312477111816
-1.9977872313530125,-3.9669151306152344
-13.1809903671301,-2.5977911949157715
-35.1782981083837,-29.583412170410156
-35.8337806803641,-13.90931224822998
-7.639409008216227,-0.5205557346343994
-15.746453943284,-21.688875198364258
1.055995951979529,-2.4353768825531006
3.987299411465438,-8.856819152832031
-37.0930621901092,-9.502310752868652
16.694612728237402,-5.259990215301514
-4.527979888097892,-7.007807731628418
14.6352674345898,-4.806710243225098
5.034618319433818,-1.797775387763977
-3.77133000272187,-7.525463104248047
-1.61504571199055,0.9030381441116333
-56.3663437951974,-42.97228240966797
10.088450856398616,-4.088494300842285
-14.285610883283098,-15.227747917175293
2.6210618799141923,4.0380754470825195
-2.308732762121495,-7.382874965667725
-83.9761260280997,-18.7667236328125
-1.03656181464744,5.4238128662109375
10.16232173056559,0.10988211631774902
-3.12013961477547,-5.119120121002197
3.010752586641185,-4.716697692871094
-1.5178355576616795,-8.536770820617676
-2.60072537807549,-0.7806241512298584
-2.367312137177082,-7.5008416175842285
6.075310726130807,-0.31664979457855225
2.24572304437811,-10.921089172363281
0.2044267191685782,0.18418073654174805
3.85944773684647,-0.5505621433258057
-14.409506408843407,-9.145418167114258
-2.683955047842884,-0.019136428833007812
-0.0075038478591599,-3.760972499847412
7.190050317883171,-2.0827298164367676
-2.1691769605730515,-0.7050797939300537
-7.910003358009165,-1.7072948217391968
-69.1366966634013,-11.1209716796875
1.437241653553571,-8.258390426635742
-20.7409218490905,-9.57941722869873
3.78247800369874,-1.1411068439483643
7.909526276907584,-14.92988395690918
6.097122298913325,-23.7487850189209
24.5800902168924,0.8205167055130005
-9.979741434164584,-10.85762882232666
3.1327986373042376,-5.860869407653809
-8.393586343504198,-0.009186387062072754
8.678125432705007,-0.29530566930770874
20.7428439693387,-6.476151466369629
-1.511416195100045,-14.021405220031738
-23.3725501337939,-20.110679626464844
4.69437535963172,-5.902353763580322
8.24149319055937,-3.470517635345459
-0.2898522089969393,-1.991895318031311
-7.19378137939456,-8.657330513000488
1.0271109700113177,-2.3152146339416504
-14.564555056626377,-18.682865142822266
-9.657849716236,-16.723730087280273
-0.7280966227290082,-10.105072021484375
-21.8962191024866,-6.8763861656188965
-40.2614734397264,-41.70344543457031
-1.77750068778882,-2.118000030517578
-28.3488859938485,-49.45720672607422
-8.184373188662292,-16.077747344970703
-6.135426654744688,-28.610549926757812
-3.270422191581055,-9.932403564453125
-6.055427015859325,-3.5570335388183594
-34.3143130117107,-33.89356994628906
-50.4820483838523,-40.48931121826172
-4.639593570653838,1.315948486328125
-21.0606958753072,-20.680259704589844
8.747205755218493,-3.677734613418579
0.6884341878779402,-14.242382049560547
0.300408103033295,-5.824581146240234
-2.6184282494780104,-7.720218658447266
-37.3999740396079,-15.323507308959961
-10.594900847222812,-46.60646438598633
-23.227454082363305,-17.573537826538086
-15.4814292943448,-5.2829389572143555
-6.89310310865277,-0.21424102783203125
-11.7962452523223,-11.995092391967773
-0.3887710448227697,12.602505683898926
-4.0896099478500325,-5.642843246459961
-42.6579269422049,-24.695880889892578
-2.095241650043551,-6.695115089416504
8.45389840526827,-7.1252288818359375
-15.5157954828953,-14.380775451660156
-1.9802660997523944,-6.204747676849365
1.8368511005450223,-1.758148193359375
2.11900133622217,-9.718572616577148
-38.4962238749225,-5.827392578125
0.8069046214032297,-13.445196151733398
-1.73607437190069,-8.48526382446289
-8.46093254820262,-6.771707534790039
-0.0780407432645869,-3.955791473388672
5.009535132419683,0.3515501022338867
-74.9399761386801,-58.4192008972168
2.806732553915905,-9.500060081481934
-10.415057364934407,-6.564803123474121
-4.81834176383161,0.6223258972167969
-1.4920816076829602,-1.4958711862564087
-0.003939288658445,-1.3808982372283936
5.86288473591452,-7.879552364349365
0.4443344011282492,-1.3438725471496582
5.72263802046558,0.34400367736816406
5.46583466116103,-7.674627304077148
5.05355462238675,-7.176605224609375
-17.190033530139498,-3.554410219192505
-10.1192188918475,-0.8549842834472656
-10.539071528779305,-2.4358584880828857
0.2492257167476033,-6.076678276062012
5.35198813185094,-15.279664993286133
14.9823899147147,-1.2493336200714111
1.7336328627834918,-6.20946741104126
3.2582764286422226,1.6868896484375
1.1615369027166365,-7.561511039733887
-42.4099588259267,-45.56226348876953
-38.7823663998969,-11.884190559387207
7.99575647038201,-6.431866645812988
11.644495901203598,-1.3370037078857422
-39.0956747424042,-4.098445415496826
-38.6438610292767,-31.123001098632812
-40.5029244010595,-10.512489318847656
-22.8644313188967,-6.825494766235352
-0.897066728281827,-3.6944732666015625
-17.6830733389949,-15.004785537719727
-0.0084306638066775,-5.924015045166016
0.5394390329931549,-0.8814656734466553
-21.61387508166409,-15.083919525146484
5.053393098685065,18.10704803466797
-15.7834934865799,-13.686540603637695
-58.40351531723695,-17.388973236083984
8.86280218600469,0.5940569639205933
1.888243484494037,-9.439236640930176
8.99923705482913,-9.055473327636719
4.133325903305868,-18.98699378967285
4.774357664359128,-5.52907133102417
7.418770080750715,-8.001766204833984
-2.25262466719878,-4.906486988067627
-7.071587649042333,-9.039020538330078
4.398742241377427,-3.655264377593994
-8.692928400841772,-18.394935607910156
2.334382802629,-8.683610916137695
2.8274240704709,-11.915589332580566
2.1747311895065486,-0.16321146488189697
-11.9965988914421,-9.018406867980957
2.776867734737273,-13.128253936767578
-12.4595255596924,-6.585970878601074
18.5317724911246,-2.72640061378479
6.86106163750481,15.707345962524414
-19.1693792779686,-7.493647575378418
-4.20883890972707,-8.687466621398926
-0.3530077955256401,-0.6758308410644531
-1.6020246929696491,-18.541549682617188
-7.57557880794988,-7.302544593811035
13.9692836454661,-5.617089748382568
1.289294757415069,-2.3844003677368164
-20.3746494688195,-23.055845260620117
-8.044482691931467,-2.604426383972168
2.51340467963473,-6.077186584472656
11.0282847349576,0.574476957321167
-1.3944922949507652,-8.93535041809082
-26.2706781913698,-36.27778625488281
-71.7765711158932,-9.929181098937988
-44.2857422252861,-25.31573486328125
-3.057699221935841,-2.759817361831665
10.116767222520318,1.3235197067260742
-46.9980356488569,-15.162758827209473
-8.677497573270493,-9.033378601074219
-25.781275563237,-18.478225708007812
-2.941164138388841,-10.075203895568848
-26.5692742661385,-10.067095756530762
1.2555345380058751,-6.487630367279053
-0.810306898238276,-2.6634788513183594
0.2404076931068699,-9.058820724487305
-2.5590885431480426,-7.32706880569458
-11.9846830308257,-11.452116966247559
-5.775806690181939,-1.4926280975341797
1.9806048133258944,-11.324922561645508
16.618750626525,-1.486022710800171
8.204494762209066,-8.211051940917969
6.80321923705408,0.7392897605895996
11.710679650337616,-4.773797035217285
3.181253849239128,6.533489227294922
0.90894434552881,0.26340389251708984
3.547124544521316,3.487842559814453
-2.202886656443709,-57.0159912109375
-11.133669865203094,-12.459930419921875
9.328533024448705,-10.514541625976562
-0.7012610501602399,-6.901183605194092
-0.3170472839931941,4.884830474853516
-2.3458288386735573,6.235076904296875
-26.1191329979098,-24.156532287597656
-2.33292598982445,27.257890701293945
2.461922216333884,-3.75026798248291
3.73205068567752,-4.113506317138672
-22.4462583852743,-44.83514404296875
16.899113604615202,-1.5504515171051025
-2.85382252753121,-1.8138058185577393
1.2705701336207027,-2.6018638610839844
7.960789166364423,-2.0371735095977783
2.71808902854303,-5.143601417541504
5.5273920092716775,-25.160327911376953
-4.11149235653684,-15.079024314880371
-20.9676231329802,1.9105110168457031
-0.89184437235696,-7.9896745681762695
-1.2816619609782416,-9.678568840026855
4.85634828411675,0.34839558601379395
6.429854346358795,-2.5285425186157227
4.71112087372323,-4.785384178161621
-30.7199022255615,3.94036865234375
-3.8590388668775,5.208470344543457
-10.6557437737239,-1.4389402866363525
-13.4460672849668,-14.688779830932617
-5.527709296795018,-0.410628080368042
-1.876637029070265,-12.763837814331055
10.2532613363299,-4.974921226501465
3.00680128293027,-58.27849578857422
19.33685959748449,0.8567976951599121
-0.1058882282985149,-12.28575611114502
14.3436638764016,4.136163711547852
-16.1535771788668,-23.74394416809082
0.9480162028997956,10.388057708740234
-18.5891767455387,-85.46435546875
13.309934514349203,-1.8862446546554565
6.02246857213521,-0.1465606689453125
5.16750826555368,-2.2162294387817383
-1.0190872666435924,5.0026092529296875
-19.100904418149,-8.504287719726562
4.743603615290096,-23.09950065612793
-13.8157551615103,-47.075016021728516
-3.802611775309477,0.1368800401687622
4.30511943579503,4.765838623046875
-22.482844278002705,-4.0851287841796875
0.60779733849738,-6.207376480102539
17.8138573048897,1.3187286853790283
-38.4626262988146,-13.911996841430664
-0.6089836493556324,-4.91401481628418
0.8617451361473882,-9.091608047485352
-2.40000424902785,-0.967090368270874
3.7078671714499096,-6.742900371551514
-2.390619984667185,-15.819755554199219
-15.559462368784592,-13.623092651367188
-13.790764753514,-1.1499197483062744
-9.325981865786185,-14.019148826599121
-58.4491138315396,-15.833203315734863
9.550892694239591,1.6450066566467285
4.435147085081137,-1.3884539604187012
-2.3538192484503564,0.17822957038879395
-5.83438093189622,18.945663452148438
-7.10827059552493,0.6159210205078125
-12.414939844598162,-7.8208537101745605
6.6154810826822,-4.043550968170166
1.3155747227446202,-5.31612491607666
-2.56542276271332,7.512505054473877
-13.546032832554804,-7.843447685241699
-16.600339428286603,-9.300407409667969
2.9737175212081803,-11.470638275146484
6.167862854629888,-2.8321046829223633
-40.922076323723,-17.261960983276367
16.9349100756105,0.06579089164733887
-12.24911226903676,-10.059696197509766
4.867927463076468,-2.8702664375305176
-21.6327950573002,-11.736233711242676
7.11033993521173,4.30283784866333
-9.59094984812801,-19.74622344970703
4.92186081619874,-0.798443615436554
-7.815562497274902,-10.05646800994873
-2.20364176327536,1.9569358825683594
-19.6754058911438,-15.923991203308105
-91.8886792382854,-10.546773910522461
-20.9507978903398,-15.985374450683594
-17.8084408175675,-11.576404571533203
-62.9612541332419,-19.157344818115234
5.598134989920393,-2.8653650283813477
-7.283890318199592,-8.613811492919922
6.1026124307435,-0.7468020915985107
7.42840635595139,3.6691408157348633
-5.179391847578812,-7.761155605316162
-4.873152982370568,-10.643976211547852
7.276768036701751,-8.023211479187012
-10.739322929783883,-6.641815185546875
-22.9219832537164,-23.887359619140625
1.5259403537211615,0.8893647193908691
-44.7886924625105,-14.898372650146484
-3.72583443525641,-7.86163330078125
-14.57002364123529,-17.04338836669922
-10.128266274366498,-11.81090259552002
-28.0249952668106,-15.961898803710938
-26.24662901330595,-16.80508804321289
-40.3645652505015,-27.012451171875
-30.8056950922951,-8.305415153503418
-3.9552380984537248,-1.9343278408050537
-2.1789667599796294,1.6945266723632812
-0.5734820606807138,-2.2509186267852783
-1.1617148968623687,-8.968957901000977
3.42848617073407,-7.693294525146484
-17.4030551064212,-14.55476188659668
3.88109013796494,-5.511568546295166
9.400493271217616,-2.1626944541931152
-11.302161927872188,-13.14984130859375
-13.3709137252944,-13.840446472167969
-6.79658968512302,-11.924565315246582
4.509456424718162,-0.5173597931861877
5.45103123545738,-7.55853271484375
8.149714042401495,-7.093066215515137
-12.909180343140196,0.360190749168396
-6.61979034735207,3.3685474395751953
11.9978624338519,5.255119323730469
-12.53254789251529,-7.195093154907227
-8.36198121766124,-19.816326141357422
-4.361976736345532,-4.396268367767334
-0.1898191226144924,-12.7498779296875
2.3166834950764685,5.856227874755859
-12.6203596574975,-17.395462036132812
-1.207429910073891,-6.89483642578125
-29.7403775200217,-10.15617561340332
5.31082796058257,-2.010286808013916
2.97844031586002,-7.855175971984863
-12.533050119535002,-7.675615310668945
-5.8684323426223,-1.799296259880066
2.391980620215489,-3.2094411849975586
7.73570234615748,-13.860840797424316
1.166748445159433,-2.321713447570801
6.093529951556334,-5.544458389282227
17.709922444879297,1.8278543949127197
11.779516260068313,-1.2287826538085938
2.4866177573815964,3.2414321899414062
-30.89708550466269,-19.728797912597656
-9.231606713935047,-6.302795886993408
-13.4089268865456,-12.045082092285156
-9.06573754635488,-8.429099082946777
9.30630078585379,-0.846194863319397
-7.156550033865472,-10.534454345703125
-10.5414716495377,-7.139350414276123
-27.8178569354009,-32.124855041503906
5.3817717725564,2.329479217529297
-35.155236696245,-19.61040496826172
-21.4141717786538,-24.121912002563477
-2.6053130644292946,-1.426741600036621
-9.953220777101093,-7.195117950439453
-8.798237091769485,-9.390953063964844
-27.6920167541674,-7.984129428863525
8.017093587799739,1.1948719024658203
-0.3550158381598589,-2.1896281242370605
-1.19024715514191,-8.32394790649414
-3.2855896341823474,-22.486499786376953
1.844566842421384,-7.104046821594238
-30.7366736665872,-32.28812026977539
-11.338238855350506,-10.756844520568848
-1.059512617215007,-1.555355429649353
-33.7712071062874,-48.979122161865234
3.812227003524945,7.765663146972656
-2.8472026300298463,-19.09958839416504
-21.5871320482388,-8.475335121154785
1.845960760756301,0.3344416618347168
9.06213659212517,0.20337295532226562
-13.950148061363093,-10.587518692016602
-15.1006814359747,0.3943573832511902
-8.65496498210776,-5.662270545959473
-31.18852367408345,-27.84283447265625
2.35160533891099,-14.250988006591797
-7.06329362397977,-14.107231140136719
-11.299328727708405,-12.32975959777832
-5.73967918172164,-3.20206880569458
-4.062121175440552,-1.1906776428222656
3.62056380925444,11.131990432739258
-6.512385872303066,-12.392385482788086
-17.2817979072755,-17.523178100585938
5.79128728304933,3.173189163208008
3.7921116228684086,-4.240986347198486
0.51700222845629,2.2764892578125
1.0966146270020711,-1.699723482131958
-6.613686761665703,-21.757801055908203
-39.873530292237,-30.00481414794922
-35.0272315856836,-15.672727584838867
0.2475632146873464,-4.437976360321045
5.59963570142504,-8.316105842590332
5.29419053806362,-1.0575392246246338
6.457932781589695,-6.746931076049805
6.4251548431743295,-12.116216659545898
-19.7885249955934,-14.138008117675781
-2.4097304318056905,-5.0623459815979
7.543407488617369,0.5682138204574585
1.83593808226401,-3.4937992095947266
-1.5082203021212124,4.953052520751953
5.99108205682079,-11.038861274719238
-18.1797235112709,-1.2477834224700928
-12.840088322870097,-22.244375228881836
-2.23616712442702,0.2946549654006958
-4.662511414401839,-8.306029319763184
3.41802282280863,-6.826167106628418
-12.0320822507053,-1.8226890563964844
-25.9801803981754,-10.988288879394531
-5.97419023328963,12.786380767822266
15.4186986077963,18.44927978515625
4.480465220149085,9.492111206054688
-13.2363849677504,-19.949115753173828
-9.362863686069195,-12.271491050720215
4.128157012788561,-1.8656046390533447
2.26767773086615,0.3986210823059082
-24.1634597090208,-25.243019104003906
10.013204486477417,-3.1871609687805176
-31.934070451053,-10.061433792114258
-22.9515728231767,3.063985824584961
-11.219410776078313,4.823921203613281
6.00089213826483,-8.050299644470215
-28.9638748432599,-14.529109954833984
3.11049964318654,-1.7805991172790527
-1.073248118887358,-3.3695592880249023
-10.249148139079496,-16.531551361083984
-13.14009076535719,-16.032920837402344
0.7364260970712593,-3.8293490409851074
-44.9949251983702,-5.961491584777832
-5.159519294761907,-8.616042137145996
1.869241020829697,-17.81304168701172
-55.54568697318505,-23.3228702545166
0.3065104335081801,14.220027923583984
-10.386374558578522,-1.4580016136169434
-3.0345245902191325,-10.549614906311035
-57.144820014625296,-17.921852111816406
2.85060083445348,-11.616612434387207
2.446050707651698,13.366024017333984
5.50221601830175,-8.973672866821289
3.455876052191651,-3.662625551223755
-14.6157572128631,-9.697429656982422
-0.874105623616695,6.246377944946289
-1.378759213278819,3.050048828125
1.350733135180331,3.050640106201172
-1.94666134980912,-4.80981969833374
-3.36735139960915,-1.8388988971710205
0.8319171014720902,-3.814967155456543
-40.2101205720394,-5.300843715667725
-24.577379709126298,-15.033130645751953
-18.6292132467089,-8.761747360229492
-46.39510994896701,-25.350078582763672
-2.487076105276776,0.2053070068359375
-4.752960817423343,-23.2165470123291
-0.1160299782726794,18.756134033203125
-18.5277286275242,-7.207990646362305
-14.1325019191809,-14.622509002685547
10.909208084253878,0.42496776580810547
1.30779520720034,-1.6532435417175293
-5.77436797253085,-7.5314106941223145
3.986867952152618,-4.514928817749023
-21.7936206120663,-20.839611053466797
-2.643556292002,-16.6107177734375
11.0853991753379,-7.333076000213623
-12.9397422629832,-8.69283390045166
-0.190891674386513,7.741180419921875
-6.32558602127377,-5.813541412353516
5.391699208755202,21.807632446289062
-8.998840630677615,-4.9505157470703125
-1.6005087696864486,-9.833556175231934
7.5482379424635875,0.27439332008361816
-7.642910278690365,-1.7024974822998047
3.719171936095444,-0.7297176122665405
-0.8981307679622897,5.8458356857299805
7.06032809637297,0.5582799911499023
-3.134999611446543,-7.558599472045898
-5.94174589421185,0.5917806625366211
-17.7883076547542,-14.200499534606934
-25.2381267145584,-10.794361114501953
-27.5445722402187,-17.568262100219727
2.6678241356197647,-7.564459800720215
5.02066543392875,8.329391479492188
-1.67197513843126,-19.91983413696289
6.58117049992555,-3.810520648956299
3.12612254618191,-4.219367980957031
-2.1147225087047508,-4.181802749633789
-76.9668504799361,-8.809652328491211
10.11870938841209,10.436237335205078
4.755697845162629,0.018376946449279785
16.5479703149859,3.4217634201049805
4.001938538520379,-9.45395278930664
-14.1813773041305,-13.704727172851562
0.7709161631446207,-8.68221378326416
-24.2508933717269,-9.009130477905273
-22.3071231538392,-20.884288787841797
7.2595381633228,-5.8774919509887695
11.555346181601609,-4.662848472595215
-26.258782255785,-10.185431480407715
10.3189652047012,-6.991065979003906
0.809697096857583,-7.666560649871826
-18.5255095356289,-24.51974105834961
-1.0680791130593923,-5.668617248535156
-3.5390830989045075,-8.093048095703125
10.468583156479704,-1.1524124145507812
-10.613183176373598,-16.69847869873047
-6.40442742836347,0.022904157638549805
7.196532980977684,1.9040617942810059
-10.586292641023492,-3.309591293334961
-26.79502671025515,-22.884490966796875
-7.187555808667961,-2.4645495414733887
5.4465900456679694,-4.285464763641357
3.1988276731025875,-7.067684173583984
7.827394642815597,-6.156279563903809
3.887422638441485,0.30007481575012207
-3.41466344580097,-3.643768310546875
2.667044757168528,2.6878390312194824
1.0590749185315824,-2.7142276763916016
-3.9965921287470247,-7.943501949310303
10.982614675109394,0.5871330499649048
0.4076170529080399,9.547317504882812
2.71319811317338,-1.1990785598754883
8.652061852316729,9.751823425292969
-0.6579761516790089,1.60906982421875
-51.6773231694491,-17.307758331298828
-2.8325461302865187,-1.8692893981933594
2.12749125232924,-25.37604331970215
3.562549470771905,-6.227588653564453
-16.517773128145326,2.9951119422912598
6.874655354673765,0.588744044303894
0.2047767843086013,-3.8637020587921143
-2.698758931910008,3.3283309936523438
1.8601156760560384,1.5671768188476562
-22.2455703021075,-23.73605728149414
2.4288820651169605,-26.6767578125
-16.8307740899425,-2.057917356491089
20.7191486697607,7.4802446365356445
-30.7261055182573,-15.433357238769531
-38.4849400567448,-49.153106689453125
-14.3103126367969,-7.854818344116211
0.7860328468455551,1.1240053176879883
-48.3858044800915,-12.482783317565918
-3.21662088766757,-1.0834099054336548
1.675245639565673,-1.3071210384368896
-90.3299705619704,-17.38674545288086
-9.28527551691871,-3.3646867275238037
-1.2293411329062325,-3.72442626953125
-4.534682244798708,-16.458389282226562
-68.1959205924323,-18.332979202270508
-24.5242345195019,-26.462432861328125
-2.77042962989298,4.705930709838867
3.8009101564042025,-3.320979356765747
8.933703319425492,0.9819284677505493
-11.341527235964405,-13.057685852050781
6.71098989067457,3.564422130584717
4.54734483862441,5.747915744781494
-5.16341129781556,-11.352906227111816
-49.062306315025,-52.8761100769043
5.26551760771767,1.9356050491333008
3.33951124606136,-0.5462431907653809
5.006519903780723,2.663153648376465
4.05485944970297,-2.798189878463745
2.283405953189745,0.9642333984375
-2.66483863280114,-13.686017990112305
12.566471603210276,-0.5635342597961426
-27.9020155354992,-9.510396003723145
8.88265541550952,-3.8760876655578613
0.1652887870268324,-10.190025329589844
15.4985727759109,-0.1384757161140442
9.014890317831036,-4.684525012969971
1.4803529144374856,3.1540350914001465
18.1939100849816,-0.14895308017730713
-2.6304973605131474,-4.195107460021973
-5.493763326806099,-3.2267470359802246
-0.6715208179901364,-4.645051002502441
-36.7383193130824,-23.13056755065918
5.062784719364307,-0.15512418746948242
-12.026803679110706,-19.97547721862793
-3.01321716593974,-24.57050323486328
8.35813394800668,8.079851150512695
-3.60075442831331,-1.439672827720642
-9.509135784465323,7.612367153167725
-19.6175855102284,-6.240116119384766
-27.8629509568953,-6.340183258056641
1.74273211890989,-4.474912643432617
-2.19578977406709,-5.978486061096191
2.42002639701588,-4.43721866607666
-25.55316918036869,-10.866540908813477
5.635020609606415,-2.4378767013549805
-34.727836669101,-9.87594223022461
4.4516036428765,-6.951778411865234
4.967381413305823,-14.067146301269531
-6.81516141534704,-1.008815884590149
-24.3954295810688,-9.842611312866211
8.658679095048068,-1.0885131359100342
3.7347243087796,-5.7009124755859375
-12.909633143366396,-9.844381332397461
-60.49569009623433,-53.87672424316406
-3.790702882666694,2.202197790145874
-12.41068356063,-10.882972717285156
2.76740193393285,-4.403509140014648
-18.9061714872788,-1.7252025604248047
-3.681083449701528,-14.93404483795166
8.13893448615947,-0.012304902076721191
-51.402683514636095,-21.99835205078125
-3.0703466753296,-0.8519934415817261
0.4646043967887734,-7.2661638259887695
5.989492839405608,-12.267374992370605
8.833837192566008,-5.7622833251953125
-26.1965705632023,-1.2940020561218262
0.0804428699766095,-7.912051200866699
10.229168329440906,-9.097911834716797
2.12042655289975,-0.028743267059326172
3.88810032819938,-8.650235176086426
-31.515616413872173,-9.427340507507324
2.28163515100639,-7.6023101806640625
-9.633163292669298,-8.135310173034668
2.63206586722876,-4.413392066955566
0.3189015990893598,-16.878681182861328
-6.31868596379813,0.977147102355957
-6.4648984000359935,-21.540264129638672
8.91646092056966,-5.217885971069336
-42.637521131086125,-10.108856201171875
-89.5439156156453,-84.11431884765625
9.179556151687803,-3.7555580139160156
8.754663680824095,-6.97542667388916
0.8838679103249854,-5.254213333129883
4.338369925074482,-5.720175743103027
-18.23432595343749,-12.449674606323242
6.92534745147092,-3.6494083404541016
-1.768261666543676,-5.285732269287109
-7.87226820943855,2.2540087699890137
-12.0847368637308,-12.472121238708496
-4.4222229386498375,-4.162864685058594
6.63109301847755,12.115766525268555
1.675381804264854,-9.450698852539062
-6.897600670415837,-14.796713829040527
-12.2774867069717,-17.262229919433594
-3.963646539183849,-0.6472593545913696
-2.552277046947741,-12.086613655090332
-10.78700495517378,8.119489669799805
-6.426376983867103,-2.74348521232605
8.2142562177934,-4.534765243530273
-16.967828162594074,-7.70419979095459
6.07843040491799,-7.39170503616333
3.08443697315444,5.396080017089844
-1.3811964732242277,-10.962282180786133
-4.51305804704249,11.097946166992188
-9.93375477053989,-0.13769817352294922
-0.6581754288220045,-1.5647335052490234
-7.952166005584182,-12.859415054321289
-13.563015982384195,-6.741528034210205
-47.9957157156951,-19.06639862060547
4.96190002222477,-0.8015766143798828
-2.0240269290899,8.457849502563477
3.47166270740147,-6.573399066925049
-5.2815921348029296,0.8360083103179932
2.369358494612781,0.500108003616333
-4.214346026907057,-6.259425640106201
-23.8934551543691,-19.179157257080078
-1.0659561461183158,-10.084426879882812
3.126169348435272,-14.899208068847656
2.35164464781062,3.6319026947021484
-1.79502295092813,-1.7613604068756104
-15.957982665262508,-15.715848922729492
-64.65676531723692,-31.355117797851562
-27.8195558011628,-30.385663986206055
-10.480511156242285,-14.313891410827637
-6.18357684414468,-6.786626815795898
-6.75960002722117,1.8383913040161133
4.4105627388370605,-6.1758575439453125
5.58846482112586,-5.071441650390625
-16.8483709423333,-17.326797485351562
16.1850033157246,2.8467764854431152
-3.34531377329845,-6.276824951171875
5.893700156574014,0.7119394540786743
2.745769909533195,0.293438196182251
2.53362859007723,-1.1515955924987793
1.0880788430276551,1.086706280708313
