Score,Pred Score
4.2006804390709,-1.418506383895874
4.76541245752904,2.2193398475646973
5.87221574658101,-6.9694061279296875
-12.955988512618,-10.447123527526855
-14.4061745570978,-8.018440246582031
13.644333664082708,0.004161357879638672
7.522446474796843,-8.619922637939453
2.858782897786812,2.1876487731933594
-49.8653288018085,-11.032243728637695
-4.029904705212941,-7.882908821105957
-6.2026319104393295,-11.737071990966797
4.452168509343501,-7.6219964027404785
-16.475900892606802,21.91433334350586
-11.03094492075089,-10.24435043334961
-8.08045020128908,-8.344982147216797
1.39259946716825,-12.199197769165039
-14.885807229381896,-2.221341609954834
-11.113180908425988,-5.072121620178223
5.506094216928792,-11.791892051696777
5.29091659278858,-8.552467346191406
3.42106467876526,-1.9794998168945312
5.162821279449693,15.337629318237305
6.020551076354931,-1.4688456058502197
0.8086942897832163,-14.626724243164062
-8.80546181278599,-6.285958766937256
-7.42349600405968,-12.238663673400879
-14.4731176558811,-5.2044830322265625
-35.5448186771701,-7.165409088134766
-1.657597602265355,-20.218097686767578
-1.930224441335125,-7.556981086730957
-10.398648228661925,-6.1123247146606445
-1.6521884315998507,-5.677933692932129
1.3131129859732091,-9.32508659362793
-0.1240821746904601,-7.109355926513672
-35.1709788883515,-7.119625568389893
0.6771989561182002,-5.035967826843262
-5.8677981963370005,-3.140134811401367
0.7982616963508231,-2.494765043258667
2.595279020812243,-6.976964950561523
6.9472187772133225,-1.2337398529052734
-41.1395198834054,-7.728017330169678
-35.4604736838065,-12.306830406188965
7.87379173269718,-5.057634353637695
-8.72128086410909,-19.706823348999023
-82.13826531723697,-8.203807830810547
-9.70693692529289,-6.69888973236084
-61.4386715672369,-11.877613067626953
7.10938257895085,-4.315215110778809
0.4007388327427847,-3.5267772674560547
-0.7455370396145937,-5.847734451293945
1.674966057420845,21.70181655883789
11.877856996640997,-6.224555969238281
-0.9096556467231308,-5.141879558563232
-1.4680391508473674,-6.722652912139893
15.6414782015599,-6.351275444030762
-10.35739215730591,9.048957824707031
1.926107182225645,-5.495157718658447
6.99756701325662,-5.795841217041016
3.54836143321337,-2.5109691619873047
-7.726553411266567,-11.792694091796875
-48.51478094223695,-22.907081604003906
-3.0453156276270903,56.479217529296875
-3.454798154796729,-4.804405689239502
9.503977484174175,-5.854922294616699
6.001532732018722,25.439746856689453
1.775572054007981,162.3711700439453
-2.6871577689602653,-8.227410316467285
-7.920344649869953,-6.607624053955078
2.578081311550471,51.28694152832031
-14.434457477598505,-2.7746267318725586
-1.338045882914232,-6.961826324462891
-44.1817825469333,-9.630012512207031
2.4314234692194163,-4.152459621429443
-2.35314836228574,-7.045161247253418
-2.07036107592124,-4.598296642303467
-6.560167066336443,-4.226512908935547
-2.54688332955635,-17.786678314208984
-7.940842049461227,-9.242974281311035
-7.789052707582185,-2.9515488147735596
-1.4295761119406232,-8.51553726196289
7.206977941743588,23.983211517333984
-4.081394009803599,54.77375793457031
-30.167243616457,-2.8557281494140625
11.7225687296843,-6.624520301818848
-0.8984319813221007,-9.033199310302734
10.349523074958825,-7.872830390930176
5.42147270471237,-3.7238075733184814
-0.3136273830120112,-3.1423697471618652
4.398848813602776,-34.03764724731445
2.099307195887115,-4.902562141418457
-61.6890402284636,-16.45993423461914
-7.08434802004719,-1.9680737257003784
0.6962467393230812,-7.173234462738037
9.0758909366509,-11.174360275268555
-1.9263965715605047,-8.473633766174316
-6.262949496708321,-5.935155868530273
-4.739766082030863,894.90185546875
-36.8822022827233,-6.951068878173828
3.24770439300306,-6.789528846740723
-2.289513933263135,-8.971430778503418
1.41805545618482,-5.002932071685791
-24.4432878855492,-3.958796262741089
-24.96156751119129,-21.980560302734375
-7.734574598544068,-24.539466857910156
2.79124989437018,-7.930133819580078
-5.17831154550348,-5.551950454711914
1.5275640312561216,6.675726890563965
3.682989905065457,-4.3036699295043945
-10.8237586662752,-11.074807167053223
-6.929951553081727,-10.275768280029297
-27.96215708599589,-9.110950469970703
-2.88087637063392,-5.853025436401367
-5.960419628776203,-16.896121978759766
-37.189874708633695,-6.403721332550049
1.1496085756031087,-5.425440788269043
-12.7137936794919,-6.697275161743164
8.398744223780918,-7.80634880065918
-33.3004252633332,-22.00667953491211
9.144089281431205,-8.049738883972168
4.065326821312747,0.8210792541503906
-41.9047429025821,-9.681323051452637
7.383552345763623,-6.706509590148926
6.364261125349779,-1.9510996341705322
4.841793570156368,-9.604930877685547
1.6198341998494314,-7.129054069519043
4.179707781567577,-4.422435760498047
-14.7229944429405,-1.2522106170654297
7.078924552126015,-2.758939743041992
-12.898019313824,-6.957730293273926
-70.8116033690518,-7.86989164352417
12.7359625054994,-2.4140918254852295
5.586124430090477,-4.131402969360352
3.028467183462371,20.204126358032227
-5.830142578087577,-18.559160232543945
-22.6841489367301,-2.1015584468841553
-1.51657819068512,-4.548469066619873
-81.52648016021857,-24.207653045654297
-3.36903782007548,-12.919761657714844
-18.707844022,-5.211692810058594
-34.48768519828235,-6.01088809967041
-39.7169735486916,-4.726944923400879
-1.593720937577549,-16.32575798034668
-23.2954444871652,-6.899996757507324
-45.30258920076982,-7.01430606842041
12.5056328567953,11.120854377746582
-11.9299972333177,-4.288550853729248
-37.9495035857927,16.29281234741211
0.7001962140772594,-10.56086540222168
4.49418879319923,-4.334445953369141
-39.0646563811545,-9.239295959472656
-9.09730633851708,-16.773950576782227
-17.5589533745204,-9.658916473388672
-4.92782811871599,-5.197619438171387
-8.2299173561342,-4.590456485748291
2.60625970962018,5.284449577331543
2.726862934921635,-1.3892712593078613
4.071661498679735,-4.629033088684082
-13.2494383747796,-4.00554895401001
-11.9154244975033,-1.7905045747756958
0.9090871567987184,-8.201506614685059
7.92708077877978,-3.5465919971466064
-3.119647295186995,-2.9952287673950195
-2.248378586620203,-18.93100357055664
1.6646916021852596,-8.31931209564209
0.1590569364430157,-4.597318649291992
-77.3623903172369,-23.397029876708984
15.8859560938761,-1.1701282262802124
-3.11888044241469,50.789024353027344
-2.7468186065138984,-4.579801082611084
2.77922195660905,37.363426208496094
4.052279150357491,-5.5967864990234375
-4.03806373695381,-4.828851699829102
-2.4461467814868523,-36.2578125
-0.1639564470097907,-4.892162322998047
0.8542168432631491,-8.351736068725586
5.84905996845087,-6.292991638183594
-5.77665564868809,-19.91645050048828
-3.7008288999313423,4.865299224853516
-7.18713065449027,-4.978998184204102
-0.9529303605806088,-1.8124487400054932
-15.902118442879,-4.310814380645752
-28.0636361890057,-2.982396125793457
-26.912205886836706,-5.059311866760254
8.596988309863011,-9.872111320495605
0.2877587512502297,-5.157971382141113
3.3899996482015826,-1.9365506172180176
-20.5869014386951,-2.1534714698791504
-9.341800010912078,-4.280017852783203
0.1692077246922899,-12.873075485229492
-1.857666460494741,17.77789306640625
-13.2752747780792,-8.707205772399902
0.7445982178878973,-5.527832984924316
4.49646859469848,-6.189094543457031
3.60913262992784,-3.376868486404419
-5.653435188749545,-1.6894316673278809
1.51502173443586,-4.675795555114746
8.143116180793372,-3.110731363296509
-8.36164856265281,-6.026802062988281
-1.130678948105339,-47.493736267089844
-4.349210006555943,-1.8022642135620117
0.2594141505344826,-3.1231889724731445
-32.1283374054069,-23.181354522705078
-1.9051378030600723,-4.722198486328125
4.768047800449637,-8.370932579040527
2.264898495983479,-5.87109375
-6.47138721063866,-8.695323944091797
4.93167956005568,-6.2408857345581055
2.4851768276660025,-1.9060848951339722
-3.930469946192945,-3.1183531284332275
11.923948375295712,-0.30162250995635986
11.616605850275496,-3.3907244205474854
10.41580460128629,-3.049184560775757
-8.700462669667385,-3.5411510467529297
13.1991243046288,-15.515485763549805
-4.75101729862813,-10.963695526123047
-1.4230966237807086,31.4520263671875
-2.07861348348741,-0.691851019859314
10.292368565007404,-1.422262191772461
1.9007667723773176,-4.403054237365723
17.1612744381531,-4.980045795440674
-0.1428452494230792,-2.2494325637817383
2.4933992323843923,-3.5418083667755127
-13.861300672159,-8.52247142791748
-1.7943154401891548,-7.821150302886963
-4.15624175439773,-3.8815510272979736
-14.277645616907492,-1.9656963348388672
2.713132201978397,-5.046722412109375
-13.315456279797685,-5.382050514221191
-5.36204355968609,-3.4497995376586914
-1.4872271509121793,-2.1137125492095947
0.31232235517322,24.048961639404297
3.0307168501552093,-8.684130668640137
3.4484762474106,-1.0519859790802002
-34.0729170807354,-5.021015167236328
-25.0659802428987,7.450746536254883
0.86771933446589,0.9414443969726562
-11.996919710325,-2.53572154045105
17.2594267615487,-3.816154956817627
-56.2560888739038,-5.980541229248047
-12.7386491421071,-5.27744197845459
-3.520787796436005,-5.396085739135742
-0.8014467498558491,-13.976271629333496
-34.7812340468876,-54.76068115234375
7.158235365631607,-4.721325874328613
3.29681579894721,-14.13369369506836
0.046018285265003,-2.7193756103515625
2.046344769010002,-10.741649627685547
4.25403099118957,-13.462871551513672
3.7804230286959792,-4.639629364013672
-3.773219093074008,0.10309052467346191
-9.722403045722997,0.1613750457763672
2.81101468536903,3.24680495262146
-23.7494411406013,-10.268098831176758
-75.56229656723696,-4.8896660804748535
4.366245372711767,-2.515211582183838
9.94612085382829,-0.7882511615753174
-8.207132148775708,-11.785337448120117
-3.09775596823669,1.297952651977539
3.77256113899207,-6.048985481262207
0.2016574678685985,-6.373176574707031
4.38808277416547,-13.019454956054688
3.7092867134231,-7.422341346740723
1.6740112862957208,6.085296630859375
-5.472376660417956,-6.223703384399414
12.283123760680592,-7.330507278442383
4.417989059347175,2.592539072036743
1.907333647224608,-4.099027633666992
-3.73521146317182,-5.982280731201172
7.837521570550837,-5.541144371032715
4.82455755953161,-7.052777290344238
-0.6472060937938101,-1.5160880088806152
-8.237956686764985,-10.618009567260742
7.36579899286375,-5.61961030960083
7.859716520666763,-5.2386956214904785
2.765011277030255,4.677687644958496
4.62415639298937,-2.0811853408813477
6.430237727930085,-5.209514141082764
2.44728958086436,-4.954423904418945
-1.93656353174353,-4.421538352966309
-33.7845903951132,-6.184478759765625
10.960301672714698,-4.155695915222168
6.147225205740463,-7.439811706542969
2.4659746492236927,-0.578674852848053
18.2642273209106,-7.159092903137207
7.656482330373112,-0.368446946144104
-63.2346715672369,-10.706892013549805
-22.9610154952969,-37.86592483520508
4.39789099231211,-5.014709949493408
-46.587141393021525,-8.116453170776367
-12.281506448986304,-1.0803182125091553
5.220668557811489,-2.598806381225586
-1.4412632820262703,-2.8372631072998047
-35.163016426576704,-21.90503692626953
-31.380009974583203,-11.888202667236328
-40.7258600860177,-12.53849983215332
-35.3994683825842,-9.189773559570312
-10.968565079401992,-4.2182416915893555
15.384553292915324,-7.333542823791504
-0.4271227388875901,6.993232727050781
-7.69948364751984,-3.8282036781311035
-26.6822467124322,-9.86100959777832
-0.2823200449385875,-11.914993286132812
-3.8453528225106623,-5.360045433044434
-2.4599041427842496,-10.261216163635254
-12.7315114055493,-5.703017711639404
1.418014053180695,1.3272018432617188
-3.4922781726655696,20.82659149169922
9.58062385928767,-5.328115940093994
-17.5801214502402,-2.341542959213257
-49.5120706514507,-5.992787837982178
-0.4503474699443348,-2.1546099185943604
2.332279780348585,15.080406188964844
-42.2483635713802,-8.669323921203613
-5.00028834575103,-4.860891342163086
-5.14141487663266,-7.109138011932373
-19.923371510770203,-5.212014198303223
4.28301459624688,6.598320007324219
0.3224388648416145,-5.648773670196533
6.795393661635613,-4.474662780761719
6.720388221210122,-0.8141797780990601
-20.7558388881914,-25.299213409423828
-12.5922662394529,-9.958850860595703
-5.19085420781142,-3.1716816425323486
-27.3858072066324,-20.759323120117188
6.488490212037078,-0.9508249163627625
-12.5233171201947,-9.647527694702148
0.996650643215182,-4.4531354904174805
3.27144637329635,-4.849792957305908
1.203208947199059,-3.9728336334228516
4.5031585012656095,-21.905092239379883
-46.6686841099013,-10.766732215881348
3.600655729290548,-7.484372138977051
-2.7077151362496297,27.728790283203125
-42.936846127142296,-10.474483489990234
2.679404112105611,-5.457661151885986
-23.975827854410426,-6.777571201324463
-24.4869919201538,-6.594676494598389
-6.22433036882608,-3.5015110969543457
-24.992167376126925,-6.972740173339844
-9.742168339465294,-49.83599090576172
0.1235817830644999,-6.302366256713867
-11.607028837624,-7.107609748840332
5.321680837772678,-4.30314302444458
3.3452637215970498,-28.65439224243164
13.015759276594096,-1.554079294204712
-6.13466459150186,-7.730738639831543
3.0897024917955025,-4.642045974731445
3.557691046156,-3.057107448577881
2.0008593011464906,-7.346609592437744
-1.2671721747064446,-7.774206161499023
-2.989164004622407,-3.2277143001556396
-2.43808381047612,-9.237421035766602
-11.30813578108209,-33.00567626953125
-9.619042312244815,-75.2066421508789
-4.01456885639382,-18.358989715576172
-4.853312003098937,-11.36453628540039
2.78743688363977,0.37857818603515625
3.6035536346157695,-35.73583984375
6.09033976794457,-0.7776050567626953
-5.89266438028177,-6.504371166229248
4.780848076735348,5.4318389892578125
-20.7592210135025,-5.492269992828369
-3.637071869773312,-9.723428726196289
-4.396710286499547,-3.4742701053619385
9.04709717330502,-5.7161431312561035
1.69213972357191,-2.131094455718994
-27.068723822751306,-14.687726974487305
0.2886204877907422,-2.6444649696350098
-0.592182005541919,-2.55580997467041
-4.736229867816737,-0.05876189470291138
7.877641553655238,-2.3955376148223877
-2.588665914009158,-4.5086774826049805
4.72846919446815,-10.066370964050293
3.42669038506664,-4.705790042877197
-10.274169876330886,-25.354434967041016
-1.289264920121349,-9.1151762008667
-6.9648772325347394,2.864790678024292
-1.2236747050651609,-6.662328243255615
-12.208208404490907,-7.2287797927856445
4.40921359309415,-3.3096165657043457
16.4171583068458,-4.652964115142822
-15.991582533821994,-4.608753204345703
7.809600001042748,-15.226919174194336
-3.0331069492891496,-2.954228162765503
2.603164662477901,-1.3606197834014893
-24.2572199033326,-15.169307708740234
13.667582002208905,-2.334545373916626
8.19307228691883,-7.6701579093933105
0.4664503305112299,-9.57180404663086
-6.46133524603972,18.236343383789062
-19.7520332208299,-6.772252082824707
-7.75971004909346,-13.570119857788086
7.66334596528203,1.3329377174377441
-27.64770126959135,-5.840950012207031
2.125547882163602,-17.07146644592285
-1.8239337240231768,-5.6175737380981445
3.3696784995100426,-6.693488597869873
5.265272900492549,-4.469638824462891
6.753311816554961,-5.846584320068359
0.9434331950199416,11.904293060302734
2.13745295521649,-2.281968116760254
2.76912169862866,-3.3256707191467285
2.409764321136161,-4.419857978820801
3.7606671418030695,-34.08490753173828
0.555665600488549,-6.414999961853027
-89.04756219223692,-8.974609375
6.987950206462267,-38.817420959472656
-10.09410467002709,-90.95970916748047
8.16191414696451,-8.613027572631836
-10.731303688850904,-5.723750114440918
7.588764503474316,-6.783289909362793
-5.25293160621848,-7.94014310836792
2.3065604778561424,-2.9988346099853516
-3.8022266666193874,-8.952614784240723
3.22816419080692,-1.1482489109039307
1.1941842843275,-5.060556411743164
9.772192422094813,-4.444188117980957
-2.489313079893845,-2.934617757797241
-13.547300817594484,-5.961025714874268
-1.5403494549472296,6.689204216003418
-5.139364658294922,1722.47802734375
-1.32131943338233,33.713623046875
-0.5284321769112605,-6.53468132019043
0.1119561526876595,-4.121574878692627
14.8508222506114,9.64498519897461
-0.0918051514147744,45.832855224609375
-1.7237618714553775,5.292398452758789
-1.5699354762224491,-1.8904457092285156
1.5718362711845366,-3.9679620265960693
3.58036180553514,-6.49824333190918
7.45084701577923,-8.804768562316895
-7.378812419643663,-3.8595938682556152
-33.1832620874725,-0.6252975463867188
-6.066411004621831,-2.214837074279785
-16.4910721624856,-40.92535400390625
0.8267526169764301,-14.165323257446289
-9.762453719841735,-23.189098358154297
8.07102955700163,-3.770063877105713
1.741670982094262,631.6273193359375
-0.0053525606393112,-0.034820556640625
-51.4043293278057,-11.41901969909668
14.9415296965116,-2.020158290863037
8.70853787657841,-3.6965789794921875
-2.149900469098629,-14.977039337158203
14.8229623836697,-4.630687236785889
-0.0379657812584102,-8.941658020019531
-15.3173389528898,-3.323808193206787
-1.7663441991754285,41.9128532409668
-6.708306328674888,-6.237334251403809
-78.7451798053926,-7.549034118652344
-0.5413656534735456,97.70507049560547
9.625121597198186,-5.860469341278076
-3.15562863494722,-7.114509582519531
9.60447820177431,-10.019979476928711
-3.31847606547329,-4.449088096618652
-4.12581810820042,-2.982203483581543
1.7706121017107803,-4.260505676269531
0.5117341060036625,-4.424771308898926
2.63157412115867,-6.556393146514893
-4.763634360062484,148.6891326904297
-11.18181257464061,-21.69038200378418
-39.4932668903457,232.8697509765625
9.206200380526292,-2.074978828430176
-2.93911844531118,-5.446382999420166
-28.13472322157985,-7.519765853881836
9.62907409316032,3.7366714477539062
-7.042636248773623,-3.467928886413574
-4.03025121975644,-5.165859699249268
3.42951329804928,13.576705932617188
2.5565427438131976,-17.936969757080078
2.8513084033656,-6450.9365234375
-5.5623675139736175,-5.788918972015381
16.9968892380515,-6.2137770652771
-4.144685584269085,-5.78568696975708
-11.221818720505304,-4.543247222900391
-2.111656589218961,-3.9725148677825928
-1.626797120535592,-7.1104817390441895
0.7652624054000594,3.661163330078125
-21.5531296050118,-11.937775611877441
-13.053772031257305,-6.124106407165527
5.42509465390903,52.741695404052734
-5.5186956836840375,-18.432266235351562
-2.260381023139061,-2.3827452659606934
-30.3377383335249,-2.155625820159912
7.380729755239978,-4.016585350036621
-4.172986764275874,-4.946465015411377
-1.2036514942358316,0.5902376174926758
-35.2906329121599,2.5789718627929688
-2.54595208771381,-0.9533193111419678
-10.901275449743116,-5.029185771942139
-17.0078420331655,-17.63235092163086
-17.0314498829154,-5.9505391120910645
-11.9784507557909,-1.3433914184570312
-19.469018973061075,-3.1149165630340576
-3.2142130797467816,-3.3386311531066895
-0.5663484394051013,-3.457336902618408
-21.2195468929047,-5.9659833908081055
8.077984978184695,13.746487617492676
-17.0119321722455,-5.503645420074463
4.67424026120176,-4.235164642333984
-47.9875704511971,-21.7891902923584
4.316615136301563,-4.024910926818848
11.2728180991378,-10.300596237182617
-3.5546157663424616,-8.22496223449707
-3.15887949932979,-13.4708251953125
-1.6422791314174887,-3.7851545810699463
-3.448025235667948,-6.577944755554199
-13.5632540546311,-12.71702766418457
0.8825935384285006,-4.195746421813965
3.27100049685324,-9.437314987182617
-0.7762273913233743,-3.093273639678955
1.026942322157092,-3.510835886001587
9.859104788483815,-3.2774665355682373
-1.9977872313530125,-6.720127105712891
-13.1809903671301,-4.083512306213379
-35.1782981083837,9.37322998046875
-35.8337806803641,-8.868806838989258
-7.639409008216227,-3.345503568649292
-15.746453943284,-20.534027099609375
1.055995951979529,-3.852069854736328
3.987299411465438,-15.63868522644043
-37.0930621901092,-10.096869468688965
16.694612728237402,-2.9326817989349365
-4.527979888097892,-18.705894470214844
14.6352674345898,-9.512728691101074
5.034618319433818,1.163252830505371
-3.77133000272187,42.61675262451172
-1.61504571199055,-2.8837242126464844
-56.3663437951974,22.605850219726562
10.088450856398616,-0.6974780559539795
-14.285610883283098,-6.434680938720703
2.6210618799141923,1.6099061965942383
-2.308732762121495,-6.281778335571289
-83.9761260280997,-6.745344161987305
-1.03656181464744,-11.007408142089844
10.16232173056559,-1.0986170768737793
-3.12013961477547,-2.8919126987457275
3.010752586641185,36.939796447753906
-1.5178355576616795,-5.097827911376953
-2.60072537807549,-2.986313819885254
-2.367312137177082,-7.877361297607422
6.075310726130807,-1.4964219331741333
2.24572304437811,-13.982810974121094
0.2044267191685782,-1.2380833625793457
3.85944773684647,-4.185265064239502
-14.409506408843407,-5.7124528884887695
-2.683955047842884,-9.870512008666992
-0.0075038478591599,-2.7105770111083984
7.190050317883171,-3.715806007385254
-2.1691769605730515,1.4554338455200195
-7.910003358009165,-2.7524542808532715
-69.1366966634013,-6.467236042022705
1.437241653553571,-6.991218566894531
-20.7409218490905,-14.824665069580078
3.78247800369874,-1.7711222171783447
7.909526276907584,-6.031675338745117
6.097122298913325,-31.840770721435547
24.5800902168924,-0.5160515308380127
-9.979741434164584,-6.992308616638184
3.1327986373042376,-5.417971611022949
-8.393586343504198,-3.378817081451416
8.678125432705007,-3.934325933456421
20.7428439693387,-5.239728927612305
-1.511416195100045,-7.846970558166504
-23.3725501337939,-10.049129486083984
4.69437535963172,-2.282097578048706
8.24149319055937,-2.155703544616699
-0.2898522089969393,-3.315267562866211
-7.19378137939456,11.84737777709961
1.0271109700113177,-6.4268879890441895
-14.564555056626377,-28.335052490234375
-9.657849716236,-6.221456527709961
-0.7280966227290082,61.147193908691406
-21.8962191024866,-4.450940132141113
-40.2614734397264,20.432403564453125
-1.77750068778882,-21.035890579223633
-28.3488859938485,32.66773223876953
-8.184373188662292,-6.713651657104492
-6.135426654744688,0.44329833984375
-3.270422191581055,-6.453773021697998
-6.055427015859325,-26.66534423828125
-34.3143130117107,-63.852088928222656
-50.4820483838523,-37.58849334716797
-4.639593570653838,41.59307861328125
-21.0606958753072,-125.78565979003906
8.747205755218493,-4.89339542388916
0.6884341878779402,-29.56707763671875
0.300408103033295,-19.065959930419922
-2.6184282494780104,-5.806640625
-37.3999740396079,-3.224721908569336
-10.594900847222812,-40.754276275634766
-23.227454082363305,-15.096943855285645
-15.4814292943448,-5.056304931640625
-6.89310310865277,-1.502670407295227
-11.7962452523223,-6.2539873123168945
-0.3887710448227697,2.105006217956543
-4.0896099478500325,-4.583662033081055
-42.6579269422049,-22.473073959350586
-2.095241650043551,-4.304894924163818
8.45389840526827,-83.13995361328125
-15.5157954828953,4.660778045654297
-1.9802660997523944,-5.325652122497559
1.8368511005450223,-32.23647689819336
2.11900133622217,-13.834327697753906
-38.4962238749225,-41.002113342285156
0.8069046214032297,-8.581872940063477
-1.73607437190069,-5.567997932434082
-8.46093254820262,-5.453351020812988
-0.0780407432645869,-33.36240005493164
5.009535132419683,-11.152875900268555
-74.9399761386801,-42.123722076416016
2.806732553915905,-3.9960386753082275
-10.415057364934407,-5.234956741333008
-4.81834176383161,10.91412353515625
-1.4920816076829602,-1.3337628841400146
-0.003939288658445,-1.8302417993545532
5.86288473591452,-8.796707153320312
0.4443344011282492,-4.082038402557373
5.72263802046558,-26.710887908935547
5.46583466116103,-4.9588623046875
5.05355462238675,-5.369063377380371
-17.190033530139498,-4.959957122802734
-10.1192188918475,-1.931069254875183
-10.539071528779305,-4.176135063171387
0.2492257167476033,-7.308870315551758
5.35198813185094,-7.77254581451416
14.9823899147147,-3.0632526874542236
1.7336328627834918,-0.7684179544448853
3.2582764286422226,-36.341094970703125
1.1615369027166365,-9.760830879211426
-42.4099588259267,-8.677345275878906
-38.7823663998969,-14.001312255859375
7.99575647038201,-7.6510539054870605
11.644495901203598,0.1431121826171875
-39.0956747424042,-1.8934112787246704
-38.6438610292767,-35.346614837646484
-40.5029244010595,-4.6107177734375
-22.8644313188967,-3.401402235031128
-0.897066728281827,-6.067696571350098
-17.6830733389949,-13.958366394042969
-0.0084306638066775,-4.875918388366699
0.5394390329931549,-1.6229087114334106
-21.61387508166409,-8.764724731445312
5.053393098685065,7.610043048858643
-15.7834934865799,-10.117746353149414
-58.40351531723695,-9.244946479797363
8.86280218600469,-3.2613887786865234
1.888243484494037,-8.005584716796875
8.99923705482913,-6.0282392501831055
4.133325903305868,-14.709419250488281
4.774357664359128,-2.650055170059204
7.418770080750715,-14.817636489868164
-2.25262466719878,-6.601015567779541
-7.071587649042333,-9.192020416259766
4.398742241377427,26.795286178588867
-8.692928400841772,25.88421630859375
2.334382802629,-6.548883438110352
2.8274240704709,-9.054922103881836
2.1747311895065486,-2.1742606163024902
-11.9965988914421,-6.539877891540527
2.776867734737273,-12.480710983276367
-12.4595255596924,-4.807978630065918
18.5317724911246,-7.414736270904541
6.86106163750481,19.97736930847168
-19.1693792779686,-8.312994003295898
-4.20883890972707,-10.117090225219727
-0.3530077955256401,-7.386471271514893
-1.6020246929696491,-10.031560897827148
-7.57557880794988,-6.120711326599121
13.9692836454661,-9.238394737243652
1.289294757415069,-3.9496707916259766
-20.3746494688195,-19.299510955810547
-8.044482691931467,-4.722578048706055
2.51340467963473,-6.757617473602295
11.0282847349576,-2.360330581665039
-1.3944922949507652,-8.492595672607422
-26.2706781913698,-26.359756469726562
-71.7765711158932,-7.714178085327148
-44.2857422252861,-41.50992965698242
-3.057699221935841,-3.95735764503479
10.116767222520318,-12.482868194580078
-46.9980356488569,-15.619148254394531
-8.677497573270493,-7.631137847900391
-25.781275563237,-25.104476928710938
-2.941164138388841,-9.400640487670898
-26.5692742661385,-8.614355087280273
1.2555345380058751,-4.339744567871094
-0.810306898238276,-5.2697343826293945
0.2404076931068699,-9.647919654846191
-2.5590885431480426,-5.658875465393066
-11.9846830308257,-8.28508186340332
-5.775806690181939,-1.5787405967712402
1.9806048133258944,-6.914425849914551
16.618750626525,-2.8800199031829834
8.204494762209066,-9.902623176574707
6.80321923705408,23.053691864013672
11.710679650337616,-9.735663414001465
3.181253849239128,23.89615249633789
0.90894434552881,-3.5228075981140137
3.547124544521316,21.975589752197266
-2.202886656443709,132.45663452148438
-11.133669865203094,-9.379505157470703
9.328533024448705,3.351675033569336
-0.7012610501602399,-7.028292179107666
-0.3170472839931941,-3.720827579498291
-2.3458288386735573,-20.223976135253906
-26.1191329979098,-8.668105125427246
-2.33292598982445,7.100593566894531
2.461922216333884,-4.041657447814941
3.73205068567752,-7.113470077514648
-22.4462583852743,-181.50643920898438
16.899113604615202,-2.2568085193634033
-2.85382252753121,-5.701671123504639
1.2705701336207027,-4.304124355316162
7.960789166364423,-6.114720344543457
2.71808902854303,-3.7162680625915527
5.5273920092716775,-17.927845001220703
-4.11149235653684,-7.624754428863525
-20.9676231329802,2.64654541015625
-0.89184437235696,-6.542440891265869
-1.2816619609782416,-6.985274314880371
4.85634828411675,-1.0544968843460083
6.429854346358795,-6.314055442810059
4.71112087372323,-8.884577751159668
-30.7199022255615,-28.45191192626953
-3.8590388668775,-7.605735778808594
-10.6557437737239,-3.57546329498291
-13.4460672849668,-8.710000991821289
-5.527709296795018,-0.7240636348724365
-1.876637029070265,-5.648913383483887
10.2532613363299,-8.411166191101074
3.00680128293027,345.62713623046875
19.33685959748449,-1.400765299797058
-0.1058882282985149,-6.567573547363281
14.3436638764016,-1.8677630424499512
-16.1535771788668,-7.161816596984863
0.9480162028997956,-6.857154846191406
-18.5891767455387,-27.24359130859375
13.309934514349203,-6.0921125411987305
6.02246857213521,241.24839782714844
5.16750826555368,-2.492733955383301
-1.0190872666435924,5.2061614990234375
-19.100904418149,-10.697585105895996
4.743603615290096,-15.399208068847656
-13.8157551615103,-43.19556427001953
-3.802611775309477,-1.821070909500122
4.30511943579503,-2.3029441833496094
-22.482844278002705,-4.502895832061768
0.60779733849738,-4.398116111755371
17.8138573048897,-3.1897456645965576
-38.4626262988146,-12.31498908996582
-0.6089836493556324,-5.304294586181641
0.8617451361473882,-1.6883740425109863
-2.40000424902785,-2.3155760765075684
3.7078671714499096,-8.744126319885254
-2.390619984667185,-26.78931427001953
-15.559462368784592,-5.6875739097595215
-13.790764753514,-3.4342949390411377
-9.325981865786185,-6.244948387145996
-58.4491138315396,-9.983636856079102
9.550892694239591,-6.2378926277160645
4.435147085081137,-2.4507663249969482
-2.3538192484503564,-0.5394688844680786
-5.83438093189622,19.50236701965332
-7.10827059552493,-31.657264709472656
-12.414939844598162,-5.908543109893799
6.6154810826822,-6.471621036529541
1.3155747227446202,-5.2175140380859375
-2.56542276271332,-0.0061283111572265625
-13.546032832554804,-4.3999128341674805
-16.600339428286603,-7.279076099395752
2.9737175212081803,-8.274450302124023
6.167862854629888,-4.7335662841796875
-40.922076323723,-4.906957626342773
16.9349100756105,-3.072052001953125
-12.24911226903676,-8.248124122619629
4.867927463076468,-5.24519157409668
-21.6327950573002,-12.995674133300781
7.11033993521173,3.8176803588867188
-9.59094984812801,-8.301368713378906
4.92186081619874,-1.9527758359909058
-7.815562497274902,-6.805678844451904
-2.20364176327536,-4.059167861938477
-19.6754058911438,-8.462458610534668
-91.8886792382854,-9.283304214477539
-20.9507978903398,-6.913932800292969
-17.8084408175675,-8.29830551147461
-62.9612541332419,-9.449478149414062
5.598134989920393,-6.124480724334717
-7.283890318199592,-7.714202880859375
6.1026124307435,-5.581202030181885
7.42840635595139,1.3679105043411255
-5.179391847578812,-7.296868801116943
-4.873152982370568,-6.62008810043335
7.276768036701751,-4.065758228302002
-10.739322929783883,-6.623891830444336
-22.9219832537164,-38.143619537353516
1.5259403537211615,-0.3295946717262268
-44.7886924625105,-6.83466911315918
-3.72583443525641,1.3021316528320312
-14.57002364123529,-5.282337188720703
-10.128266274366498,-8.854036331176758
-28.0249952668106,-8.67584228515625
-26.24662901330595,-8.391767501831055
-40.3645652505015,-35.87750244140625
-30.8056950922951,-8.290193557739258
-3.9552380984537248,-3.741675853729248
-2.1789667599796294,-28.463069915771484
-0.5734820606807138,-3.4092178344726562
-1.1617148968623687,-9.187576293945312
3.42848617073407,1.9956283569335938
-17.4030551064212,-5.6054887771606445
3.88109013796494,-7.231299877166748
9.400493271217616,-3.6317877769470215
-11.302161927872188,-8.669364929199219
-13.3709137252944,-13.678741455078125
-6.79658968512302,-7.108785629272461
4.509456424718162,-2.957040309906006
5.45103123545738,-7.001522541046143
8.149714042401495,-5.8617658615112305
-12.909180343140196,-2.201961040496826
-6.61979034735207,1.6935278177261353
11.9978624338519,-52.9337158203125
-12.53254789251529,-5.398097038269043
-8.36198121766124,-20.55997085571289
-4.361976736345532,-7.3060173988342285
-0.1898191226144924,-11.357973098754883
2.3166834950764685,-28.062957763671875
-12.6203596574975,-1.2905235290527344
-1.207429910073891,-11.051017761230469
-29.7403775200217,-7.468588829040527
5.31082796058257,-3.5735745429992676
2.97844031586002,-2.8874783515930176
-12.533050119535002,-7.4768900871276855
-5.8684323426223,-2.473942279815674
2.391980620215489,-4.473588943481445
7.73570234615748,-3.2795684337615967
1.166748445159433,-4.331368923187256
6.093529951556334,-5.312448501586914
17.709922444879297,1.0849913358688354
11.779516260068313,-3.28416109085083
2.4866177573815964,45.12353515625
-30.89708550466269,-8.144708633422852
-9.231606713935047,-8.599625587463379
-13.4089268865456,-6.913214206695557
-9.06573754635488,-7.021047592163086
9.30630078585379,-2.3308444023132324
-7.156550033865472,-8.27580451965332
-10.5414716495377,-4.877116680145264
-27.8178569354009,-28.68008804321289
5.3817717725564,-2.0721168518066406
-35.155236696245,-9.183852195739746
-21.4141717786538,-11.325790405273438
-2.6053130644292946,-2.328423023223877
-9.953220777101093,-6.411113739013672
-8.798237091769485,-6.3685688972473145
-27.6920167541674,-7.007188320159912
8.017093587799739,-7.525508880615234
-0.3550158381598589,-5.425022125244141
-1.19024715514191,-7.90117073059082
-3.2855896341823474,4.313697814941406
1.844566842421384,-7.818507671356201
-30.7366736665872,-13.313960075378418
-11.338238855350506,-8.629060745239258
-1.059512617215007,-3.2760090827941895
-33.7712071062874,9.527503967285156
3.812227003524945,24.946693420410156
-2.8472026300298463,-15.111504554748535
-21.5871320482388,-5.043769836425781
1.845960760756301,8.984821319580078
9.06213659212517,-6.739871025085449
-13.950148061363093,-10.015085220336914
-15.1006814359747,-2.050144910812378
-8.65496498210776,-3.413590908050537
-31.18852367408345,33.727012634277344
2.35160533891099,-9.79067611694336
-7.06329362397977,-23.986351013183594
-11.299328727708405,-14.477807998657227
-5.73967918172164,-7.247211456298828
-4.062121175440552,-5.358757019042969
3.62056380925444,4.053022861480713
-6.512385872303066,-10.36430549621582
-17.2817979072755,0.46889495849609375
5.79128728304933,-17.082597732543945
3.7921116228684086,-5.744709491729736
0.51700222845629,-10.811843872070312
1.0966146270020711,-3.747339963912964
-6.613686761665703,-25.920448303222656
-39.873530292237,-34.185909271240234
-35.0272315856836,-12.999265670776367
0.2475632146873464,-6.280243873596191
5.59963570142504,-5.582931995391846
5.29419053806362,-7.002964496612549
6.457932781589695,-8.943421363830566
6.4251548431743295,-6.334006309509277
-19.7885249955934,6.154375076293945
-2.4097304318056905,-0.5622315406799316
7.543407488617369,-1.1811392307281494
1.83593808226401,-5.298010349273682
-1.5082203021212124,61.478111267089844
5.99108205682079,-3.0529534816741943
-18.1797235112709,-2.9790186882019043
-12.840088322870097,-16.291500091552734
-2.23616712442702,-1.3862603902816772
-4.662511414401839,-5.471660614013672
3.41802282280863,-5.791278839111328
-12.0320822507053,1.2699432373046875
-25.9801803981754,-6.1161651611328125
-5.97419023328963,12.611421585083008
15.4186986077963,-3.7002201080322266
4.480465220149085,-7.076667785644531
-13.2363849677504,-9.094558715820312
-9.362863686069195,-6.08370304107666
4.128157012788561,-3.7632386684417725
2.26767773086615,5.591843605041504
-24.1634597090208,-10.648140907287598
10.013204486477417,-4.386407852172852
-31.934070451053,-9.662309646606445
-22.9515728231767,6.037410736083984
-11.219410776078313,9.185340881347656
6.00089213826483,-7.134439945220947
-28.9638748432599,-21.473472595214844
3.11049964318654,-6.0901923179626465
-1.073248118887358,-4.299208641052246
-10.249148139079496,-16.616199493408203
-13.14009076535719,-8.151881217956543
0.7364260970712593,-4.8654279708862305
-44.9949251983702,-4.2094879150390625
-5.159519294761907,-4.836581230163574
1.869241020829697,-17.597000122070312
-55.54568697318505,-14.242548942565918
0.3065104335081801,-3.476980209350586
-10.386374558578522,-2.0138068199157715
-3.0345245902191325,-8.437822341918945
-57.144820014625296,-12.003129959106445
2.85060083445348,-13.383878707885742
2.446050707651698,7.940402984619141
5.50221601830175,-7.128051280975342
3.455876052191651,-4.832991123199463
-14.6157572128631,-8.147916793823242
-0.874105623616695,-3.416158676147461
-1.378759213278819,-0.6096744537353516
1.350733135180331,15.17306137084961
-1.94666134980912,-9.7760009765625
-3.36735139960915,-2.195408344268799
0.8319171014720902,-1.3565974235534668
-40.2101205720394,-2.7321534156799316
-24.577379709126298,-10.670672416687012
-18.6292132467089,-5.498822212219238
-46.39510994896701,-32.95256805419922
-2.487076105276776,11.576583862304688
-4.752960817423343,-1.9735450744628906
-0.1160299782726794,13.631332397460938
-18.5277286275242,-5.051382064819336
-14.1325019191809,-9.438531875610352
10.909208084253878,-0.7846769690513611
1.30779520720034,-1.5687103271484375
-5.77436797253085,-6.351157188415527
3.986867952152618,-5.876863956451416
-21.7936206120663,-18.781627655029297
-2.643556292002,-11.190181732177734
11.0853991753379,-5.722964763641357
-12.9397422629832,-6.304739475250244
-0.190891674386513,-9.192062377929688
-6.32558602127377,-5.140414237976074
5.391699208755202,3.052885055541992
-8.998840630677615,-34.94763946533203
-1.6005087696864486,-5.896640300750732
7.5482379424635875,-1.0527784824371338
-7.642910278690365,-15.286136627197266
3.719171936095444,-2.8299367427825928
-0.8981307679622897,-17.65701675415039
7.06032809637297,-1.6493310928344727
-3.134999611446543,-6.122623443603516
-5.94174589421185,-9.506732940673828
-17.7883076547542,-18.377323150634766
-25.2381267145584,-4.756611347198486
-27.5445722402187,-73.86058044433594
2.6678241356197647,-5.922054767608643
5.02066543392875,3.9920101165771484
-1.67197513843126,-11.633676528930664
6.58117049992555,-2.1102514266967773
3.12612254618191,-5.873600482940674
-2.1147225087047508,-4.661942481994629
-76.9668504799361,-7.544315338134766
10.11870938841209,9.680381774902344
4.755697845162629,-1.9785103797912598
16.5479703149859,1.5581231117248535
4.001938538520379,-7.537575721740723
-14.1813773041305,2.901792526245117
0.7709161631446207,-6.926904678344727
-24.2508933717269,-7.196220397949219
-22.3071231538392,-14.922603607177734
7.2595381633228,-7.111794471740723
11.555346181601609,-6.0883026123046875
-26.258782255785,-6.7731032371521
10.3189652047012,-1.120269775390625
0.809697096857583,-5.177515983581543
-18.5255095356289,-14.918168067932129
-1.0680791130593923,-4.394922256469727
-3.5390830989045075,-7.403733253479004
10.468583156479704,-5.546682357788086
-10.613183176373598,-45.480621337890625
-6.40442742836347,-1.529590368270874
7.196532980977684,-4.278278350830078
-10.586292641023492,-4.164257049560547
-26.79502671025515,-64.9815673828125
-7.187555808667961,-2.0858452320098877
5.4465900456679694,-6.433418273925781
3.1988276731025875,-6.399022102355957
7.827394642815597,-7.344874382019043
3.887422638441485,-1.587844967842102
-3.41466344580097,-22.002235412597656
2.667044757168528,-6.895763397216797
1.0590749185315824,-2.668844699859619
-3.9965921287470247,-6.512657165527344
10.982614675109394,-1.3450486660003662
0.4076170529080399,14.096343994140625
2.71319811317338,-2.298976421356201
8.652061852316729,22.533035278320312
-0.6579761516790089,-19.918060302734375
-51.6773231694491,-12.759013175964355
-2.8325461302865187,-1.874661922454834
2.12749125232924,-21.290063858032227
3.562549470771905,-12.003044128417969
-16.517773128145326,1.5844480991363525
6.874655354673765,-1.7069488763809204
0.2047767843086013,-6.588878154754639
-2.698758931910008,48.28395080566406
1.8601156760560384,-9.34092903137207
-22.2455703021075,-10.183101654052734
2.4288820651169605,-32.081512451171875
-16.8307740899425,-2.5501818656921387
20.7191486697607,-17.80380630493164
-30.7261055182573,-8.595436096191406
-38.4849400567448,-6.475906848907471
-14.3103126367969,-5.320922374725342
0.7860328468455551,-8.138577461242676
-48.3858044800915,-7.582733154296875
-3.21662088766757,-3.214247703552246
1.675245639565673,-3.8849449157714844
-90.3299705619704,-7.864080429077148
-9.28527551691871,-2.2965269088745117
-1.2293411329062325,-4.092382431030273
-4.534682244798708,-5.704751968383789
-68.1959205924323,-17.07440185546875
-24.5242345195019,0.4875049591064453
-2.77042962989298,-1.6636409759521484
3.8009101564042025,-3.6100504398345947
8.933703319425492,-3.4086129665374756
-11.341527235964405,0.5920867919921875
6.71098989067457,-3.989330291748047
4.54734483862441,-2.020817756652832
-5.16341129781556,-9.185359954833984
-49.062306315025,18.44896697998047
5.26551760771767,9.998497009277344
3.33951124606136,-2.392841100692749
5.006519903780723,-0.7399282455444336
4.05485944970297,-1.6211833953857422
2.283405953189745,-18.61589813232422
-2.66483863280114,-18.55435562133789
12.566471603210276,-4.203975677490234
-27.9020155354992,-7.419963836669922
8.88265541550952,-5.657376766204834
0.1652887870268324,-6.267152786254883
15.4985727759109,-1.5032130479812622
9.014890317831036,-11.193324089050293
1.4803529144374856,-5.725710868835449
18.1939100849816,-2.305107593536377
-2.6304973605131474,-4.607911586761475
-5.493763326806099,-8.48108959197998
-0.6715208179901364,-11.069299697875977
-36.7383193130824,-17.24384117126465
5.062784719364307,3.7506580352783203
-12.026803679110706,-9.308015823364258
-3.01321716593974,-16.224218368530273
8.35813394800668,-0.27029991149902344
-3.60075442831331,-4.257659435272217
-9.509135784465323,-3.813627243041992
-19.6175855102284,-5.9915947914123535
-27.8629509568953,-6.5466413497924805
1.74273211890989,-5.444191932678223
-2.19578977406709,-5.34310245513916
2.42002639701588,-0.9132280349731445
-25.55316918036869,-7.642707347869873
5.635020609606415,-4.874068260192871
-34.727836669101,-11.88802719116211
4.4516036428765,-5.151982307434082
4.967381413305823,-8.346145629882812
-6.81516141534704,-2.527914047241211
-24.3954295810688,-6.1777448654174805
8.658679095048068,-2.452770709991455
3.7347243087796,9.579517364501953
-12.909633143366396,-4.242068767547607
-60.49569009623433,-5.9040703773498535
-3.790702882666694,-0.5824087858200073
-12.41068356063,0.24854087829589844
2.76740193393285,-3.0313034057617188
-18.9061714872788,-3.009505271911621
-3.681083449701528,-7.879646301269531
8.13893448615947,-3.7630116939544678
-51.402683514636095,-6.627138137817383
-3.0703466753296,-4.240929126739502
0.4646043967887734,-6.418919563293457
5.989492839405608,-12.430877685546875
8.833837192566008,-7.02548885345459
-26.1965705632023,-2.0143604278564453
0.0804428699766095,-6.65460205078125
10.229168329440906,-14.704517364501953
2.12042655289975,-1.489720106124878
3.88810032819938,-4.872474670410156
-31.515616413872173,-6.842422008514404
2.28163515100639,-7.070731163024902
-9.633163292669298,-12.782576560974121
2.63206586722876,-9.848787307739258
0.3189015990893598,-7.392020225524902
-6.31868596379813,-2.206493854522705
-6.4648984000359935,-6.337635040283203
8.91646092056966,-2.171675205230713
-42.637521131086125,-8.735590934753418
-89.5439156156453,-31.703014373779297
9.179556151687803,0.22391891479492188
8.754663680824095,-13.357705116271973
0.8838679103249854,-3.930638313293457
4.338369925074482,-4.810318946838379
-18.23432595343749,-10.852115631103516
6.92534745147092,-4.491984844207764
-1.768261666543676,-2.0387301445007324
-7.87226820943855,0.8188073635101318
-12.0847368637308,-8.505023956298828
-4.4222229386498375,-5.160337448120117
6.63109301847755,8.702886581420898
1.675381804264854,-4.36730432510376
-6.897600670415837,-12.236263275146484
-12.2774867069717,1.4780158996582031
-3.963646539183849,-1.4740264415740967
-2.552277046947741,-6.205182075500488
-10.78700495517378,1.032979965209961
-6.426376983867103,-4.291109561920166
8.2142562177934,-4.307737350463867
-16.967828162594074,-6.31959342956543
6.07843040491799,-4.920293807983398
3.08443697315444,38.713218688964844
-1.3811964732242277,-3.6036453247070312
-4.51305804704249,-24.44293212890625
-9.93375477053989,-1.4638409614562988
-0.6581754288220045,-5.316199779510498
-7.952166005584182,-14.319465637207031
-13.563015982384195,-4.781225204467773
-47.9957157156951,-8.789642333984375
4.96190002222477,-9.344270706176758
-2.0240269290899,4.192689895629883
3.47166270740147,-3.635427474975586
-5.2815921348029296,-3.6851584911346436
2.369358494612781,-0.9743670225143433
-4.214346026907057,-11.036741256713867
-23.8934551543691,3.4528026580810547
-1.0659561461183158,-9.365172386169434
3.126169348435272,-33.66072082519531
2.35164464781062,-10.929197311401367
-1.79502295092813,-4.839269161224365
-15.957982665262508,-15.546808242797852
-64.65676531723692,-15.400396347045898
-27.8195558011628,-31.715553283691406
-10.480511156242285,-7.330227851867676
-6.18357684414468,-4.49139928817749
-6.75960002722117,-2.3439807891845703
4.4105627388370605,-5.542864799499512
5.58846482112586,-6.561774253845215
-16.8483709423333,-19.080909729003906
16.1850033157246,0.5126454830169678
-3.34531377329845,47.57398986816406
5.893700156574014,-1.8553699254989624
2.745769909533195,-1.8223575353622437
2.53362859007723,-2.6050333976745605
1.0880788430276551,-1.3684113025665283
