Score,Pred Score
4.2006804390709,6.921475410461426
4.76541245752904,5.424061298370361
5.87221574658101,-146.1688232421875
-12.955988512618,-34.82438659667969
-14.4061745570978,-76.7115249633789
13.644333664082708,-32.50315475463867
7.522446474796843,-20.997377395629883
2.858782897786812,-141.86697387695312
-49.8653288018085,6.201005935668945
-4.029904705212941,0.6499276161193848
-6.2026319104393295,-5.97000789642334
4.452168509343501,-1.221390724182129
-16.475900892606802,75.65060424804688
-11.03094492075089,-11.785295486450195
-8.08045020128908,31.437915802001953
1.39259946716825,-9.436478614807129
-14.885807229381896,3.986703872680664
-11.113180908425988,5.002561569213867
5.506094216928792,14.866174697875977
5.29091659278858,0.8918752670288086
3.42106467876526,11.556854248046875
5.162821279449693,101.77140808105469
6.020551076354931,10.578241348266602
0.8086942897832163,3077.12841796875
-8.80546181278599,-5.1884355545043945
-7.42349600405968,10.237340927124023
-14.4731176558811,20.06572151184082
-35.5448186771701,3.407062530517578
-1.657597602265355,-94.63192749023438
-1.930224441335125,-32.30954360961914
-10.398648228661925,17.542741775512695
-1.6521884315998507,9.011338233947754
1.3131129859732091,-86.80677795410156
-0.1240821746904601,0.34881138801574707
-35.1709788883515,2.819568634033203
0.6771989561182002,-2.9017677307128906
-5.8677981963370005,13.769157409667969
0.7982616963508231,6.770430088043213
2.595279020812243,5.322853088378906
6.9472187772133225,-21.503829956054688
-41.1395198834054,4.214587688446045
-35.4604736838065,-0.5503535270690918
7.87379173269718,19.152912139892578
-8.72128086410909,7.126070022583008
-82.13826531723697,19.405305862426758
-9.70693692529289,-5.686555862426758
-61.4386715672369,-100.19357299804688
7.10938257895085,11.250328063964844
0.4007388327427847,-4.604461669921875
-0.7455370396145937,13.918893814086914
1.674966057420845,118.06266784667969
11.877856996640997,16.970468521118164
-0.9096556467231308,22.258811950683594
-1.4680391508473674,-8.436859130859375
15.6414782015599,8.857516288757324
-10.35739215730591,23.866798400878906
1.926107182225645,3.2640233039855957
6.99756701325662,-11.918834686279297
3.54836143321337,19.695117950439453
-7.726553411266567,3.255718231201172
-48.51478094223695,-39.96221923828125
-3.0453156276270903,-182.8448028564453
-3.454798154796729,-2.275907516479492
9.503977484174175,-9.930540084838867
6.001532732018722,-57.29719543457031
1.775572054007981,142.35589599609375
-2.6871577689602653,-13.966458320617676
-7.920344649869953,-19.87995719909668
2.578081311550471,-191.08755493164062
-14.434457477598505,19.587154388427734
-1.338045882914232,1.3680973052978516
-44.1817825469333,8.372870445251465
2.4314234692194163,3.847813844680786
-2.35314836228574,-11.194016456604004
-2.07036107592124,18.229604721069336
-6.560167066336443,3.822394371032715
-2.54688332955635,33.06044006347656
-7.940842049461227,11.63626480102539
-7.789052707582185,17.799758911132812
-1.4295761119406232,18.46259880065918
7.206977941743588,-83.52589416503906
-4.081394009803599,-127.607666015625
-30.167243616457,-0.634124755859375
11.7225687296843,7.9220051765441895
-0.8984319813221007,19.980979919433594
10.349523074958825,12.212687492370605
5.42147270471237,10.55572509765625
-0.3136273830120112,2.8898754119873047
4.398848813602776,-68.21257019042969
2.099307195887115,11.158772468566895
-61.6890402284636,-154.24853515625
-7.08434802004719,12.936405181884766
0.6962467393230812,5.1421308517456055
9.0758909366509,97.49072265625
-1.9263965715605047,11.527338981628418
-6.262949496708321,-2.8602828979492188
-4.739766082030863,831.9437255859375
-36.8822022827233,-28.676422119140625
3.24770439300306,1.2441565990447998
-2.289513933263135,-1.711538314819336
1.41805545618482,6.930240631103516
-24.4432878855492,20.59746551513672
-24.96156751119129,-94.76785278320312
-7.734574598544068,-98.3733901977539
2.79124989437018,9.034639358520508
-5.17831154550348,3.173555374145508
1.5275640312561216,-22.85562515258789
3.682989905065457,27.241519927978516
-10.8237586662752,13.030637741088867
-6.929951553081727,-29.61745262145996
-27.96215708599589,0.03162097930908203
-2.88087637063392,-84.47592163085938
-5.960419628776203,36.972259521484375
-37.189874708633695,-22.267677307128906
1.1496085756031087,6.636406898498535
-12.7137936794919,7.523849010467529
8.398744223780918,2.4083070755004883
-33.3004252633332,-15.693992614746094
9.144089281431205,-8.77952766418457
4.065326821312747,-78.28511047363281
-41.9047429025821,-8.965911865234375
7.383552345763623,1.8124055862426758
6.364261125349779,9.585926055908203
4.841793570156368,14.443939208984375
1.6198341998494314,0.005825996398925781
4.179707781567577,12.11338996887207
-14.7229944429405,4.1224212646484375
7.078924552126015,10.892826080322266
-12.898019313824,-19.487672805786133
-70.8116033690518,-36.9708137512207
12.7359625054994,40.92170333862305
5.586124430090477,7.834128379821777
3.028467183462371,-84.49690246582031
-5.830142578087577,-14.806846618652344
-22.6841489367301,-25.911636352539062
-1.51657819068512,3.532071590423584
-81.52648016021857,76.95854187011719
-3.36903782007548,11.659896850585938
-18.707844022,-304.743896484375
-34.48768519828235,-20.913524627685547
-39.7169735486916,5.045749664306641
-1.593720937577549,-22.74217987060547
-23.2954444871652,-7.275022506713867
-45.30258920076982,4.381984233856201
12.5056328567953,26.954248428344727
-11.9299972333177,14.79365062713623
-37.9495035857927,139.16432189941406
0.7001962140772594,4.378077507019043
4.49418879319923,32.59837341308594
-39.0646563811545,-15.922528266906738
-9.09730633851708,7.789497375488281
-17.5589533745204,-11.112090110778809
-4.92782811871599,-0.7496738433837891
-8.2299173561342,-9.032241821289062
2.60625970962018,-10.0537109375
2.726862934921635,9.08395767211914
4.071661498679735,6.933560371398926
-13.2494383747796,-0.37613677978515625
-11.9154244975033,18.341472625732422
0.9090871567987184,-11.064960479736328
7.92708077877978,13.59728717803955
-3.119647295186995,-56.290340423583984
-2.248378586620203,-28.585861206054688
1.6646916021852596,-13.174980163574219
0.1590569364430157,12.735546112060547
-77.3623903172369,-24.24911117553711
15.8859560938761,5.421093940734863
-3.11888044241469,-142.1820831298828
-2.7468186065138984,-7.0856614112854
2.77922195660905,15.79705810546875
4.052279150357491,5.457469463348389
-4.03806373695381,-4.485408782958984
-2.4461467814868523,-212.42327880859375
-0.1639564470097907,12.953248977661133
0.8542168432631491,10.6669282913208
5.84905996845087,17.920133590698242
-5.77665564868809,-153.32302856445312
-3.7008288999313423,46.54871368408203
-7.18713065449027,-5.094341278076172
-0.9529303605806088,-2.732635974884033
-15.902118442879,7.548779487609863
-28.0636361890057,-39.82359313964844
-26.912205886836706,4.329962253570557
8.596988309863011,-3.037342071533203
0.2877587512502297,8.9691801071167
3.3899996482015826,21.991470336914062
-20.5869014386951,6.6393232345581055
-9.341800010912078,273.71734619140625
0.1692077246922899,-25.113479614257812
-1.857666460494741,131.66390991210938
-13.2752747780792,6.418329238891602
0.7445982178878973,12.540885925292969
4.49646859469848,-160.51454162597656
3.60913262992784,18.215656280517578
-5.653435188749545,9.972333908081055
1.51502173443586,-0.5496926307678223
8.143116180793372,23.881927490234375
-8.36164856265281,9.55136489868164
-1.130678948105339,35.3773193359375
-4.349210006555943,-10.83182430267334
0.2594141505344826,-10.4266357421875
-32.1283374054069,25.870635986328125
-1.9051378030600723,-3.472780227661133
4.768047800449637,14.752199172973633
2.264898495983479,-34.552581787109375
-6.47138721063866,-33.301513671875
4.93167956005568,34.323543548583984
2.4851768276660025,10.358875274658203
-3.930469946192945,13.44089412689209
11.923948375295712,15.603285789489746
11.616605850275496,-6.682302474975586
10.41580460128629,4.749718189239502
-8.700462669667385,2.829472541809082
13.1991243046288,31.46704864501953
-4.75101729862813,65.63438415527344
-1.4230966237807086,-16.83526611328125
-2.07861348348741,28.176591873168945
10.292368565007404,7.487573623657227
1.9007667723773176,5.03674840927124
17.1612744381531,5.493246555328369
-0.1428452494230792,14.669305801391602
2.4933992323843923,-1.3639039993286133
-13.861300672159,10.455292701721191
-1.7943154401891548,13.58616828918457
-4.15624175439773,-17.452316284179688
-14.277645616907492,23.43240737915039
2.713132201978397,17.278499603271484
-13.315456279797685,8.785585403442383
-5.36204355968609,10.193901062011719
-1.4872271509121793,11.860614776611328
0.31232235517322,61.16864013671875
3.0307168501552093,-39.251399993896484
3.4484762474106,44.53990173339844
-34.0729170807354,9.211027145385742
-25.0659802428987,-89.47297668457031
0.86771933446589,23.1605224609375
-11.996919710325,20.70229721069336
17.2594267615487,-2.8213653564453125
-56.2560888739038,-7.460445880889893
-12.7386491421071,-5.793282508850098
-3.520787796436005,1.4701929092407227
-0.8014467498558491,-17.439176559448242
-34.7812340468876,127.38103485107422
7.158235365631607,-23.76314353942871
3.29681579894721,-10.915760040283203
0.046018285265003,7.263204097747803
2.046344769010002,-15.272907257080078
4.25403099118957,-33.98876190185547
3.7804230286959792,-8.262384414672852
-3.773219093074008,28.37530517578125
-9.722403045722997,86.5609130859375
2.81101468536903,31.79241180419922
-23.7494411406013,-24.1265869140625
-75.56229656723696,-1.2869815826416016
4.366245372711767,-0.565582275390625
9.94612085382829,6.210868835449219
-8.207132148775708,-33.927268981933594
-3.09775596823669,35.63382339477539
3.77256113899207,-4.504295349121094
0.2016574678685985,2.2732315063476562
4.38808277416547,44.97467041015625
3.7092867134231,4.932534694671631
1.6740112862957208,93.79512023925781
-5.472376660417956,-9.327857971191406
12.283123760680592,-30.491167068481445
4.417989059347175,11.575151443481445
1.907333647224608,6.812648773193359
-3.73521146317182,12.446161270141602
7.837521570550837,3.162684440612793
4.82455755953161,-6.126421928405762
-0.6472060937938101,1.673436164855957
-8.237956686764985,-17.193439483642578
7.36579899286375,-43.17727279663086
7.859716520666763,-11.775768280029297
2.765011277030255,-39.965763092041016
4.62415639298937,-6.187716484069824
6.430237727930085,-0.8150472640991211
2.44728958086436,2.712254524230957
-1.93656353174353,-18.930294036865234
-33.7845903951132,-7.920087814331055
10.960301672714698,5.073648929595947
6.147225205740463,-91.0168228149414
2.4659746492236927,-5.040359973907471
18.2642273209106,-18.935274124145508
7.656482330373112,3.7925844192504883
-63.2346715672369,-23.73237419128418
-22.9610154952969,-223.42495727539062
4.39789099231211,4.176854133605957
-46.587141393021525,-1.2991466522216797
-12.281506448986304,1.2785186767578125
5.220668557811489,-1.7046012878417969
-1.4412632820262703,6.565720081329346
-35.163016426576704,-186.02760314941406
-31.380009974583203,-14.07738971710205
-40.7258600860177,-28.013490676879883
-35.3994683825842,3.527304172515869
-10.968565079401992,5.010446071624756
15.384553292915324,-4.996767044067383
-0.4271227388875901,-16.7321834564209
-7.69948364751984,7.214195251464844
-26.6822467124322,-5.550849914550781
-0.2823200449385875,-241.40237426757812
-3.8453528225106623,10.056103706359863
-2.4599041427842496,12.436580657958984
-12.7315114055493,11.292352676391602
1.418014053180695,-100.77608489990234
-3.4922781726655696,152.69921875
9.58062385928767,12.835477828979492
-17.5801214502402,7.117804527282715
-49.5120706514507,9.457197189331055
-0.4503474699443348,-14.536911964416504
2.332279780348585,-28.87816619873047
-42.2483635713802,24.740304946899414
-5.00028834575103,10.611351013183594
-5.14141487663266,-10.946434020996094
-19.923371510770203,10.64744758605957
4.28301459624688,-336.46697998046875
0.3224388648416145,12.949440956115723
6.795393661635613,104.55511474609375
6.720388221210122,2.098644733428955
-20.7558388881914,-232.16519165039062
-12.5922662394529,-9.878325462341309
-5.19085420781142,15.06778335571289
-27.3858072066324,-46.26382064819336
6.488490212037078,3.0367345809936523
-12.5233171201947,-8.95643138885498
0.996650643215182,-48.49764633178711
3.27144637329635,2.329427719116211
1.203208947199059,6.4357147216796875
4.5031585012656095,-28.973098754882812
-46.6686841099013,2.233205795288086
3.600655729290548,9.832743644714355
-2.7077151362496297,-5.74200439453125
-42.936846127142296,1.5676546096801758
2.679404112105611,10.846696853637695
-23.975827854410426,81.50654602050781
-24.4869919201538,-24.83916473388672
-6.22433036882608,8.570124626159668
-24.992167376126925,3.711592674255371
-9.742168339465294,-195.22451782226562
0.1235817830644999,12.415658950805664
-11.607028837624,13.33509635925293
5.321680837772678,-1.051070213317871
3.3452637215970498,10.217426300048828
13.015759276594096,0.8507375717163086
-6.13466459150186,-360.63311767578125
3.0897024917955025,4.539200782775879
3.557691046156,3.3378148078918457
2.0008593011464906,-18.448440551757812
-1.2671721747064446,6.072321891784668
-2.989164004622407,19.758222579956055
-2.43808381047612,-17.18001937866211
-11.30813578108209,-23.13446044921875
-9.619042312244815,924.3263549804688
-4.01456885639382,-17.306373596191406
-4.853312003098937,-5.400234222412109
2.78743688363977,66.24788665771484
3.6035536346157695,43.50958251953125
6.09033976794457,-16.7860107421875
-5.89266438028177,-6.189126968383789
4.780848076735348,-71.55474853515625
-20.7592210135025,6.4004106521606445
-3.637071869773312,5.524629592895508
-4.396710286499547,10.197763442993164
9.04709717330502,-19.62787628173828
1.69213972357191,-5.487192153930664
-27.068723822751306,-95.65582275390625
0.2886204877907422,13.25270938873291
-0.592182005541919,-0.8908624649047852
-4.736229867816737,0.9941577911376953
7.877641553655238,5.267435073852539
-2.588665914009158,5.978495121002197
4.72846919446815,-5.819562911987305
3.42669038506664,-4.6488542556762695
-10.274169876330886,64.94823455810547
-1.289264920121349,-2.0976505279541016
-6.9648772325347394,22.23846435546875
-1.2236747050651609,-8.418208122253418
-12.208208404490907,5.006584644317627
4.40921359309415,7.147761344909668
16.4171583068458,24.901235580444336
-15.991582533821994,-8.86786937713623
7.809600001042748,-29.817350387573242
-3.0331069492891496,9.273301124572754
2.603164662477901,12.389790534973145
-24.2572199033326,-49.07295227050781
13.667582002208905,3.7973709106445312
8.19307228691883,-1.8635220527648926
0.4664503305112299,2.454069137573242
-6.46133524603972,101.78961181640625
-19.7520332208299,-15.338607788085938
-7.75971004909346,18.3929443359375
7.66334596528203,-8.974676132202148
-27.64770126959135,-4.006805896759033
2.125547882163602,-5.014068603515625
-1.8239337240231768,6.586537837982178
3.3696784995100426,12.738327026367188
5.265272900492549,4.659603118896484
6.753311816554961,9.077031135559082
0.9434331950199416,-87.80569458007812
2.13745295521649,10.516570091247559
2.76912169862866,12.612360954284668
2.409764321136161,5.526666641235352
3.7606671418030695,54.2447395324707
0.555665600488549,13.727542877197266
-89.04756219223692,-905.130126953125
6.987950206462267,-51.586669921875
-10.09410467002709,-460.283447265625
8.16191414696451,-11.463652610778809
-10.731303688850904,-11.569016456604004
7.588764503474316,-14.612215042114258
-5.25293160621848,14.098020553588867
2.3065604778561424,9.198241233825684
-3.8022266666193874,10.477656364440918
3.22816419080692,23.076026916503906
1.1941842843275,11.659354209899902
9.772192422094813,3.5067989826202393
-2.489313079893845,5.848875045776367
-13.547300817594484,8.6263427734375
-1.5403494549472296,55.84237289428711
-5.139364658294922,-5110.7724609375
-1.32131943338233,-1.2627334594726562
-0.5284321769112605,-2.6030168533325195
0.1119561526876595,5.389019966125488
14.8508222506114,-130.9339599609375
-0.0918051514147744,36.54075622558594
-1.7237618714553775,-2.74893856048584
-1.5699354762224491,59.33944320678711
1.5718362711845366,27.25985336303711
3.58036180553514,2.1040592193603516
7.45084701577923,0.6099796295166016
-7.378812419643663,7.452546119689941
-33.1832620874725,-27.34621238708496
-6.066411004621831,4.791101932525635
-16.4910721624856,67.1266098022461
0.8267526169764301,-9.467802047729492
-9.762453719841735,-21.80508804321289
8.07102955700163,-1.8844513893127441
1.741670982094262,-853.966064453125
-0.0053525606393112,266.5690002441406
-51.4043293278057,-12.425716400146484
14.9415296965116,9.959922790527344
8.70853787657841,-275.94818115234375
-2.149900469098629,-48.02784729003906
14.8229623836697,5.819859504699707
-0.0379657812584102,-71.8326416015625
-15.3173389528898,7.134204864501953
-1.7663441991754285,36.235565185546875
-6.708306328674888,7.721970081329346
-78.7451798053926,-0.035330772399902344
-0.5413656534735456,-195.51759338378906
9.625121597198186,-22.068679809570312
-3.15562863494722,16.88539695739746
9.60447820177431,12.56179428100586
-3.31847606547329,2.173704147338867
-4.12581810820042,17.908227920532227
1.7706121017107803,17.30355453491211
0.5117341060036625,-40.845375061035156
2.63157412115867,0.07295560836791992
-4.763634360062484,-208.69387817382812
-11.18181257464061,-147.80958557128906
-39.4932668903457,70.54144287109375
9.206200380526292,9.970949172973633
-2.93911844531118,19.993356704711914
-28.13472322157985,5.887842178344727
9.62907409316032,8.259429931640625
-7.042636248773623,7.646612167358398
-4.03025121975644,7.173067092895508
3.42951329804928,-5.9336700439453125
2.5565427438131976,49.475555419921875
2.8513084033656,9780.1171875
-5.5623675139736175,-8.703756332397461
16.9968892380515,-6.909047603607178
-4.144685584269085,-5.564541816711426
-11.221818720505304,0.38823890686035156
-2.111656589218961,0.3996267318725586
-1.626797120535592,1.3564987182617188
0.7652624054000594,26.517990112304688
-21.5531296050118,-21.655458450317383
-13.053772031257305,-18.309120178222656
5.42509465390903,-48.67955780029297
-5.5186956836840375,-30.006057739257812
-2.260381023139061,2.842421531677246
-30.3377383335249,8.416168212890625
7.380729755239978,20.441083908081055
-4.172986764275874,-17.313854217529297
-1.2036514942358316,-16.359628677368164
-35.2906329121599,-91.65912628173828
-2.54595208771381,6.766429901123047
-10.901275449743116,-2.928720474243164
-17.0078420331655,-3.8794593811035156
-17.0314498829154,-1.9974474906921387
-11.9784507557909,9.34177017211914
-19.469018973061075,7.944423198699951
-3.2142130797467816,8.67770767211914
-0.5663484394051013,5.1554388999938965
-21.2195468929047,-0.027307510375976562
8.077984978184695,-4.569061279296875
-17.0119321722455,-36.21131134033203
4.67424026120176,3.621318817138672
-47.9875704511971,-4.195806503295898
4.316615136301563,10.521421432495117
11.2728180991378,-0.9351539611816406
-3.5546157663424616,-41.5006217956543
-3.15887949932979,4.283527374267578
-1.6422791314174887,2.97287654876709
-3.448025235667948,-12.603241920471191
-13.5632540546311,-20.330638885498047
0.8825935384285006,-4.681386947631836
3.27100049685324,14.599609375
-0.7762273913233743,3.9897823333740234
1.026942322157092,11.414765357971191
9.859104788483815,11.49392318725586
-1.9977872313530125,-42.921295166015625
-13.1809903671301,15.361614227294922
-35.1782981083837,-98.30606842041016
-35.8337806803641,-36.62492752075195
-7.639409008216227,9.574885368347168
-15.746453943284,-36.472434997558594
1.055995951979529,11.530683517456055
3.987299411465438,-5.76151180267334
-37.0930621901092,-11.095492362976074
16.694612728237402,4.074420928955078
-4.527979888097892,-57.24506759643555
14.6352674345898,-0.6806144714355469
5.034618319433818,16.43858528137207
-3.77133000272187,41.043243408203125
-1.61504571199055,5.154268264770508
-56.3663437951974,102.74363708496094
10.088450856398616,31.362682342529297
-14.285610883283098,87.7392578125
2.6210618799141923,0.7410297393798828
-2.308732762121495,-1.306046724319458
-83.9761260280997,-2.9939451217651367
-1.03656181464744,46.678314208984375
10.16232173056559,7.034613609313965
-3.12013961477547,2.842047691345215
3.010752586641185,40.238067626953125
-1.5178355576616795,14.460302352905273
-2.60072537807549,7.261062145233154
-2.367312137177082,-11.395342826843262
6.075310726130807,7.200771331787109
2.24572304437811,-53.389305114746094
0.2044267191685782,116.90679931640625
3.85944773684647,-39.25123596191406
-14.409506408843407,-10.377920150756836
-2.683955047842884,86.5060043334961
-0.0075038478591599,31.50114631652832
7.190050317883171,10.66830825805664
-2.1691769605730515,-19.327701568603516
-7.910003358009165,21.865999221801758
-69.1366966634013,1.4263107776641846
1.437241653553571,-12.944806098937988
-20.7409218490905,-414.20672607421875
3.78247800369874,3.526071548461914
7.909526276907584,2.6816978454589844
6.097122298913325,-47.607826232910156
24.5800902168924,1.3507347106933594
-9.979741434164584,-35.406517028808594
3.1327986373042376,16.128944396972656
-8.393586343504198,7.105494976043701
8.678125432705007,-10.40855884552002
20.7428439693387,2.1428868770599365
-1.511416195100045,-21.949615478515625
-23.3725501337939,1.6695642471313477
4.69437535963172,9.39836311340332
8.24149319055937,4.002763748168945
-0.2898522089969393,1.4410514831542969
-7.19378137939456,-318.27752685546875
1.0271109700113177,5.328690528869629
-14.564555056626377,-123.86053466796875
-9.657849716236,5.355295181274414
-0.7280966227290082,-148.71156311035156
-21.8962191024866,4.668787002563477
-40.2614734397264,-148.61199951171875
-1.77750068778882,-25.284713745117188
-28.3488859938485,-274.8525390625
-8.184373188662292,15.27266788482666
-6.135426654744688,-157.43714904785156
-3.270422191581055,9.081543922424316
-6.055427015859325,-139.47528076171875
-34.3143130117107,-915.4671020507812
-50.4820483838523,-12.075380325317383
-4.639593570653838,329.5351867675781
-21.0606958753072,224.93145751953125
8.747205755218493,4.507749557495117
0.6884341878779402,71.94476318359375
0.300408103033295,-123.77960205078125
-2.6184282494780104,3.5128331184387207
-37.3999740396079,7.154842376708984
-10.594900847222812,121.28874206542969
-23.227454082363305,17.50826644897461
-15.4814292943448,-4.664463043212891
-6.89310310865277,21.815685272216797
-11.7962452523223,8.362918853759766
-0.3887710448227697,54.054378509521484
-4.0896099478500325,-17.71084976196289
-42.6579269422049,-8.243074417114258
-2.095241650043551,12.50936508178711
8.45389840526827,98.72303771972656
-15.5157954828953,-38.4111328125
-1.9802660997523944,20.531818389892578
1.8368511005450223,165.26846313476562
2.11900133622217,-2.628329277038574
-38.4962238749225,-16.63471221923828
0.8069046214032297,-23.005786895751953
-1.73607437190069,9.021944046020508
-8.46093254820262,12.573834419250488
-0.0780407432645869,102.04808044433594
5.009535132419683,-20.529315948486328
-74.9399761386801,20.169742584228516
2.806732553915905,8.924246788024902
-10.415057364934407,11.306802749633789
-4.81834176383161,-779.422607421875
-1.4920816076829602,12.986947059631348
-0.003939288658445,-5.82319450378418
5.86288473591452,-23.11648941040039
0.4443344011282492,5.537750244140625
5.72263802046558,-15.052192687988281
5.46583466116103,5.484958648681641
5.05355462238675,18.311779022216797
-17.190033530139498,-12.652013778686523
-10.1192188918475,23.066627502441406
-10.539071528779305,2.233428478240967
0.2492257167476033,49.66223907470703
5.35198813185094,-0.8275513648986816
14.9823899147147,-13.720951080322266
1.7336328627834918,-4.286582946777344
3.2582764286422226,-214.6808624267578
1.1615369027166365,-31.587656021118164
-42.4099588259267,27.43773078918457
-38.7823663998969,-14.053239822387695
7.99575647038201,9.209665298461914
11.644495901203598,108.66270446777344
-39.0956747424042,7.8348541259765625
-38.6438610292767,238.36439514160156
-40.5029244010595,5.3782830238342285
-22.8644313188967,13.789592742919922
-0.897066728281827,19.10466194152832
-17.6830733389949,-1.342681884765625
-0.0084306638066775,1.9492201805114746
0.5394390329931549,-1.6492347717285156
-21.61387508166409,9.078743934631348
5.053393098685065,-21.422685623168945
-15.7834934865799,4.761807441711426
-58.40351531723695,10.184001922607422
8.86280218600469,-4.739810943603516
1.888243484494037,-21.195938110351562
8.99923705482913,6.690657615661621
4.133325903305868,160.87069702148438
4.774357664359128,7.995979309082031
7.418770080750715,2.287961006164551
-2.25262466719878,6.7826032638549805
-7.071587649042333,11.593881607055664
4.398742241377427,-56.5843505859375
-8.692928400841772,245.68359375
2.334382802629,-2.6964950561523438
2.8274240704709,7.57386589050293
2.1747311895065486,8.672775268554688
-11.9965988914421,7.296272277832031
2.776867734737273,11.749579429626465
-12.4595255596924,4.941249847412109
18.5317724911246,-8.57498836517334
6.86106163750481,-36.001434326171875
-19.1693792779686,11.325689315795898
-4.20883890972707,-0.5871906280517578
-0.3530077955256401,-0.9204826354980469
-1.6020246929696491,6.049548625946045
-7.57557880794988,5.1067705154418945
13.9692836454661,-19.8475341796875
1.289294757415069,12.002310752868652
-20.3746494688195,53.23915100097656
-8.044482691931467,8.662496566772461
2.51340467963473,2.9749279022216797
11.0282847349576,-3.256129264831543
-1.3944922949507652,7.813415050506592
-26.2706781913698,171.56149291992188
-71.7765711158932,-6.424617767333984
-44.2857422252861,-30.572189331054688
-3.057699221935841,1.5434889793395996
10.116767222520318,-87.77694702148438
-46.9980356488569,-24.043235778808594
-8.677497573270493,-10.84765625
-25.781275563237,-56.623291015625
-2.941164138388841,3.927056312561035
-26.5692742661385,8.424491882324219
1.2555345380058751,6.712262153625488
-0.810306898238276,12.311966896057129
0.2404076931068699,-1.6643428802490234
-2.5590885431480426,10.528470039367676
-11.9846830308257,5.503818511962891
-5.775806690181939,12.847966194152832
1.9806048133258944,-4.888416290283203
16.618750626525,3.9931981563568115
8.204494762209066,49.003997802734375
6.80321923705408,-112.38683319091797
11.710679650337616,-13.24520492553711
3.181253849239128,13.315284729003906
0.90894434552881,3.1443724632263184
3.547124544521316,81.52153015136719
-2.202886656443709,326.87628173828125
-11.133669865203094,0.5452413558959961
9.328533024448705,1.3058319091796875
-0.7012610501602399,-7.093395709991455
-0.3170472839931941,-2.3373641967773438
-2.3458288386735573,-4.8539581298828125
-26.1191329979098,-15.718094825744629
-2.33292598982445,-67.48794555664062
2.461922216333884,-14.980766296386719
3.73205068567752,-13.462600708007812
-22.4462583852743,17.423431396484375
16.899113604615202,17.302064895629883
-2.85382252753121,16.23548126220703
1.2705701336207027,18.03445816040039
7.960789166364423,3.956496238708496
2.71808902854303,-16.60862922668457
5.5273920092716775,-41.756103515625
-4.11149235653684,7.972985744476318
-20.9676231329802,-4.380340576171875
-0.89184437235696,8.187128067016602
-1.2816619609782416,11.002820014953613
4.85634828411675,0.7670125961303711
6.429854346358795,-14.14332389831543
4.71112087372323,15.31660270690918
-30.7199022255615,-138.64144897460938
-3.8590388668775,-86.38521575927734
-10.6557437737239,12.006888389587402
-13.4460672849668,1.4008140563964844
-5.527709296795018,22.07815170288086
-1.876637029070265,-4.0806684494018555
10.2532613363299,3.641831874847412
3.00680128293027,386.5990295410156
19.33685959748449,2.6184539794921875
-0.1058882282985149,12.720229148864746
14.3436638764016,9.116647720336914
-16.1535771788668,-8.382195472717285
0.9480162028997956,-235.08999633789062
-18.5891767455387,-68.33261108398438
13.309934514349203,4.31455135345459
6.02246857213521,685.16748046875
5.16750826555368,40.36961364746094
-1.0190872666435924,-114.2901611328125
-19.100904418149,1.2403688430786133
4.743603615290096,36.48384094238281
-13.8157551615103,-139.3704833984375
-3.802611775309477,-2.893329620361328
4.30511943579503,-108.21063232421875
-22.482844278002705,10.062751770019531
0.60779733849738,-14.955988883972168
17.8138573048897,-11.997190475463867
-38.4626262988146,15.080072402954102
-0.6089836493556324,11.281763076782227
0.8617451361473882,-38.18106460571289
-2.40000424902785,-4.756023406982422
3.7078671714499096,4.743638038635254
-2.390619984667185,-38.25743103027344
-15.559462368784592,-0.31214427947998047
-13.790764753514,24.247920989990234
-9.325981865786185,9.10079574584961
-58.4491138315396,-16.471832275390625
9.550892694239591,-14.973716735839844
4.435147085081137,-14.1187162399292
-2.3538192484503564,23.103374481201172
-5.83438093189622,145.05455017089844
-7.10827059552493,-141.25503540039062
-12.414939844598162,11.642862319946289
6.6154810826822,7.984489440917969
1.3155747227446202,29.271333694458008
-2.56542276271332,-6.99810791015625
-13.546032832554804,6.677516937255859
-16.600339428286603,8.673715591430664
2.9737175212081803,14.590048789978027
6.167862854629888,12.310548782348633
-40.922076323723,10.82160758972168
16.9349100756105,0.7578659057617188
-12.24911226903676,5.25728702545166
4.867927463076468,11.476385116577148
-21.6327950573002,-0.6909198760986328
7.11033993521173,7.8775634765625
-9.59094984812801,7.890641212463379
4.92186081619874,6.9576616287231445
-7.815562497274902,8.400586128234863
-2.20364176327536,179.08612060546875
-19.6754058911438,7.299944877624512
-91.8886792382854,-21.190296173095703
-20.9507978903398,10.192837715148926
-17.8084408175675,4.215582847595215
-62.9612541332419,9.47380256652832
5.598134989920393,8.765975952148438
-7.283890318199592,8.880252838134766
6.1026124307435,-7.644619941711426
7.42840635595139,-0.4346771240234375
-5.179391847578812,8.93538761138916
-4.873152982370568,7.380943298339844
7.276768036701751,11.494537353515625
-10.739322929783883,6.616501808166504
-22.9219832537164,-85.25251770019531
1.5259403537211615,-0.8399410247802734
-44.7886924625105,12.92862606048584
-3.72583443525641,15.746871948242188
-14.57002364123529,-12.271142959594727
-10.128266274366498,7.406749248504639
-28.0249952668106,-11.910921096801758
-26.24662901330595,6.544161319732666
-40.3645652505015,-126.90230560302734
-30.8056950922951,3.847806453704834
-3.9552380984537248,13.04407024383545
-2.1789667599796294,71.89147186279297
-0.5734820606807138,1.2771520614624023
-1.1617148968623687,10.659363746643066
3.42848617073407,-47.22932434082031
-17.4030551064212,-4.089569091796875
3.88109013796494,9.516120910644531
9.400493271217616,-0.724339485168457
-11.302161927872188,3.7252941131591797
-13.3709137252944,-22.930694580078125
-6.79658968512302,15.673293113708496
4.509456424718162,3.299409866333008
5.45103123545738,17.7640323638916
8.149714042401495,20.70998764038086
-12.909180343140196,6.097245216369629
-6.61979034735207,16.821815490722656
11.9978624338519,-203.875244140625
-12.53254789251529,12.818294525146484
-8.36198121766124,-21.225780487060547
-4.361976736345532,-1.7736997604370117
-0.1898191226144924,-26.280431747436523
2.3166834950764685,-30.3443603515625
-12.6203596574975,29.426055908203125
-1.207429910073891,-28.935836791992188
-29.7403775200217,19.343698501586914
5.31082796058257,6.921720504760742
2.97844031586002,17.377471923828125
-12.533050119535002,-15.735462188720703
-5.8684323426223,4.143276214599609
2.391980620215489,11.328595161437988
7.73570234615748,-31.397245407104492
1.166748445159433,1.840409278869629
6.093529951556334,5.064349174499512
17.709922444879297,21.804401397705078
11.779516260068313,5.571643829345703
2.4866177573815964,-84.38645935058594
-30.89708550466269,-6.126842498779297
-9.231606713935047,-14.552392959594727
-13.4089268865456,-4.88917350769043
-9.06573754635488,4.835061073303223
9.30630078585379,-0.21242141723632812
-7.156550033865472,-9.174212455749512
-10.5414716495377,3.2178263664245605
-27.8178569354009,26.438983917236328
5.3817717725564,-29.701217651367188
-35.155236696245,4.11202335357666
-21.4141717786538,5.34428596496582
-2.6053130644292946,-3.1438980102539062
-9.953220777101093,-4.283999443054199
-8.798237091769485,-13.210185050964355
-27.6920167541674,4.266424179077148
8.017093587799739,-50.01319885253906
-0.3550158381598589,-8.35228443145752
-1.19024715514191,20.920181274414062
-3.2855896341823474,167.34703063964844
1.844566842421384,-32.23179626464844
-30.7366736665872,17.786090850830078
-11.338238855350506,0.8251743316650391
-1.059512617215007,2.5192294120788574
-33.7712071062874,-19.045225143432617
3.812227003524945,-74.80352020263672
-2.8472026300298463,-16.543350219726562
-21.5871320482388,-1.4308032989501953
1.845960760756301,-11.503433227539062
9.06213659212517,-9.435937881469727
-13.950148061363093,3.4680652618408203
-15.1006814359747,7.999612808227539
-8.65496498210776,55.23405456542969
-31.18852367408345,404.2867736816406
2.35160533891099,-11.358762741088867
-7.06329362397977,-10.453384399414062
-11.299328727708405,33.960628509521484
-5.73967918172164,-4.044483184814453
-4.062121175440552,-14.398845672607422
3.62056380925444,26.970064163208008
-6.512385872303066,-18.260478973388672
-17.2817979072755,-75.61324310302734
5.79128728304933,-70.38885498046875
3.7921116228684086,11.09235668182373
0.51700222845629,-24.18890380859375
1.0966146270020711,8.9959077835083
-6.613686761665703,3.7001819610595703
-39.873530292237,74.68285369873047
-35.0272315856836,14.291656494140625
0.2475632146873464,3.810901165008545
5.59963570142504,11.258371353149414
5.29419053806362,9.44458293914795
6.457932781589695,-3.3737382888793945
6.4251548431743295,-7.351677894592285
-19.7885249955934,46.209930419921875
-2.4097304318056905,13.896233558654785
7.543407488617369,-3.228297233581543
1.83593808226401,10.296588897705078
-1.5082203021212124,-42.60746765136719
5.99108205682079,-18.603328704833984
-18.1797235112709,2.4082093238830566
-12.840088322870097,24.405269622802734
-2.23616712442702,3.6230525970458984
-4.662511414401839,-19.192855834960938
3.41802282280863,4.1653008460998535
-12.0320822507053,-56.56352996826172
-25.9801803981754,-228.27056884765625
-5.97419023328963,19.98668670654297
15.4186986077963,-165.758056640625
4.480465220149085,-167.7893524169922
-13.2363849677504,-0.2636615037918091
-9.362863686069195,6.052842140197754
4.128157012788561,0.6975746154785156
2.26767773086615,24.799728393554688
-24.1634597090208,15.470429420471191
10.013204486477417,-18.513687133789062
-31.934070451053,-10.360435485839844
-22.9515728231767,-6.9483184814453125
-11.219410776078313,-82.73554229736328
6.00089213826483,1.0188636779785156
-28.9638748432599,-9.953268051147461
3.11049964318654,-14.581297874450684
-1.073248118887358,8.484355926513672
-10.249148139079496,-120.16764831542969
-13.14009076535719,2.235311985015869
0.7364260970712593,11.758645057678223
-44.9949251983702,4.423919677734375
-5.159519294761907,4.071796417236328
1.869241020829697,-140.464599609375
-55.54568697318505,-19.297382354736328
0.3065104335081801,-155.967529296875
-10.386374558578522,3.687164306640625
-3.0345245902191325,10.097784996032715
-57.144820014625296,-22.872604370117188
2.85060083445348,-12.317608833312988
2.446050707651698,2.138580322265625
5.50221601830175,12.34897232055664
3.455876052191651,11.095261573791504
-14.6157572128631,0.7724571228027344
-0.874105623616695,28.628822326660156
-1.378759213278819,-45.90629577636719
1.350733135180331,114.2840576171875
-1.94666134980912,-0.21404552459716797
-3.36735139960915,10.193230628967285
0.8319171014720902,8.73576831817627
-40.2101205720394,5.324249267578125
-24.577379709126298,-0.25517988204956055
-18.6292132467089,8.114678382873535
-46.39510994896701,-168.64576721191406
-2.487076105276776,-323.8522033691406
-4.752960817423343,-83.10261535644531
-0.1160299782726794,-47.454345703125
-18.5277286275242,-2.2923247814178467
-14.1325019191809,13.133729934692383
10.909208084253878,-4.357486248016357
1.30779520720034,1.1805839538574219
-5.77436797253085,14.754971504211426
3.986867952152618,9.70868968963623
-21.7936206120663,1.3693513870239258
-2.643556292002,124.19639587402344
11.0853991753379,1.8227081298828125
-12.9397422629832,-12.824871063232422
-0.190891674386513,-48.13749313354492
-6.32558602127377,-16.562366485595703
5.391699208755202,383.34716796875
-8.998840630677615,31.4046630859375
-1.6005087696864486,21.28164291381836
7.5482379424635875,36.07714080810547
-7.642910278690365,65.72344970703125
3.719171936095444,2.0272979736328125
-0.8981307679622897,42.7498664855957
7.06032809637297,-13.251506805419922
-3.134999611446543,2.975224494934082
-5.94174589421185,28.697635650634766
-17.7883076547542,24.83633804321289
-25.2381267145584,5.255291938781738
-27.5445722402187,186.64060974121094
2.6678241356197647,11.372207641601562
5.02066543392875,54.353599548339844
-1.67197513843126,-2.2682723999023438
6.58117049992555,7.158467769622803
3.12612254618191,27.028257369995117
-2.1147225087047508,-6.435546875
-76.9668504799361,-7.413248062133789
10.11870938841209,3.9307785034179688
4.755697845162629,3.1696457862854004
16.5479703149859,-35.896705627441406
4.001938538520379,-6.981103897094727
-14.1813773041305,-18.845735549926758
0.7709161631446207,1.9434013366699219
-24.2508933717269,-13.159832000732422
-22.3071231538392,14.00571346282959
7.2595381633228,-0.5810995101928711
11.555346181601609,1.5154361724853516
-26.258782255785,0.7876396179199219
10.3189652047012,299.8561096191406
0.809697096857583,5.983904838562012
-18.5255095356289,-10.681418418884277
-1.0680791130593923,-12.325345993041992
-3.5390830989045075,-15.692581176757812
10.468583156479704,-12.262343406677246
-10.613183176373598,7.758769989013672
-6.40442742836347,-11.15945053100586
7.196532980977684,26.661075592041016
-10.586292641023492,3.3912267684936523
-26.79502671025515,258.6295166015625
-7.187555808667961,-6.988872528076172
5.4465900456679694,-0.08079814910888672
3.1988276731025875,6.069208145141602
7.827394642815597,-17.927799224853516
3.887422638441485,-11.425863265991211
-3.41466344580097,-54.67852783203125
2.667044757168528,24.353683471679688
1.0590749185315824,3.124690532684326
-3.9965921287470247,5.601495742797852
10.982614675109394,-2.1105055809020996
0.4076170529080399,-29.846633911132812
2.71319811317338,11.810410499572754
8.652061852316729,245.08163452148438
-0.6579761516790089,87.10275268554688
-51.6773231694491,-0.21753406524658203
-2.8325461302865187,-1.151465654373169
2.12749125232924,-32.54558563232422
3.562549470771905,-51.361305236816406
-16.517773128145326,25.30279541015625
6.874655354673765,2.3772525787353516
0.2047767843086013,-9.230896949768066
-2.698758931910008,-400.2247009277344
1.8601156760560384,46.496376037597656
-22.2455703021075,-6.134603977203369
2.4288820651169605,-39.1171875
-16.8307740899425,1.5596504211425781
20.7191486697607,-54.85102462768555
-30.7261055182573,-5.027438163757324
-38.4849400567448,-9.526716232299805
-14.3103126367969,-9.795186042785645
0.7860328468455551,1.972747802734375
-48.3858044800915,6.73471736907959
-3.21662088766757,2.9193549156188965
1.675245639565673,18.72506332397461
-90.3299705619704,0.1423635482788086
-9.28527551691871,-0.6839370727539062
-1.2293411329062325,8.804466247558594
-4.534682244798708,2.7402658462524414
-68.1959205924323,-6.903303146362305
-24.5242345195019,-40.93865203857422
-2.77042962989298,-20.94615936279297
3.8009101564042025,-2.2452869415283203
8.933703319425492,-18.18235206604004
-11.341527235964405,-232.28494262695312
6.71098989067457,24.918848037719727
4.54734483862441,11.473413467407227
-5.16341129781556,2.722644805908203
-49.062306315025,23.650131225585938
5.26551760771767,-16.193817138671875
3.33951124606136,1.25262451171875
5.006519903780723,17.21898651123047
4.05485944970297,-7.018144607543945
2.283405953189745,-42.37586212158203
-2.66483863280114,-58.994117736816406
12.566471603210276,2.4604721069335938
-27.9020155354992,-3.3005456924438477
8.88265541550952,4.339143753051758
0.1652887870268324,-0.6054496765136719
15.4985727759109,-1.1099853515625
9.014890317831036,-3.092161178588867
1.4803529144374856,-60.9126091003418
18.1939100849816,-3.383753776550293
-2.6304973605131474,2.486996650695801
-5.493763326806099,-19.405296325683594
-0.6715208179901364,-186.31021118164062
-36.7383193130824,-14.616220474243164
5.062784719364307,41.85203170776367
-12.026803679110706,2.849856376647949
-3.01321716593974,-27.074378967285156
8.35813394800668,27.373382568359375
-3.60075442831331,6.5540008544921875
-9.509135784465323,-39.244781494140625
-19.6175855102284,-22.374469757080078
-27.8629509568953,2.4125242233276367
1.74273211890989,20.65369415283203
-2.19578977406709,10.162178039550781
2.42002639701588,-106.54212951660156
-25.55316918036869,-1.806565284729004
5.635020609606415,8.941007614135742
-34.727836669101,-2.1304941177368164
4.4516036428765,10.28779411315918
4.967381413305823,10.955902099609375
-6.81516141534704,1.6641311645507812
-24.3954295810688,0.7802114486694336
8.658679095048068,-7.058096885681152
3.7347243087796,63.16563415527344
-12.909633143366396,7.3899030685424805
-60.49569009623433,4.937038421630859
-3.790702882666694,4.367328643798828
-12.41068356063,-53.50019073486328
2.76740193393285,-10.821892738342285
-18.9061714872788,-7.235247611999512
-3.681083449701528,-4.315675735473633
8.13893448615947,-5.633012771606445
-51.402683514636095,-15.345512390136719
-3.0703466753296,-3.438145637512207
0.4646043967887734,-8.178104400634766
5.989492839405608,0.9469938278198242
8.833837192566008,-25.06975555419922
-26.1965705632023,37.9697265625
0.0804428699766095,-10.067903518676758
10.229168329440906,-24.61705780029297
2.12042655289975,20.757938385009766
3.88810032819938,3.0396385192871094
-31.515616413872173,-13.024432182312012
2.28163515100639,8.091055870056152
-9.633163292669298,-10.184978485107422
2.63206586722876,-17.094629287719727
0.3189015990893598,-4.556410789489746
-6.31868596379813,-5.730321884155273
-6.4648984000359935,-51.41316223144531
8.91646092056966,6.366855621337891
-42.637521131086125,-2.3281898498535156
-89.5439156156453,-171.720947265625
9.179556151687803,160.66075134277344
8.754663680824095,-29.590457916259766
0.8838679103249854,5.823211193084717
4.338369925074482,-0.8339641094207764
-18.23432595343749,-20.10729217529297
6.92534745147092,3.238943099975586
-1.768261666543676,33.75879669189453
-7.87226820943855,35.18003845214844
-12.0847368637308,-10.556259155273438
-4.4222229386498375,8.38198471069336
6.63109301847755,16.18111801147461
1.675381804264854,19.493350982666016
-6.897600670415837,-49.92573165893555
-12.2774867069717,142.80245971679688
-3.963646539183849,-4.445219993591309
-2.552277046947741,-12.431344032287598
-10.78700495517378,14.027568817138672
-6.426376983867103,-3.981414794921875
8.2142562177934,-2.8265762329101562
-16.967828162594074,-5.229595184326172
6.07843040491799,4.743976593017578
3.08443697315444,164.81588745117188
-1.3811964732242277,-97.97360229492188
-4.51305804704249,-208.85470581054688
-9.93375477053989,11.99386215209961
-0.6581754288220045,-14.592660903930664
-7.952166005584182,-15.413396835327148
-13.563015982384195,1.9283945560455322
-47.9957157156951,-8.682130813598633
4.96190002222477,-496.5054626464844
-2.0240269290899,19.14545440673828
3.47166270740147,12.977365493774414
-5.2815921348029296,-5.531244277954102
2.369358494612781,-5.292814254760742
-4.214346026907057,2.332036018371582
-23.8934551543691,58.75382995605469
-1.0659561461183158,3.3079843521118164
3.126169348435272,-48.05611801147461
2.35164464781062,-89.46434020996094
-1.79502295092813,-12.777539253234863
-15.957982665262508,-2.4930171966552734
-64.65676531723692,-5.920428276062012
-27.8195558011628,-34.62738037109375
-10.480511156242285,-4.101221084594727
-6.18357684414468,6.674252033233643
-6.75960002722117,-72.3377456665039
4.4105627388370605,-4.388252258300781
5.58846482112586,-8.744121551513672
-16.8483709423333,127.2092514038086
16.1850033157246,-6.476341247558594
-3.34531377329845,-277.9461364746094
5.893700156574014,-8.049053192138672
2.745769909533195,-8.328315734863281
2.53362859007723,-1.2872657775878906
1.0880788430276551,-9.039402961730957
