Score,Pred Score
4.2006804390709,-0.27770888805389404
4.76541245752904,5.26337194442749
5.87221574658101,14.587604522705078
-12.955988512618,-11.93643569946289
-14.4061745570978,-38.03307342529297
13.644333664082708,3.223327159881592
7.522446474796843,-10.967369079589844
2.858782897786812,2.8402976989746094
-49.8653288018085,-29.453834533691406
-4.029904705212941,-5.978440284729004
-6.2026319104393295,-19.1002197265625
4.452168509343501,-5.267755508422852
-16.475900892606802,-1.0906200408935547
-11.03094492075089,-19.333572387695312
-8.08045020128908,7.1236724853515625
1.39259946716825,-9.859895706176758
-14.885807229381896,-1.0705397129058838
-11.113180908425988,-8.274104118347168
5.506094216928792,-4.676904201507568
5.29091659278858,-10.341264724731445
3.42106467876526,-5.996179103851318
5.162821279449693,0.46091794967651367
6.020551076354931,-2.6667895317077637
0.8086942897832163,4.190883636474609
-8.80546181278599,-10.228710174560547
-7.42349600405968,-5.947865962982178
-14.4731176558811,-2.648827075958252
-35.5448186771701,-12.041933059692383
-1.657597602265355,-3.192676544189453
-1.930224441335125,-12.396394729614258
-10.398648228661925,-4.4549784660339355
-1.6521884315998507,-6.920526027679443
1.3131129859732091,-4.794889450073242
-0.1240821746904601,-11.314577102661133
-35.1709788883515,-9.739391326904297
0.6771989561182002,-6.658525466918945
-5.8677981963370005,-1.405851125717163
0.7982616963508231,-2.233126640319824
2.595279020812243,-8.834676742553711
6.9472187772133225,-13.11538314819336
-41.1395198834054,-12.21965217590332
-35.4604736838065,-14.24245834350586
7.87379173269718,-2.2212436199188232
-8.72128086410909,-28.234046936035156
-82.13826531723697,-13.537413597106934
-9.70693692529289,-9.55546760559082
-61.4386715672369,-40.466575622558594
7.10938257895085,-2.6342060565948486
0.4007388327427847,5.911629676818848
-0.7455370396145937,-6.683615684509277
1.674966057420845,11.857527732849121
11.877856996640997,-6.857302665710449
-0.9096556467231308,-3.0726261138916016
-1.4680391508473674,-7.9508466720581055
15.6414782015599,-8.818771362304688
-10.35739215730591,4.773002624511719
1.926107182225645,-7.035542011260986
6.99756701325662,-8.783283233642578
3.54836143321337,5.890522003173828
-7.726553411266567,-8.856237411499023
-48.51478094223695,-44.04018783569336
-3.0453156276270903,-3.982452392578125
-3.454798154796729,-2.6885128021240234
9.503977484174175,-0.6123602986335754
6.001532732018722,1.9335823059082031
1.775572054007981,-13.896270751953125
-2.6871577689602653,-10.610925674438477
-7.920344649869953,-7.84185791015625
2.578081311550471,24.38336944580078
-14.434457477598505,-0.7237406969070435
-1.338045882914232,-8.174531936645508
-44.1817825469333,-22.510889053344727
2.4314234692194163,-5.522680759429932
-2.35314836228574,-9.066370010375977
-2.07036107592124,-1.5295113325119019
-6.560167066336443,-7.021175384521484
-2.54688332955635,-11.170696258544922
-7.940842049461227,-9.020509719848633
-7.789052707582185,-0.7995250225067139
-1.4295761119406232,-5.873396873474121
7.206977941743588,7.794284820556641
-4.081394009803599,0.26291465759277344
-30.167243616457,-15.006668090820312
11.7225687296843,-4.065979957580566
-0.8984319813221007,6.91606330871582
10.349523074958825,-8.262397766113281
5.42147270471237,-2.303492546081543
-0.3136273830120112,-2.2554550170898438
4.398848813602776,-21.38241195678711
2.099307195887115,-5.922460556030273
-61.6890402284636,-33.86880874633789
-7.08434802004719,-0.03398323059082031
0.6962467393230812,-9.872331619262695
9.0758909366509,-16.684478759765625
-1.9263965715605047,-8.128362655639648
-6.262949496708321,-6.381126880645752
-4.739766082030863,57.1668701171875
-36.8822022827233,-17.41728973388672
3.24770439300306,-11.067084312438965
-2.289513933263135,-5.724994659423828
1.41805545618482,-5.480204105377197
-24.4432878855492,-1.7288665771484375
-24.96156751119129,-29.460290908813477
-7.734574598544068,-14.860694885253906
2.79124989437018,-9.104586601257324
-5.17831154550348,-8.677536010742188
1.5275640312561216,-17.443845748901367
3.682989905065457,-3.3209192752838135
-10.8237586662752,-14.407600402832031
-6.929951553081727,-8.825242042541504
-27.96215708599589,-13.60963249206543
-2.88087637063392,-6.581425189971924
-5.960419628776203,-2.298175811767578
-37.189874708633695,-18.00699234008789
1.1496085756031087,-4.268721580505371
-12.7137936794919,-11.84762191772461
8.398744223780918,-15.351787567138672
-33.3004252633332,-21.839466094970703
9.144089281431205,-9.609074592590332
4.065326821312747,11.750520706176758
-41.9047429025821,-7.907973766326904
7.383552345763623,-4.842358589172363
6.364261125349779,-4.304847717285156
4.841793570156368,-11.503345489501953
1.6198341998494314,-4.518985271453857
4.179707781567577,-1.5010014772415161
-14.7229944429405,1.0944960117340088
7.078924552126015,-6.36584997177124
-12.898019313824,-15.163418769836426
-70.8116033690518,-11.19257926940918
12.7359625054994,1.5347356796264648
5.586124430090477,-2.3254716396331787
3.028467183462371,9.393854141235352
-5.830142578087577,-6.8682379722595215
-22.6841489367301,-5.27481746673584
-1.51657819068512,-2.482985258102417
-81.52648016021857,-9.751733779907227
-3.36903782007548,-8.737691879272461
-18.707844022,-2.12713623046875
-34.48768519828235,-10.529706001281738
-39.7169735486916,-6.049257278442383
-1.593720937577549,-15.645269393920898
-23.2954444871652,-6.832042694091797
-45.30258920076982,-9.269787788391113
12.5056328567953,13.207304954528809
-11.9299972333177,-3.3303794860839844
-37.9495035857927,-31.433853149414062
0.7001962140772594,-5.006829261779785
4.49418879319923,-7.263587951660156
-39.0646563811545,-13.560769081115723
-9.09730633851708,-7.17996883392334
-17.5589533745204,-10.78104305267334
-4.92782811871599,-5.581319332122803
-8.2299173561342,-1.6783857345581055
2.60625970962018,2.93514347076416
2.726862934921635,-0.6671163439750671
4.071661498679735,-4.93914794921875
-13.2494383747796,-1.7887721061706543
-11.9154244975033,0.4265296459197998
0.9090871567987184,-6.040823459625244
7.92708077877978,-2.6105422973632812
-3.119647295186995,-11.84282398223877
-2.248378586620203,-12.932039260864258
1.6646916021852596,-8.08504581451416
0.1590569364430157,-6.127366542816162
-77.3623903172369,-26.180574417114258
15.8859560938761,0.5336040258407593
-3.11888044241469,-2.3067245483398438
-2.7468186065138984,-0.8681240081787109
2.77922195660905,19.58527374267578
4.052279150357491,-8.339376449584961
-4.03806373695381,-4.194501876831055
-2.4461467814868523,-20.938880920410156
-0.1639564470097907,-6.586709022521973
0.8542168432631491,-6.501338958740234
5.84905996845087,0.3633890151977539
-5.77665564868809,4.238716125488281
-3.7008288999313423,-5.476561546325684
-7.18713065449027,-5.799610614776611
-0.9529303605806088,2.5175018310546875
-15.902118442879,-7.576837062835693
-28.0636361890057,-5.538031578063965
-26.912205886836706,-13.197357177734375
8.596988309863011,-4.026969909667969
0.2877587512502297,-4.218305587768555
3.3899996482015826,-1.04731285572052
-20.5869014386951,-5.520220756530762
-9.341800010912078,-6.857597351074219
0.1692077246922899,-12.221954345703125
-1.857666460494741,6.415214538574219
-13.2752747780792,-13.587743759155273
0.7445982178878973,-7.244328498840332
4.49646859469848,17.63593292236328
3.60913262992784,-0.4933450222015381
-5.653435188749545,-2.881333827972412
1.51502173443586,-5.903087615966797
8.143116180793372,-2.0147366523742676
-8.36164856265281,-22.29294776916504
-1.130678948105339,-2.9236221313476562
-4.349210006555943,6.23859977722168
0.2594141505344826,-6.495736122131348
-32.1283374054069,-34.151611328125
-1.9051378030600723,-2.7025506496429443
4.768047800449637,-10.785755157470703
2.264898495983479,-4.957820415496826
-6.47138721063866,-11.372081756591797
4.93167956005568,-3.894761800765991
2.4851768276660025,-4.410180568695068
-3.930469946192945,-4.31617546081543
11.923948375295712,1.0903449058532715
11.616605850275496,1.6521751880645752
10.41580460128629,-8.936965942382812
-8.700462669667385,-6.546762466430664
13.1991243046288,-8.594132423400879
-4.75101729862813,-0.31870269775390625
-1.4230966237807086,-5.9906463623046875
-2.07861348348741,0.04457080364227295
10.292368565007404,0.2211487889289856
1.9007667723773176,-7.316952228546143
17.1612744381531,-4.3961181640625
-0.1428452494230792,-0.46980178356170654
2.4933992323843923,-4.077542304992676
-13.861300672159,-9.829014778137207
-1.7943154401891548,-7.364156723022461
-4.15624175439773,-5.784641265869141
-14.277645616907492,-8.920735359191895
2.713132201978397,-16.539852142333984
-13.315456279797685,-19.978981018066406
-5.36204355968609,8.937799453735352
-1.4872271509121793,-6.04338264465332
0.31232235517322,10.265487670898438
3.0307168501552093,-10.437217712402344
3.4484762474106,1.1092593669891357
-34.0729170807354,-14.056535720825195
-25.0659802428987,-4.103994369506836
0.86771933446589,1.9314298629760742
-11.996919710325,-3.0737743377685547
17.2594267615487,1.6929898262023926
-56.2560888739038,-14.680561065673828
-12.7386491421071,-9.172155380249023
-3.520787796436005,-13.881204605102539
-0.8014467498558491,-3.7886557579040527
-34.7812340468876,-29.079605102539062
7.158235365631607,-8.147518157958984
3.29681579894721,-4.075742721557617
0.046018285265003,-12.241147994995117
2.046344769010002,-12.864509582519531
4.25403099118957,-11.970083236694336
3.7804230286959792,-5.849658966064453
-3.773219093074008,1.7535088062286377
-9.722403045722997,-15.43213176727295
2.81101468536903,4.395297050476074
-23.7494411406013,-18.692174911499023
-75.56229656723696,-16.38479995727539
4.366245372711767,0.2528066635131836
9.94612085382829,-0.28374457359313965
-8.207132148775708,-18.134252548217773
-3.09775596823669,6.475863933563232
3.77256113899207,4.898154258728027
0.2016574678685985,-4.651760101318359
4.38808277416547,2.4951744079589844
3.7092867134231,-9.32970142364502
1.6740112862957208,5.313351631164551
-5.472376660417956,-6.9376325607299805
12.283123760680592,9.819774627685547
4.417989059347175,3.5409865379333496
1.907333647224608,-5.986330986022949
-3.73521146317182,-8.106945991516113
7.837521570550837,-1.073106288909912
4.82455755953161,-7.338460922241211
-0.6472060937938101,1.3321510553359985
-8.237956686764985,-10.238565444946289
7.36579899286375,-5.8515119552612305
7.859716520666763,-9.2803955078125
2.765011277030255,3.2542409896850586
4.62415639298937,0.12382307648658752
6.430237727930085,-5.520864486694336
2.44728958086436,-8.76875114440918
-1.93656353174353,-6.379743576049805
-33.7845903951132,-11.39914608001709
10.960301672714698,-3.088268280029297
6.147225205740463,0.30059051513671875
2.4659746492236927,1.7925031185150146
18.2642273209106,-9.98391056060791
7.656482330373112,0.5787843465805054
-63.2346715672369,-16.394062042236328
-22.9610154952969,-24.4328556060791
4.39789099231211,-6.260202884674072
-46.587141393021525,-20.068462371826172
-12.281506448986304,-0.2458590865135193
5.220668557811489,-1.9880433082580566
-1.4412632820262703,-7.461677551269531
-35.163016426576704,-33.07883071899414
-31.380009974583203,-9.355329513549805
-40.7258600860177,-13.167736053466797
-35.3994683825842,-10.184392929077148
-10.968565079401992,-7.692513942718506
15.384553292915324,-24.55915641784668
-0.4271227388875901,6.894820690155029
-7.69948364751984,-4.883838176727295
-26.6822467124322,-15.595191955566406
-0.2823200449385875,-10.16031265258789
-3.8453528225106623,-9.890724182128906
-2.4599041427842496,-6.649352550506592
-12.7315114055493,-10.103861808776855
1.418014053180695,-9.244758605957031
-3.4922781726655696,9.200859069824219
9.58062385928767,-6.570457458496094
-17.5801214502402,-6.466161727905273
-49.5120706514507,-16.734752655029297
-0.4503474699443348,-2.3618335723876953
2.332279780348585,2.8876495361328125
-42.2483635713802,-21.81165313720703
-5.00028834575103,-8.15295696258545
-5.14141487663266,-10.608546257019043
-19.923371510770203,-7.080148220062256
4.28301459624688,7.003154754638672
0.3224388648416145,-7.654722213745117
6.795393661635613,12.122607231140137
6.720388221210122,1.1025080680847168
-20.7558388881914,-11.357428550720215
-12.5922662394529,-7.779323101043701
-5.19085420781142,-1.5570018291473389
-27.3858072066324,-17.160240173339844
6.488490212037078,0.6962968707084656
-12.5233171201947,-10.969194412231445
0.996650643215182,-7.047371864318848
3.27144637329635,-0.11454653739929199
1.203208947199059,-3.117795944213867
4.5031585012656095,-7.793251037597656
-46.6686841099013,-14.70373821258545
3.600655729290548,-6.089378356933594
-2.7077151362496297,-27.100975036621094
-42.936846127142296,-16.574634552001953
2.679404112105611,-5.404444217681885
-23.975827854410426,-9.050405502319336
-24.4869919201538,-12.373720169067383
-6.22433036882608,-0.7299966812133789
-24.992167376126925,-6.809920310974121
-9.742168339465294,0.08974266052246094
0.1235817830644999,-9.135910034179688
-11.607028837624,-3.717047691345215
5.321680837772678,-0.8114131093025208
3.3452637215970498,-7.055478096008301
13.015759276594096,0.45831477642059326
-6.13466459150186,-8.645103454589844
3.0897024917955025,-6.2114458084106445
3.557691046156,2.28663969039917
2.0008593011464906,-11.318405151367188
-1.2671721747064446,-14.831611633300781
-2.989164004622407,-3.4348506927490234
-2.43808381047612,-8.551725387573242
-11.30813578108209,-9.125762939453125
-9.619042312244815,-72.19740295410156
-4.01456885639382,-14.46615219116211
-4.853312003098937,-15.36258316040039
2.78743688363977,1.6199703216552734
3.6035536346157695,-3.579768180847168
6.09033976794457,6.456422805786133
-5.89266438028177,-2.516237258911133
4.780848076735348,-14.447174072265625
-20.7592210135025,-15.667291641235352
-3.637071869773312,-13.425535202026367
-4.396710286499547,-1.2219722270965576
9.04709717330502,-11.601639747619629
1.69213972357191,-0.34526562690734863
-27.068723822751306,-29.95955467224121
0.2886204877907422,-0.5929560661315918
-0.592182005541919,-10.338444709777832
-4.736229867816737,2.0547919273376465
7.877641553655238,-2.45089054107666
-2.588665914009158,-4.0195231437683105
4.72846919446815,-7.245919227600098
3.42669038506664,-7.679287433624268
-10.274169876330886,-16.932594299316406
-1.289264920121349,-9.86115550994873
-6.9648772325347394,5.744083881378174
-1.2236747050651609,-3.1925783157348633
-12.208208404490907,-16.98335838317871
4.40921359309415,-2.2513346672058105
16.4171583068458,2.4156203269958496
-15.991582533821994,-1.8988078832626343
7.809600001042748,-6.81203031539917
-3.0331069492891496,0.24414849281311035
2.603164662477901,-2.0992960929870605
-24.2572199033326,-13.34144115447998
13.667582002208905,-2.0983736515045166
8.19307228691883,-8.322898864746094
0.4664503305112299,-8.446464538574219
-6.46133524603972,19.10443878173828
-19.7520332208299,-76.55054473876953
-7.75971004909346,-7.800235748291016
7.66334596528203,1.2033965587615967
-27.64770126959135,-5.898427963256836
2.125547882163602,-7.057673931121826
-1.8239337240231768,-8.513850212097168
3.3696784995100426,-7.776284217834473
5.265272900492549,-9.307580947875977
6.753311816554961,-7.581063270568848
0.9434331950199416,-3.2538375854492188
2.13745295521649,-3.672996997833252
2.76912169862866,-1.4201912879943848
2.409764321136161,-6.623764991760254
3.7606671418030695,-10.328226089477539
0.555665600488549,-8.030767440795898
-89.04756219223692,-125.92576599121094
6.987950206462267,-20.288543701171875
-10.09410467002709,-62.21713638305664
8.16191414696451,-2.1586039066314697
-10.731303688850904,-7.533785820007324
7.588764503474316,-4.335879802703857
-5.25293160621848,-7.061285972595215
2.3065604778561424,-0.5698803663253784
-3.8022266666193874,-9.649114608764648
3.22816419080692,-4.163726329803467
1.1941842843275,-4.050231456756592
9.772192422094813,-11.409933090209961
-2.489313079893845,-1.1658049821853638
-13.547300817594484,-19.043651580810547
-1.5403494549472296,6.5631914138793945
-5.139364658294922,564.1966552734375
-1.32131943338233,-23.52109146118164
-0.5284321769112605,-8.584507942199707
0.1119561526876595,-6.652643203735352
14.8508222506114,11.377540588378906
-0.0918051514147744,-0.7533798217773438
-1.7237618714553775,3.539243698120117
-1.5699354762224491,16.969547271728516
1.5718362711845366,-2.262561321258545
3.58036180553514,-1.4398337602615356
7.45084701577923,-7.189544677734375
-7.378812419643663,-2.009497880935669
-33.1832620874725,-12.175125122070312
-6.066411004621831,-3.1140341758728027
-16.4910721624856,-43.60677719116211
0.8267526169764301,-27.946502685546875
-9.762453719841735,-14.34951114654541
8.07102955700163,-2.0512349605560303
1.741670982094262,309.6622314453125
-0.0053525606393112,-28.542556762695312
-51.4043293278057,-13.380414962768555
14.9415296965116,-0.8358235359191895
8.70853787657841,44.91503143310547
-2.149900469098629,-21.24050521850586
14.8229623836697,2.118838310241699
-0.0379657812584102,-62.605377197265625
-15.3173389528898,-1.1693357229232788
-1.7663441991754285,8.192541122436523
-6.708306328674888,-6.935802936553955
-78.7451798053926,-14.016425132751465
-0.5413656534735456,38.848541259765625
9.625121597198186,2.683772563934326
-3.15562863494722,-9.79305648803711
9.60447820177431,-0.15630531311035156
-3.31847606547329,-0.6577150821685791
-4.12581810820042,-0.6475688219070435
1.7706121017107803,-3.3488636016845703
0.5117341060036625,-6.8809356689453125
2.63157412115867,-14.41207504272461
-4.763634360062484,90.54458618164062
-11.18181257464061,-16.493515014648438
-39.4932668903457,37.230533599853516
9.206200380526292,0.6862688064575195
-2.93911844531118,0.8143296241760254
-28.13472322157985,-5.73858642578125
9.62907409316032,5.230259895324707
-7.042636248773623,-3.773561477661133
-4.03025121975644,-5.837203502655029
3.42951329804928,-6.173447608947754
2.5565427438131976,-9.137699127197266
2.8513084033656,-374.98291015625
-5.5623675139736175,-4.918095111846924
16.9968892380515,-3.7073187828063965
-4.144685584269085,-1.8069922924041748
-11.221818720505304,-1.9605727195739746
-2.111656589218961,-5.921564102172852
-1.626797120535592,-3.947052001953125
0.7652624054000594,-2.232881546020508
-21.5531296050118,-15.777054786682129
-13.053772031257305,-7.362710952758789
5.42509465390903,2.9820327758789062
-5.5186956836840375,-12.175613403320312
-2.260381023139061,-0.3580814599990845
-30.3377383335249,-10.852224349975586
7.380729755239978,-6.005509376525879
-4.172986764275874,-5.952549457550049
-1.2036514942358316,6.391164302825928
-35.2906329121599,-19.207626342773438
-2.54595208771381,0.5197715759277344
-10.901275449743116,-9.986727714538574
-17.0078420331655,-16.589139938354492
-17.0314498829154,-6.520322799682617
-11.9784507557909,-3.5174431800842285
-19.469018973061075,-5.980382442474365
-3.2142130797467816,-3.5876522064208984
-0.5663484394051013,-0.9217088222503662
-21.2195468929047,-8.828714370727539
8.077984978184695,17.533987045288086
-17.0119321722455,-9.025099754333496
4.67424026120176,-9.504484176635742
-47.9875704511971,-19.991689682006836
4.316615136301563,-1.9457908868789673
11.2728180991378,-4.289488315582275
-3.5546157663424616,-10.646270751953125
-3.15887949932979,-8.706238746643066
-1.6422791314174887,-0.33188390731811523
-3.448025235667948,-20.458656311035156
-13.5632540546311,-18.24777603149414
0.8825935384285006,2.462235450744629
3.27100049685324,-9.86369514465332
-0.7762273913233743,-1.9338220357894897
1.026942322157092,-1.197304368019104
9.859104788483815,-6.598875999450684
-1.9977872313530125,-3.054018974304199
-13.1809903671301,-2.481320858001709
-35.1782981083837,-22.64883041381836
-35.8337806803641,-14.290183067321777
-7.639409008216227,-0.544806718826294
-15.746453943284,-21.422618865966797
1.055995951979529,-2.406236410140991
3.987299411465438,-8.556282997131348
-37.0930621901092,-9.54190731048584
16.694612728237402,-5.103507995605469
-4.527979888097892,-6.031120300292969
14.6352674345898,-4.521248817443848
5.034618319433818,-1.1132433414459229
-3.77133000272187,-1.233001708984375
-1.61504571199055,1.0346380472183228
-56.3663437951974,-44.532527923583984
10.088450856398616,-3.5858192443847656
-14.285610883283098,-13.298032760620117
2.6210618799141923,4.808126449584961
-2.308732762121495,-7.77645206451416
-83.9761260280997,-19.57470703125
-1.03656181464744,-1.1764068603515625
10.16232173056559,0.39306145906448364
-3.12013961477547,-4.947704792022705
3.010752586641185,0.5776443481445312
-1.5178355576616795,-8.821542739868164
-2.60072537807549,-0.6002037525177002
-2.367312137177082,-7.393215179443359
6.075310726130807,-0.10843729972839355
2.24572304437811,-13.93365478515625
0.2044267191685782,1.0301904678344727
3.85944773684647,0.28469598293304443
-14.409506408843407,-9.61438274383545
-2.683955047842884,-4.277044296264648
-0.0075038478591599,-2.4613964557647705
7.190050317883171,-2.0875236988067627
-2.1691769605730515,-0.893204927444458
-7.910003358009165,-1.710444450378418
-69.1366966634013,-11.721490859985352
1.437241653553571,-8.449338912963867
-20.7409218490905,-14.738033294677734
3.78247800369874,-0.8634808659553528
7.909526276907584,-15.377449989318848
6.097122298913325,-23.018436431884766
24.5800902168924,1.1268906593322754
-9.979741434164584,-10.15922737121582
3.1327986373042376,-5.827962875366211
-8.393586343504198,0.0014344453811645508
8.678125432705007,-0.2885500192642212
20.7428439693387,-6.6655073165893555
-1.511416195100045,-14.20979118347168
-23.3725501337939,-19.739662170410156
4.69437535963172,-5.778127193450928
8.24149319055937,-3.5010452270507812
-0.2898522089969393,-1.6660709381103516
-7.19378137939456,-21.73426055908203
1.0271109700113177,-2.1174614429473877
-14.564555056626377,-19.35710906982422
-9.657849716236,-16.959278106689453
-0.7280966227290082,-20.580902099609375
-21.8962191024866,-7.155153274536133
-40.2614734397264,-39.51002502441406
-1.77750068778882,11.423877716064453
-28.3488859938485,-7.6348114013671875
-8.184373188662292,-16.46126365661621
-6.135426654744688,-18.10730743408203
-3.270422191581055,-10.202470779418945
-6.055427015859325,-5.750186920166016
-34.3143130117107,-17.694656372070312
-50.4820483838523,-40.70185852050781
-4.639593570653838,-0.582305908203125
-21.0606958753072,-23.19127655029297
8.747205755218493,-3.6448357105255127
0.6884341878779402,-16.458232879638672
0.300408103033295,-6.925312042236328
-2.6184282494780104,-7.767205238342285
-37.3999740396079,-15.166194915771484
-10.594900847222812,-32.59309005737305
-23.227454082363305,-16.468124389648438
-15.4814292943448,-5.665653705596924
-6.89310310865277,-0.4177820682525635
-11.7962452523223,-12.499053955078125
-0.3887710448227697,10.909321784973145
-4.0896099478500325,-5.443078517913818
-42.6579269422049,-23.200462341308594
-2.095241650043551,-6.753174781799316
8.45389840526827,-6.8446044921875
-15.5157954828953,-16.113357543945312
-1.9802660997523944,-5.65518856048584
1.8368511005450223,3.5708961486816406
2.11900133622217,-8.885526657104492
-38.4962238749225,-6.359550476074219
0.8069046214032297,-13.055221557617188
-1.73607437190069,-8.900434494018555
-8.46093254820262,-7.009476661682129
-0.0780407432645869,-4.365364074707031
5.009535132419683,0.12949562072753906
-74.9399761386801,-58.0151481628418
2.806732553915905,-9.66830825805664
-10.415057364934407,-6.593526363372803
-4.81834176383161,-0.5869636535644531
-1.4920816076829602,-1.163299798965454
-0.003939288658445,-0.9308381080627441
5.86288473591452,-7.975136756896973
0.4443344011282492,-1.011412262916565
5.72263802046558,-2.6611976623535156
5.46583466116103,-7.5549116134643555
5.05355462238675,-6.7556281089782715
-17.190033530139498,-2.354923725128174
-10.1192188918475,-1.0641570091247559
-10.539071528779305,-2.1405086517333984
0.2492257167476033,-3.0712366104125977
5.35198813185094,-14.549951553344727
14.9823899147147,-0.6888048648834229
1.7336328627834918,-4.537747859954834
3.2582764286422226,5.9336395263671875
1.1615369027166365,-6.625057220458984
-42.4099588259267,-45.59691619873047
-38.7823663998969,-11.586000442504883
7.99575647038201,-6.241002082824707
11.644495901203598,-5.733585357666016
-39.0956747424042,-3.86848521232605
-38.6438610292767,-28.344928741455078
-40.5029244010595,-10.516730308532715
-22.8644313188967,-6.746384620666504
-0.897066728281827,-3.1062583923339844
-17.6830733389949,-15.711307525634766
-0.0084306638066775,-5.443255424499512
0.5394390329931549,-0.4648316204547882
-21.61387508166409,-15.564035415649414
5.053393098685065,14.226540565490723
-15.7834934865799,-13.989477157592773
-58.40351531723695,-18.39531135559082
8.86280218600469,0.9699738025665283
1.888243484494037,-10.28743839263916
8.99923705482913,-8.924782752990723
4.133325903305868,-17.316823959350586
4.774357664359128,-5.178584098815918
7.418770080750715,-7.914285182952881
-2.25262466719878,-4.562138557434082
-7.071587649042333,-8.50921630859375
4.398742241377427,-8.952835083007812
-8.692928400841772,-4.349861145019531
2.334382802629,-8.550357818603516
2.8274240704709,-12.153924942016602
2.1747311895065486,0.007638454437255859
-11.9965988914421,-8.399984359741211
2.776867734737273,-13.065595626831055
-12.4595255596924,-6.25893497467041
18.5317724911246,-2.302401542663574
6.86106163750481,16.175487518310547
-19.1693792779686,-7.458741664886475
-4.20883890972707,-8.425348281860352
-0.3530077955256401,0.04729914665222168
-1.6020246929696491,-19.775672912597656
-7.57557880794988,-7.151175498962402
13.9692836454661,-5.347195625305176
1.289294757415069,-2.927089214324951
-20.3746494688195,-23.914112091064453
-8.044482691931467,-2.636157989501953
2.51340467963473,-5.963240623474121
11.0282847349576,1.3312311172485352
-1.3944922949507652,-9.014448165893555
-26.2706781913698,-35.73323059082031
-71.7765711158932,-10.162618637084961
-44.2857422252861,-24.96379852294922
-3.057699221935841,-2.1574974060058594
10.116767222520318,0.8665742874145508
-46.9980356488569,-15.779167175292969
-8.677497573270493,-8.774614334106445
-25.781275563237,-14.676841735839844
-2.941164138388841,-9.99018383026123
-26.5692742661385,-10.097068786621094
1.2555345380058751,-6.165390968322754
-0.810306898238276,-3.3345680236816406
0.2404076931068699,-9.172605514526367
-2.5590885431480426,-6.96826171875
-11.9846830308257,-11.582737922668457
-5.775806690181939,-2.067368507385254
1.9806048133258944,-11.000961303710938
16.618750626525,-0.8673346638679504
8.204494762209066,-7.688232421875
6.80321923705408,-3.298471450805664
11.710679650337616,-4.643421173095703
3.181253849239128,8.62356185913086
0.90894434552881,0.2820916175842285
3.547124544521316,-2.2073822021484375
-2.202886656443709,-19.97595977783203
-11.133669865203094,-11.749063491821289
9.328533024448705,-20.311431884765625
-0.7012610501602399,-6.685175895690918
-0.3170472839931941,4.919980049133301
-2.3458288386735573,15.206367492675781
-26.1191329979098,-25.248443603515625
-2.33292598982445,6.4418792724609375
2.461922216333884,-3.3229312896728516
3.73205068567752,-3.5684409141540527
-22.4462583852743,-46.08757019042969
16.899113604615202,-1.3076074123382568
-2.85382252753121,-2.731667995452881
1.2705701336207027,-2.2512946128845215
7.960789166364423,-1.5948269367218018
2.71808902854303,-5.744017124176025
5.5273920092716775,-24.47716522216797
-4.11149235653684,-15.372617721557617
-20.9676231329802,4.232555389404297
-0.89184437235696,-8.020122528076172
-1.2816619609782416,-9.626960754394531
4.85634828411675,0.5790215730667114
6.429854346358795,-2.08298659324646
4.71112087372323,-3.746875047683716
-30.7199022255615,3.426239013671875
-3.8590388668775,4.9815521240234375
-10.6557437737239,-1.0790551900863647
-13.4460672849668,-15.000676155090332
-5.527709296795018,-0.5133851766586304
-1.876637029070265,-12.331317901611328
10.2532613363299,-4.727225303649902
3.00680128293027,10.664474487304688
19.33685959748449,1.468942403793335
-0.1058882282985149,-11.16485595703125
14.3436638764016,3.6230063438415527
-16.1535771788668,-24.03725814819336
0.9480162028997956,4.844928741455078
-18.5891767455387,-85.3791275024414
13.309934514349203,-1.4256433248519897
6.02246857213521,-10.37890625
5.16750826555368,-1.7203035354614258
-1.0190872666435924,11.34128189086914
-19.100904418149,-8.061466217041016
4.743603615290096,-25.100149154663086
-13.8157551615103,-46.84288787841797
-3.802611775309477,0.734174370765686
4.30511943579503,-5.468270301818848
-22.482844278002705,-4.208946228027344
0.60779733849738,-6.176497459411621
17.8138573048897,1.7213475704193115
-38.4626262988146,-12.918451309204102
-0.6089836493556324,-4.476984977722168
0.8617451361473882,-7.592987537384033
-2.40000424902785,-0.7967467308044434
3.7078671714499096,-6.671812534332275
-2.390619984667185,-18.588478088378906
-15.559462368784592,-13.161057472229004
-13.790764753514,-1.406379222869873
-9.325981865786185,-14.048507690429688
-58.4491138315396,-15.54177474975586
9.550892694239591,2.2214231491088867
4.435147085081137,-0.9899795055389404
-2.3538192484503564,-0.5774295330047607
-5.83438093189622,17.53390121459961
-7.10827059552493,0.2819976806640625
-12.414939844598162,-8.074836730957031
6.6154810826822,-3.714822292327881
1.3155747227446202,-4.970091819763184
-2.56542276271332,7.61873197555542
-13.546032832554804,-7.252345085144043
-16.600339428286603,-9.227319717407227
2.9737175212081803,-11.146453857421875
6.167862854629888,-3.332310438156128
-40.922076323723,-16.40205192565918
16.9349100756105,0.462931752204895
-12.24911226903676,-9.713565826416016
4.867927463076468,-2.461615562438965
-21.6327950573002,-10.072639465332031
7.11033993521173,4.586381912231445
-9.59094984812801,-21.098493576049805
4.92186081619874,-0.18727603554725647
-7.815562497274902,-9.278523445129395
-2.20364176327536,5.262565612792969
-19.6754058911438,-16.001224517822266
-91.8886792382854,-9.845314025878906
-20.9507978903398,-16.046369552612305
-17.8084408175675,-11.128798484802246
-62.9612541332419,-18.112014770507812
5.598134989920393,-2.3367555141448975
-7.283890318199592,-8.35770320892334
6.1026124307435,-0.9647383689880371
7.42840635595139,4.34180212020874
-5.179391847578812,-7.413613319396973
-4.873152982370568,-10.417203903198242
7.276768036701751,-8.336332321166992
-10.739322929783883,-6.486464500427246
-22.9219832537164,-30.489118576049805
1.5259403537211615,1.26663339138031
-44.7886924625105,-15.220635414123535
-3.72583443525641,-9.453495025634766
-14.57002364123529,-16.757164001464844
-10.128266274366498,-11.036820411682129
-28.0249952668106,-16.363489151000977
-26.24662901330595,-16.959365844726562
-40.3645652505015,-24.926528930664062
-30.8056950922951,-8.162546157836914
-3.9552380984537248,-2.3936262130737305
-2.1789667599796294,-0.7834396362304688
-0.5734820606807138,-2.0879015922546387
-1.1617148968623687,-8.078088760375977
3.42848617073407,-4.670539855957031
-17.4030551064212,-14.017542839050293
3.88109013796494,-4.083106994628906
9.400493271217616,-1.8068535327911377
-11.302161927872188,-12.52353286743164
-13.3709137252944,-12.798988342285156
-6.79658968512302,-12.8211030960083
4.509456424718162,-0.16304844617843628
5.45103123545738,-7.216736793518066
8.149714042401495,-6.660491943359375
-12.909180343140196,0.8429027795791626
-6.61979034735207,1.9123066663742065
11.9978624338519,11.159500122070312
-12.53254789251529,-6.729923248291016
-8.36198121766124,-18.567779541015625
-4.361976736345532,-4.105756759643555
-0.1898191226144924,-11.431436538696289
2.3166834950764685,-3.299142837524414
-12.6203596574975,17.491912841796875
-1.207429910073891,-4.537086486816406
-29.7403775200217,-10.03725528717041
5.31082796058257,-1.4490491151809692
2.97844031586002,-8.567107200622559
-12.533050119535002,-7.507729530334473
-5.8684323426223,-1.3550984859466553
2.391980620215489,-2.8250234127044678
7.73570234615748,-12.991678237915039
1.166748445159433,-1.8299560546875
6.093529951556334,-4.857291221618652
17.709922444879297,2.0317511558532715
11.779516260068313,-0.88185715675354
2.4866177573815964,-0.4204864501953125
-30.89708550466269,-19.788227081298828
-9.231606713935047,-5.552867889404297
-13.4089268865456,-11.839422225952148
-9.06573754635488,-8.110733032226562
9.30630078585379,-0.4389442801475525
-7.156550033865472,-10.436868667602539
-10.5414716495377,-6.70735502243042
-27.8178569354009,-27.157466888427734
5.3817717725564,2.6049957275390625
-35.155236696245,-19.490095138549805
-21.4141717786538,-25.08324432373047
-2.6053130644292946,-1.0681233406066895
-9.953220777101093,-6.682926177978516
-8.798237091769485,-9.281953811645508
-27.6920167541674,-7.556305885314941
8.017093587799739,-4.457035064697266
-0.3550158381598589,-1.8636279106140137
-1.19024715514191,-8.255390167236328
-3.2855896341823474,-11.61361312866211
1.844566842421384,-6.695260047912598
-30.7366736665872,-30.180442810058594
-11.338238855350506,-10.444786071777344
-1.059512617215007,-0.9264509677886963
-33.7712071062874,-42.20446014404297
3.812227003524945,5.554719924926758
-2.8472026300298463,-18.240325927734375
-21.5871320482388,-7.385614395141602
1.845960760756301,0.9681587219238281
9.06213659212517,0.49953699111938477
-13.950148061363093,-10.28068733215332
-15.1006814359747,0.534218430519104
-8.65496498210776,-5.515937328338623
-31.18852367408345,-17.1051025390625
2.35160533891099,-12.800010681152344
-7.06329362397977,-15.94793701171875
-11.299328727708405,-12.218306541442871
-5.73967918172164,-2.8113255500793457
-4.062121175440552,-0.9840894937515259
3.62056380925444,10.107105255126953
-6.512385872303066,-12.112645149230957
-17.2817979072755,-22.40245819091797
5.79128728304933,-6.317722320556641
3.7921116228684086,-3.8773653507232666
0.51700222845629,-2.2463340759277344
1.0966146270020711,-1.2212440967559814
-6.613686761665703,-21.38797378540039
-39.873530292237,-35.76948928833008
-35.0272315856836,-13.99679183959961
0.2475632146873464,-3.9988248348236084
5.59963570142504,-7.239493370056152
5.29419053806362,-0.8712682723999023
6.457932781589695,-6.115358352661133
6.4251548431743295,-11.466537475585938
-19.7885249955934,-17.202518463134766
-2.4097304318056905,-5.884521961212158
7.543407488617369,0.8316067457199097
1.83593808226401,-3.3595921993255615
-1.5082203021212124,-8.352461814880371
5.99108205682079,-10.463817596435547
-18.1797235112709,-1.0491198301315308
-12.840088322870097,-26.104839324951172
-2.23616712442702,0.5147425532341003
-4.662511414401839,-6.650200366973877
3.41802282280863,-6.790998458862305
-12.0320822507053,0.4175071716308594
-25.9801803981754,-16.112838745117188
-5.97419023328963,0.7891407012939453
15.4186986077963,21.018688201904297
4.480465220149085,4.99725341796875
-13.2363849677504,-18.72629737854004
-9.362863686069195,-12.229228019714355
4.128157012788561,-1.7845499515533447
2.26767773086615,-1.4699945449829102
-24.1634597090208,-24.541553497314453
10.013204486477417,-3.0177488327026367
-31.934070451053,-10.21303653717041
-22.9515728231767,-1.2807369232177734
-11.219410776078313,3.4801559448242188
6.00089213826483,-8.076820373535156
-28.9638748432599,-12.094586372375488
3.11049964318654,-1.7222880125045776
-1.073248118887358,-3.1270906925201416
-10.249148139079496,-17.396530151367188
-13.14009076535719,-15.049816131591797
0.7364260970712593,-3.784533977508545
-44.9949251983702,-5.525920391082764
-5.159519294761907,-8.201909065246582
1.869241020829697,-18.332351684570312
-55.54568697318505,-23.604217529296875
0.3065104335081801,12.682700157165527
-10.386374558578522,-2.3543946743011475
-3.0345245902191325,-9.620295524597168
-57.144820014625296,-17.64171600341797
2.85060083445348,-11.480541229248047
2.446050707651698,13.551227569580078
5.50221601830175,-8.804895401000977
3.455876052191651,-3.9118783473968506
-14.6157572128631,-10.906800270080566
-0.874105623616695,4.451396942138672
-1.378759213278819,3.3501014709472656
1.350733135180331,1.3968219757080078
-1.94666134980912,-4.564645290374756
-3.36735139960915,-2.300507068634033
0.8319171014720902,-3.700169563293457
-40.2101205720394,-5.288823127746582
-24.577379709126298,-14.763882637023926
-18.6292132467089,-8.613629341125488
-46.39510994896701,-26.502832412719727
-2.487076105276776,-0.9781646728515625
-4.752960817423343,-10.308483123779297
-0.1160299782726794,15.183849334716797
-18.5277286275242,-7.0289506912231445
-14.1325019191809,-15.217334747314453
10.909208084253878,0.6006803512573242
1.30779520720034,-1.578888177871704
-5.77436797253085,-7.6445770263671875
3.986867952152618,-4.392263412475586
-21.7936206120663,-19.71802520751953
-2.643556292002,-21.826019287109375
11.0853991753379,-7.475654602050781
-12.9397422629832,-9.115827560424805
-0.190891674386513,4.3877410888671875
-6.32558602127377,-4.900244235992432
5.391699208755202,5.357867240905762
-8.998840630677615,-5.666778564453125
-1.6005087696864486,-9.762574195861816
7.5482379424635875,0.2769111096858978
-7.642910278690365,-2.834972381591797
3.719171936095444,-0.6307567358016968
-0.8981307679622897,3.2141284942626953
7.06032809637297,0.6217517852783203
-3.134999611446543,-7.723563194274902
-5.94174589421185,3.297234535217285
-17.7883076547542,-16.222999572753906
-25.2381267145584,-11.062677383422852
-27.5445722402187,-9.009195327758789
2.6678241356197647,-7.123607635498047
5.02066543392875,8.708328247070312
-1.67197513843126,-20.22085189819336
6.58117049992555,-3.7241830825805664
3.12612254618191,-3.0776093006134033
-2.1147225087047508,-3.702587366104126
-76.9668504799361,-8.318660736083984
10.11870938841209,10.563335418701172
4.755697845162629,-0.0612826943397522
16.5479703149859,2.9970712661743164
4.001938538520379,-9.707878112792969
-14.1813773041305,-11.434738159179688
0.7709161631446207,-8.575963973999023
-24.2508933717269,-9.373093605041504
-22.3071231538392,-21.22296905517578
7.2595381633228,-5.764029026031494
11.555346181601609,-4.944815635681152
-26.258782255785,-10.461116790771484
10.3189652047012,-5.937402725219727
0.809697096857583,-7.713703155517578
-18.5255095356289,-24.672409057617188
-1.0680791130593923,-6.01710319519043
-3.5390830989045075,-8.479321479797363
10.468583156479704,-1.017564296722412
-10.613183176373598,-14.506362915039062
-6.40442742836347,0.07681888341903687
7.196532980977684,2.138120651245117
-10.586292641023492,-3.2511610984802246
-26.79502671025515,-26.17877197265625
-7.187555808667961,-2.1951377391815186
5.4465900456679694,-4.236800670623779
3.1988276731025875,-6.18205451965332
7.827394642815597,-5.878249168395996
3.887422638441485,0.4814605116844177
-3.41466344580097,2.1122817993164062
2.667044757168528,0.9025912284851074
1.0590749185315824,-2.416189432144165
-3.9965921287470247,-8.01715087890625
10.982614675109394,0.23311030864715576
0.4076170529080399,-3.72894287109375
2.71319811317338,-1.6057710647583008
8.652061852316729,15.346778869628906
-0.6579761516790089,1.9314804077148438
-51.6773231694491,-17.48418426513672
-2.8325461302865187,-2.0272514820098877
2.12749125232924,-24.05632972717285
3.562549470771905,-5.2203450202941895
-16.517773128145326,2.255949020385742
6.874655354673765,0.7781467437744141
0.2047767843086013,-3.4819257259368896
-2.698758931910008,14.588630676269531
1.8601156760560384,0.7150421142578125
-22.2455703021075,-23.62253761291504
2.4288820651169605,-23.8758544921875
-16.8307740899425,-1.8313376903533936
20.7191486697607,6.529705047607422
-30.7261055182573,-15.866019248962402
-38.4849400567448,-40.78281021118164
-14.3103126367969,-8.51947021484375
0.7860328468455551,0.6261813640594482
-48.3858044800915,-12.664559364318848
-3.21662088766757,-1.1352697610855103
1.675245639565673,-1.9486465454101562
-90.3299705619704,-17.911619186401367
-9.28527551691871,-2.8425240516662598
-1.2293411329062325,-3.755808115005493
-4.534682244798708,-17.455821990966797
-68.1959205924323,-18.08837127685547
-24.5242345195019,-28.01654624938965
-2.77042962989298,4.645785331726074
3.8009101564042025,-2.7622909545898438
8.933703319425492,1.4282963275909424
-11.341527235964405,-16.773239135742188
6.71098989067457,3.707028388977051
4.54734483862441,5.805777549743652
-5.16341129781556,-11.437776565551758
-49.062306315025,-65.88861083984375
5.26551760771767,1.5021276473999023
3.33951124606136,-0.43245744705200195
5.006519903780723,2.0037407875061035
4.05485944970297,-2.51524019241333
2.283405953189745,-1.7056522369384766
-2.66483863280114,-14.28226089477539
12.566471603210276,-0.5913251638412476
-27.9020155354992,-9.49221134185791
8.88265541550952,-3.6149840354919434
0.1652887870268324,-9.50369930267334
15.4985727759109,0.013653576374053955
9.014890317831036,-4.495131492614746
1.4803529144374856,4.555514335632324
18.1939100849816,-0.0014641284942626953
-2.6304973605131474,-3.935455322265625
-5.493763326806099,-3.1757419109344482
-0.6715208179901364,-5.4998345375061035
-36.7383193130824,-21.00432586669922
5.062784719364307,0.6808454990386963
-12.026803679110706,-20.591861724853516
-3.01321716593974,-23.283946990966797
8.35813394800668,8.099821090698242
-3.60075442831331,-1.475003957748413
-9.509135784465323,7.950517177581787
-19.6175855102284,-6.972696304321289
-27.8629509568953,-6.104813098907471
1.74273211890989,-4.068659782409668
-2.19578977406709,-6.125537395477295
2.42002639701588,-5.315225601196289
-25.55316918036869,-10.942340850830078
5.635020609606415,-2.543545722961426
-34.727836669101,-8.55420207977295
4.4516036428765,-6.92875862121582
4.967381413305823,-9.802467346191406
-6.81516141534704,-1.0407668352127075
-24.3954295810688,-9.941229820251465
8.658679095048068,-1.013469934463501
3.7347243087796,-6.330741882324219
-12.909633143366396,-9.885672569274902
-60.49569009623433,-63.50600051879883
-3.790702882666694,1.4565349817276
-12.41068356063,-8.366111755371094
2.76740193393285,-4.224026679992676
-18.9061714872788,-1.6814632415771484
-3.681083449701528,-15.406938552856445
8.13893448615947,0.07950127124786377
-51.402683514636095,-21.98355484008789
-3.0703466753296,-0.8482761383056641
0.4646043967887734,-6.7910661697387695
5.989492839405608,-11.735732078552246
8.833837192566008,-5.332400321960449
-26.1965705632023,-1.4076333045959473
0.0804428699766095,-8.030012130737305
10.229168329440906,-11.582334518432617
2.12042655289975,-0.07969474792480469
3.88810032819938,-8.663619995117188
-31.515616413872173,-9.508460998535156
2.28163515100639,-6.428150177001953
-9.633163292669298,-8.063462257385254
2.63206586722876,-3.965517997741699
0.3189015990893598,-16.161474227905273
-6.31868596379813,0.7371937036514282
-6.4648984000359935,-22.504520416259766
8.91646092056966,-5.118795871734619
-42.637521131086125,-9.126516342163086
-89.5439156156453,-79.71968078613281
9.179556151687803,-2.802309036254883
8.754663680824095,-6.75386905670166
0.8838679103249854,-5.294089317321777
4.338369925074482,-5.715324401855469
-18.23432595343749,-12.446569442749023
6.92534745147092,-3.8028953075408936
-1.768261666543676,-3.864760637283325
-7.87226820943855,2.7272844314575195
-12.0847368637308,-12.540426254272461
-4.4222229386498375,-3.7422380447387695
6.63109301847755,9.272270202636719
1.675381804264854,-8.986191749572754
-6.897600670415837,-15.229679107666016
-12.2774867069717,-14.852958679199219
-3.963646539183849,-0.5168974995613098
-2.552277046947741,-11.4989013671875
-10.78700495517378,8.141956329345703
-6.426376983867103,-2.9809186458587646
8.2142562177934,-4.487191677093506
-16.967828162594074,-7.648221969604492
6.07843040491799,-7.29205322265625
3.08443697315444,6.2101898193359375
-1.3811964732242277,-13.917949676513672
-4.51305804704249,-51.400230407714844
-9.93375477053989,-0.4915444850921631
-0.6581754288220045,-1.1124905347824097
-7.952166005584182,-12.28734016418457
-13.563015982384195,-7.0507612228393555
-47.9957157156951,-21.89087677001953
4.96190002222477,-1.682164192199707
-2.0240269290899,7.561805725097656
3.47166270740147,-6.610321044921875
-5.2815921348029296,-0.1966245174407959
2.369358494612781,0.6228935718536377
-4.214346026907057,-6.355292320251465
-23.8934551543691,-18.081180572509766
-1.0659561461183158,-9.33745002746582
3.126169348435272,-12.9454345703125
2.35164464781062,-0.6276178359985352
-1.79502295092813,-2.5675857067108154
-15.957982665262508,-15.984187126159668
-64.65676531723692,-34.355690002441406
-27.8195558011628,-30.527812957763672
-10.480511156242285,-13.799585342407227
-6.18357684414468,-6.980959892272949
-6.75960002722117,-0.4865751266479492
4.4105627388370605,-5.524662017822266
5.58846482112586,-4.92661714553833
-16.8483709423333,3.22296142578125
16.1850033157246,3.851393699645996
-3.34531377329845,-2.210540771484375
5.893700156574014,0.6912882328033447
2.745769909533195,0.17821502685546875
2.53362859007723,-2.318270444869995
1.0880788430276551,1.3641413450241089
