Score,Pred Score
4.2006804390709,3.0550594329833984
4.76541245752904,0.4557199478149414
5.87221574658101,2.574075698852539
-12.955988512618,-33.807960510253906
-14.4061745570978,-21.70145034790039
13.644333664082708,6.236982345581055
7.522446474796843,-7.225345611572266
2.858782897786812,-2.338275909423828
-49.8653288018085,-57.26441955566406
-4.029904705212941,7.210084915161133
-6.2026319104393295,-16.325088500976562
4.452168509343501,2.4572200775146484
-16.475900892606802,0.04469728469848633
-11.03094492075089,-29.886898040771484
-8.08045020128908,-6.747887134552002
1.39259946716825,2.046314239501953
-14.885807229381896,-4.241552352905273
-11.113180908425988,-11.64523696899414
5.506094216928792,1.669835090637207
5.29091659278858,5.361328125
3.42106467876526,5.306441783905029
5.162821279449693,-1.8694920539855957
6.020551076354931,-6.047093391418457
0.8086942897832163,1.3568763732910156
-8.80546181278599,-19.587783813476562
-7.42349600405968,4.871262550354004
-14.4731176558811,-8.90977954864502
-35.5448186771701,-16.340497970581055
-1.657597602265355,-1.7395908832550049
-1.930224441335125,-7.782099723815918
-10.398648228661925,-2.0454063415527344
-1.6521884315998507,-3.094266891479492
1.3131129859732091,-4.955288887023926
-0.1240821746904601,1.846733570098877
-35.1709788883515,-32.619049072265625
0.6771989561182002,7.507865905761719
-5.8677981963370005,-10.75164794921875
0.7982616963508231,-6.876682281494141
2.595279020812243,-2.8585262298583984
6.9472187772133225,3.1246914863586426
-41.1395198834054,-30.413227081298828
-35.4604736838065,-31.32744598388672
7.87379173269718,-3.8278017044067383
-8.72128086410909,-37.514949798583984
-82.13826531723697,-6.284872055053711
-9.70693692529289,-18.61962890625
-61.4386715672369,-51.63698959350586
7.10938257895085,5.21685791015625
0.4007388327427847,2.761338233947754
-0.7455370396145937,3.249375343322754
1.674966057420845,7.532914161682129
11.877856996640997,0.07206058502197266
-0.9096556467231308,-2.244584083557129
-1.4680391508473674,-3.865163803100586
15.6414782015599,2.7055206298828125
-10.35739215730591,4.576591491699219
1.926107182225645,-2.3600034713745117
6.99756701325662,-0.04065132141113281
3.54836143321337,-0.7696304321289062
-7.726553411266567,-6.875797271728516
-48.51478094223695,-50.329647064208984
-3.0453156276270903,-11.274962425231934
-3.454798154796729,-0.04158782958984375
9.503977484174175,10.832452774047852
6.001532732018722,7.035376071929932
1.775572054007981,-0.2888755798339844
-2.6871577689602653,-4.1696624755859375
-7.920344649869953,-5.39998722076416
2.578081311550471,-1.181351661682129
-14.434457477598505,-7.506616592407227
-1.338045882914232,-0.6853542327880859
-44.1817825469333,-34.76129913330078
2.4314234692194163,6.038553237915039
-2.35314836228574,-7.098005294799805
-2.07036107592124,-0.19003868103027344
-6.560167066336443,-6.2772369384765625
-2.54688332955635,4.309966087341309
-7.940842049461227,-3.330596923828125
-7.789052707582185,-7.282883644104004
-1.4295761119406232,5.132704257965088
7.206977941743588,6.642305374145508
-4.081394009803599,2.8364648818969727
-30.167243616457,-35.02107620239258
11.7225687296843,5.14280891418457
-0.8984319813221007,-2.0561017990112305
10.349523074958825,4.101546764373779
5.42147270471237,4.975066184997559
-0.3136273830120112,-0.49459266662597656
4.398848813602776,3.321775436401367
2.099307195887115,0.9366321563720703
-61.6890402284636,-40.89602279663086
-7.08434802004719,-6.295295715332031
0.6962467393230812,-8.756834983825684
9.0758909366509,-1.2396149635314941
-1.9263965715605047,-2.2717227935791016
-6.262949496708321,-0.2755575180053711
-4.739766082030863,1.8813371658325195
-36.8822022827233,-21.40589141845703
3.24770439300306,-1.0109481811523438
-2.289513933263135,5.375901222229004
1.41805545618482,0.14267253875732422
-24.4432878855492,-4.235469818115234
-24.96156751119129,-21.467166900634766
-7.734574598544068,-22.835643768310547
2.79124989437018,3.4855499267578125
-5.17831154550348,-3.385725498199463
1.5275640312561216,0.8047995567321777
3.682989905065457,4.432229995727539
-10.8237586662752,-13.607836723327637
-6.929951553081727,-6.660590648651123
-27.96215708599589,-9.366211891174316
-2.88087637063392,-0.5037202835083008
-5.960419628776203,9.633207321166992
-37.189874708633695,-14.984648704528809
1.1496085756031087,-1.1945037841796875
-12.7137936794919,-9.158313751220703
8.398744223780918,2.8004140853881836
-33.3004252633332,-28.010196685791016
9.144089281431205,9.258966445922852
4.065326821312747,1.9306068420410156
-41.9047429025821,-31.43707275390625
7.383552345763623,-2.54644775390625
6.364261125349779,-3.1580677032470703
4.841793570156368,1.2556076049804688
1.6198341998494314,1.9393692016601562
4.179707781567577,2.591397285461426
-14.7229944429405,2.5907344818115234
7.078924552126015,-3.791102409362793
-12.898019313824,-8.174839973449707
-70.8116033690518,-16.157503128051758
12.7359625054994,3.1832237243652344
5.586124430090477,8.222186088562012
3.028467183462371,3.1391143798828125
-5.830142578087577,2.497878074645996
-22.6841489367301,-25.578834533691406
-1.51657819068512,-8.130245208740234
-81.52648016021857,-19.600820541381836
-3.36903782007548,-2.286266803741455
-18.707844022,-16.97018051147461
-34.48768519828235,-18.19313621520996
-39.7169735486916,-0.0766286849975586
-1.593720937577549,0.488391637802124
-23.2954444871652,-18.355989456176758
-45.30258920076982,-25.998722076416016
12.5056328567953,1.946497917175293
-11.9299972333177,-6.5413618087768555
-37.9495035857927,-5.500011444091797
0.7001962140772594,5.139434814453125
4.49418879319923,1.4547300338745117
-39.0646563811545,-37.789039611816406
-9.09730633851708,3.085235595703125
-17.5589533745204,-18.594600677490234
-4.92782811871599,-0.5254135131835938
-8.2299173561342,-7.6370697021484375
2.60625970962018,2.320845603942871
2.726862934921635,4.939495086669922
4.071661498679735,3.7471694946289062
-13.2494383747796,-0.5661020278930664
-11.9154244975033,2.283754825592041
0.9090871567987184,-6.1535797119140625
7.92708077877978,-0.5503597259521484
-3.119647295186995,-4.983854293823242
-2.248378586620203,-3.2332687377929688
1.6646916021852596,-1.1537084579467773
0.1590569364430157,7.157558441162109
-77.3623903172369,-66.4278793334961
15.8859560938761,5.3551225662231445
-3.11888044241469,-1.2038650512695312
-2.7468186065138984,-2.2246785163879395
2.77922195660905,3.7015380859375
4.052279150357491,-2.240248203277588
-4.03806373695381,-8.38690185546875
-2.4461467814868523,-2.3382949829101562
-0.1639564470097907,5.874159812927246
0.8542168432631491,-9.900826454162598
5.84905996845087,3.6007957458496094
-5.77665564868809,5.157135963439941
-3.7008288999313423,-5.287715911865234
-7.18713065449027,-12.12723445892334
-0.9529303605806088,5.953518867492676
-15.902118442879,-16.497875213623047
-28.0636361890057,-16.625444412231445
-26.912205886836706,-22.60736846923828
8.596988309863011,8.125526428222656
0.2877587512502297,3.1744799613952637
3.3899996482015826,8.25500774383545
-20.5869014386951,-14.883660316467285
-9.341800010912078,-3.707000732421875
0.1692077246922899,-2.4538841247558594
-1.857666460494741,-9.608262062072754
-13.2752747780792,-27.027217864990234
0.7445982178878973,1.0468120574951172
4.49646859469848,-2.4189929962158203
3.60913262992784,-1.6870079040527344
-5.653435188749545,-0.7201786041259766
1.51502173443586,0.8191728591918945
8.143116180793372,0.8497848510742188
-8.36164856265281,-15.41474723815918
-1.130678948105339,-2.772500991821289
-4.349210006555943,4.910089492797852
0.2594141505344826,-11.659655570983887
-32.1283374054069,-17.75775909423828
-1.9051378030600723,5.083791732788086
4.768047800449637,4.859678268432617
2.264898495983479,-12.096802711486816
-6.47138721063866,-10.408746719360352
4.93167956005568,-7.906500816345215
2.4851768276660025,-1.8210439682006836
-3.930469946192945,-13.887104034423828
11.923948375295712,4.697336196899414
11.616605850275496,-0.050406455993652344
10.41580460128629,5.521379470825195
-8.700462669667385,-7.9018964767456055
13.1991243046288,-9.066492080688477
-4.75101729862813,3.752857208251953
-1.4230966237807086,10.712730407714844
-2.07861348348741,-10.179177284240723
10.292368565007404,4.558618545532227
1.9007667723773176,2.3960537910461426
17.1612744381531,5.657552719116211
-0.1428452494230792,2.7017316818237305
2.4933992323843923,-3.2996768951416016
-13.861300672159,10.072519302368164
-1.7943154401891548,-5.188127517700195
-4.15624175439773,-4.7918291091918945
-14.277645616907492,-12.323118209838867
2.713132201978397,-6.382941246032715
-13.315456279797685,-19.24524688720703
-5.36204355968609,-5.546910285949707
-1.4872271509121793,-0.7669034004211426
0.31232235517322,3.259248733520508
3.0307168501552093,-6.918823719024658
3.4484762474106,11.34058666229248
-34.0729170807354,-28.817176818847656
-25.0659802428987,-1.6486339569091797
0.86771933446589,6.38347053527832
-11.996919710325,-10.26942253112793
17.2594267615487,8.308051109313965
-56.2560888739038,-43.385066986083984
-12.7386491421071,-9.722495079040527
-3.520787796436005,3.4954166412353516
-0.8014467498558491,-6.671502113342285
-34.7812340468876,-31.814552307128906
7.158235365631607,-16.914445877075195
3.29681579894721,0.6636943817138672
0.046018285265003,-5.304897308349609
2.046344769010002,0.23444700241088867
4.25403099118957,-0.3837885856628418
3.7804230286959792,-21.426576614379883
-3.773219093074008,-7.492918014526367
-9.722403045722997,-4.194323539733887
2.81101468536903,-10.57071304321289
-23.7494411406013,-11.309618949890137
-75.56229656723696,-56.73178482055664
4.366245372711767,6.155486106872559
9.94612085382829,4.019170761108398
-8.207132148775708,-20.996898651123047
-3.09775596823669,-7.876017093658447
3.77256113899207,0.9423885345458984
0.2016574678685985,-1.1710329055786133
4.38808277416547,-5.414748191833496
3.7092867134231,-6.252367973327637
1.6740112862957208,-4.128473281860352
-5.472376660417956,5.048053741455078
12.283123760680592,4.624941825866699
4.417989059347175,0.40032958984375
1.907333647224608,4.629922866821289
-3.73521146317182,-5.664979934692383
7.837521570550837,6.110611915588379
4.82455755953161,-7.691628456115723
-0.6472060937938101,-6.049684524536133
-8.237956686764985,-15.487942695617676
7.36579899286375,-2.075775146484375
7.859716520666763,-1.2663555145263672
2.765011277030255,-7.878211975097656
4.62415639298937,4.164611339569092
6.430237727930085,0.8128547668457031
2.44728958086436,-5.666382789611816
-1.93656353174353,-0.7830524444580078
-33.7845903951132,-29.27338409423828
10.960301672714698,5.083539009094238
6.147225205740463,-0.5289449691772461
2.4659746492236927,-3.5511350631713867
18.2642273209106,1.4862403869628906
7.656482330373112,3.606215476989746
-63.2346715672369,-47.691680908203125
-22.9610154952969,-30.522911071777344
4.39789099231211,-1.0822839736938477
-46.587141393021525,-37.27542495727539
-12.281506448986304,-3.5972328186035156
5.220668557811489,-3.6609554290771484
-1.4412632820262703,-8.532242774963379
-35.163016426576704,-32.5770263671875
-31.380009974583203,-34.19065856933594
-40.7258600860177,-18.42213249206543
-35.3994683825842,-31.067548751831055
-10.968565079401992,-4.870112895965576
15.384553292915324,-14.32884407043457
-0.4271227388875901,-4.090022087097168
-7.69948364751984,-2.3904342651367188
-26.6822467124322,-12.665210723876953
-0.2823200449385875,-10.759191513061523
-3.8453528225106623,-7.067386150360107
-2.4599041427842496,3.7626876831054688
-12.7315114055493,-6.504646301269531
1.418014053180695,-3.364346504211426
-3.4922781726655696,-11.909141540527344
9.58062385928767,-4.2030439376831055
-17.5801214502402,-21.039691925048828
-49.5120706514507,-42.850650787353516
-0.4503474699443348,-9.74252700805664
2.332279780348585,-0.8669695854187012
-42.2483635713802,-37.806373596191406
-5.00028834575103,-6.424478530883789
-5.14141487663266,-1.6691780090332031
-19.923371510770203,-4.744269371032715
4.28301459624688,1.8491926193237305
0.3224388648416145,0.26319169998168945
6.795393661635613,7.428420066833496
6.720388221210122,5.473145484924316
-20.7558388881914,-2.6581168174743652
-12.5922662394529,-15.516327857971191
-5.19085420781142,5.950103759765625
-27.3858072066324,-32.115020751953125
6.488490212037078,3.6269092559814453
-12.5233171201947,-14.828165054321289
0.996650643215182,-15.135719299316406
3.27144637329635,1.6018791198730469
1.203208947199059,-3.874260902404785
4.5031585012656095,8.720489501953125
-46.6686841099013,-51.23896026611328
3.600655729290548,0.06573200225830078
-2.7077151362496297,-13.874730110168457
-42.936846127142296,-35.679100036621094
2.679404112105611,5.4349517822265625
-23.975827854410426,-20.740612030029297
-24.4869919201538,-28.211143493652344
-6.22433036882608,-5.811113357543945
-24.992167376126925,-15.498038291931152
-9.742168339465294,-4.435921669006348
0.1235817830644999,-6.210758209228516
-11.607028837624,-14.135254859924316
5.321680837772678,-7.521657943725586
3.3452637215970498,-4.20439338684082
13.015759276594096,8.772416114807129
-6.13466459150186,-8.02120304107666
3.0897024917955025,-2.370143413543701
3.557691046156,1.5631399154663086
2.0008593011464906,-6.501771926879883
-1.2671721747064446,-4.668516159057617
-2.989164004622407,-10.436151504516602
-2.43808381047612,0.7623786926269531
-11.30813578108209,-1.7689507007598877
-9.619042312244815,-25.066667556762695
-4.01456885639382,-8.79973316192627
-4.853312003098937,-26.3431453704834
2.78743688363977,1.6756491661071777
3.6035536346157695,1.579737663269043
6.09033976794457,-0.11971473693847656
-5.89266438028177,-0.9205436706542969
4.780848076735348,-3.581171989440918
-20.7592210135025,-23.938302993774414
-3.637071869773312,-15.51523208618164
-4.396710286499547,-4.7521867752075195
9.04709717330502,-15.307526588439941
1.69213972357191,-0.14470863342285156
-27.068723822751306,-22.525781631469727
0.2886204877907422,2.266864776611328
-0.592182005541919,-13.746098518371582
-4.736229867816737,3.1950769424438477
7.877641553655238,6.645969390869141
-2.588665914009158,-0.6209850311279297
4.72846919446815,-2.422093391418457
3.42669038506664,-11.557974815368652
-10.274169876330886,-7.232706546783447
-1.289264920121349,-16.414573669433594
-6.9648772325347394,-17.25229263305664
-1.2236747050651609,-2.3415164947509766
-12.208208404490907,-31.389705657958984
4.40921359309415,-1.0197277069091797
16.4171583068458,11.30435848236084
-15.991582533821994,2.049894332885742
7.809600001042748,2.897212505340576
-3.0331069492891496,-2.153980255126953
2.603164662477901,-4.173147201538086
-24.2572199033326,-21.93878936767578
13.667582002208905,8.468038558959961
8.19307228691883,3.5118026733398438
0.4664503305112299,-6.086627006530762
-6.46133524603972,-10.83987045288086
-19.7520332208299,-20.368436813354492
-7.75971004909346,2.1237950325012207
7.66334596528203,7.6440887451171875
-27.64770126959135,-27.274572372436523
2.125547882163602,9.703155517578125
-1.8239337240231768,-2.847320556640625
3.3696784995100426,-1.5999422073364258
5.265272900492549,-1.7352027893066406
6.753311816554961,-2.572256565093994
0.9434331950199416,3.9951038360595703
2.13745295521649,2.2151737213134766
2.76912169862866,-9.045930862426758
2.409764321136161,0.9483723640441895
3.7606671418030695,12.871395111083984
0.555665600488549,0.6881980895996094
-89.04756219223692,-44.063011169433594
6.987950206462267,10.36780834197998
-10.09410467002709,-10.681955337524414
8.16191414696451,8.389039993286133
-10.731303688850904,-15.53128433227539
7.588764503474316,5.233937740325928
-5.25293160621848,-0.7648630142211914
2.3065604778561424,6.208747863769531
-3.8022266666193874,-19.024333953857422
3.22816419080692,1.4626150131225586
1.1941842843275,3.051137924194336
9.772192422094813,-11.78636646270752
-2.489313079893845,-9.126934051513672
-13.547300817594484,-26.678470611572266
-1.5403494549472296,-6.446529388427734
-5.139364658294922,2.0179858207702637
-1.32131943338233,-3.5518579483032227
-0.5284321769112605,2.720468521118164
0.1119561526876595,0.8073225021362305
14.8508222506114,10.536089897155762
-0.0918051514147744,8.37867546081543
-1.7237618714553775,-2.2108068466186523
-1.5699354762224491,3.5838141441345215
1.5718362711845366,0.3980741500854492
3.58036180553514,4.163885116577148
7.45084701577923,-5.023403167724609
-7.378812419643663,-5.477268218994141
-33.1832620874725,-28.35622215270996
-6.066411004621831,0.6357498168945312
-16.4910721624856,-25.755949020385742
0.8267526169764301,-1.1207561492919922
-9.762453719841735,-16.8079891204834
8.07102955700163,8.003304481506348
1.741670982094262,2.5316572189331055
-0.0053525606393112,3.634491443634033
-51.4043293278057,-28.59168815612793
14.9415296965116,11.5293607711792
8.70853787657841,-3.639460563659668
-2.149900469098629,-2.6021575927734375
14.8229623836697,10.248723030090332
-0.0379657812584102,-5.688433647155762
-15.3173389528898,-5.00153923034668
-1.7663441991754285,-4.3304901123046875
-6.708306328674888,8.0233154296875
-78.7451798053926,-29.801897048950195
-0.5413656534735456,-3.614058494567871
9.625121597198186,5.527986526489258
-3.15562863494722,-5.820554733276367
9.60447820177431,-1.573765754699707
-3.31847606547329,-2.0910229682922363
-4.12581810820042,-7.6045684814453125
1.7706121017107803,0.42957592010498047
0.5117341060036625,4.743091583251953
2.63157412115867,-0.48955821990966797
-4.763634360062484,6.114416122436523
-11.18181257464061,-6.167667388916016
-39.4932668903457,-13.419601440429688
9.206200380526292,6.2384185791015625
-2.93911844531118,-4.799964904785156
-28.13472322157985,-26.22820281982422
9.62907409316032,3.049670696258545
-7.042636248773623,-6.938920974731445
-4.03025121975644,-5.686695098876953
3.42951329804928,4.158073425292969
2.5565427438131976,3.515007972717285
2.8513084033656,-0.8593330383300781
-5.5623675139736175,-1.005864143371582
16.9968892380515,10.2234525680542
-4.144685584269085,3.1524429321289062
-11.221818720505304,-9.659866333007812
-2.111656589218961,-4.2713847160339355
-1.626797120535592,-2.530252456665039
0.7652624054000594,4.5169267654418945
-21.5531296050118,-20.447528839111328
-13.053772031257305,-6.478327751159668
5.42509465390903,5.684810638427734
-5.5186956836840375,-9.958487510681152
-2.260381023139061,9.054109573364258
-30.3377383335249,-20.736003875732422
7.380729755239978,10.853720664978027
-4.172986764275874,-9.1397066116333
-1.2036514942358316,-0.5779495239257812
-35.2906329121599,-6.176488876342773
-2.54595208771381,-10.352510452270508
-10.901275449743116,-6.472468376159668
-17.0078420331655,-19.355911254882812
-17.0314498829154,-8.926992416381836
-11.9784507557909,-4.380990982055664
-19.469018973061075,-2.3168258666992188
-3.2142130797467816,2.7731494903564453
-0.5663484394051013,8.444592475891113
-21.2195468929047,-9.511543273925781
8.077984978184695,12.476284980773926
-17.0119321722455,-17.163358688354492
4.67424026120176,1.9466300010681152
-47.9875704511971,-40.78070831298828
4.316615136301563,-2.2129249572753906
11.2728180991378,9.148857116699219
-3.5546157663424616,-9.426193237304688
-3.15887949932979,3.109279155731201
-1.6422791314174887,2.80511474609375
-3.448025235667948,-24.802457809448242
-13.5632540546311,-19.187246322631836
0.8825935384285006,3.221724033355713
3.27100049685324,-0.1425933837890625
-0.7762273913233743,-3.2551612854003906
1.026942322157092,2.0176773071289062
9.859104788483815,5.6382856369018555
-1.9977872313530125,-6.967782974243164
-13.1809903671301,-6.470237731933594
-35.1782981083837,-39.95163345336914
-35.8337806803641,-28.65045928955078
-7.639409008216227,-4.582326889038086
-15.746453943284,-12.27657413482666
1.055995951979529,5.504072189331055
3.987299411465438,-3.971284866333008
-37.0930621901092,-4.589116096496582
16.694612728237402,13.259031295776367
-4.527979888097892,-7.141669750213623
14.6352674345898,-2.534832000732422
5.034618319433818,1.4440298080444336
-3.77133000272187,-2.4127674102783203
-1.61504571199055,-1.1103076934814453
-56.3663437951974,-43.70930862426758
10.088450856398616,-3.3844261169433594
-14.285610883283098,-14.838676452636719
2.6210618799141923,0.6755495071411133
-2.308732762121495,-6.321438789367676
-83.9761260280997,-40.60337829589844
-1.03656181464744,0.11484909057617188
10.16232173056559,1.1182103157043457
-3.12013961477547,0.37732505798339844
3.010752586641185,-2.3550472259521484
-1.5178355576616795,3.523592948913574
-2.60072537807549,4.572701454162598
-2.367312137177082,5.605470657348633
6.075310726130807,2.9690256118774414
2.24572304437811,3.013038158416748
0.2044267191685782,-0.2662830352783203
3.85944773684647,6.198819160461426
-14.409506408843407,-7.704305171966553
-2.683955047842884,-1.7222485542297363
-0.0075038478591599,7.330302715301514
7.190050317883171,2.5001602172851562
-2.1691769605730515,3.2906951904296875
-7.910003358009165,-4.7467193603515625
-69.1366966634013,-33.794376373291016
1.437241653553571,-14.06032943725586
-20.7409218490905,-4.135022163391113
3.78247800369874,9.076822280883789
7.909526276907584,8.733901977539062
6.097122298913325,-12.43561840057373
24.5800902168924,4.999275207519531
-9.979741434164584,-20.471439361572266
3.1327986373042376,3.897589683532715
-8.393586343504198,4.571952819824219
8.678125432705007,9.207379341125488
20.7428439693387,-0.3795042037963867
-1.511416195100045,-16.48508071899414
-23.3725501337939,-5.180011749267578
4.69437535963172,8.593127250671387
8.24149319055937,2.028627395629883
-0.2898522089969393,0.4385643005371094
-7.19378137939456,-8.173507690429688
1.0271109700113177,1.1243038177490234
-14.564555056626377,-0.543492317199707
-9.657849716236,-17.919477462768555
-0.7280966227290082,15.462785720825195
-21.8962191024866,-19.654956817626953
-40.2614734397264,-28.87401580810547
-1.77750068778882,12.461725234985352
-28.3488859938485,-26.71845054626465
-8.184373188662292,-43.540897369384766
-6.135426654744688,5.432550430297852
-3.270422191581055,-7.047495365142822
-6.055427015859325,-4.796660423278809
-34.3143130117107,-31.51873207092285
-50.4820483838523,-37.840572357177734
-4.639593570653838,-3.2164812088012695
-21.0606958753072,-20.715896606445312
8.747205755218493,8.373173713684082
0.6884341878779402,0.32748985290527344
0.300408103033295,-5.226110458374023
-2.6184282494780104,-4.862126350402832
-37.3999740396079,-23.872896194458008
-10.594900847222812,-6.998720169067383
-23.227454082363305,-34.375160217285156
-15.4814292943448,-11.883125305175781
-6.89310310865277,-5.272089004516602
-11.7962452523223,-5.3960771560668945
-0.3887710448227697,5.184105396270752
-4.0896099478500325,1.8634071350097656
-42.6579269422049,-34.25453567504883
-2.095241650043551,-0.8659505844116211
8.45389840526827,7.815873146057129
-15.5157954828953,-23.921615600585938
-1.9802660997523944,-0.9784493446350098
1.8368511005450223,-0.2530488967895508
2.11900133622217,-0.27188587188720703
-38.4962238749225,-33.58435821533203
0.8069046214032297,-7.060615539550781
-1.73607437190069,-4.214148044586182
-8.46093254820262,-3.973445415496826
-0.0780407432645869,0.1494617462158203
5.009535132419683,4.9363813400268555
-74.9399761386801,-38.91008377075195
2.806732553915905,-1.904038429260254
-10.415057364934407,5.209131240844727
-4.81834176383161,-4.075160980224609
-1.4920816076829602,-5.814207077026367
-0.003939288658445,7.8915863037109375
5.86288473591452,5.025763511657715
0.4443344011282492,-6.017027854919434
5.72263802046558,4.963737487792969
5.46583466116103,-4.694782257080078
5.05355462238675,1.127403736114502
-17.190033530139498,1.6984758377075195
-10.1192188918475,-3.003708839416504
-10.539071528779305,-7.819977760314941
0.2492257167476033,2.8737406730651855
5.35198813185094,8.8515625
14.9823899147147,6.486881256103516
1.7336328627834918,1.6505861282348633
3.2582764286422226,-9.52454948425293
1.1615369027166365,7.443835258483887
-42.4099588259267,-36.46152877807617
-38.7823663998969,-34.430908203125
7.99575647038201,4.521175384521484
11.644495901203598,-3.9194412231445312
-39.0956747424042,-1.3933115005493164
-38.6438610292767,-29.50096893310547
-40.5029244010595,-39.591331481933594
-22.8644313188967,-5.752254962921143
-0.897066728281827,4.770183563232422
-17.6830733389949,-8.024255752563477
-0.0084306638066775,-3.2980804443359375
0.5394390329931549,0.18412208557128906
-21.61387508166409,-13.054738998413086
5.053393098685065,-0.5668449401855469
-15.7834934865799,-21.41561508178711
-58.40351531723695,-42.47640609741211
8.86280218600469,5.0559539794921875
1.888243484494037,6.07695198059082
8.99923705482913,5.3943634033203125
4.133325903305868,-6.856538772583008
4.774357664359128,3.974912643432617
7.418770080750715,-7.878664970397949
-2.25262466719878,0.9325790405273438
-7.071587649042333,-6.074309349060059
4.398742241377427,3.8332443237304688
-8.692928400841772,-4.070428848266602
2.334382802629,4.642622947692871
2.8274240704709,-1.118642807006836
2.1747311895065486,6.866113662719727
-11.9965988914421,-1.9289822578430176
2.776867734737273,-1.7209033966064453
-12.4595255596924,-7.075387954711914
18.5317724911246,12.686381340026855
6.86106163750481,-7.054746627807617
-19.1693792779686,3.2367258071899414
-4.20883890972707,3.908975601196289
-0.3530077955256401,-10.007211685180664
-1.6020246929696491,-24.801517486572266
-7.57557880794988,-2.1186962127685547
13.9692836454661,5.223283767700195
1.289294757415069,-1.4135379791259766
-20.3746494688195,-13.354771614074707
-8.044482691931467,-11.723112106323242
2.51340467963473,-7.335234642028809
11.0282847349576,4.272021293640137
-1.3944922949507652,-7.341691970825195
-26.2706781913698,-30.53473472595215
-71.7765711158932,-43.49346160888672
-44.2857422252861,-32.74711227416992
-3.057699221935841,3.4678897857666016
10.116767222520318,8.933847427368164
-46.9980356488569,-19.475189208984375
-8.677497573270493,-17.568933486938477
-25.781275563237,-8.120368003845215
-2.941164138388841,-11.048453330993652
-26.5692742661385,-23.012311935424805
1.2555345380058751,-5.617712020874023
-0.810306898238276,3.496044158935547
0.2404076931068699,-8.620058059692383
-2.5590885431480426,-5.619727611541748
-11.9846830308257,-2.792062997817993
-5.775806690181939,-9.113155364990234
1.9806048133258944,-22.786865234375
16.618750626525,4.2211809158325195
8.204494762209066,-2.10335636138916
6.80321923705408,-7.184181213378906
11.710679650337616,-4.5958404541015625
3.181253849239128,-7.548978805541992
0.90894434552881,-0.29337215423583984
3.547124544521316,-9.730514526367188
-2.202886656443709,-12.506744384765625
-11.133669865203094,-2.0796709060668945
9.328533024448705,-0.38025856018066406
-0.7012610501602399,-9.247224807739258
-0.3170472839931941,0.1799755096435547
-2.3458288386735573,-0.5346565246582031
-26.1191329979098,-15.953435897827148
-2.33292598982445,-5.56358003616333
2.461922216333884,8.12230110168457
3.73205068567752,4.198888778686523
-22.4462583852743,-23.920970916748047
16.899113604615202,10.334123611450195
-2.85382252753121,-0.5199432373046875
1.2705701336207027,-5.186040878295898
7.960789166364423,9.72620964050293
2.71808902854303,2.715536117553711
5.5273920092716775,-19.663169860839844
-4.11149235653684,-13.903388023376465
-20.9676231329802,-10.550790786743164
-0.89184437235696,-1.340322494506836
-1.2816619609782416,-4.375848293304443
4.85634828411675,2.5595970153808594
6.429854346358795,4.953986167907715
4.71112087372323,4.020788192749023
-30.7199022255615,-27.150989532470703
-3.8590388668775,-3.2946605682373047
-10.6557437737239,-7.5765581130981445
-13.4460672849668,-25.855548858642578
-5.527709296795018,-1.982940673828125
-1.876637029070265,-9.38280963897705
10.2532613363299,7.771793365478516
3.00680128293027,-3.33624267578125
19.33685959748449,6.767492294311523
-0.1058882282985149,1.6847419738769531
14.3436638764016,3.3380126953125
-16.1535771788668,-24.13330078125
0.9480162028997956,-1.177760124206543
-18.5891767455387,-35.76580810546875
13.309934514349203,10.26996898651123
6.02246857213521,4.107330322265625
5.16750826555368,2.490903854370117
-1.0190872666435924,-6.645668983459473
-19.100904418149,-14.230794906616211
4.743603615290096,-2.55674409866333
-13.8157551615103,-7.45598030090332
-3.802611775309477,3.6945581436157227
4.30511943579503,-6.74326229095459
-22.482844278002705,-29.74197769165039
0.60779733849738,-15.54955005645752
17.8138573048897,7.649820327758789
-38.4626262988146,-35.567970275878906
-0.6089836493556324,-0.4490985870361328
0.8617451361473882,-0.7329216003417969
-2.40000424902785,-6.67835807800293
3.7078671714499096,-1.3602943420410156
-2.390619984667185,-8.588375091552734
-15.559462368784592,-17.985454559326172
-13.790764753514,-7.736355781555176
-9.325981865786185,-9.085298538208008
-58.4491138315396,-42.4572868347168
9.550892694239591,5.03298282623291
4.435147085081137,7.448421478271484
-2.3538192484503564,-4.600008964538574
-5.83438093189622,4.201414108276367
-7.10827059552493,-17.583221435546875
-12.414939844598162,-12.797083854675293
6.6154810826822,8.158295631408691
1.3155747227446202,-1.2565126419067383
-2.56542276271332,0.14782142639160156
-13.546032832554804,-5.994027137756348
-16.600339428286603,-12.909523010253906
2.9737175212081803,-2.4892349243164062
6.167862854629888,-5.948675155639648
-40.922076323723,-19.771312713623047
16.9349100756105,6.2817840576171875
-12.24911226903676,-11.31640911102295
4.867927463076468,-0.9860467910766602
-21.6327950573002,-20.856218338012695
7.11033993521173,9.415865898132324
-9.59094984812801,-9.771968841552734
4.92186081619874,7.681379318237305
-7.815562497274902,5.299781799316406
-2.20364176327536,0.0023355484008789062
-19.6754058911438,-40.466434478759766
-91.8886792382854,-19.65956687927246
-20.9507978903398,-42.39878845214844
-17.8084408175675,-17.394397735595703
-62.9612541332419,-32.51749801635742
5.598134989920393,7.218086242675781
-7.283890318199592,-4.123141765594482
6.1026124307435,6.506658554077148
7.42840635595139,7.416874885559082
-5.179391847578812,-5.572269439697266
-4.873152982370568,0.5305538177490234
7.276768036701751,8.50605297088623
-10.739322929783883,1.1780204772949219
-22.9219832537164,-32.24939727783203
1.5259403537211615,8.581533432006836
-44.7886924625105,-36.840606689453125
-3.72583443525641,-2.537398338317871
-14.57002364123529,-30.845428466796875
-10.128266274366498,-22.735614776611328
-28.0249952668106,-28.117494583129883
-26.24662901330595,-33.84980773925781
-40.3645652505015,-19.1734561920166
-30.8056950922951,-16.459095001220703
-3.9552380984537248,-2.691805839538574
-2.1789667599796294,-10.76950454711914
-0.5734820606807138,-5.272285461425781
-1.1617148968623687,-2.8569278717041016
3.42848617073407,-11.036792755126953
-17.4030551064212,-1.5950555801391602
3.88109013796494,4.258159637451172
9.400493271217616,5.790092468261719
-11.302161927872188,-13.753687858581543
-13.3709137252944,-11.624673843383789
-6.79658968512302,7.869959831237793
4.509456424718162,7.640941619873047
5.45103123545738,1.7979559898376465
8.149714042401495,-0.4309272766113281
-12.909180343140196,6.464578628540039
-6.61979034735207,-1.6739835739135742
11.9978624338519,7.450018882751465
-12.53254789251529,-2.6966705322265625
-8.36198121766124,-6.20108699798584
-4.361976736345532,-0.5017604827880859
-0.1898191226144924,-0.13605213165283203
2.3166834950764685,2.5429162979125977
-12.6203596574975,-28.148067474365234
-1.207429910073891,2.337818145751953
-29.7403775200217,-20.711162567138672
5.31082796058257,0.8573665618896484
2.97844031586002,-14.517105102539062
-12.533050119535002,-22.591655731201172
-5.8684323426223,5.536627769470215
2.391980620215489,3.4193477630615234
7.73570234615748,6.484094619750977
1.166748445159433,1.857621192932129
6.093529951556334,3.201292037963867
17.709922444879297,4.878405570983887
11.779516260068313,2.4304094314575195
2.4866177573815964,1.8072633743286133
-30.89708550466269,-34.36918258666992
-9.231606713935047,1.031874656677246
-13.4089268865456,-8.08570671081543
-9.06573754635488,-27.225509643554688
9.30630078585379,6.624187469482422
-7.156550033865472,-9.912670135498047
-10.5414716495377,-0.7418556213378906
-27.8178569354009,-45.47095489501953
5.3817717725564,-0.9509191513061523
-35.155236696245,-29.24327278137207
-21.4141717786538,-22.578163146972656
-2.6053130644292946,-1.119725227355957
-9.953220777101093,-10.1929292678833
-8.798237091769485,-14.792852401733398
-27.6920167541674,-25.55435562133789
8.017093587799739,0.025525331497192383
-0.3550158381598589,6.801258087158203
-1.19024715514191,-2.2680158615112305
-3.2855896341823474,-29.265270233154297
1.844566842421384,6.852023124694824
-30.7366736665872,-18.799667358398438
-11.338238855350506,-11.916196823120117
-1.059512617215007,-2.294924736022949
-33.7712071062874,-23.825279235839844
3.812227003524945,-2.4978904724121094
-2.8472026300298463,-17.00297737121582
-21.5871320482388,-0.16582107543945312
1.845960760756301,1.4552555084228516
9.06213659212517,7.873620986938477
-13.950148061363093,-10.248619079589844
-15.1006814359747,6.180868148803711
-8.65496498210776,-5.34329891204834
-31.18852367408345,-35.6364860534668
2.35160533891099,3.1320533752441406
-7.06329362397977,-3.3541340827941895
-11.299328727708405,-8.63473892211914
-5.73967918172164,-6.1625213623046875
-4.062121175440552,-2.8856258392333984
3.62056380925444,1.350851058959961
-6.512385872303066,-22.673095703125
-17.2817979072755,-14.890729904174805
5.79128728304933,4.617168426513672
3.7921116228684086,0.9261150360107422
0.51700222845629,-5.314653396606445
1.0966146270020711,-2.6278553009033203
-6.613686761665703,-29.070669174194336
-39.873530292237,-27.402942657470703
-35.0272315856836,-32.138710021972656
0.2475632146873464,-0.8223686218261719
5.59963570142504,-4.042024612426758
5.29419053806362,-10.758365631103516
6.457932781589695,3.9573841094970703
6.4251548431743295,0.5220918655395508
-19.7885249955934,-20.28506851196289
-2.4097304318056905,-7.922310829162598
7.543407488617369,9.723143577575684
1.83593808226401,5.731348037719727
-1.5082203021212124,-8.002820014953613
5.99108205682079,2.9778785705566406
-18.1797235112709,-7.881472587585449
-12.840088322870097,-13.864846229553223
-2.23616712442702,6.236608505249023
-4.662511414401839,-6.839084625244141
3.41802282280863,4.246011734008789
-12.0320822507053,-24.199954986572266
-25.9801803981754,-25.23717498779297
-5.97419023328963,-2.768045425415039
15.4186986077963,2.296395778656006
4.480465220149085,-10.113378524780273
-13.2363849677504,-14.796977996826172
-9.362863686069195,-6.721338748931885
4.128157012788561,-0.6165270805358887
2.26767773086615,-6.820760726928711
-24.1634597090208,-21.39281463623047
10.013204486477417,8.184856414794922
-31.934070451053,-18.76534652709961
-22.9515728231767,-8.946820259094238
-11.219410776078313,-13.219558715820312
6.00089213826483,1.7707862854003906
-28.9638748432599,-47.665931701660156
3.11049964318654,2.596001625061035
-1.073248118887358,-2.939438819885254
-10.249148139079496,-15.255586624145508
-13.14009076535719,-30.941268920898438
0.7364260970712593,2.8049278259277344
-44.9949251983702,-9.722623825073242
-5.159519294761907,-5.795197486877441
1.869241020829697,-6.587122917175293
-55.54568697318505,-54.08984375
0.3065104335081801,0.7927980422973633
-10.386374558578522,1.2878522872924805
-3.0345245902191325,1.246809482574463
-57.144820014625296,-36.54750061035156
2.85060083445348,3.0762062072753906
2.446050707651698,0.6129951477050781
5.50221601830175,6.156485557556152
3.455876052191651,5.6457672119140625
-14.6157572128631,-14.732911109924316
-0.874105623616695,-3.818840980529785
-1.378759213278819,0.17217254638671875
1.350733135180331,3.4145326614379883
-1.94666134980912,-3.499455451965332
-3.36735139960915,-11.603240013122559
0.8319171014720902,-0.5296144485473633
-40.2101205720394,-8.381383895874023
-24.577379709126298,-53.747352600097656
-18.6292132467089,-17.020671844482422
-46.39510994896701,-25.055423736572266
-2.487076105276776,-0.637603759765625
-4.752960817423343,-16.777355194091797
-0.1160299782726794,0.3900594711303711
-18.5277286275242,-5.531070709228516
-14.1325019191809,-3.3964614868164062
10.909208084253878,7.9166765213012695
1.30779520720034,8.231664657592773
-5.77436797253085,1.734827995300293
3.986867952152618,2.241689682006836
-21.7936206120663,-28.2445068359375
-2.643556292002,-3.0487518310546875
11.0853991753379,4.638998031616211
-12.9397422629832,-10.538477897644043
-0.190891674386513,3.523437023162842
-6.32558602127377,2.270993709564209
5.391699208755202,-2.190911293029785
-8.998840630677615,-6.754302024841309
-1.6005087696864486,4.993284225463867
7.5482379424635875,5.101163864135742
-7.642910278690365,5.651811599731445
3.719171936095444,1.2913856506347656
-0.8981307679622897,-0.3870716094970703
7.06032809637297,8.61157512664795
-3.134999611446543,3.677957057952881
-5.94174589421185,0.7119226455688477
-17.7883076547542,-25.957338333129883
-25.2381267145584,-39.93810272216797
-27.5445722402187,-28.463382720947266
2.6678241356197647,6.929046630859375
5.02066543392875,7.442295074462891
-1.67197513843126,-42.847564697265625
6.58117049992555,-0.6688156127929688
3.12612254618191,2.2503414154052734
-2.1147225087047508,-0.8107223510742188
-76.9668504799361,-22.32765769958496
10.11870938841209,-1.7237358093261719
4.755697845162629,5.6799635887146
16.5479703149859,10.979927062988281
4.001938538520379,-4.998018264770508
-14.1813773041305,-24.99490737915039
0.7709161631446207,6.085216522216797
-24.2508933717269,-24.11249542236328
-22.3071231538392,-33.962677001953125
7.2595381633228,10.17774772644043
11.555346181601609,7.338414192199707
-26.258782255785,-14.16580867767334
10.3189652047012,-3.5843067169189453
0.809697096857583,-2.236104965209961
-18.5255095356289,-30.77464485168457
-1.0680791130593923,-4.987615585327148
-3.5390830989045075,3.0543813705444336
10.468583156479704,11.138333320617676
-10.613183176373598,0.5639734268188477
-6.40442742836347,4.360592842102051
7.196532980977684,2.3710498809814453
-10.586292641023492,-1.8769512176513672
-26.79502671025515,-31.82244873046875
-7.187555808667961,-8.465410232543945
5.4465900456679694,7.552252769470215
3.1988276731025875,-6.730036735534668
7.827394642815597,7.831171035766602
3.887422638441485,5.843862533569336
-3.41466344580097,4.86436653137207
2.667044757168528,3.0575294494628906
1.0590749185315824,0.4378223419189453
-3.9965921287470247,-2.941621780395508
10.982614675109394,7.914144515991211
0.4076170529080399,-3.727153778076172
2.71319811317338,-0.5250444412231445
8.652061852316729,-7.531510353088379
-0.6579761516790089,-6.426074504852295
-51.6773231694491,-30.758474349975586
-2.8325461302865187,1.3636369705200195
2.12749125232924,-15.017959594726562
3.562549470771905,-4.392980575561523
-16.517773128145326,-3.230051040649414
6.874655354673765,7.293740272521973
0.2047767843086013,-0.7875471115112305
-2.698758931910008,1.9238710403442383
1.8601156760560384,-0.16361045837402344
-22.2455703021075,-25.025938034057617
2.4288820651169605,6.593786239624023
-16.8307740899425,-1.2819843292236328
20.7191486697607,5.974700927734375
-30.7261055182573,-43.31947708129883
-38.4849400567448,-22.93549346923828
-14.3103126367969,-17.27136993408203
0.7860328468455551,0.21085214614868164
-48.3858044800915,-43.13631057739258
-3.21662088766757,-6.561882972717285
1.675245639565673,-6.111081123352051
-90.3299705619704,-43.449424743652344
-9.28527551691871,7.645608901977539
-1.2293411329062325,0.9510383605957031
-4.534682244798708,-10.38700008392334
-68.1959205924323,-30.088342666625977
-24.5242345195019,-14.976247787475586
-2.77042962989298,2.9214258193969727
3.8009101564042025,9.208545684814453
8.933703319425492,2.157684326171875
-11.341527235964405,-5.771441459655762
6.71098989067457,3.571096420288086
4.54734483862441,-1.1070642471313477
-5.16341129781556,-1.7494163513183594
-49.062306315025,-45.541542053222656
5.26551760771767,0.17038536071777344
3.33951124606136,-7.003269195556641
5.006519903780723,-0.7860383987426758
4.05485944970297,-2.0870771408081055
2.283405953189745,-1.3171863555908203
-2.66483863280114,-1.6846494674682617
12.566471603210276,5.897638320922852
-27.9020155354992,-15.623981475830078
8.88265541550952,10.067011833190918
0.1652887870268324,-5.904023170471191
15.4985727759109,6.296418190002441
9.014890317831036,0.8530197143554688
1.4803529144374856,-4.244281768798828
18.1939100849816,7.359321594238281
-2.6304973605131474,-2.366044044494629
-5.493763326806099,-3.3352441787719727
-0.6715208179901364,-0.7824382781982422
-36.7383193130824,-19.973176956176758
5.062784719364307,6.584297180175781
-12.026803679110706,-18.543737411499023
-3.01321716593974,2.7975540161132812
8.35813394800668,9.900646209716797
-3.60075442831331,-8.929919242858887
-9.509135784465323,-0.49160003662109375
-19.6175855102284,-12.434566497802734
-27.8629509568953,-30.350189208984375
1.74273211890989,6.212140083312988
-2.19578977406709,-4.7639970779418945
2.42002639701588,0.057257652282714844
-25.55316918036869,-18.147891998291016
5.635020609606415,2.1583614349365234
-34.727836669101,-22.481992721557617
4.4516036428765,1.48431396484375
4.967381413305823,5.307997703552246
-6.81516141534704,-8.546131134033203
-24.3954295810688,-4.421287536621094
8.658679095048068,6.245267868041992
3.7347243087796,2.297405242919922
-12.909633143366396,-7.3109893798828125
-60.49569009623433,-43.22081756591797
-3.790702882666694,2.6327409744262695
-12.41068356063,-4.509851455688477
2.76740193393285,4.17060661315918
-18.9061714872788,-2.874971389770508
-3.681083449701528,-16.180021286010742
8.13893448615947,6.642906188964844
-51.402683514636095,-28.595218658447266
-3.0703466753296,-1.986104965209961
0.4646043967887734,1.0300073623657227
5.989492839405608,-10.572961807250977
8.833837192566008,2.9313583374023438
-26.1965705632023,-6.1035308837890625
0.0804428699766095,-5.682760715484619
10.229168329440906,6.326760292053223
2.12042655289975,-5.144402503967285
3.88810032819938,1.3572826385498047
-31.515616413872173,-15.761667251586914
2.28163515100639,-12.17851734161377
-9.633163292669298,-16.64492416381836
2.63206586722876,3.8947315216064453
0.3189015990893598,3.80877685546875
-6.31868596379813,-3.456418991088867
-6.4648984000359935,-13.709968566894531
8.91646092056966,-1.711054801940918
-42.637521131086125,-38.448829650878906
-89.5439156156453,-44.99226760864258
9.179556151687803,2.6541192531585693
8.754663680824095,5.656542778015137
0.8838679103249854,-1.4071941375732422
4.338369925074482,0.971221923828125
-18.23432595343749,-15.459332466125488
6.92534745147092,3.850375175476074
-1.768261666543676,-3.8002281188964844
-7.87226820943855,-7.466855049133301
-12.0847368637308,-12.417839050292969
-4.4222229386498375,-7.61186408996582
6.63109301847755,5.532291412353516
1.675381804264854,1.9913558959960938
-6.897600670415837,-9.860913276672363
-12.2774867069717,-16.865320205688477
-3.963646539183849,4.35153865814209
-2.552277046947741,-6.313033103942871
-10.78700495517378,2.900649070739746
-6.426376983867103,4.871339797973633
8.2142562177934,8.929852485656738
-16.967828162594074,-5.541780471801758
6.07843040491799,-1.3509407043457031
3.08443697315444,-0.20072555541992188
-1.3811964732242277,-4.5978546142578125
-4.51305804704249,-11.675291061401367
-9.93375477053989,-9.05986213684082
-0.6581754288220045,-0.036090850830078125
-7.952166005584182,-10.528645515441895
-13.563015982384195,-11.322991371154785
-47.9957157156951,-12.637475967407227
4.96190002222477,5.747991561889648
-2.0240269290899,-2.0084495544433594
3.47166270740147,-2.783658027648926
-5.2815921348029296,-3.8050718307495117
2.369358494612781,0.4162588119506836
-4.214346026907057,-11.163410186767578
-23.8934551543691,-33.28630828857422
-1.0659561461183158,0.7203786373138428
3.126169348435272,-9.496606826782227
2.35164464781062,-0.6680130958557129
-1.79502295092813,0.9360237121582031
-15.957982665262508,-21.0422420501709
-64.65676531723692,-58.0749397277832
-27.8195558011628,-24.604089736938477
-10.480511156242285,-12.012714385986328
-6.18357684414468,-5.5002241134643555
-6.75960002722117,-10.985960006713867
4.4105627388370605,4.156423568725586
5.58846482112586,8.106157302856445
-16.8483709423333,-12.354923248291016
16.1850033157246,11.534189224243164
-3.34531377329845,-1.766775131225586
5.893700156574014,4.165318489074707
2.745769909533195,3.375922203063965
2.53362859007723,0.2896747589111328
1.0880788430276551,5.512282371520996
