Score,Pred Score
4.2006804390709,40.9154052734375
4.76541245752904,-30.313232421875
5.87221574658101,17.850830078125
-12.955988512618,0.7162342071533203
-14.4061745570978,-19.76720428466797
13.644333664082708,-53.6458740234375
7.522446474796843,0.30439186096191406
2.858782897786812,0.8221465349197388
-49.8653288018085,0.9648195505142212
-4.029904705212941,4.866832733154297
-6.2026319104393295,7.296634674072266
4.452168509343501,10.293081283569336
-16.475900892606802,-8.97216796875
-11.03094492075089,-1.4350395202636719
-8.08045020128908,-13.971107482910156
1.39259946716825,1.7146549224853516
-14.885807229381896,4.497161865234375
-11.113180908425988,5.112766265869141
5.506094216928792,3.1086435317993164
5.29091659278858,-1.2519264221191406
3.42106467876526,30.007080078125
5.162821279449693,28.79266357421875
6.020551076354931,8.394760131835938
0.8086942897832163,3.912689208984375
-8.80546181278599,-15.176284790039062
-7.42349600405968,0.9474844932556152
-14.4731176558811,-25.939453125
-35.5448186771701,3.120638847351074
-1.657597602265355,0.11304473876953125
-1.930224441335125,-27.20575714111328
-10.398648228661925,5.395538330078125
-1.6521884315998507,-2.472921371459961
1.3131129859732091,2.0518722534179688
-0.1240821746904601,1.8146400451660156
-35.1709788883515,1.1231629848480225
0.6771989561182002,3.9581298828125
-5.8677981963370005,-4.34576416015625
0.7982616963508231,-0.5069742202758789
2.595279020812243,-15.24761962890625
6.9472187772133225,9.0220947265625
-41.1395198834054,4.769275665283203
-35.4604736838065,0.9694496393203735
7.87379173269718,26.259033203125
-8.72128086410909,0.9964339733123779
-82.13826531723697,-15.442245483398438
-9.70693692529289,-10.14691162109375
-61.4386715672369,-19.242767333984375
7.10938257895085,-36.0489501953125
0.4007388327427847,7.2562713623046875
-0.7455370396145937,-19.57183837890625
1.674966057420845,3.403749465942383
11.877856996640997,2.6015806198120117
-0.9096556467231308,-137.1669921875
-1.4680391508473674,3.190584182739258
15.6414782015599,-13.629077911376953
-10.35739215730591,17.47935676574707
1.926107182225645,-13.084930419921875
6.99756701325662,15.718902587890625
3.54836143321337,4.114092826843262
-7.726553411266567,0.9594953060150146
-48.51478094223695,0.9539257287979126
-3.0453156276270903,-0.36112332344055176
-3.454798154796729,4.654733657836914
9.503977484174175,5.9012451171875
6.001532732018722,61.9443359375
1.775572054007981,-2.338595390319824
-2.6871577689602653,-1.4874038696289062
-7.920344649869953,6.182340621948242
2.578081311550471,0.5149383544921875
-14.434457477598505,-18.538360595703125
-1.338045882914232,-17.804168701171875
-44.1817825469333,-39.89227294921875
2.4314234692194163,2.3236465454101562
-2.35314836228574,-27.56277847290039
-2.07036107592124,-21.50720977783203
-6.560167066336443,3.1133365631103516
-2.54688332955635,-2.6893692016601562
-7.940842049461227,1.9027857780456543
-7.789052707582185,354.7734375
-1.4295761119406232,1.6356072425842285
7.206977941743588,-2.0080909729003906
-4.081394009803599,-0.8906097412109375
-30.167243616457,-18.050251007080078
11.7225687296843,8.883941650390625
-0.8984319813221007,-5.834430694580078
10.349523074958825,0.1194772720336914
5.42147270471237,9.3570556640625
-0.3136273830120112,2.2155838012695312
4.398848813602776,0.16976451873779297
2.099307195887115,7.38665771484375
-61.6890402284636,0.19438886642456055
-7.08434802004719,-13.818008422851562
0.6962467393230812,-49.870323181152344
9.0758909366509,9.798152923583984
-1.9263965715605047,7.84051513671875
-6.262949496708321,1.9890174865722656
-4.739766082030863,2.5707473754882812
-36.8822022827233,-2.5820865631103516
3.24770439300306,-11.856220245361328
-2.289513933263135,-4.539407730102539
1.41805545618482,71.508544921875
-24.4432878855492,1.6544609069824219
-24.96156751119129,-6.916028022766113
-7.734574598544068,-0.8280892372131348
2.79124989437018,1.3870983123779297
-5.17831154550348,-20.128387451171875
1.5275640312561216,40.799896240234375
3.682989905065457,43.01959228515625
-10.8237586662752,1.988796353340149
-6.929951553081727,5.476316452026367
-27.96215708599589,-3.059162139892578
-2.88087637063392,-0.40627288818359375
-5.960419628776203,-2.94317626953125
-37.189874708633695,-4.107170104980469
1.1496085756031087,1.587733268737793
-12.7137936794919,-48.71894836425781
8.398744223780918,-13.918258666992188
-33.3004252633332,1.9887187480926514
9.144089281431205,-4.138256072998047
4.065326821312747,-0.8480987548828125
-41.9047429025821,1.9313243627548218
7.383552345763623,3.2690505981445312
6.364261125349779,5.496242523193359
4.841793570156368,-8.996475219726562
1.6198341998494314,-3.2380199432373047
4.179707781567577,-313.6349792480469
-14.7229944429405,74.593017578125
7.078924552126015,7.639549255371094
-12.898019313824,6.716495513916016
-70.8116033690518,-13.125289916992188
12.7359625054994,-77.2093505859375
5.586124430090477,-77.599365234375
3.028467183462371,8.020843505859375
-5.830142578087577,0.7702505588531494
-22.6841489367301,-7.198024749755859
-1.51657819068512,3.911785125732422
-81.52648016021857,-1.61558198928833
-3.36903782007548,-13.160820007324219
-18.707844022,-3.404384136199951
-34.48768519828235,7.170570373535156
-39.7169735486916,7.1446075439453125
-1.593720937577549,0.5998660326004028
-23.2954444871652,3.9580326080322266
-45.30258920076982,0.8486281633377075
12.5056328567953,-4.238842010498047
-11.9299972333177,-121.75390625
-37.9495035857927,-8.250771522521973
0.7001962140772594,5.762022018432617
4.49418879319923,34.31730651855469
-39.0646563811545,-26.517730712890625
-9.09730633851708,3.469402313232422
-17.5589533745204,0.8652300834655762
-4.92782811871599,-65.925537109375
-8.2299173561342,5.562107086181641
2.60625970962018,8.121688842773438
2.726862934921635,-8.3577880859375
4.071661498679735,0.6049954891204834
-13.2494383747796,-0.5670318603515625
-11.9154244975033,15.2022705078125
0.9090871567987184,1.897796630859375
7.92708077877978,-64.3311767578125
-3.119647295186995,-11.958099365234375
-2.248378586620203,0.7666976451873779
1.6646916021852596,7.508281707763672
0.1590569364430157,0.8288021087646484
-77.3623903172369,0.764409065246582
15.8859560938761,88.06494140625
-3.11888044241469,4.972557067871094
-2.7468186065138984,3.3562164306640625
2.77922195660905,1.5922813415527344
4.052279150357491,-8.332145690917969
-4.03806373695381,4.311031341552734
-2.4461467814868523,-30.457962036132812
-0.1639564470097907,-16.939990997314453
0.8542168432631491,8.753005981445312
5.84905996845087,4.291658401489258
-5.77665564868809,15.29052734375
-3.7008288999313423,-1.0402870178222656
-7.18713065449027,5.831432342529297
-0.9529303605806088,-79.510986328125
-15.902118442879,-16.88372039794922
-28.0636361890057,1.5449118614196777
-26.912205886836706,-13.696842193603516
8.596988309863011,-14.115966796875
0.2877587512502297,3.5545310974121094
3.3899996482015826,4.302574157714844
-20.5869014386951,4.082353591918945
-9.341800010912078,-0.020270824432373047
0.1692077246922899,-38.0516357421875
-1.857666460494741,3.7618942260742188
-13.2752747780792,0.7919955253601074
0.7445982178878973,-8.648323059082031
4.49646859469848,-0.10793614387512207
3.60913262992784,-3.8032608032226562
-5.653435188749545,8.210897445678711
1.51502173443586,73.30859375
8.143116180793372,2.8249263763427734
-8.36164856265281,-4.24940299987793
-1.130678948105339,2.8884963989257812
-4.349210006555943,94.087890625
0.2594141505344826,-18.878353118896484
-32.1283374054069,1.7946233749389648
-1.9051378030600723,5.042087554931641
4.768047800449637,1.2831488847732544
2.264898495983479,2.084012031555176
-6.47138721063866,-8.145111083984375
4.93167956005568,1.931197166442871
2.4851768276660025,3.800067901611328
-3.930469946192945,-10.68960952758789
11.923948375295712,55.6868896484375
11.616605850275496,198.148681640625
10.41580460128629,1.7388229370117188
-8.700462669667385,6.815649032592773
13.1991243046288,2.7765722274780273
-4.75101729862813,55.345458984375
-1.4230966237807086,-15.474055290222168
-2.07861348348741,-12.442680358886719
10.292368565007404,46.706298828125
1.9007667723773176,-26.324054718017578
17.1612744381531,159.46875
-0.1428452494230792,0.6609840393066406
2.4933992323843923,3.6254940032958984
-13.861300672159,1.2184524536132812
-1.7943154401891548,1.2890868186950684
-4.15624175439773,-27.408493041992188
-14.277645616907492,-27.87718963623047
2.713132201978397,1.476142406463623
-13.315456279797685,-1.696279525756836
-5.36204355968609,-0.4444541931152344
-1.4872271509121793,-16.606414794921875
0.31232235517322,17.0859375
3.0307168501552093,-18.081321716308594
3.4484762474106,36.860626220703125
-34.0729170807354,-22.871524810791016
-25.0659802428987,0.227264404296875
0.86771933446589,-0.2703399658203125
-11.996919710325,0.6524333953857422
17.2594267615487,95.0869140625
-56.2560888739038,-30.61157989501953
-12.7386491421071,-2.068614959716797
-3.520787796436005,-2.0057544708251953
-0.8014467498558491,-1.0603923797607422
-34.7812340468876,-8.844964981079102
7.158235365631607,-32.11491394042969
3.29681579894721,12.276060104370117
0.046018285265003,8.653324127197266
2.046344769010002,1.2215598821640015
4.25403099118957,-1.339695930480957
3.7804230286959792,-40.77903747558594
-3.773219093074008,1.4464247226715088
-9.722403045722997,0.4603767395019531
2.81101468536903,5.081808090209961
-23.7494411406013,1.7478981018066406
-75.56229656723696,-25.266021728515625
4.366245372711767,128.62548828125
9.94612085382829,99.133544921875
-8.207132148775708,-21.040390014648438
-3.09775596823669,-1.989072322845459
3.77256113899207,5.758304595947266
0.2016574678685985,5.956123352050781
4.38808277416547,-0.08846783638000488
3.7092867134231,5.553276062011719
1.6740112862957208,8.284082412719727
-5.472376660417956,3.4451894760131836
12.283123760680592,2.080047607421875
4.417989059347175,-10.330486297607422
1.907333647224608,-0.7604789733886719
-3.73521146317182,-17.560707092285156
7.837521570550837,-71.853759765625
4.82455755953161,-26.96441650390625
-0.6472060937938101,11.190773010253906
-8.237956686764985,0.8620411157608032
7.36579899286375,-14.766456604003906
7.859716520666763,5.434198379516602
2.765011277030255,5.247711181640625
4.62415639298937,-15.342529296875
6.430237727930085,-13.761863708496094
2.44728958086436,-14.153648376464844
-1.93656353174353,-33.81982421875
-33.7845903951132,-25.4000244140625
10.960301672714698,-64.95550537109375
6.147225205740463,0.32564353942871094
2.4659746492236927,-43.853515625
18.2642273209106,3.4757652282714844
7.656482330373112,-24.984375
-63.2346715672369,0.7882534265518188
-22.9610154952969,0.7375932931900024
4.39789099231211,6.790748596191406
-46.587141393021525,-10.891944885253906
-12.281506448986304,2.768280029296875
5.220668557811489,4.190248489379883
-1.4412632820262703,8.087172508239746
-35.163016426576704,-9.159070014953613
-31.380009974583203,0.9093811511993408
-40.7258600860177,5.283256530761719
-35.3994683825842,0.9225200414657593
-10.968565079401992,2.0143508911132812
15.384553292915324,-29.640281677246094
-0.4271227388875901,15.99774169921875
-7.69948364751984,4.663692474365234
-26.6822467124322,-15.289615631103516
-0.2823200449385875,0.9726216793060303
-3.8453528225106623,-18.145679473876953
-2.4599041427842496,-51.005859375
-12.7315114055493,-5.305294036865234
1.418014053180695,-8.166539192199707
-3.4922781726655696,-1.1525208950042725
9.58062385928767,-9.897411346435547
-17.5801214502402,7.207998275756836
-49.5120706514507,-15.728157043457031
-0.4503474699443348,-5.294952392578125
2.332279780348585,-3.0792579650878906
-42.2483635713802,0.4288816452026367
-5.00028834575103,-14.642951965332031
-5.14141487663266,0.770992636680603
-19.923371510770203,1.0553274154663086
4.28301459624688,0.5933151245117188
0.3224388648416145,0.5922590494155884
6.795393661635613,44.1021728515625
6.720388221210122,79.58968353271484
-20.7558388881914,-2.8474864959716797
-12.5922662394529,0.2757606506347656
-5.19085420781142,3.892765998840332
-27.3858072066324,0.5764743089675903
6.488490212037078,8.44732666015625
-12.5233171201947,0.11255645751953125
0.996650643215182,1.0900200605392456
3.27144637329635,4.834035873413086
1.203208947199059,-19.251876831054688
4.5031585012656095,-4.643409729003906
-46.6686841099013,1.0633105039596558
3.600655729290548,0.8798763751983643
-2.7077151362496297,-27.702011108398438
-42.936846127142296,1.077755093574524
2.679404112105611,21.736328125
-23.975827854410426,-15.853141784667969
-24.4869919201538,-13.279563903808594
-6.22433036882608,5.513874053955078
-24.992167376126925,2.812673568725586
-9.742168339465294,-2.484135389328003
0.1235817830644999,2.2885513305664062
-11.607028837624,2.5613460540771484
5.321680837772678,5.314104080200195
3.3452637215970498,-4.8672027587890625
13.015759276594096,14.958984375
-6.13466459150186,-2.6407880783081055
3.0897024917955025,-13.471023559570312
3.557691046156,36.0067138671875
2.0008593011464906,-14.992019653320312
-1.2671721747064446,-3.5479393005371094
-2.989164004622407,-0.04541015625
-2.43808381047612,1.0826469659805298
-11.30813578108209,-34.34490203857422
-9.619042312244815,-20.66581153869629
-4.01456885639382,-2.1459169387817383
-4.853312003098937,1.0737929344177246
2.78743688363977,12.68756103515625
3.6035536346157695,-1.2362136840820312
6.09033976794457,-27.2080078125
-5.89266438028177,4.828426361083984
4.780848076735348,-0.171142578125
-20.7592210135025,-13.983051300048828
-3.637071869773312,-0.02433013916015625
-4.396710286499547,0.3521003723144531
9.04709717330502,7.286569595336914
1.69213972357191,4.8438262939453125
-27.068723822751306,-2.765789270401001
0.2886204877907422,-6.1559600830078125
-0.592182005541919,5.711887359619141
-4.736229867816737,72.60205078125
7.877641553655238,3.484405517578125
-2.588665914009158,3.8827219009399414
4.72846919446815,0.6061553955078125
3.42669038506664,4.75004768371582
-10.274169876330886,-14.944217681884766
-1.289264920121349,1.0892987251281738
-6.9648772325347394,5.695531845092773
-1.2236747050651609,7.501921653747559
-12.208208404490907,0.5838203430175781
4.40921359309415,52.48432922363281
16.4171583068458,27.646728515625
-15.991582533821994,-7.63165283203125
7.809600001042748,28.86328125
-3.0331069492891496,21.240234375
2.603164662477901,-14.089218139648438
-24.2572199033326,4.747378349304199
13.667582002208905,89.8984375
8.19307228691883,-4.845273971557617
0.4664503305112299,7.437431335449219
-6.46133524603972,2.1275970935821533
-19.7520332208299,-3.927562713623047
-7.75971004909346,-23.039459228515625
7.66334596528203,1.2273750305175781
-27.64770126959135,-0.6872892379760742
2.125547882163602,-1.89227294921875
-1.8239337240231768,-9.834381103515625
3.3696784995100426,-35.01164245605469
5.265272900492549,-13.076446533203125
6.753311816554961,-41.09624481201172
0.9434331950199416,-0.27687597274780273
2.13745295521649,6.1234893798828125
2.76912169862866,129.2724609375
2.409764321136161,-15.547096252441406
3.7606671418030695,1.7120695114135742
0.555665600488549,-38.15179443359375
-89.04756219223692,2.433187961578369
6.987950206462267,2.0586776733398438
-10.09410467002709,1.3183228969573975
8.16191414696451,9.268173217773438
-10.731303688850904,1.7795848846435547
7.588764503474316,80.75750732421875
-5.25293160621848,1.9113743305206299
2.3065604778561424,-60.62615966796875
-3.8022266666193874,2.275500774383545
3.22816419080692,-26.016677856445312
1.1941842843275,102.6072998046875
9.772192422094813,5.935407638549805
-2.489313079893845,182.2314453125
-13.547300817594484,-25.408111572265625
-1.5403494549472296,-31.039878845214844
-5.139364658294922,68.37442016601562
-1.32131943338233,-8.775568962097168
-0.5284321769112605,3.3232316970825195
0.1119561526876595,5.365917205810547
14.8508222506114,173.658935546875
-0.0918051514147744,2.1482858657836914
-1.7237618714553775,79.053466796875
-1.5699354762224491,-5.4902801513671875
1.5718362711845366,-13.739448547363281
3.58036180553514,-0.6064109802246094
7.45084701577923,-1.5245037078857422
-7.378812419643663,79.228515625
-33.1832620874725,0.49190521240234375
-6.066411004621831,50.412353515625
-16.4910721624856,-1.5313153266906738
0.8267526169764301,-0.8062419891357422
-9.762453719841735,2.158082962036133
8.07102955700163,137.843994140625
1.741670982094262,84.45263671875
-0.0053525606393112,-31.9130802154541
-51.4043293278057,-27.425628662109375
14.9415296965116,-90.12451171875
8.70853787657841,-0.7815704345703125
-2.149900469098629,2.140188217163086
14.8229623836697,147.728271484375
-0.0379657812584102,110.613525390625
-15.3173389528898,-23.119979858398438
-1.7663441991754285,1.8275222778320312
-6.708306328674888,-1.9386062622070312
-78.7451798053926,-3.836977005004883
-0.5413656534735456,-19.857929229736328
9.625121597198186,2.736154556274414
-3.15562863494722,-0.12260079383850098
9.60447820177431,-9.191314697265625
-3.31847606547329,11.4395751953125
-4.12581810820042,-9.06326675415039
1.7706121017107803,2.967111587524414
0.5117341060036625,2.2724456787109375
2.63157412115867,-20.353355407714844
-4.763634360062484,-26.960676193237305
-11.18181257464061,3.1625890731811523
-39.4932668903457,-2.268505573272705
9.206200380526292,48.282257080078125
-2.93911844531118,0.7076168060302734
-28.13472322157985,1.412687063217163
9.62907409316032,0.8200006484985352
-7.042636248773623,3.7217540740966797
-4.03025121975644,-5.5741729736328125
3.42951329804928,-71.948486328125
2.5565427438131976,3.069822311401367
2.8513084033656,7.099090576171875
-5.5623675139736175,2.8355770111083984
16.9968892380515,-76.055419921875
-4.144685584269085,-25.596923828125
-11.221818720505304,6.384883880615234
-2.111656589218961,-29.082874298095703
-1.626797120535592,4.290822982788086
0.7652624054000594,0.41158294677734375
-21.5531296050118,-30.26087188720703
-13.053772031257305,2.3203487396240234
5.42509465390903,2.9987716674804688
-5.5186956836840375,1.3856985569000244
-2.260381023139061,56.10893249511719
-30.3377383335249,9.485686302185059
7.380729755239978,2.1770973205566406
-4.172986764275874,-15.383262634277344
-1.2036514942358316,10.892120361328125
-35.2906329121599,1.1742793321609497
-2.54595208771381,5.650533676147461
-10.901275449743116,1.0451717376708984
-17.0078420331655,-1.4802360534667969
-17.0314498829154,-29.333541870117188
-11.9784507557909,5.978359222412109
-19.469018973061075,2.9314441680908203
-3.2142130797467816,-74.29345703125
-0.5663484394051013,-10.905914306640625
-21.2195468929047,-1.7801685333251953
8.077984978184695,2.493112564086914
-17.0119321722455,-23.76934814453125
4.67424026120176,-8.014739990234375
-47.9875704511971,1.454626441001892
4.316615136301563,-270.2861328125
11.2728180991378,-4.42706298828125
-3.5546157663424616,-0.15694332122802734
-3.15887949932979,1.3766615390777588
-1.6422791314174887,-79.1605224609375
-3.448025235667948,-24.850234985351562
-13.5632540546311,1.6927833557128906
0.8825935384285006,-1.6648130416870117
3.27100049685324,1.2099745273590088
-0.7762273913233743,-20.5458984375
1.026942322157092,10.6693115234375
9.859104788483815,-0.835540771484375
-1.9977872313530125,0.40471065044403076
-13.1809903671301,-117.9150390625
-35.1782981083837,0.2463827133178711
-35.8337806803641,0.8654694557189941
-7.639409008216227,-108.71826171875
-15.746453943284,0.7129467725753784
1.055995951979529,-15.02783203125
3.987299411465438,0.5608716011047363
-37.0930621901092,7.385710716247559
16.694612728237402,4.2169952392578125
-4.527979888097892,2.624241828918457
14.6352674345898,10.492127418518066
5.034618319433818,-6.371829986572266
-3.77133000272187,-13.695820808410645
-1.61504571199055,1.9360122680664062
-56.3663437951974,-2.2583014965057373
10.088450856398616,-1.8550529479980469
-14.285610883283098,-0.10335731506347656
2.6210618799141923,8.629531860351562
-2.308732762121495,1.2207622528076172
-83.9761260280997,1.6429309844970703
-1.03656181464744,-1.2900390625
10.16232173056559,14.23541259765625
-3.12013961477547,-65.7607421875
3.010752586641185,-9.018064498901367
-1.5178355576616795,2.4569053649902344
-2.60072537807549,-23.645172119140625
-2.367312137177082,6.408134460449219
6.075310726130807,-9.3851318359375
2.24572304437811,-1.3661832809448242
0.2044267191685782,4.376106262207031
3.85944773684647,-42.0869140625
-14.409506408843407,-16.204593658447266
-2.683955047842884,0.72967529296875
-0.0075038478591599,0.7113349437713623
7.190050317883171,-34.5430908203125
-2.1691769605730515,4.343225479125977
-7.910003358009165,3.4040794372558594
-69.1366966634013,2.4402732849121094
1.437241653553571,-12.754158020019531
-20.7409218490905,0.5254125595092773
3.78247800369874,-19.6688232421875
7.909526276907584,4.524936676025391
6.097122298913325,0.715911865234375
24.5800902168924,-43.25244140625
-9.979741434164584,6.310905456542969
3.1327986373042376,-0.6815147399902344
-8.393586343504198,-48.415283203125
8.678125432705007,-14.2603759765625
20.7428439693387,3.6178627014160156
-1.511416195100045,-0.7347469329833984
-23.3725501337939,4.714254379272461
4.69437535963172,-9.753677368164062
8.24149319055937,7.350893020629883
-0.2898522089969393,6.624479293823242
-7.19378137939456,-2.294684648513794
1.0271109700113177,6.842800140380859
-14.564555056626377,-8.410859107971191
-9.657849716236,-0.19287490844726562
-0.7280966227290082,-17.50918960571289
-21.8962191024866,-23.88768768310547
-40.2614734397264,-19.442346572875977
-1.77750068778882,-1.9020757675170898
-28.3488859938485,-18.09258460998535
-8.184373188662292,-0.7261753082275391
-6.135426654744688,1.54669189453125
-3.270422191581055,-11.96883773803711
-6.055427015859325,-0.41938114166259766
-34.3143130117107,1.4071588516235352
-50.4820483838523,0.07254219055175781
-4.639593570653838,-0.22179412841796875
-21.0606958753072,-32.65639877319336
8.747205755218493,36.234130859375
0.6884341878779402,5.900739669799805
0.300408103033295,1.005937099456787
-2.6184282494780104,-6.402217864990234
-37.3999740396079,8.465277671813965
-10.594900847222812,1.3530809879302979
-23.227454082363305,0.8039283752441406
-15.4814292943448,-0.11139392852783203
-6.89310310865277,-8.605583190917969
-11.7962452523223,-26.341934204101562
-0.3887710448227697,-2.591668128967285
-4.0896099478500325,14.3525390625
-42.6579269422049,1.245499610900879
-2.095241650043551,-35.45506286621094
8.45389840526827,-2.9551544189453125
-15.5157954828953,-0.43318653106689453
-1.9802660997523944,1.0028233528137207
1.8368511005450223,1.3788139820098877
2.11900133622217,74.9365234375
-38.4962238749225,-4.708352565765381
0.8069046214032297,-18.540512084960938
-1.73607437190069,-30.056625366210938
-8.46093254820262,-26.946414947509766
-0.0780407432645869,-2.845052719116211
5.009535132419683,2.836803436279297
-74.9399761386801,-0.21738052368164062
2.806732553915905,-15.873672485351562
-10.415057364934407,-4.115682601928711
-4.81834176383161,1.3027801513671875
-1.4920816076829602,-3.9614944458007812
-0.003939288658445,4.29388427734375
5.86288473591452,3.5104026794433594
0.4443344011282492,0.01422119140625
5.72263802046558,-1.968475341796875
5.46583466116103,2.767333984375
5.05355462238675,1.004875659942627
-17.190033530139498,-4.334716796875
-10.1192188918475,-9.895515441894531
-10.539071528779305,-1.7050552368164062
0.2492257167476033,-6.1525421142578125
5.35198813185094,-4.83929443359375
14.9823899147147,18.37030029296875
1.7336328627834918,1.2102255821228027
3.2582764286422226,-14.488136291503906
1.1615369027166365,-3.9134063720703125
-42.4099588259267,1.2367124557495117
-38.7823663998969,1.4155293703079224
7.99575647038201,0.9339427947998047
11.644495901203598,2.720062255859375
-39.0956747424042,6.26287841796875
-38.6438610292767,1.3780611753463745
-40.5029244010595,-37.83148193359375
-22.8644313188967,-37.420753479003906
-0.897066728281827,1.0510221719741821
-17.6830733389949,-1.74617338180542
-0.0084306638066775,16.83769989013672
0.5394390329931549,-5.8182373046875
-21.61387508166409,-14.454421997070312
5.053393098685065,0.9968626499176025
-15.7834934865799,11.383220672607422
-58.40351531723695,-21.16571044921875
8.86280218600469,34.8720703125
1.888243484494037,4.9954633712768555
8.99923705482913,4.687131881713867
4.133325903305868,10.019218444824219
4.774357664359128,5.894033432006836
7.418770080750715,9.138971328735352
-2.25262466719878,-27.648193359375
-7.071587649042333,0.7853610515594482
4.398742241377427,9.621856689453125
-8.692928400841772,-18.014575958251953
2.334382802629,4.504554748535156
2.8274240704709,2.161123275756836
2.1747311895065486,84.81393432617188
-11.9965988914421,4.568702697753906
2.776867734737273,0.9823791980743408
-12.4595255596924,5.421327590942383
18.5317724911246,-9.140869140625
6.86106163750481,-2.2723021507263184
-19.1693792779686,0.991424560546875
-4.20883890972707,4.531557083129883
-0.3530077955256401,4.834228515625
-1.6020246929696491,-14.36016845703125
-7.57557880794988,-14.516529083251953
13.9692836454661,1.2357177734375
1.289294757415069,3.2967605590820312
-20.3746494688195,2.118558883666992
-8.044482691931467,12.877002716064453
2.51340467963473,4.526769638061523
11.0282847349576,85.07568359375
-1.3944922949507652,2.1089019775390625
-26.2706781913698,-0.7346670627593994
-71.7765711158932,-27.08880615234375
-44.2857422252861,0.3563823699951172
-3.057699221935841,24.369873046875
10.116767222520318,-9.75830078125
-46.9980356488569,0.38530540466308594
-8.677497573270493,4.904579162597656
-25.781275563237,3.6635379791259766
-2.941164138388841,-4.58660888671875
-26.5692742661385,2.774956703186035
1.2555345380058751,7.147777557373047
-0.810306898238276,5.24847412109375
0.2404076931068699,5.068550109863281
-2.5590885431480426,-5.255653381347656
-11.9846830308257,-13.643901824951172
-5.775806690181939,3.1932334899902344
1.9806048133258944,6.734531402587891
16.618750626525,37.890380859375
8.204494762209066,4.520206451416016
6.80321923705408,8.436447143554688
11.710679650337616,3.1841049194335938
3.181253849239128,15.157538414001465
0.90894434552881,32.0491943359375
3.547124544521316,-4.2512125968933105
-2.202886656443709,-1.026381492614746
-11.133669865203094,3.2565860748291016
9.328533024448705,-1.8265228271484375
-0.7012610501602399,8.098140716552734
-0.3170472839931941,5.555620193481445
-2.3458288386735573,4.4149017333984375
-26.1191329979098,-15.046127319335938
-2.33292598982445,-1.7898948192596436
2.461922216333884,-6.638214111328125
3.73205068567752,-69.1212158203125
-22.4462583852743,-14.477217674255371
16.899113604615202,-8.2978515625
-2.85382252753121,2.9705429077148438
1.2705701336207027,-135.857421875
7.960789166364423,-80.9979248046875
2.71808902854303,-10.462818145751953
5.5273920092716775,-23.881973266601562
-4.11149235653684,5.392847061157227
-20.9676231329802,0.6906719207763672
-0.89184437235696,-9.206279754638672
-1.2816619609782416,-0.5696315765380859
4.85634828411675,-52.76080322265625
6.429854346358795,-75.96728515625
4.71112087372323,3.2898788452148438
-30.7199022255615,0.4384164810180664
-3.8590388668775,-0.867431640625
-10.6557437737239,-251.009765625
-13.4460672849668,4.422847747802734
-5.527709296795018,-3.21319580078125
-1.876637029070265,5.228981018066406
10.2532613363299,-106.83984375
3.00680128293027,-1.651336669921875
19.33685959748449,-39.24664306640625
-0.1058882282985149,0.855705738067627
14.3436638764016,-21.474853515625
-16.1535771788668,13.103294372558594
0.9480162028997956,21.33978271484375
-18.5891767455387,1.0299348831176758
13.309934514349203,-78.808837890625
6.02246857213521,-0.5525398254394531
5.16750826555368,3.4467477798461914
-1.0190872666435924,7.1102294921875
-19.100904418149,-0.39261531829833984
4.743603615290096,-0.6816160678863525
-13.8157551615103,1.0921368598937988
-3.802611775309477,-24.362548828125
4.30511943579503,3.1626815795898438
-22.482844278002705,7.206508636474609
0.60779733849738,6.548142433166504
17.8138573048897,-65.8828125
-38.4626262988146,1.2698267698287964
-0.6089836493556324,-13.4417724609375
0.8617451361473882,5.471107482910156
-2.40000424902785,10.663688659667969
3.7078671714499096,1.6537151336669922
-2.390619984667185,-5.886252403259277
-15.559462368784592,3.475576400756836
-13.790764753514,-1.4922828674316406
-9.325981865786185,8.444843292236328
-58.4491138315396,-29.89080047607422
9.550892694239591,-82.1573486328125
4.435147085081137,-69.68359375
-2.3538192484503564,-3.3129043579101562
-5.83438093189622,3.2221717834472656
-7.10827059552493,-2.468463897705078
-12.414939844598162,-13.315879821777344
6.6154810826822,-82.828857421875
1.3155747227446202,3.324615478515625
-2.56542276271332,19.915496826171875
-13.546032832554804,-7.2397613525390625
-16.600339428286603,-4.966835021972656
2.9737175212081803,-4.5201568603515625
6.167862854629888,6.862157821655273
-40.922076323723,-17.109107971191406
16.9349100756105,-35.31005859375
-12.24911226903676,3.3076581954956055
4.867927463076468,22.64434814453125
-21.6327950573002,0.7114133834838867
7.11033993521173,-26.4169921875
-9.59094984812801,-0.207855224609375
4.92186081619874,-13.32855224609375
-7.815562497274902,-3.5670166015625
-2.20364176327536,13.322572708129883
-19.6754058911438,3.5440921783447266
-91.8886792382854,5.147073745727539
-20.9507978903398,-5.2860565185546875
-17.8084408175675,16.104862213134766
-62.9612541332419,0.7449531555175781
5.598134989920393,-41.2593994140625
-7.283890318199592,-12.680095672607422
6.1026124307435,-13.5313720703125
7.42840635595139,-31.24951171875
-5.179391847578812,2.7285213470458984
-4.873152982370568,5.585079193115234
7.276768036701751,8.380584716796875
-10.739322929783883,6.976085662841797
-22.9219832537164,-1.388040542602539
1.5259403537211615,-34.375
-44.7886924625105,-17.49829864501953
-3.72583443525641,2.6044158935546875
-14.57002364123529,-9.805068969726562
-10.128266274366498,0.7395279407501221
-28.0249952668106,2.3049745559692383
-26.24662901330595,-8.483989715576172
-40.3645652505015,-10.780207633972168
-30.8056950922951,1.7897586822509766
-3.9552380984537248,15.412933349609375
-2.1789667599796294,-14.237330436706543
-0.5734820606807138,3.8485240936279297
-1.1617148968623687,0.5520272254943848
3.42848617073407,-1.1140968799591064
-17.4030551064212,2.364542007446289
3.88109013796494,-23.54345703125
9.400493271217616,-47.6353759765625
-11.302161927872188,2.2751846313476562
-13.3709137252944,0.8527376651763916
-6.79658968512302,-14.157524108886719
4.509456424718162,-31.9310302734375
5.45103123545738,4.039107322692871
8.149714042401495,-4.5128173828125
-12.909180343140196,-11.00146484375
-6.61979034735207,-7.9699859619140625
11.9978624338519,4.646602630615234
-12.53254789251529,-4.564205169677734
-8.36198121766124,0.7287837266921997
-4.361976736345532,4.667566299438477
-0.1898191226144924,0.7255637645721436
2.3166834950764685,-3.8591055870056152
-12.6203596574975,-14.647674560546875
-1.207429910073891,-12.716896057128906
-29.7403775200217,-32.622467041015625
5.31082796058257,2.019287109375
2.97844031586002,6.018665313720703
-12.533050119535002,-30.05370330810547
-5.8684323426223,96.67402648925781
2.391980620215489,21.7738037109375
7.73570234615748,2.328580856323242
1.166748445159433,210.052490234375
6.093529951556334,105.010498046875
17.709922444879297,5.817138671875
11.779516260068313,3.6617021560668945
2.4866177573815964,42.5675048828125
-30.89708550466269,-26.517349243164062
-9.231606713935047,66.35858154296875
-13.4089268865456,-13.645195007324219
-9.06573754635488,3.175652503967285
9.30630078585379,0.70953369140625
-7.156550033865472,-32.26178741455078
-10.5414716495377,2.387378692626953
-27.8178569354009,-6.150810241699219
5.3817717725564,-10.699310302734375
-35.155236696245,-26.361419677734375
-21.4141717786538,1.1376560926437378
-2.6053130644292946,-12.63037109375
-9.953220777101093,3.3276329040527344
-8.798237091769485,-13.892852783203125
-27.6920167541674,-12.347122192382812
8.017093587799739,0.800079345703125
-0.3550158381598589,112.21240234375
-1.19024715514191,-6.455182075500488
-3.2855896341823474,-3.8163485527038574
1.844566842421384,-1.613382339477539
-30.7366736665872,1.1335434913635254
-11.338238855350506,1.6147632598876953
-1.059512617215007,295.9736328125
-33.7712071062874,0.5919854640960693
3.812227003524945,3.058563232421875
-2.8472026300298463,-0.7756977081298828
-21.5871320482388,-2.46343994140625
1.845960760756301,-0.13351821899414062
9.06213659212517,75.3023681640625
-13.950148061363093,12.520195007324219
-15.1006814359747,-19.394744873046875
-8.65496498210776,-16.877193450927734
-31.18852367408345,-29.024934768676758
2.35160533891099,1.091796875
-7.06329362397977,2.3546085357666016
-11.299328727708405,2.430479049682617
-5.73967918172164,3.5616455078125
-4.062121175440552,5.614170074462891
3.62056380925444,-16.98535919189453
-6.512385872303066,-33.04954528808594
-17.2817979072755,0.03989005088806152
5.79128728304933,-2.789886474609375
3.7921116228684086,75.7686767578125
0.51700222845629,-0.503894567489624
1.0966146270020711,150.43505859375
-6.613686761665703,1.1032392978668213
-39.873530292237,1.1679699420928955
-35.0272315856836,1.1725194454193115
0.2475632146873464,13.60235595703125
5.59963570142504,-8.582077026367188
5.29419053806362,4.351423263549805
6.457932781589695,79.920166015625
6.4251548431743295,3.0533361434936523
-19.7885249955934,-0.6048572063446045
-2.4097304318056905,-19.762283325195312
7.543407488617369,-29.85205078125
1.83593808226401,109.4931640625
-1.5082203021212124,-17.262420654296875
5.99108205682079,-5.871925354003906
-18.1797235112709,533.5234375
-12.840088322870097,-1.083465576171875
-2.23616712442702,25.670166015625
-4.662511414401839,2.2197675704956055
3.41802282280863,2.580166816711426
-12.0320822507053,-0.4579589366912842
-25.9801803981754,-7.534283638000488
-5.97419023328963,-19.787338256835938
15.4186986077963,2.8701171875
4.480465220149085,0.7706689834594727
-13.2363849677504,5.326684951782227
-9.362863686069195,-52.35993957519531
4.128157012788561,85.60464477539062
2.26767773086615,2.2242391109466553
-24.1634597090208,-40.35279083251953
10.013204486477417,-37.986053466796875
-31.934070451053,-0.45479774475097656
-22.9515728231767,2.9718315601348877
-11.219410776078313,0.9712793827056885
6.00089213826483,1.0002937316894531
-28.9638748432599,-22.465614318847656
3.11049964318654,36.066650390625
-1.073248118887358,5.445472717285156
-10.249148139079496,-0.36965250968933105
-13.14009076535719,6.652872085571289
0.7364260970712593,60.5323486328125
-44.9949251983702,7.008289337158203
-5.159519294761907,9.836845397949219
1.869241020829697,-1.73103666305542
-55.54568697318505,-41.69075012207031
0.3065104335081801,0.4798088073730469
-10.386374558578522,3.9113731384277344
-3.0345245902191325,1.938948154449463
-57.144820014625296,7.193180084228516
2.85060083445348,18.27520751953125
2.446050707651698,2.121227264404297
5.50221601830175,2.007016181945801
3.455876052191651,1.983541488647461
-14.6157572128631,-3.890138626098633
-0.874105623616695,-20.537078857421875
-1.378759213278819,-18.06688690185547
1.350733135180331,22.277801513671875
-1.94666134980912,-2.2243995666503906
-3.36735139960915,0.0911712646484375
0.8319171014720902,-34.22979736328125
-40.2101205720394,7.940723419189453
-24.577379709126298,2.227494716644287
-18.6292132467089,-9.999435424804688
-46.39510994896701,0.6622231006622314
-2.487076105276776,-5.598814010620117
-4.752960817423343,-1.9511840343475342
-0.1160299782726794,-5.715792179107666
-18.5277286275242,3.273752212524414
-14.1325019191809,-3.108753204345703
10.909208084253878,27.53076171875
1.30779520720034,-69.0213623046875
-5.77436797253085,-43.722679138183594
3.986867952152618,66.830078125
-21.7936206120663,2.2656171321868896
-2.643556292002,-1.648427963256836
11.0853991753379,3.567049026489258
-12.9397422629832,-14.461441040039062
-0.190891674386513,-5.999382019042969
-6.32558602127377,26.614288330078125
5.391699208755202,16.6351318359375
-8.998840630677615,1.3396292924880981
-1.6005087696864486,-14.917869567871094
7.5482379424635875,-28.0740966796875
-7.642910278690365,1.1255228519439697
3.719171936095444,-21.14825439453125
-0.8981307679622897,0.2419290542602539
7.06032809637297,4.094970703125
-3.134999611446543,-3.8041305541992188
-5.94174589421185,1.4521937370300293
-17.7883076547542,-0.19767379760742188
-25.2381267145584,-29.78997802734375
-27.5445722402187,-1.7555599212646484
2.6678241356197647,1.5083297491073608
5.02066543392875,-4.285475254058838
-1.67197513843126,-2.918720245361328
6.58117049992555,7.998403549194336
3.12612254618191,-4.265785217285156
-2.1147225087047508,8.932820320129395
-76.9668504799361,5.341951370239258
10.11870938841209,-13.335891723632812
4.755697845162629,26.573341369628906
16.5479703149859,-7.4249267578125
4.001938538520379,-1.579916000366211
-14.1813773041305,-0.6505317687988281
0.7709161631446207,-5.057500839233398
-24.2508933717269,-20.935089111328125
-22.3071231538392,-5.370676040649414
7.2595381633228,0.955322265625
11.555346181601609,0.6827392578125
-26.258782255785,-1.4127674102783203
10.3189652047012,1.2209268808364868
0.809697096857583,-3.134624481201172
-18.5255095356289,1.698573350906372
-1.0680791130593923,-19.766979217529297
-3.5390830989045075,-0.7792148590087891
10.468583156479704,-17.58392333984375
-10.613183176373598,-4.714513301849365
-6.40442742836347,-15.1827392578125
7.196532980977684,1.4045906066894531
-10.586292641023492,39.144744873046875
-26.79502671025515,-5.615272521972656
-7.187555808667961,5.127622604370117
5.4465900456679694,45.64892578125
3.1988276731025875,1.470078468322754
7.827394642815597,11.470489501953125
3.887422638441485,-0.27777099609375
-3.41466344580097,12.2457275390625
2.667044757168528,3.5819344520568848
1.0590749185315824,4.6069488525390625
-3.9965921287470247,1.2353744506835938
10.982614675109394,-9.1435546875
0.4076170529080399,1.9126801490783691
2.71319811317338,2.509810447692871
8.652061852316729,11.313362121582031
-0.6579761516790089,-1.9016098976135254
-51.6773231694491,1.7003493309020996
-2.8325461302865187,-3.089019775390625
2.12749125232924,-1.0200958251953125
3.562549470771905,145.881591796875
-16.517773128145326,-8.863723754882812
6.874655354673765,-73.3212890625
0.2047767843086013,17.550071716308594
-2.698758931910008,-54.69071960449219
1.8601156760560384,3.340768814086914
-22.2455703021075,-1.6120796203613281
2.4288820651169605,-21.947765350341797
-16.8307740899425,12.276458740234375
20.7191486697607,-3.46832275390625
-30.7261055182573,1.7966041564941406
-38.4849400567448,2.455495834350586
-14.3103126367969,-4.569524765014648
0.7860328468455551,-11.352630615234375
-48.3858044800915,-0.3941822052001953
-3.21662088766757,62.7998046875
1.675245639565673,-13.398124694824219
-90.3299705619704,2.0760955810546875
-9.28527551691871,0.2352294921875
-1.2293411329062325,4.8133697509765625
-4.534682244798708,3.653278350830078
-68.1959205924323,2.2803802490234375
-24.5242345195019,2.5112152099609375
-2.77042962989298,3.9690980911254883
3.8009101564042025,-2.0137939453125
8.933703319425492,13.05126953125
-11.341527235964405,-7.972016334533691
6.71098989067457,65.4976806640625
4.54734483862441,73.91131591796875
-5.16341129781556,19.0052433013916
-49.062306315025,-9.002774238586426
5.26551760771767,-15.998046875
3.33951124606136,48.59765625
5.006519903780723,-7.807849884033203
4.05485944970297,6.938388824462891
2.283405953189745,4.201263427734375
-2.66483863280114,-16.50891876220703
12.566471603210276,-1.48248291015625
-27.9020155354992,-29.128814697265625
8.88265541550952,72.4029541015625
0.1652887870268324,2.134092330932617
15.4985727759109,-53.2265625
9.014890317831036,4.425558090209961
1.4803529144374856,-0.5370101928710938
18.1939100849816,-47.244873046875
-2.6304973605131474,78.80062866210938
-5.493763326806099,4.539089202880859
-0.6715208179901364,-1.8508586883544922
-36.7383193130824,2.2511119842529297
5.062784719364307,3.689624786376953
-12.026803679110706,1.1584959030151367
-3.01321716593974,86.6661376953125
8.35813394800668,59.24737548828125
-3.60075442831331,-10.21240234375
-9.509135784465323,-1.257080078125
-19.6175855102284,-40.074745178222656
-27.8629509568953,1.9741296768188477
1.74273211890989,5.359821319580078
-2.19578977406709,-7.7086029052734375
2.42002639701588,1.115804672241211
-25.55316918036869,0.12668228149414062
5.635020609606415,3.8454198837280273
-34.727836669101,-5.032632827758789
4.4516036428765,-0.5215301513671875
4.967381413305823,0.8907470703125
-6.81516141534704,17.048782348632812
-24.3954295810688,-10.74383544921875
8.658679095048068,17.879058837890625
3.7347243087796,-13.50635814666748
-12.909633143366396,5.212947845458984
-60.49569009623433,2.8380889892578125
-3.790702882666694,5.0001935958862305
-12.41068356063,1.0025248527526855
2.76740193393285,-106.219970703125
-18.9061714872788,-577.8740234375
-3.681083449701528,-27.1070556640625
8.13893448615947,-160.448486328125
-51.402683514636095,-13.954627990722656
-3.0703466753296,-332.78369140625
0.4646043967887734,-0.7592353820800781
5.989492839405608,0.5936076641082764
8.833837192566008,6.430816650390625
-26.1965705632023,0.3380584716796875
0.0804428699766095,-8.420463562011719
10.229168329440906,5.132923126220703
2.12042655289975,-1.5136375427246094
3.88810032819938,-7.886344909667969
-31.515616413872173,3.341419219970703
2.28163515100639,0.6323621273040771
-9.633163292669298,0.9949438571929932
2.63206586722876,-22.1553955078125
0.3189015990893598,-8.449165344238281
-6.31868596379813,4.809671401977539
-6.4648984000359935,5.331117630004883
8.91646092056966,6.976509094238281
-42.637521131086125,0.5194281339645386
-89.5439156156453,2.5019969940185547
9.179556151687803,15.79150390625
8.754663680824095,10.058897972106934
0.8838679103249854,-12.962604522705078
4.338369925074482,-5.109989166259766
-18.23432595343749,-22.74721908569336
6.92534745147092,16.506542205810547
-1.768261666543676,4.238517761230469
-7.87226820943855,5.187740325927734
-12.0847368637308,-16.371601104736328
-4.4222229386498375,13.054145812988281
6.63109301847755,4.895225524902344
1.675381804264854,-8.33115005493164
-6.897600670415837,-2.1645400524139404
-12.2774867069717,0.3310718536376953
-3.963646539183849,-108.65380859375
-2.552277046947741,-8.464431762695312
-10.78700495517378,-10.953216552734375
-6.426376983867103,7.2197265625
8.2142562177934,4.671623229980469
-16.967828162594074,-9.208488464355469
6.07843040491799,-2.1256980895996094
3.08443697315444,2.071666717529297
-1.3811964732242277,0.24800777435302734
-4.51305804704249,-0.9896590709686279
-9.93375477053989,-3.0597267150878906
-0.6581754288220045,5.3440399169921875
-7.952166005584182,0.9396111965179443
-13.563015982384195,5.158265113830566
-47.9957157156951,1.1128454208374023
4.96190002222477,-96.185546875
-2.0240269290899,-6.809780120849609
3.47166270740147,8.532246589660645
-5.2815921348029296,2.6436729431152344
2.369358494612781,35.8055419921875
-4.214346026907057,1.282815933227539
-23.8934551543691,1.0935828685760498
-1.0659561461183158,0.7495776414871216
3.126169348435272,1.0807164907455444
2.35164464781062,1.2080211639404297
-1.79502295092813,6.350055694580078
-15.957982665262508,1.0104862451553345
-64.65676531723692,-14.687263488769531
-27.8195558011628,1.2225914001464844
-10.480511156242285,8.730213165283203
-6.18357684414468,-13.21676254272461
-6.75960002722117,0.5822724103927612
4.4105627388370605,1.5706863403320312
5.58846482112586,4.771003723144531
-16.8483709423333,-0.6035897731781006
16.1850033157246,-105.86083984375
-3.34531377329845,-18.04601287841797
5.893700156574014,0.712310791015625
2.745769909533195,-81.27740478515625
2.53362859007723,2.8790245056152344
1.0880788430276551,-21.86181640625
