Score,Pred Score
-13.812973987503693,-19.18285369873047
-14.6311710829416,-7.782468795776367
-15.020937907067507,-27.92466926574707
5.61896917638109,-25.033620834350586
0.1461877509898399,-23.89175796508789
3.59745169898486,-11.340782165527344
-6.72144892291601,-37.01620101928711
4.304204520484877,-15.382863998413086
3.37898618824583,-18.69778060913086
3.939818822274421,-12.742362976074219
13.9953943577381,-35.70022964477539
-5.39913759737588,-46.27227783203125
-2.204579993178592,-15.103496551513672
8.829561804598438,-17.64104461669922
6.01696699102072,-23.744266510009766
-6.376202369524528,-12.79277229309082
-6.50906463316165,4.364530563354492
-60.92137282626391,-2.218700408935547
1.99934019108803,1.2519416809082031
2.188685633501576,-16.640609741210938
4.07090957771029,-28.041399002075195
0.5211206139658471,-34.67189025878906
12.5580583918003,-14.032791137695312
3.320229681965675,-30.31041717529297
-0.4381862293696001,-6.8908233642578125
0.1752112379752922,-19.295297622680664
4.123908949931413,-42.395164489746094
-14.2382866820043,-25.269573211669922
12.966325580978296,-28.4017333984375
7.692941411907634,-18.12598991394043
-62.9031214125763,-13.766830444335938
-5.800670766453999,-42.70931625366211
-11.705366535732304,-14.070154190063477
-4.786538605318405,-5.179792404174805
-82.4887013651952,-7.984760284423828
-8.251107402184557,-17.722240447998047
1.61677665352485,-41.188316345214844
-11.916211326129387,-22.4959716796875
-45.634880019414,-19.505901336669922
-0.568998602339841,-14.758892059326172
-12.147399114840605,-18.402149200439453
-27.4476544011683,-23.084270477294922
-2.306526469902426,-5.5142822265625
-0.4835459876036119,-17.773775100708008
-8.39479061793487,-34.221290588378906
-46.862925671502296,-17.825664520263672
0.3837795244341289,-24.17627716064453
7.184930267876617,-34.67686462402344
2.8348518495029404,-10.81049919128418
-9.859535687586003,-23.834980010986328
-6.00025755794808,-10.476043701171875
-4.764629840066975,-14.827362060546875
-2.377061578670744,-30.02788543701172
-2.0585753436264698,-14.648502349853516
1.1848602197973823,-46.822757720947266
4.97603191479674,-4.737083435058594
4.27399441028646,-0.6177749633789062
-46.2372447228831,-19.505674362182617
-31.4759298257721,-0.5814189910888672
-50.1674018945849,-5.012905120849609
0.9601515747159592,-15.122806549072266
-11.864177458483407,-47.704036712646484
-0.538262620928304,-24.730865478515625
-0.6920482116816997,-18.666624069213867
-1.5184696160120892,15.136295318603516
-3.0836644409391925,7.803165435791016
11.316750179392892,1.2673873901367188
-11.183106529127476,28.76831817626953
3.59102041590596,-11.715679168701172
4.55602013063716,19.240642547607422
11.579228393987275,16.75860595703125
2.3067635611900137,16.254798889160156
10.480393919522983,18.072248458862305
-2.698100773809443,9.220785140991211
3.776985072333982,18.123035430908203
-11.773766374328297,6.474447250366211
8.681027307740193,4.144706726074219
-1.1091988250418725,9.783334732055664
4.484288991501213,17.433990478515625
0.0548896546292299,20.404775619506836
0.1118559290339978,13.255577087402344
3.9797293996962297,7.543243408203125
-22.42608065327665,8.410722732543945
7.37064384347005,1.6853389739990234
-0.2642143205483515,-0.35521697998046875
5.344594984386832,14.435846328735352
-1.2497809936708242,10.937870025634766
13.71198107208239,-4.7275848388671875
0.5045482395984724,21.355697631835938
2.86709961553106,6.07902717590332
0.4423212163888063,13.12765884399414
-3.724573545179619,13.354047775268555
0.2570808252882703,1.840475082397461
-70.65073406723695,18.040630340576172
-33.9587360563784,14.998149871826172
9.2088386022025,14.522436141967773
1.3318185914773402,-14.756721496582031
-9.176001953270983,1.1290168762207031
-10.497767159210698,11.346736907958984
-0.4402086584014632,-7.722013473510742
2.1560784090827942,4.019512176513672
-27.1636490162131,10.255367279052734
-0.670930828719279,19.930438995361328
-22.794043146736,8.13214111328125
0.8105828534072201,22.672401428222656
1.2287673509824204,5.803131103515625
-0.6435038581465955,6.743955612182617
8.474782023793379,11.571102142333984
-9.601847091024196,10.807567596435547
-1.6610011043127195,-0.7341194152832031
-0.1091636509260827,20.823070526123047
7.570838092245207,13.695804595947266
-7.211196994815285,8.591022491455078
9.090654061652296,27.979284286499023
-26.6651088566214,4.153787612915039
-17.309192174305,7.374834060668945
4.14054171285972,20.49172592163086
4.097668935846943,-5.340065002441406
-0.29408409265346,10.724884033203125
-35.8165916579592,19.49158477783203
10.898098675545494,9.431697845458984
-1.6552655274048038,13.333877563476562
1.6729502580778592,3.5091171264648438
-6.42491227706334,19.098974227905273
-15.4752611754195,2.2492637634277344
-0.6907348474047925,13.868698120117188
-21.3629045873375,-3.2357616424560547
4.219145585451182,16.76907730102539
-3.019531285218114,-8.421182632446289
4.25311060075082,-4.646812438964844
-15.0412339008878,-32.717735290527344
-8.237627320974727,-20.130443572998047
-1.0683487237199796,-15.435123443603516
-1.7174251595272625,-23.20977210998535
4.069163600073605,-24.614444732666016
-10.162041561092582,-21.19867706298828
-5.97248436581227,-12.974132537841797
6.120538767403939,-17.32948112487793
-0.8028238008287005,-12.235639572143555
-23.6042929930625,-20.607999801635742
-0.1777753404752198,-21.5050048828125
-5.785469568057495,-9.756935119628906
-0.0556983764780604,-23.551528930664062
-25.4508968849616,-31.820371627807617
-5.3185412482723295,-21.58342170715332
9.1356503291117,-28.650989532470703
4.020569536845237,-17.811573028564453
-58.5527340809363,-0.19863128662109375
-6.291328737399075,-13.097042083740234
4.187869588752649,-20.984786987304688
8.922207576391518,-18.550765991210938
22.7414116448382,-21.01434898376465
-44.6057608529879,-2.7545547485351562
-26.5129077898497,-37.30268859863281
-2.13735826282737,-25.75116729736328
-1.14890133483728,-21.103740692138672
-15.2234416939723,-27.42859649658203
0.369316059642221,-22.07748794555664
-0.6884117876070912,-39.97838592529297
-5.8772631055401,-21.81707763671875
3.6053774296538297,-26.721214294433594
5.07108724357905,-2.692951202392578
1.292753014965791,-25.201690673828125
8.440986836263871,-21.352846145629883
-3.43040335892423,-4.254951477050781
0.7651079053562314,-12.824771881103516
-37.13962469223695,-25.22951316833496
-5.822632503482525,-11.630123138427734
-6.879472048396067,-41.5828857421875
2.11024229353816,-23.845703125
-7.1526743450051855,-42.46078872680664
-1.122073026503361,-24.127527236938477
0.3302260274555297,-19.006183624267578
-1.178255647098801,-43.057891845703125
-2.99361591491145,-24.98662757873535
-18.1070051290659,-28.00545883178711
-3.0332808194811403,-20.129852294921875
2.6303171850506604,-23.504907608032227
-9.72499716390718,-13.657684326171875
0.2729453578388601,-13.383804321289062
-21.4503408223732,0.060302734375
-4.99755531471552,-25.30759048461914
-18.0018409950579,-26.666095733642578
4.00031385473591,-8.246829986572266
12.0378145652987,-32.54630661010742
14.1235470599023,-19.33346939086914
6.55729051148795,-13.121471405029297
11.19992297656359,-17.426647186279297
-7.81388191369781,-21.960378646850586
-2.924593214648255,-3.7577171325683594
3.7667366885646025,-22.262842178344727
-6.68253431604433,-10.154254913330078
0.7345204104922589,0.782073974609375
-10.626155896203898,17.07493782043457
8.106852576346123,-7.830253601074219
-58.24412469223692,9.737621307373047
1.4955767028094,1.9522686004638672
-17.6906096863185,5.224666595458984
-4.813871520282443,10.133737564086914
-11.8973420493851,25.620906829833984
-2.67676896274171,-6.745521545410156
-3.9331393974605526,7.9042205810546875
8.756217929094177,-5.010251998901367
-29.2662792150344,16.640884399414062
1.7249239205326918,20.71323013305664
-6.686975812883663,11.20419692993164
11.10272802991041,6.212135314941406
-10.956818171714705,-0.48454856872558594
-6.3500959185649,11.389930725097656
0.6681105368389735,-26.523754119873047
-12.500029270357295,13.268301963806152
-2.591242863373206,4.576801300048828
5.954690473588823,19.42096519470215
-43.929359067237,5.325340270996094
-17.4841411730512,-6.897315979003906
3.61441892535489,15.920469284057617
2.1112971208509976,6.862520217895508
-41.8026500314277,17.107524871826172
7.028135642932115,-1.5538711547851562
8.463248256721428,11.802389144897461
-13.037072413777096,16.8270263671875
-1.6307504375632549,-26.561309814453125
-0.3284521577656807,8.609075546264648
0.4685622181175212,-2.638469696044922
-5.316952415477393,22.70905303955078
4.584421564331302,4.948314666748047
-20.3593816575191,21.004562377929688
3.67041582610247,14.368192672729492
2.204062447972561,33.14639663696289
-4.666937653128132,24.07384490966797
-12.3781694316975,-18.65108299255371
7.06923762363823,2.850709915161133
-37.2883298194418,26.210830688476562
6.442434166934048,-7.5570831298828125
-12.2162083245621,-11.572250366210938
-20.3623076046531,17.550020217895508
-5.45440876641342,2.4884986877441406
3.1416241584890576,5.154691696166992
-4.96580172718434,1.0722427368164062
-37.4061766871973,-1.090423583984375
6.46185690649625,-10.935009002685547
0.5403453062071405,2.5827999114990234
8.656689402528613,18.484851837158203
12.331931266595111,13.266979217529297
2.75380173901167,12.277626037597656
-2.8447496930443927,4.875825881958008
0.0285872237409883,18.305299758911133
-73.5286754265322,11.914571762084961
7.285509446842615,29.103988647460938
6.72046542688671,11.635269165039062
-6.19730890695259,-2.6213722229003906
-16.4599719883519,10.04913330078125
-10.288292260688207,-24.732803344726562
-10.285920522724917,19.83669662475586
-30.8171784242839,22.420942306518555
-4.65691689928222,4.909055709838867
-37.1716279374795,-9.869903564453125
-36.50577458359941,-12.978397369384766
0.7942566624333496,-3.4681758880615234
-34.8552692363716,-18.899600982666016
-2.491707941339629,-13.79660415649414
1.7387039934851498,-14.070018768310547
18.9715733525152,-26.531051635742188
-13.8996269060666,-22.69919204711914
4.17561229224804,-17.23208999633789
4.7680640763497,-13.193733215332031
-6.745372906074374,-22.432100296020508
7.262818938793504,-14.329412460327148
-55.7541546140486,-25.94879150390625
8.453421074249384,-29.711502075195312
-5.85807143580148,-12.312721252441406
-52.7336020518746,-21.065044403076172
-1.995826789875676,-42.35774230957031
-1.3326443092463092,-18.824827194213867
5.029017096161708,-23.895145416259766
-0.71117494174041,-20.030214309692383
8.243548509216069,-26.71721649169922
5.81602235619721,-14.748218536376953
5.978124919049687,-10.323352813720703
-2.8859593337581737,-50.452571868896484
-26.0047332498617,-21.344623565673828
-1.5220929784942658,-30.150848388671875
-3.195242757261453,-25.418262481689453
-15.0089303719363,-11.043846130371094
-1.757118944268968,-14.924983978271484
-13.5091075877696,-16.077157974243164
-4.0681667574955,2.430957794189453
4.43276114617859,-13.583755493164062
-4.665207913971671,-19.155147552490234
7.33919324558513,-10.173944473266602
-11.69780882660921,-32.1791877746582
5.960801203295765,-21.00286102294922
-29.9162730471743,-19.00489044189453
-5.331847529263395,-26.597991943359375
4.2006804390709,-31.939416885375977
4.76541245752904,-11.550811767578125
5.87221574658101,-24.955936431884766
-12.955988512618,-25.067909240722656
-14.4061745570978,-35.52333450317383
13.644333664082708,-13.07009506225586
7.522446474796843,-48.23082733154297
2.858782897786812,-11.164281845092773
-49.8653288018085,-21.801513671875
-4.029904705212941,-14.98592758178711
-6.2026319104393295,-16.763765335083008
4.452168509343501,-15.10689926147461
-16.475900892606802,-20.40032958984375
-11.03094492075089,-19.83456802368164
-8.08045020128908,-40.213218688964844
1.39259946716825,-23.95197296142578
-14.885807229381896,-11.498933792114258
-11.113180908425988,-22.042980194091797
5.506094216928792,-27.517162322998047
5.29091659278858,-2.706298828125
3.42106467876526,-6.56263542175293
5.162821279449693,-4.49586296081543
6.020551076354931,-12.814826965332031
0.8086942897832163,-22.31766128540039
-8.80546181278599,-31.458955764770508
-7.42349600405968,-25.53131103515625
-14.4731176558811,-2.5316009521484375
-35.5448186771701,5.107828140258789
-1.657597602265355,16.8446044921875
-1.930224441335125,-7.532039642333984
-10.398648228661925,22.14095687866211
-1.6521884315998507,17.64246940612793
1.3131129859732091,13.296327590942383
-0.1240821746904601,17.616374969482422
-35.1709788883515,8.863855361938477
0.6771989561182002,38.0370979309082
-5.8677981963370005,13.789327621459961
0.7982616963508231,17.886274337768555
2.595279020812243,20.632831573486328
6.9472187772133225,-5.235664367675781
-41.1395198834054,3.7614498138427734
-35.4604736838065,5.302583694458008
7.87379173269718,16.371509552001953
-8.72128086410909,5.870649337768555
-82.13826531723697,0.18237686157226562
-9.70693692529289,-5.649469375610352
-61.4386715672369,3.358367919921875
7.10938257895085,7.810886383056641
0.4007388327427847,15.910026550292969
-0.7455370396145937,9.801015853881836
1.674966057420845,15.516273498535156
11.877856996640997,31.635608673095703
-0.9096556467231308,-5.7251739501953125
-1.4680391508473674,22.08446502685547
15.6414782015599,-3.5394287109375
-10.35739215730591,-12.062931060791016
1.926107182225645,-2.257535934448242
6.99756701325662,12.88546371459961
3.54836143321337,27.41533088684082
-7.726553411266567,18.162879943847656
-48.51478094223695,2.978221893310547
-3.0453156276270903,39.27056884765625
-3.454798154796729,13.251829147338867
9.503977484174175,13.6131591796875
6.001532732018722,17.067852020263672
1.775572054007981,6.452653884887695
-2.6871577689602653,27.412960052490234
-7.920344649869953,10.931818008422852
2.578081311550471,8.284679412841797
-14.434457477598505,9.011192321777344
-1.338045882914232,1.9077033996582031
-44.1817825469333,10.095705032348633
2.4314234692194163,11.210210800170898
-2.35314836228574,12.346954345703125
-2.07036107592124,9.264486312866211
-6.560167066336443,8.75616455078125
-2.54688332955635,16.294109344482422
-7.940842049461227,2.1430397033691406
-7.789052707582185,-3.8757896423339844
-1.4295761119406232,20.16961097717285
7.206977941743588,33.15595245361328
-4.081394009803599,-2.4335498809814453
-30.167243616457,-4.165704727172852
11.7225687296843,-1.6840095520019531
-0.8984319813221007,-4.794414520263672
10.349523074958825,35.31293487548828
5.42147270471237,-4.424369812011719
-0.3136273830120112,12.531488418579102
4.398848813602776,36.890708923339844
2.099307195887115,2.458087921142578
-61.6890402284636,-5.885303497314453
-7.08434802004719,-10.225687026977539
0.6962467393230812,-27.14731216430664
9.0758909366509,-31.04747772216797
-1.9263965715605047,-8.305122375488281
-6.262949496708321,-23.75372314453125
-4.739766082030863,-29.405366897583008
-36.8822022827233,-21.229278564453125
3.24770439300306,-27.055431365966797
-2.289513933263135,-23.73508071899414
1.41805545618482,-24.0787353515625
-24.4432878855492,-6.423604965209961
-24.96156751119129,-15.558023452758789
-7.734574598544068,-22.17079734802246
2.79124989437018,-16.1133975982666
-5.17831154550348,-27.794281005859375
1.5275640312561216,-7.965461730957031
3.682989905065457,-21.04125213623047
-10.8237586662752,-10.020967483520508
-6.929951553081727,-13.033426284790039
-27.96215708599589,-37.83721160888672
-2.88087637063392,-10.362653732299805
-5.960419628776203,-25.30868911743164
-37.189874708633695,-11.996021270751953
1.1496085756031087,5.418569564819336
-12.7137936794919,-22.03555679321289
8.398744223780918,-10.3575439453125
-33.3004252633332,-5.083209991455078
9.144089281431205,-7.817464828491211
4.065326821312747,-11.2578125
-41.9047429025821,-26.923789978027344
7.383552345763623,-14.275934219360352
6.364261125349779,-18.701358795166016
4.841793570156368,-20.314212799072266
1.6198341998494314,-17.259685516357422
4.179707781567577,-23.613922119140625
-14.7229944429405,-33.871673583984375
7.078924552126015,-14.648086547851562
-12.898019313824,-18.982563018798828
-70.8116033690518,-16.839923858642578
12.7359625054994,-20.522178649902344
5.586124430090477,-17.262338638305664
3.028467183462371,-5.318870544433594
-5.830142578087577,-29.367626190185547
-22.6841489367301,-29.640132904052734
-1.51657819068512,-11.948795318603516
-81.52648016021857,-26.783037185668945
-3.36903782007548,-52.05339431762695
-18.707844022,-18.128421783447266
-34.48768519828235,-5.683393478393555
-39.7169735486916,-7.900487899780273
-1.593720937577549,-25.433807373046875
-23.2954444871652,-29.31400489807129
-45.30258920076982,-34.279998779296875
12.5056328567953,-18.439464569091797
-11.9299972333177,-23.24346160888672
-37.9495035857927,-57.30030059814453
0.7001962140772594,-3.221281051635742
4.49418879319923,-29.84271240234375
-39.0646563811545,-26.556652069091797
-9.09730633851708,-11.264289855957031
-17.5589533745204,-25.38302993774414
-4.92782811871599,-24.01882553100586
-8.2299173561342,-14.460197448730469
2.60625970962018,8.092933654785156
2.726862934921635,9.819244384765625
4.071661498679735,-10.23403549194336
-13.2494383747796,3.405214309692383
-11.9154244975033,2.4680747985839844
0.9090871567987184,-3.6622543334960938
7.92708077877978,4.037006378173828
-3.119647295186995,21.099891662597656
-2.248378586620203,19.705852508544922
1.6646916021852596,18.639598846435547
0.1590569364430157,19.5408992767334
-77.3623903172369,5.966081619262695
15.8859560938761,-8.414220809936523
-3.11888044241469,22.889528274536133
-2.7468186065138984,13.45564079284668
2.77922195660905,-4.322595596313477
4.052279150357491,2.8702926635742188
-4.03806373695381,25.24844741821289
-2.4461467814868523,17.423831939697266
-0.1639564470097907,12.802631378173828
0.8542168432631491,1.8058967590332031
5.84905996845087,16.304790496826172
-5.77665564868809,6.781177520751953
-3.7008288999313423,-7.613492965698242
-7.18713065449027,4.838798522949219
-0.9529303605806088,17.556304931640625
-15.902118442879,-8.853828430175781
-28.0636361890057,15.191947937011719
-26.912205886836706,8.452043533325195
8.596988309863011,12.277217864990234
0.2877587512502297,3.7075881958007812
3.3899996482015826,18.88774871826172
-20.5869014386951,3.5024356842041016
-9.341800010912078,-6.330615997314453
0.1692077246922899,4.538322448730469
-1.857666460494741,5.454547882080078
-13.2752747780792,4.558895111083984
0.7445982178878973,2.1385650634765625
4.49646859469848,17.748435974121094
3.60913262992784,9.107725143432617
-5.653435188749545,10.559762954711914
1.51502173443586,-6.8881988525390625
8.143116180793372,15.705436706542969
-8.36164856265281,17.322200775146484
-1.130678948105339,27.623205184936523
-4.349210006555943,4.547000885009766
0.2594141505344826,3.5332489013671875
-32.1283374054069,-6.2458953857421875
-1.9051378030600723,17.409818649291992
4.768047800449637,7.51104736328125
2.264898495983479,7.4344329833984375
-6.47138721063866,-19.540491104125977
4.93167956005568,35.27729415893555
2.4851768276660025,7.09581184387207
-3.930469946192945,20.839702606201172
11.923948375295712,1.33837890625
11.616605850275496,-7.346721649169922
10.41580460128629,26.060007095336914
-8.700462669667385,-2.3263797760009766
13.1991243046288,13.55496597290039
-4.75101729862813,8.939239501953125
-1.4230966237807086,-14.609357833862305
-2.07861348348741,14.233171463012695
10.292368565007404,-5.866571426391602
1.9007667723773176,-27.812108993530273
17.1612744381531,-34.17669677734375
-0.1428452494230792,-15.60348892211914
2.4933992323843923,-1.2245292663574219
-13.861300672159,-45.39820861816406
-1.7943154401891548,-10.116077423095703
-4.15624175439773,-25.315229415893555
-14.277645616907492,-17.554901123046875
2.713132201978397,-18.733333587646484
-13.315456279797685,-10.289623260498047
-5.36204355968609,-18.644397735595703
-1.4872271509121793,-25.9652156829834
0.31232235517322,-11.468742370605469
3.0307168501552093,-15.216873168945312
3.4484762474106,-5.686613082885742
-34.0729170807354,-28.430313110351562
-25.0659802428987,-30.92545509338379
0.86771933446589,-23.45391845703125
-11.996919710325,-19.95211410522461
17.2594267615487,-31.50046157836914
-56.2560888739038,-16.827150344848633
-12.7386491421071,-31.419660568237305
-3.520787796436005,-23.98328971862793
-0.8014467498558491,-26.5905818939209
-34.7812340468876,-20.12872314453125
7.158235365631607,-25.21303939819336
3.29681579894721,-11.477401733398438
0.046018285265003,-20.713146209716797
2.046344769010002,-37.3574333190918
4.25403099118957,-6.992654800415039
3.7804230286959792,-21.316129684448242
-3.773219093074008,-22.73917007446289
-9.722403045722997,-18.130691528320312
2.81101468536903,-8.634639739990234
-23.7494411406013,-35.56330490112305
-75.56229656723696,-20.824947357177734
4.366245372711767,-29.909372329711914
9.94612085382829,-32.105018615722656
-8.207132148775708,-14.072250366210938
-3.09775596823669,-33.82107162475586
3.77256113899207,-15.84878158569336
0.2016574678685985,-15.047901153564453
4.38808277416547,-20.511091232299805
3.7092867134231,-9.030609130859375
1.6740112862957208,-40.23699188232422
-5.472376660417956,-16.17450714111328
12.283123760680592,-23.430553436279297
4.417989059347175,-18.606517791748047
1.907333647224608,-4.878593444824219
-3.73521146317182,-29.990028381347656
7.837521570550837,-19.000261306762695
4.82455755953161,-22.464128494262695
-0.6472060937938101,-11.401618957519531
-8.237956686764985,-19.18958282470703
7.36579899286375,-13.984142303466797
7.859716520666763,-2.3405799865722656
2.765011277030255,-14.556570053100586
4.62415639298937,-23.963027954101562
6.430237727930085,-9.330940246582031
2.44728958086436,-20.03170394897461
-1.93656353174353,-17.82251739501953
-33.7845903951132,-22.509479522705078
10.960301672714698,-16.622220993041992
6.147225205740463,-21.15291404724121
2.4659746492236927,0.01815032958984375
18.2642273209106,29.415699005126953
7.656482330373112,0.10657882690429688
-63.2346715672369,-6.585994720458984
-22.9610154952969,15.010496139526367
4.39789099231211,4.373388290405273
-46.587141393021525,-1.5185985565185547
-12.281506448986304,-1.2042236328125
5.220668557811489,13.912233352661133
-1.4412632820262703,0.5370101928710938
-35.163016426576704,0.8784027099609375
-31.380009974583203,11.42180061340332
-2.6184282494780104,-0.022769927978515625
-37.3999740396079,7.348415374755859
-10.594900847222812,3.3179244995117188
-23.227454082363305,9.668495178222656
-15.4814292943448,-4.80817985534668
-6.89310310865277,13.346328735351562
-11.7962452523223,11.09981918334961
-0.3887710448227697,-12.807876586914062
-4.0896099478500325,2.596973419189453
-42.6579269422049,-0.4509086608886719
-2.095241650043551,17.085308074951172
8.45389840526827,-7.116626739501953
-15.5157954828953,-17.076858520507812
-1.9802660997523944,11.363300323486328
1.8368511005450223,-12.982450485229492
2.11900133622217,0.59954833984375
-38.4962238749225,-7.485157012939453
0.8069046214032297,23.35000228881836
-1.73607437190069,-8.685676574707031
-8.46093254820262,5.167577743530273
-0.0780407432645869,-11.668529510498047
5.009535132419683,20.315479278564453
-74.9399761386801,10.424585342407227
2.806732553915905,0.7229366302490234
-10.415057364934407,21.787704467773438
-4.81834176383161,-14.696199417114258
-1.4920816076829602,7.208589553833008
-0.003939288658445,10.365158081054688
5.86288473591452,10.130842208862305
0.4443344011282492,4.830240249633789
5.72263802046558,18.397668838500977
5.46583466116103,4.785709381103516
5.05355462238675,-15.97381591796875
-17.190033530139498,10.70022964477539
-10.1192188918475,5.840662002563477
-10.539071528779305,10.408716201782227
0.2492257167476033,-1.369293212890625
5.35198813185094,9.940153121948242
14.9823899147147,6.227775573730469
1.7336328627834918,2.918058395385742
3.2582764286422226,-5.987884521484375
1.1615369027166365,29.387554168701172
-42.4099588259267,-0.40308189392089844
-38.7823663998969,2.9027252197265625
7.99575647038201,3.2190093994140625
11.644495901203598,-4.755744934082031
-39.0956747424042,14.948026657104492
-38.6438610292767,16.821727752685547
-40.5029244010595,-0.9164276123046875
-22.8644313188967,6.972925186157227
-0.897066728281827,16.691476821899414
-17.6830733389949,14.059087753295898
-0.0084306638066775,-13.165790557861328
0.5394390329931549,-21.510334014892578
-21.61387508166409,-13.943500518798828
5.053393098685065,-23.877275466918945
-15.7834934865799,-29.773731231689453
-58.40351531723695,-17.42307472229004
8.86280218600469,-31.208789825439453
1.888243484494037,-10.048912048339844
8.99923705482913,-27.094650268554688
4.133325903305868,-27.63507080078125
4.774357664359128,-13.841920852661133
7.418770080750715,-19.190061569213867
-2.25262466719878,-22.78038787841797
-7.071587649042333,-27.397518157958984
4.398742241377427,-45.061519622802734
-8.692928400841772,-56.021240234375
2.334382802629,-16.634899139404297
2.8274240704709,-14.298667907714844
2.1747311895065486,-22.943435668945312
-11.9965988914421,-1.2133064270019531
2.776867734737273,-11.913509368896484
-12.4595255596924,-21.142807006835938
18.5317724911246,-29.28573989868164
6.86106163750481,-30.77704620361328
-19.1693792779686,-20.970104217529297
-4.20883890972707,-20.073665618896484
-0.3530077955256401,-3.622112274169922
-1.6020246929696491,-20.672245025634766
-7.57557880794988,-22.582639694213867
13.9692836454661,-21.36334800720215
1.289294757415069,-16.268482208251953
-20.3746494688195,-2.514341354370117
-8.044482691931467,-13.014852523803711
2.51340467963473,-23.087509155273438
11.0282847349576,-33.110565185546875
-1.3944922949507652,-11.489204406738281
-26.2706781913698,-18.222299575805664
-71.7765711158932,-24.8864803314209
-44.2857422252861,-20.682374954223633
-3.057699221935841,-22.449729919433594
10.116767222520318,-18.52406120300293
-46.9980356488569,-6.319664001464844
-8.677497573270493,-2.9777488708496094
-25.781275563237,-4.7359161376953125
-2.941164138388841,-21.22638702392578
-26.5692742661385,-9.333908081054688
1.2555345380058751,-19.703224182128906
-0.810306898238276,-1.29559326171875
0.2404076931068699,-25.467172622680664
-2.5590885431480426,-24.473182678222656
-11.9846830308257,-31.02517318725586
-5.775806690181939,-11.081756591796875
1.9806048133258944,-15.45050048828125
16.618750626525,-33.870426177978516
8.204494762209066,8.233314514160156
6.80321923705408,-22.65576934814453
11.710679650337616,-13.786752700805664
3.181253849239128,-37.326637268066406
0.90894434552881,-8.324804306030273
3.547124544521316,-14.642993927001953
-2.202886656443709,3.519916534423828
-11.133669865203094,-33.20384216308594
9.328533024448705,-29.697429656982422
-0.7012610501602399,-13.243431091308594
-0.3170472839931941,12.825212478637695
-2.3458288386735573,5.705461502075195
-26.1191329979098,-16.571800231933594
-2.33292598982445,6.492456436157227
2.461922216333884,6.6313629150390625
3.73205068567752,9.035568237304688
-22.4462583852743,-4.292659759521484
16.899113604615202,9.035354614257812
-2.85382252753121,13.961641311645508
1.2705701336207027,-3.8413314819335938
7.960789166364423,9.784553527832031
2.71808902854303,8.720939636230469
5.5273920092716775,17.493576049804688
-4.11149235653684,10.238164901733398
-20.9676231329802,-1.466073989868164
-0.89184437235696,10.151914596557617
-1.2816619609782416,21.889537811279297
4.85634828411675,6.348762512207031
6.429854346358795,4.569561004638672
4.71112087372323,33.92070007324219
-30.7199022255615,11.895906448364258
-3.8590388668775,1.2647438049316406
-10.6557437737239,-3.129932403564453
-13.4460672849668,7.908596038818359
-5.527709296795018,9.623201370239258
-1.876637029070265,18.55805206298828
10.2532613363299,7.445627212524414
3.00680128293027,12.072389602661133
19.33685959748449,-3.9262237548828125
-0.1058882282985149,-4.994806289672852
14.3436638764016,10.660381317138672
-16.1535771788668,5.673151016235352
0.9480162028997956,-19.437461853027344
-18.5891767455387,16.584035873413086
13.309934514349203,-3.5202178955078125
6.02246857213521,13.045127868652344
5.16750826555368,24.26866912841797
-1.0190872666435924,-5.377864837646484
-19.100904418149,5.058137893676758
4.743603615290096,29.008441925048828
-13.8157551615103,15.641674041748047
-3.802611775309477,-6.579919815063477
4.30511943579503,2.378499984741211
-22.482844278002705,6.534107208251953
0.60779733849738,25.137619018554688
17.8138573048897,-3.4268417358398438
-38.4626262988146,-1.1901988983154297
-0.6089836493556324,10.097145080566406
0.8617451361473882,13.28095817565918
-2.40000424902785,10.548345565795898
3.7078671714499096,12.730791091918945
-2.390619984667185,-14.052993774414062
-15.559462368784592,-7.450807571411133
-13.790764753514,10.594701766967773
-9.325981865786185,6.826580047607422
-58.4491138315396,7.309137344360352
9.550892694239591,11.796670913696289
4.435147085081137,-5.949775695800781
-2.3538192484503564,10.788642883300781
-5.83438093189622,10.064632415771484
-7.10827059552493,3.7435379028320312
-12.414939844598162,17.90431785583496
6.6154810826822,13.74006462097168
1.3155747227446202,10.67220687866211
-2.56542276271332,-6.781675338745117
-13.546032832554804,-21.433494567871094
-16.600339428286603,-32.34074401855469
2.9737175212081803,-34.21718215942383
6.167862854629888,-19.004167556762695
-40.922076323723,-17.544063568115234
16.9349100756105,-33.17723846435547
-12.24911226903676,-23.665613174438477
4.867927463076468,-7.757713317871094
-21.6327950573002,-25.601581573486328
7.11033993521173,-16.986526489257812
-9.59094984812801,-12.275947570800781
4.92186081619874,-18.097423553466797
-7.815562497274902,-16.163848876953125
-2.20364176327536,-35.41810989379883
-19.6754058911438,-17.379892349243164
-91.8886792382854,-3.5183563232421875
-20.9507978903398,-21.776945114135742
-17.8084408175675,-33.87041091918945
-62.9612541332419,-19.626922607421875
5.598134989920393,-21.115272521972656
-7.283890318199592,-23.305095672607422
6.1026124307435,-20.018165588378906
7.42840635595139,-23.74344825744629
-5.179391847578812,-12.448219299316406
-4.873152982370568,-11.647684097290039
7.276768036701751,-16.856468200683594
-10.739322929783883,-11.882991790771484
-22.9219832537164,-18.171010971069336
1.5259403537211615,-34.1710319519043
-44.7886924625105,-22.736541748046875
-3.72583443525641,-12.183116912841797
-14.57002364123529,-16.1435489654541
-10.128266274366498,-28.344005584716797
-28.0249952668106,-22.050952911376953
-26.24662901330595,-21.712329864501953
-40.3645652505015,-35.91083908081055
-30.8056950922951,-7.89634895324707
-3.9552380984537248,-22.88216781616211
-2.1789667599796294,-26.50322151184082
-0.5734820606807138,-19.58269500732422
-1.1617148968623687,-21.51622200012207
3.42848617073407,-21.835006713867188
-17.4030551064212,-0.03606986999511719
3.88109013796494,-23.70183563232422
9.400493271217616,-22.403522491455078
-11.302161927872188,-27.935653686523438
-13.3709137252944,-23.034372329711914
-6.79658968512302,-27.571605682373047
4.509456424718162,-21.106529235839844
5.45103123545738,-20.776695251464844
8.149714042401495,-10.019893646240234
-12.909180343140196,-34.066139221191406
-6.61979034735207,-13.919692993164062
11.9978624338519,5.741077423095703
-12.53254789251529,-13.959178924560547
-8.36198121766124,-19.248104095458984
-4.361976736345532,-11.512020111083984
-0.1898191226144924,-15.10110092163086
2.3166834950764685,-6.1793975830078125
-12.6203596574975,-19.12818145751953
-1.207429910073891,-39.343284606933594
-29.7403775200217,-31.98617172241211
5.31082796058257,-25.445465087890625
2.97844031586002,10.05267333984375
-12.533050119535002,20.76956558227539
-5.8684323426223,3.724903106689453
2.391980620215489,11.180187225341797
7.73570234615748,42.34111785888672
1.166748445159433,4.568035125732422
6.093529951556334,10.834770202636719
17.709922444879297,6.721652984619141
11.779516260068313,16.179975509643555
2.4866177573815964,2.7982139587402344
-30.89708550466269,2.5321693420410156
-9.231606713935047,15.407230377197266
-13.4089268865456,-12.797540664672852
-9.06573754635488,5.998064041137695
9.30630078585379,5.862281799316406
-7.156550033865472,-4.439739227294922
-10.5414716495377,4.910839080810547
-27.8178569354009,4.41790771484375
5.3817717725564,8.169780731201172
-35.155236696245,11.558355331420898
-21.4141717786538,7.16096305847168
-2.6053130644292946,2.0544586181640625
-9.953220777101093,0.14986038208007812
-8.798237091769485,-5.958576202392578
-27.6920167541674,-0.9544143676757812
8.017093587799739,-11.808052062988281
-0.3550158381598589,-3.2906112670898438
-1.19024715514191,-16.28251838684082
-3.2855896341823474,-0.3861255645751953
1.844566842421384,9.029890060424805
-30.7366736665872,3.185850143432617
-11.338238855350506,19.81586456298828
-1.059512617215007,-5.569736480712891
-33.7712071062874,15.575462341308594
3.812227003524945,-22.985292434692383
-2.8472026300298463,8.345964431762695
-21.5871320482388,11.714591979980469
1.845960760756301,9.704111099243164
9.06213659212517,-10.556156158447266
-13.950148061363093,25.421714782714844
-15.1006814359747,4.0900115966796875
-8.65496498210776,1.3188285827636719
-31.18852367408345,13.938614845275879
2.35160533891099,18.253372192382812
-7.06329362397977,23.92197608947754
-11.299328727708405,20.71807098388672
-5.73967918172164,16.194900512695312
-4.062121175440552,3.811006546020508
3.62056380925444,7.24871826171875
-6.512385872303066,14.65283203125
-17.2817979072755,10.001968383789062
5.79128728304933,-20.17584991455078
3.7921116228684086,5.024730682373047
0.51700222845629,7.7130584716796875
1.0966146270020711,-6.303657531738281
-6.613686761665703,-2.041900634765625
-39.873530292237,-2.3499679565429688
-35.0272315856836,2.9968910217285156
0.2475632146873464,17.816862106323242
5.59963570142504,6.50836181640625
5.29419053806362,19.259248733520508
6.457932781589695,9.679176330566406
6.4251548431743295,27.829126358032227
-19.7885249955934,13.355134963989258
-2.4097304318056905,-23.632080078125
7.543407488617369,-33.098697662353516
1.83593808226401,-4.387504577636719
-1.5082203021212124,-24.385194778442383
5.99108205682079,-6.294124603271484
-18.1797235112709,-25.695201873779297
-12.840088322870097,-6.444309234619141
-2.23616712442702,-33.09362030029297
-4.662511414401839,-28.809558868408203
3.41802282280863,-1.8396644592285156
-12.0320822507053,-9.59703254699707
-25.9801803981754,-33.548500061035156
-5.97419023328963,-30.955533981323242
15.4186986077963,-28.25485610961914
4.480465220149085,-23.87981605529785
-13.2363849677504,-17.33461570739746
-9.362863686069195,-26.76788330078125
4.128157012788561,-8.064485549926758
2.26767773086615,-29.30309295654297
-24.1634597090208,-14.563232421875
10.013204486477417,-24.604259490966797
-31.934070451053,-29.10760498046875
-22.9515728231767,-40.147178649902344
-11.219410776078313,-33.59295654296875
6.00089213826483,10.839715957641602
-28.9638748432599,-25.979637145996094
3.11049964318654,-19.575904846191406
-1.073248118887358,-12.713476181030273
-10.249148139079496,-28.35297966003418
-13.14009076535719,-16.638931274414062
0.7364260970712593,-21.017154693603516
-44.9949251983702,-19.481233596801758
-5.159519294761907,-15.52956771850586
1.869241020829697,-33.03578567504883
-55.54568697318505,-19.684093475341797
0.3065104335081801,-5.395551681518555
-10.386374558578522,-23.233348846435547
-3.0345245902191325,-31.297395706176758
-57.144820014625296,-21.08456039428711
2.85060083445348,-8.932254791259766
2.446050707651698,-18.362031936645508
5.50221601830175,-23.836585998535156
3.455876052191651,-9.843463897705078
-14.6157572128631,-20.528213500976562
-0.874105623616695,-45.83704376220703
-1.378759213278819,-7.627307891845703
1.350733135180331,-22.424537658691406
-1.94666134980912,-14.75094223022461
-3.36735139960915,-16.444936752319336
0.8319171014720902,-19.549583435058594
-40.2101205720394,-25.47269058227539
-24.577379709126298,-21.730731964111328
-18.6292132467089,-33.20983123779297
-46.39510994896701,-24.609432220458984
-2.487076105276776,-19.383935928344727
-4.752960817423343,-34.26158142089844
-0.1160299782726794,-38.2218017578125
-18.5277286275242,-7.198591232299805
-14.1325019191809,6.128467559814453
10.909208084253878,-30.967529296875
1.30779520720034,-19.39901351928711
-5.77436797253085,-17.709365844726562
3.986867952152618,-22.655166625976562
-21.7936206120663,-29.319068908691406
-2.643556292002,2.8222789764404297
11.0853991753379,8.212076187133789
-12.9397422629832,-5.9700927734375
-0.190891674386513,-13.0909423828125
-6.32558602127377,14.6907958984375
5.391699208755202,0.4897441864013672
-8.998840630677615,20.152549743652344
-1.6005087696864486,3.866008758544922
7.5482379424635875,6.8629608154296875
-7.642910278690365,5.252475738525391
3.719171936095444,8.609798431396484
-0.8981307679622897,-1.3039321899414062
7.06032809637297,6.437862396240234
-3.134999611446543,6.604572296142578
-5.94174589421185,-8.163963317871094
-17.7883076547542,6.05726432800293
-25.2381267145584,-5.035282135009766
-27.5445722402187,6.778842926025391
2.6678241356197647,3.3367557525634766
5.02066543392875,4.8165740966796875
-1.67197513843126,11.7408447265625
6.58117049992555,15.475044250488281
3.12612254618191,3.951953887939453
-2.1147225087047508,17.435293197631836
-76.9668504799361,22.20049285888672
10.11870938841209,11.316520690917969
4.755697845162629,1.6597824096679688
16.5479703149859,-1.8543472290039062
4.001938538520379,12.283496856689453
-14.1813773041305,12.291587829589844
0.7709161631446207,7.904994964599609
-24.2508933717269,-3.992471694946289
-22.3071231538392,2.162860870361328
7.2595381633228,22.385631561279297
11.555346181601609,4.5744781494140625
-26.258782255785,7.473255157470703
10.3189652047012,-15.404571533203125
0.809697096857583,13.649091720581055
-18.5255095356289,-1.0859088897705078
-1.0680791130593923,7.251152038574219
-3.5390830989045075,10.639921188354492
10.468583156479704,7.535453796386719
-10.613183176373598,8.007463455200195
-6.40442742836347,-3.5695953369140625
7.196532980977684,9.826898574829102
-10.586292641023492,14.169120788574219
-26.79502671025515,3.7847518920898438
-7.187555808667961,8.24643325805664
5.4465900456679694,4.774776458740234
3.1988276731025875,12.066520690917969
7.827394642815597,10.382099151611328
3.887422638441485,6.877635955810547
-3.41466344580097,2.1568832397460938
2.667044757168528,4.009258270263672
1.0590749185315824,10.688627243041992
-3.9965921287470247,15.081680297851562
10.982614675109394,6.132850646972656
0.4076170529080399,-4.23139762878418
2.71319811317338,11.2952880859375
8.652061852316729,27.854846954345703
-0.6579761516790089,2.702301025390625
-51.6773231694491,3.590169906616211
-2.8325461302865187,0.002819061279296875
2.12749125232924,2.683246612548828
3.562549470771905,-26.691974639892578
-16.517773128145326,-18.684093475341797
6.874655354673765,-29.819896697998047
0.2047767843086013,-10.956647872924805
-2.698758931910008,-20.74114990234375
1.8601156760560384,-6.962444305419922
-22.2455703021075,-15.697395324707031
2.4288820651169605,-21.52710723876953
-16.8307740899425,-10.461799621582031
20.7191486697607,-23.18560791015625
-30.7261055182573,-16.85729217529297
-38.4849400567448,-29.760141372680664
-14.3103126367969,-33.57552719116211
0.7860328468455551,-26.52269744873047
-48.3858044800915,-11.373600006103516
-3.21662088766757,-23.847171783447266
1.675245639565673,-20.707141876220703
-90.3299705619704,-6.253290176391602
-9.28527551691871,-16.17776870727539
-1.2293411329062325,-7.7824554443359375
-4.534682244798708,-16.204524993896484
-68.1959205924323,-27.250831604003906
-24.5242345195019,-28.373891830444336
-2.77042962989298,-14.069351196289062
3.8009101564042025,-16.8494873046875
8.933703319425492,-20.589923858642578
-11.341527235964405,-14.806751251220703
6.71098989067457,-20.08275032043457
4.54734483862441,-3.4726123809814453
-5.16341129781556,-14.733148574829102
-49.062306315025,-18.29513168334961
5.26551760771767,-39.859371185302734
3.33951124606136,-23.30190658569336
5.006519903780723,-25.97739601135254
4.05485944970297,-16.212316513061523
2.283405953189745,-41.60108947753906
-2.66483863280114,-12.745796203613281
12.566471603210276,-21.552906036376953
-27.9020155354992,-25.85139274597168
8.88265541550952,-16.601924896240234
0.1652887870268324,-13.494148254394531
15.4985727759109,-31.5494384765625
9.014890317831036,-9.892356872558594
1.4803529144374856,-13.297880172729492
18.1939100849816,-28.057239532470703
-2.6304973605131474,-5.9912261962890625
-5.493763326806099,-17.670717239379883
-0.6715208179901364,-21.410221099853516
-36.7383193130824,-27.988771438598633
5.062784719364307,-14.994535446166992
-12.026803679110706,-10.929206848144531
-3.01321716593974,-26.79840850830078
8.35813394800668,-10.657737731933594
-3.60075442831331,-25.028947830200195
-9.509135784465323,-33.86489486694336
-19.6175855102284,-16.93597412109375
-27.8629509568953,-21.706836700439453
1.74273211890989,-15.113164901733398
-2.19578977406709,-22.581371307373047
2.42002639701588,-3.904510498046875
-25.55316918036869,-20.441408157348633
5.635020609606415,-19.21563720703125
-34.727836669101,-34.61165237426758
4.4516036428765,-29.496601104736328
4.967381413305823,-12.188514709472656
-6.81516141534704,4.005535125732422
-24.3954295810688,10.816505432128906
8.658679095048068,13.32125473022461
3.7347243087796,-32.13419723510742
-12.909633143366396,2.061534881591797
-60.49569009623433,16.425437927246094
-3.790702882666694,25.356735229492188
-12.41068356063,16.46807098388672
2.76740193393285,3.973247528076172
-18.9061714872788,-3.2468719482421875
-3.681083449701528,13.257707595825195
8.13893448615947,4.530784606933594
-51.402683514636095,4.074520111083984
-3.0703466753296,-6.2989959716796875
0.4646043967887734,8.855960845947266
5.989492839405608,3.5467777252197266
8.833837192566008,6.248104095458984
-26.1965705632023,-4.045559883117676
0.0804428699766095,14.080259323120117
10.229168329440906,20.844066619873047
2.12042655289975,14.643800735473633
3.88810032819938,6.923282623291016
-31.515616413872173,9.011743545532227
2.28163515100639,0.6159095764160156
-9.633163292669298,4.787675857543945
2.63206586722876,11.489681243896484
0.3189015990893598,18.07554817199707
-6.31868596379813,9.796440124511719
-6.4648984000359935,1.056447982788086
8.91646092056966,4.3237762451171875
-42.637521131086125,1.686605453491211
-89.5439156156453,12.022676467895508
9.179556151687803,2.1132755279541016
8.754663680824095,20.190120697021484
0.8838679103249854,9.084373474121094
4.338369925074482,14.156005859375
-18.23432595343749,10.896137237548828
6.92534745147092,2.1248817443847656
-1.768261666543676,9.71291732788086
-7.87226820943855,19.530277252197266
-12.0847368637308,7.486957550048828
-4.4222229386498375,8.46950912475586
6.63109301847755,16.896013259887695
1.675381804264854,9.733816146850586
-6.897600670415837,13.308126449584961
-12.2774867069717,-2.7939453125
-3.963646539183849,-4.637653350830078
-2.552277046947741,16.956409454345703
-10.78700495517378,-10.91739273071289
-6.426376983867103,11.759260177612305
8.2142562177934,14.937698364257812
-16.967828162594074,8.70857048034668
6.07843040491799,10.218036651611328
3.08443697315444,5.187639236450195
-1.3811964732242277,8.450515747070312
-4.51305804704249,18.08035659790039
-9.93375477053989,14.028614044189453
-0.6581754288220045,15.029590606689453
-7.952166005584182,12.40898323059082
-13.563015982384195,2.7968902587890625
-47.9957157156951,11.15745735168457
4.96190002222477,6.894611358642578
-2.0240269290899,3.5051727294921875
3.47166270740147,-15.584403991699219
-5.2815921348029296,-15.942863464355469
2.369358494612781,-31.127458572387695
-4.214346026907057,-24.556640625
-23.8934551543691,-14.378227233886719
-1.0659561461183158,-26.491016387939453
3.126169348435272,-26.807315826416016
2.35164464781062,-32.13456344604492
-1.79502295092813,-10.271596908569336
-15.957982665262508,-24.54511070251465
-64.65676531723692,-24.7615966796875
-27.8195558011628,-16.434032440185547
-10.480511156242285,-16.11887550354004
-6.18357684414468,-25.64248275756836
-6.75960002722117,-23.373088836669922
4.4105627388370605,-18.256572723388672
5.58846482112586,-12.733329772949219
-16.8483709423333,-10.124956130981445
16.1850033157246,-39.594364166259766
-3.34531377329845,-23.95606803894043
5.893700156574014,-24.27820587158203
2.745769909533195,-24.887683868408203
2.53362859007723,-19.162689208984375
1.0880788430276551,-30.716339111328125
