Score,Pred Score
-13.812973987503693,-5.2747039794921875
-14.6311710829416,-10.434171676635742
-15.020937907067507,-12.365814208984375
5.61896917638109,77.15406799316406
0.1461877509898399,-5.326817512512207
3.59745169898486,7.81011962890625
-6.72144892291601,-1.744384765625
4.304204520484877,-18.869205474853516
3.37898618824583,-3.756624698638916
3.939818822274421,9.099700927734375
13.9953943577381,-19.169532775878906
-5.39913759737588,16.9486026763916
-2.204579993178592,-42.20977783203125
8.829561804598438,-11.621368408203125
6.01696699102072,-5.124664306640625
-6.376202369524528,-3.3814613819122314
-6.50906463316165,-6.673032283782959
-60.92137282626391,-8.161931037902832
1.99934019108803,-5.848165512084961
2.188685633501576,18.453472137451172
4.07090957771029,-8.293028831481934
0.5211206139658471,3.4801025390625
12.5580583918003,14.111572265625
3.320229681965675,-3.758063554763794
-0.4381862293696001,-7.734819412231445
0.1752112379752922,-14.041509628295898
4.123908949931413,-13.018989562988281
-14.2382866820043,-8.644538879394531
12.966325580978296,10.580963134765625
7.692941411907634,-4.623685359954834
-62.9031214125763,-5.818839073181152
-5.800670766453999,-10.471299171447754
-11.705366535732304,-15.452415466308594
-4.786538605318405,-5.279327392578125
-82.4887013651952,-10.926643371582031
-8.251107402184557,-6.104076385498047
1.61677665352485,-20.115190505981445
-11.916211326129387,-8.519883155822754
-45.634880019414,-11.362373352050781
-0.568998602339841,-2.2113399505615234
-12.147399114840605,-17.18069839477539
-27.4476544011683,-20.062219619750977
-2.306526469902426,-3.9636504650115967
-0.4835459876036119,-1.6772575378417969
-8.39479061793487,-6.135290145874023
-46.862925671502296,-17.441482543945312
0.3837795244341289,-25.503173828125
7.184930267876617,52.12067794799805
2.8348518495029404,-4.3134050369262695
-9.859535687586003,2.476348876953125
-6.00025755794808,-4.661998271942139
-4.764629840066975,-5.6811442375183105
-2.377061578670744,-5.843238830566406
-2.0585753436264698,-7.719388961791992
1.1848602197973823,-2.0531234741210938
4.97603191479674,-5.978900909423828
4.27399441028646,-7.473875999450684
-46.2372447228831,-16.348346710205078
-31.4759298257721,-9.62033462524414
-50.1674018945849,-11.106545448303223
0.9601515747159592,-4.93315315246582
-11.864177458483407,-1.2055740356445312
-0.538262620928304,-88.852294921875
-0.6920482116816997,-7.6193695068359375
-1.5184696160120892,-7.415041923522949
-3.0836644409391925,-6.271531105041504
11.316750179392892,42.039306640625
-11.183106529127476,-1.5833697319030762
3.59102041590596,-6.121878623962402
4.55602013063716,-3.051564931869507
11.579228393987275,15.728893280029297
2.3067635611900137,-5.48658561706543
10.480393919522983,5.5629119873046875
-2.698100773809443,-7.88303804397583
3.776985072333982,-8.684164047241211
-11.773766374328297,-7.2842254638671875
8.681027307740193,5.1119232177734375
-1.1091988250418725,2.6972999572753906
4.484288991501213,-2.558197021484375
0.0548896546292299,13.32257080078125
0.1118559290339978,-19.00430679321289
3.9797293996962297,10.917343139648438
-22.42608065327665,-5.49407958984375
7.37064384347005,-12.032532691955566
-0.2642143205483515,-3.363119125366211
5.344594984386832,-4.691370487213135
-1.2497809936708242,-8.144498825073242
13.71198107208239,116.0162353515625
0.5045482395984724,-13.387834548950195
2.86709961553106,-5.378814697265625
0.4423212163888063,-9.799919128417969
-3.724573545179619,5.662029266357422
0.2570808252882703,4.763915061950684
-70.65073406723695,-6.037363052368164
-33.9587360563784,-4.984115123748779
9.2088386022025,19.701871871948242
1.3318185914773402,-22.038623809814453
-9.176001953270983,-3.0546607971191406
-10.497767159210698,-8.332498550415039
-0.4402086584014632,-5.496984481811523
2.1560784090827942,-6.808030128479004
-27.1636490162131,6.101411819458008
-0.670930828719279,-3.2825260162353516
-22.794043146736,-7.73192834854126
0.8105828534072201,-16.410877227783203
1.2287673509824204,-6.479104995727539
-0.6435038581465955,17.426963806152344
8.474782023793379,20.38121795654297
-9.601847091024196,-3.1570706367492676
-1.6610011043127195,-6.1662445068359375
-0.1091636509260827,-5.809619903564453
7.570838092245207,-14.797161102294922
-7.211196994815285,-5.255738258361816
9.090654061652296,-8.522072792053223
-26.6651088566214,-11.079925537109375
-17.309192174305,-5.869064807891846
4.14054171285972,-3.1254329681396484
4.097668935846943,29.33489990234375
-0.29408409265346,-14.210384368896484
-35.8165916579592,-14.657907485961914
10.898098675545494,-1.5247764587402344
-1.6552655274048038,-1.7106075286865234
1.6729502580778592,-2.9553213119506836
-6.42491227706334,-5.9451212882995605
-15.4752611754195,-5.693470001220703
-0.6907348474047925,-4.64478874206543
-21.3629045873375,-3.068834066390991
4.219145585451182,-11.034106254577637
-3.019531285218114,-5.8103928565979
4.25311060075082,-4.580801963806152
-15.0412339008878,18.67251205444336
-8.237627320974727,-12.782968521118164
-1.0683487237199796,-3.613901376724243
-1.7174251595272625,-13.311970710754395
4.069163600073605,-14.285148620605469
-10.162041561092582,-18.277284622192383
-5.97248436581227,-9.969350814819336
6.120538767403939,-1.1469955444335938
-0.8028238008287005,-17.992328643798828
-23.6042929930625,-5.883542537689209
-0.1777753404752198,-21.60986328125
-5.785469568057495,-8.878626823425293
-0.0556983764780604,-0.39673328399658203
-25.4508968849616,-2.0819320678710938
-5.3185412482723295,-11.355609893798828
9.1356503291117,14.494773864746094
4.020569536845237,3.7324905395507812
-58.5527340809363,-3.5955657958984375
-6.291328737399075,-4.088417053222656
4.187869588752649,0.4864215850830078
8.922207576391518,-10.641761779785156
22.7414116448382,-12.10915756225586
-44.6057608529879,-10.36289119720459
-26.5129077898497,-16.183116912841797
-2.13735826282737,-15.985565185546875
-1.14890133483728,-11.831035614013672
-15.2234416939723,2.009357452392578
0.369316059642221,-13.201446533203125
-0.6884117876070912,-18.62156105041504
-5.8772631055401,-6.9222211837768555
3.6053774296538297,-3.6684861183166504
5.07108724357905,-9.950942993164062
1.292753014965791,-6.2695465087890625
8.440986836263871,-2.432447910308838
-3.43040335892423,-12.734415054321289
0.7651079053562314,-4.933506011962891
-37.13962469223695,-25.816455841064453
-5.822632503482525,1.5893983840942383
-6.879472048396067,-17.370441436767578
2.11024229353816,-9.440996170043945
-7.1526743450051855,-17.969444274902344
-1.122073026503361,-0.2945556640625
0.3302260274555297,-7.066070556640625
-1.178255647098801,4.0784406661987305
-2.99361591491145,25.435409545898438
-18.1070051290659,-9.934552192687988
-3.0332808194811403,-33.99308776855469
2.6303171850506604,-13.807170867919922
-9.72499716390718,-8.094162940979004
0.2729453578388601,-11.973069190979004
-21.4503408223732,-8.433450698852539
-4.99755531471552,-27.589111328125
-18.0018409950579,-20.94180679321289
4.00031385473591,-10.357767105102539
12.0378145652987,14.34157943725586
14.1235470599023,-12.301315307617188
6.55729051148795,-0.15706634521484375
11.19992297656359,-4.833221435546875
-7.81388191369781,-15.949832916259766
-2.924593214648255,-13.971034049987793
3.7667366885646025,-4.929920196533203
-6.68253431604433,-0.2474374771118164
0.7345204104922589,22.392196655273438
-10.626155896203898,15.018173217773438
8.106852576346123,36.89239501953125
-58.24412469223692,-25.341764450073242
1.4955767028094,11.49176025390625
-17.6906096863185,2.5745849609375
-4.813871520282443,15.234447479248047
-11.8973420493851,-6.614169120788574
-2.67676896274171,82.90982055664062
-3.9331393974605526,-7.572429656982422
8.756217929094177,32.3448486328125
-29.2662792150344,-4.887833595275879
1.7249239205326918,-0.501399040222168
-6.686975812883663,-6.435173988342285
11.10272802991041,22.112613677978516
-10.956818171714705,-16.387313842773438
-6.3500959185649,-4.905525207519531
0.6681105368389735,-24.447847366333008
-12.500029270357295,-6.754342079162598
-2.591242863373206,-15.589456558227539
5.954690473588823,-4.1095170974731445
-43.929359067237,-27.95691680908203
-17.4841411730512,-20.663524627685547
3.61441892535489,-0.9148464202880859
2.1112971208509976,-1.699319839477539
-41.8026500314277,-12.906649589538574
7.028135642932115,23.530799865722656
8.463248256721428,-18.631317138671875
-13.037072413777096,-10.618794441223145
-1.6307504375632549,-2.8644440174102783
-0.3284521577656807,-0.7901096343994141
0.4685622181175212,-15.113767623901367
-5.316952415477393,0.8077688217163086
4.584421564331302,-8.08197021484375
-20.3593816575191,-9.943464279174805
3.67041582610247,5.855854034423828
2.204062447972561,0.1649951934814453
-4.666937653128132,-5.766663551330566
-12.3781694316975,-13.969812393188477
7.06923762363823,-7.93898868560791
-37.2883298194418,-4.900206565856934
6.442434166934048,86.00604248046875
-12.2162083245621,-19.728986740112305
-20.3623076046531,-0.09591817855834961
-5.45440876641342,-6.297517776489258
3.1416241584890576,-11.2947359085083
-4.96580172718434,-6.115655422210693
-37.4061766871973,-21.257638931274414
6.46185690649625,5.857514381408691
0.5403453062071405,0.9052848815917969
8.656689402528613,8.72793960571289
12.331931266595111,38.94538116455078
2.75380173901167,-0.014148712158203125
-2.8447496930443927,1.3452110290527344
0.0285872237409883,-5.449114799499512
-73.5286754265322,-8.03138542175293
7.285509446842615,-9.384087562561035
6.72046542688671,29.62774658203125
-6.19730890695259,111.54632568359375
-16.4599719883519,-3.669247627258301
-10.288292260688207,-6.950809478759766
-10.285920522724917,-6.2891035079956055
-30.8171784242839,-1.089609146118164
-4.65691689928222,-5.845456600189209
-37.1716279374795,-5.745202541351318
-36.50577458359941,-2.2554264068603516
0.7942566624333496,-7.259210586547852
-34.8552692363716,-5.032489776611328
-2.491707941339629,-7.5547637939453125
1.7387039934851498,8.541255950927734
18.9715733525152,-1.6010513305664062
-13.8996269060666,-51.6104736328125
4.17561229224804,-6.1220903396606445
4.7680640763497,-10.288907051086426
-6.745372906074374,-3.8858253955841064
7.262818938793504,5.453459739685059
-55.7541546140486,-6.431816101074219
8.453421074249384,-9.717582702636719
-5.85807143580148,-8.369573593139648
-52.7336020518746,-19.41046905517578
-1.995826789875676,6.057411193847656
-1.3326443092463092,-19.456981658935547
5.029017096161708,-18.509124755859375
-0.71117494174041,-3.3392333984375
8.243548509216069,-24.79962158203125
5.81602235619721,-14.674797058105469
5.978124919049687,-5.970137119293213
-2.8859593337581737,5.2211456298828125
-26.0047332498617,-15.052703857421875
-1.5220929784942658,-18.655715942382812
-3.195242757261453,16.817527770996094
-15.0089303719363,-10.50559139251709
-1.757118944268968,-12.05152702331543
-13.5091075877696,-6.987875461578369
-4.0681667574955,-9.6023530960083
4.43276114617859,-0.01236724853515625
-4.665207913971671,-5.93858528137207
7.33919324558513,-8.728935241699219
-11.69780882660921,-8.994972229003906
5.960801203295765,5.775637626647949
-29.9162730471743,-12.743675231933594
-5.331847529263395,-8.217097282409668
-40.7258600860177,-1.959333896636963
-35.3994683825842,-6.231013298034668
-10.968565079401992,-3.1330642700195312
15.384553292915324,-10.573902130126953
-0.4271227388875901,-3.7216320037841797
-7.69948364751984,-7.287405967712402
-26.6822467124322,-15.739049911499023
-0.2823200449385875,-13.005507469177246
-3.8453528225106623,-14.524391174316406
-2.4599041427842496,-31.604759216308594
-12.7315114055493,-11.01535415649414
1.418014053180695,-6.712108612060547
-3.4922781726655696,-10.405241966247559
9.58062385928767,-15.546550750732422
-17.5801214502402,0.9614343643188477
-49.5120706514507,-20.166236877441406
-0.4503474699443348,1.37548828125
2.332279780348585,-2.7649731636047363
-42.2483635713802,-12.349980354309082
-5.00028834575103,-6.956233978271484
-5.14141487663266,-6.378777503967285
-19.923371510770203,-6.027295112609863
4.28301459624688,-14.721879959106445
0.3224388648416145,-5.091357707977295
6.795393661635613,52.61970520019531
6.720388221210122,-54.50019836425781
-20.7558388881914,-8.619014739990234
-12.5922662394529,-10.731741905212402
-5.19085420781142,-4.47470235824585
-27.3858072066324,-6.247749328613281
6.488490212037078,16.277828216552734
-12.5233171201947,-7.835840225219727
0.996650643215182,-6.474246025085449
3.27144637329635,0.4982261657714844
1.203208947199059,-19.3732967376709
4.5031585012656095,-6.0074310302734375
-46.6686841099013,-7.35161828994751
3.600655729290548,-5.127772331237793
-2.7077151362496297,-5.3642473220825195
-42.936846127142296,-6.083768844604492
2.679404112105611,25.583038330078125
-23.975827854410426,-23.566650390625
-24.4869919201538,-19.767505645751953
-6.22433036882608,-6.966274261474609
-24.992167376126925,-7.948827743530273
-9.742168339465294,-8.723925590515137
0.1235817830644999,-4.985041618347168
-11.607028837624,-8.188314437866211
5.321680837772678,-2.030695915222168
3.3452637215970498,-6.580238342285156
13.015759276594096,87.93609619140625
-6.13466459150186,-8.737363815307617
3.0897024917955025,4.4513702392578125
3.557691046156,30.669151306152344
2.0008593011464906,-15.317964553833008
-1.2671721747064446,-11.99740219116211
-2.989164004622407,-8.89078140258789
-2.43808381047612,-8.621845245361328
-11.30813578108209,-4.176597595214844
-9.619042312244815,-5.3822245597839355
-4.01456885639382,-2.655993700027466
-4.853312003098937,-6.4141082763671875
2.78743688363977,-20.375503540039062
3.6035536346157695,-5.2531657218933105
6.09033976794457,11.520069122314453
-5.89266438028177,-0.7508678436279297
4.780848076735348,1.351264476776123
-20.7592210135025,-22.181137084960938
-3.637071869773312,-8.626581192016602
-4.396710286499547,-9.514739990234375
9.04709717330502,-2.040654182434082
1.69213972357191,-15.688218116760254
-27.068723822751306,-8.21420669555664
0.2886204877907422,-4.811746597290039
-0.592182005541919,-3.790433883666992
-4.736229867816737,-25.14263916015625
7.877641553655238,16.883821487426758
-2.588665914009158,-4.269085884094238
4.72846919446815,-7.771413803100586
3.42669038506664,-3.7957043647766113
-10.274169876330886,-3.4041941165924072
-1.289264920121349,-6.228455066680908
-6.9648772325347394,-0.5670185089111328
-1.2236747050651609,0.09054756164550781
-12.208208404490907,-12.090153694152832
4.40921359309415,34.435821533203125
16.4171583068458,36.53480529785156
-15.991582533821994,-7.80029296875
7.809600001042748,-2.013395309448242
-3.0331069492891496,66.957763671875
2.603164662477901,-18.74146842956543
-24.2572199033326,-10.76511001586914
13.667582002208905,-5.69488525390625
8.19307228691883,-7.545175552368164
0.4664503305112299,0.8801894187927246
-6.46133524603972,-13.871787071228027
-19.7520332208299,-7.566876411437988
-7.75971004909346,-7.6955108642578125
7.66334596528203,-10.616483688354492
-27.64770126959135,-10.643550872802734
2.125547882163602,13.291400909423828
-1.8239337240231768,-3.9522552490234375
3.3696784995100426,-11.024168968200684
5.265272900492549,-14.750932693481445
6.753311816554961,-11.016785621643066
0.9434331950199416,-4.092151641845703
2.13745295521649,-10.85516357421875
2.76912169862866,-26.999755859375
2.409764321136161,5.326810836791992
3.7606671418030695,-9.944106101989746
0.555665600488549,-1.3747100830078125
-89.04756219223692,-12.853484153747559
6.987950206462267,-7.665218830108643
-10.09410467002709,-11.430721282958984
8.16191414696451,39.07844161987305
-10.731303688850904,-10.447175025939941
7.588764503474316,-4.946783065795898
-5.25293160621848,-5.842250347137451
2.3065604778561424,4.98199462890625
-3.8022266666193874,-6.971983909606934
3.22816419080692,-9.585365295410156
1.1941842843275,17.969772338867188
9.772192422094813,-1.228337287902832
-2.489313079893845,-16.632415771484375
-13.547300817594484,-24.982542037963867
-1.5403494549472296,-11.261985778808594
-5.139364658294922,-2.6169166564941406
-1.32131943338233,-6.31597900390625
-0.5284321769112605,-4.590494632720947
0.1119561526876595,-8.362985610961914
14.8508222506114,-0.1817474365234375
-0.0918051514147744,-5.4847307205200195
-1.7237618714553775,-5.458334922790527
-1.5699354762224491,-3.30096435546875
1.5718362711845366,4.087211608886719
3.58036180553514,-4.723204612731934
7.45084701577923,-10.466059684753418
-7.378812419643663,19.126068115234375
-33.1832620874725,-8.897075653076172
-6.066411004621831,14.55975341796875
-16.4910721624856,-8.095077514648438
0.8267526169764301,-8.140008926391602
-9.762453719841735,-5.830903053283691
8.07102955700163,21.535850524902344
1.741670982094262,-4.776308059692383
-0.0053525606393112,-3.6040501594543457
-51.4043293278057,-25.40886688232422
14.9415296965116,-7.4554595947265625
8.70853787657841,-7.841701507568359
-2.149900469098629,-6.1604413986206055
14.8229623836697,4.5770721435546875
-0.0379657812584102,-22.24091148376465
-15.3173389528898,-5.511299133300781
-1.7663441991754285,-14.884117126464844
-6.708306328674888,-7.527673244476318
-78.7451798053926,-12.753238677978516
-0.5413656534735456,-5.221259593963623
9.625121597198186,4.085597991943359
-3.15562863494722,4.291054725646973
9.60447820177431,22.250762939453125
-3.31847606547329,-1.1477508544921875
-4.12581810820042,1.7718315124511719
1.7706121017107803,-3.3588223457336426
0.5117341060036625,-9.702008247375488
2.63157412115867,-10.678319931030273
-4.763634360062484,-4.772888660430908
-11.18181257464061,0.4593639373779297
-39.4932668903457,-8.354707717895508
9.206200380526292,38.21484375
-2.93911844531118,-7.3170599937438965
-28.13472322157985,-5.309006690979004
9.62907409316032,6.645179748535156
-7.042636248773623,-5.186872482299805
-4.03025121975644,-7.459327697753906
3.42951329804928,12.151283264160156
2.5565427438131976,1.5595245361328125
2.8513084033656,-1.7217164039611816
-5.5623675139736175,-5.79744815826416
16.9968892380515,34.024375915527344
-4.144685584269085,28.136459350585938
-11.221818720505304,-1.587148666381836
-2.111656589218961,-12.388077735900879
-1.626797120535592,-1.2788410186767578
0.7652624054000594,-9.53873062133789
-21.5531296050118,-16.338497161865234
-13.053772031257305,-10.243480682373047
5.42509465390903,0.3853120803833008
-5.5186956836840375,-13.734387397766113
-2.260381023139061,62.979461669921875
-30.3377383335249,0.6925878524780273
7.380729755239978,-8.178348541259766
-4.172986764275874,-14.336271286010742
-1.2036514942358316,-1.7126379013061523
-35.2906329121599,-11.032604217529297
-2.54595208771381,-6.048301696777344
-10.901275449743116,-7.702808380126953
-17.0078420331655,-8.610525131225586
-17.0314498829154,-1.3199939727783203
-11.9784507557909,-0.4989638328552246
-19.469018973061075,-4.180120468139648
-3.2142130797467816,33.57257080078125
-0.5663484394051013,34.392486572265625
-21.2195468929047,-7.560396194458008
8.077984978184695,-5.6130218505859375
-17.0119321722455,-12.832847595214844
4.67424026120176,-2.62835693359375
-47.9875704511971,-6.382597923278809
4.316615136301563,120.93893432617188
11.2728180991378,12.6876220703125
-3.5546157663424616,-11.37069320678711
-3.15887949932979,-5.621647357940674
-1.6422791314174887,21.296463012695312
-3.448025235667948,-16.836185455322266
-13.5632540546311,-8.482806205749512
0.8825935384285006,-2.379371404647827
3.27100049685324,-10.332021713256836
-0.7762273913233743,28.07353973388672
1.026942322157092,-1.6253089904785156
9.859104788483815,-14.425588607788086
-1.9977872313530125,3.3671834468841553
-13.1809903671301,-25.169677734375
-35.1782981083837,-13.927335739135742
-35.8337806803641,-12.01535701751709
-7.639409008216227,-13.739990234375
-15.746453943284,-6.423968315124512
1.055995951979529,19.602638244628906
3.987299411465438,-4.652217864990234
-37.0930621901092,4.056948661804199
16.694612728237402,-9.958488464355469
-4.527979888097892,-6.828287124633789
14.6352674345898,-7.657523155212402
5.034618319433818,-13.265947341918945
-3.77133000272187,-3.432072877883911
-1.61504571199055,-22.646270751953125
-56.3663437951974,-8.706254959106445
10.088450856398616,-12.28139877319336
-14.285610883283098,-8.381279945373535
2.6210618799141923,20.19451904296875
-2.308732762121495,-10.099211692810059
-83.9761260280997,-11.850530624389648
-1.03656181464744,-6.817256450653076
10.16232173056559,24.5692138671875
-3.12013961477547,-4.8199920654296875
3.010752586641185,-6.619795799255371
-1.5178355576616795,3.9077301025390625
-2.60072537807549,6.4266357421875
-2.367312137177082,6.807989120483398
6.075310726130807,2.8691864013671875
2.24572304437811,0.04984283447265625
0.2044267191685782,-6.918528079986572
3.85944773684647,6.2210693359375
-14.409506408843407,-12.184200286865234
-2.683955047842884,49.91674041748047
-0.0075038478591599,-6.02583122253418
7.190050317883171,6.1040191650390625
-2.1691769605730515,-7.543800354003906
-7.910003358009165,-4.670310974121094
-69.1366966634013,-7.817268371582031
1.437241653553571,-2.7395572662353516
-20.7409218490905,-7.257600784301758
3.78247800369874,-9.9515380859375
7.909526276907584,-9.55002498626709
6.097122298913325,-6.157019138336182
24.5800902168924,-17.882034301757812
-9.979741434164584,-3.8936524391174316
3.1327986373042376,-4.636686325073242
-8.393586343504198,-6.462837219238281
8.678125432705007,9.347152709960938
20.7428439693387,-4.837438583374023
-1.511416195100045,-10.88416862487793
-23.3725501337939,-7.092010021209717
4.69437535963172,-12.056129455566406
8.24149319055937,-7.035048484802246
-0.2898522089969393,-0.42287731170654297
-7.19378137939456,-9.12969970703125
1.0271109700113177,0.9541816711425781
-14.564555056626377,-6.691559314727783
-9.657849716236,-9.521005630493164
-0.7280966227290082,-3.782299518585205
-21.8962191024866,-13.759708404541016
-40.2614734397264,-5.88440465927124
-1.77750068778882,-9.672052383422852
-28.3488859938485,-5.524446487426758
-8.184373188662292,-11.73095703125
-6.135426654744688,-7.577422618865967
-3.270422191581055,-11.962661743164062
-6.055427015859325,0.0915611982345581
-34.3143130117107,-12.294207572937012
-50.4820483838523,-10.916873931884766
-4.639593570653838,0.6209883689880371
-21.0606958753072,-4.726840019226074
8.747205755218493,-7.5626068115234375
0.6884341878779402,-2.7268447875976562
0.300408103033295,-6.246295928955078
-2.6184282494780104,3.5735397338867188
-37.3999740396079,0.7547717094421387
-10.594900847222812,-12.909873962402344
-23.227454082363305,-10.30617904663086
-15.4814292943448,-8.00516414642334
-6.89310310865277,4.705842971801758
-11.7962452523223,5.350152969360352
-0.3887710448227697,4.89739990234375
-4.0896099478500325,32.053924560546875
-42.6579269422049,-5.963446617126465
-2.095241650043551,-2.518599510192871
8.45389840526827,1.4538710117340088
-15.5157954828953,-9.219348907470703
-1.9802660997523944,-6.733616828918457
1.8368511005450223,-12.141742706298828
2.11900133622217,5.5842742919921875
-38.4962238749225,-6.895349502563477
0.8069046214032297,-9.59140396118164
-1.73607437190069,0.3546714782714844
-8.46093254820262,-10.610353469848633
-0.0780407432645869,3.5889892578125
5.009535132419683,-0.913050651550293
-74.9399761386801,-7.787467956542969
2.806732553915905,2.7137203216552734
-10.415057364934407,-5.010066032409668
-4.81834176383161,-9.645572662353516
-1.4920816076829602,-0.053165435791015625
-0.003939288658445,5.901088714599609
5.86288473591452,6.042564392089844
0.4443344011282492,-14.054370880126953
5.72263802046558,-19.19055938720703
5.46583466116103,-2.094243049621582
5.05355462238675,-5.643833637237549
-17.190033530139498,5.8363037109375
-10.1192188918475,1.5304107666015625
-10.539071528779305,-4.533445358276367
0.2492257167476033,-2.9490509033203125
5.35198813185094,-4.328961372375488
14.9823899147147,-2.6008834838867188
1.7336328627834918,-6.0449113845825195
3.2582764286422226,-7.275793075561523
1.1615369027166365,-2.2045633792877197
-42.4099588259267,-5.173529148101807
-38.7823663998969,-5.749817848205566
7.99575647038201,5.331933975219727
11.644495901203598,2.07977294921875
-39.0956747424042,-19.035717010498047
-38.6438610292767,-12.652729034423828
-40.5029244010595,-25.905914306640625
-22.8644313188967,1.3661108016967773
-0.897066728281827,-5.135738372802734
-17.6830733389949,-10.309455871582031
-0.0084306638066775,-6.638370513916016
0.5394390329931549,9.377302169799805
-21.61387508166409,-26.95553970336914
5.053393098685065,-6.6261186599731445
-15.7834934865799,-17.15940284729004
-58.40351531723695,-37.55261993408203
8.86280218600469,38.361419677734375
1.888243484494037,2.1885147094726562
8.99923705482913,-16.06893539428711
4.133325903305868,-7.949863433837891
4.774357664359128,-6.199769020080566
7.418770080750715,-11.243438720703125
-2.25262466719878,16.735374450683594
-7.071587649042333,-3.6780893802642822
4.398742241377427,-3.6762309074401855
-8.692928400841772,19.881505966186523
2.334382802629,-8.858253479003906
2.8274240704709,-4.4057159423828125
2.1747311895065486,-6.1143341064453125
-11.9965988914421,-0.9377608299255371
2.776867734737273,-12.382627487182617
-12.4595255596924,-13.109472274780273
18.5317724911246,13.367645263671875
6.86106163750481,5.016780853271484
-19.1693792779686,-5.077306747436523
-4.20883890972707,1.7231578826904297
-0.3530077955256401,-4.109948635101318
-1.6020246929696491,-5.1852874755859375
-7.57557880794988,-23.499263763427734
13.9692836454661,7.7567291259765625
1.289294757415069,-5.7318878173828125
-20.3746494688195,-9.008881568908691
-8.044482691931467,-4.048583984375
2.51340467963473,-2.606466770172119
11.0282847349576,28.934600830078125
-1.3944922949507652,-4.274616241455078
-26.2706781913698,-9.922054290771484
-71.7765711158932,-32.50511932373047
-44.2857422252861,-10.89443588256836
-3.057699221935841,18.7222900390625
10.116767222520318,-12.13404655456543
-46.9980356488569,-14.867109298706055
-8.677497573270493,-3.4473066329956055
-25.781275563237,-7.581003189086914
-2.941164138388841,-6.31610107421875
-26.5692742661385,-11.228730201721191
1.2555345380058751,-5.524070739746094
-0.810306898238276,-4.286535739898682
0.2404076931068699,-8.731230735778809
-2.5590885431480426,2.283618927001953
-11.9846830308257,-20.682701110839844
-5.775806690181939,-11.120338439941406
1.9806048133258944,-3.335747241973877
16.618750626525,8.779754638671875
8.204494762209066,-10.505505561828613
6.80321923705408,4.84320068359375
11.710679650337616,-2.7085447311401367
3.181253849239128,7.785773277282715
0.90894434552881,-4.49079704284668
3.547124544521316,-7.3406548500061035
-2.202886656443709,-10.468753814697266
-11.133669865203094,-8.116556167602539
9.328533024448705,-6.836700439453125
-0.7012610501602399,-13.337369918823242
-0.3170472839931941,-2.634450912475586
-2.3458288386735573,-13.884407043457031
-26.1191329979098,-16.89248275756836
-2.33292598982445,-10.592602729797363
2.461922216333884,-8.078962326049805
3.73205068567752,-2.137786865234375
-22.4462583852743,-5.836003303527832
16.899113604615202,0.5027275085449219
-2.85382252753121,-7.414594650268555
1.2705701336207027,-5.550933837890625
7.960789166364423,-12.588844299316406
2.71808902854303,23.959943771362305
5.5273920092716775,-10.806467056274414
-4.11149235653684,-3.7126903533935547
-20.9676231329802,-0.19015121459960938
-0.89184437235696,-4.8553667068481445
-1.2816619609782416,-7.081198692321777
4.85634828411675,-3.511260986328125
6.429854346358795,-3.4266586303710938
4.71112087372323,-7.650413513183594
-30.7199022255615,-9.268054962158203
-3.8590388668775,-8.037199020385742
-10.6557437737239,-156.75503540039062
-13.4460672849668,-3.9743900299072266
-5.527709296795018,1.8625621795654297
-1.876637029070265,-2.3265867233276367
10.2532613363299,-12.826263427734375
3.00680128293027,-8.684595108032227
19.33685959748449,-22.915328979492188
-0.1058882282985149,-5.685476779937744
14.3436638764016,0.594482421875
-16.1535771788668,4.866692543029785
0.9480162028997956,50.5511589050293
-18.5891767455387,-10.505542755126953
13.309934514349203,20.404525756835938
6.02246857213521,-7.379417419433594
5.16750826555368,-10.376173973083496
-1.0190872666435924,-2.4794445037841797
-19.100904418149,-7.451810836791992
4.743603615290096,-10.782912254333496
-13.8157551615103,-6.259850025177002
-3.802611775309477,-24.156707763671875
4.30511943579503,-14.964860916137695
-22.482844278002705,-2.1033968925476074
0.60779733849738,-4.073881149291992
17.8138573048897,0.8566741943359375
-38.4626262988146,-5.72280740737915
-0.6089836493556324,-9.064918518066406
0.8617451361473882,-2.1955738067626953
-2.40000424902785,-13.768192291259766
3.7078671714499096,-2.156280994415283
-2.390619984667185,-6.861288547515869
-15.559462368784592,-9.541081428527832
-13.790764753514,16.517995834350586
-9.325981865786185,-2.3818163871765137
-58.4491138315396,-18.652835845947266
9.550892694239591,-23.483016967773438
4.435147085081137,-15.256591796875
-2.3538192484503564,2.5613746643066406
-5.83438093189622,-7.253118991851807
-7.10827059552493,-7.759063720703125
-12.414939844598162,1.6192913055419922
6.6154810826822,-7.09661865234375
1.3155747227446202,-7.387336730957031
-2.56542276271332,-3.21938419342041
-13.546032832554804,-15.588285446166992
-16.600339428286603,-22.1471004486084
2.9737175212081803,-8.200439453125
6.167862854629888,-1.8325128555297852
-40.922076323723,-30.078372955322266
16.9349100756105,14.326751708984375
-12.24911226903676,-9.143573760986328
4.867927463076468,-2.3753929138183594
-21.6327950573002,-12.358299255371094
7.11033993521173,25.69842529296875
-9.59094984812801,-11.088262557983398
4.92186081619874,5.833038330078125
-7.815562497274902,14.738960266113281
-2.20364176327536,-1.4201850891113281
-19.6754058911438,-8.933342933654785
-91.8886792382854,-4.952798843383789
-20.9507978903398,-18.00554656982422
-17.8084408175675,-8.854280471801758
-62.9612541332419,-8.323206901550293
5.598134989920393,4.318397521972656
-7.283890318199592,-12.448256492614746
6.1026124307435,13.304512023925781
7.42840635595139,-8.723941802978516
-5.179391847578812,-5.934666156768799
-4.873152982370568,-3.0410547256469727
7.276768036701751,-8.002514839172363
-10.739322929783883,0.19475555419921875
-22.9219832537164,-12.852267265319824
1.5259403537211615,-19.659713745117188
-44.7886924625105,-31.79612922668457
-3.72583443525641,-10.477624893188477
-14.57002364123529,-20.057296752929688
-10.128266274366498,-5.687148571014404
-28.0249952668106,-11.241721153259277
-26.24662901330595,-20.088138580322266
-40.3645652505015,-6.362891674041748
-30.8056950922951,-11.155357360839844
-3.9552380984537248,-11.709070205688477
-2.1789667599796294,-4.120203018188477
-0.5734820606807138,-2.1676416397094727
-1.1617148968623687,-4.914300918579102
3.42848617073407,-10.652946472167969
-17.4030551064212,-7.980588912963867
3.88109013796494,-32.140533447265625
9.400493271217616,-9.41180419921875
-11.302161927872188,-8.915074348449707
-13.3709137252944,-6.574112892150879
-6.79658968512302,-12.631246566772461
4.509456424718162,-7.173088073730469
5.45103123545738,1.6359586715698242
8.149714042401495,-5.172996520996094
-12.909180343140196,2.451416015625
-6.61979034735207,-21.830530166625977
11.9978624338519,-10.201844215393066
-12.53254789251529,-8.282898902893066
-8.36198121766124,-5.938310623168945
-4.361976736345532,-5.478967189788818
-0.1898191226144924,-8.874289512634277
2.3166834950764685,-8.759885787963867
-12.6203596574975,-5.7930803298950195
-1.207429910073891,-9.791440963745117
-29.7403775200217,-26.18854331970215
5.31082796058257,11.208404541015625
2.97844031586002,-3.1667826175689697
-12.533050119535002,-19.259803771972656
-5.8684323426223,48.8118896484375
2.391980620215489,29.407127380371094
7.73570234615748,-9.546609878540039
1.166748445159433,45.648521423339844
6.093529951556334,-4.823661804199219
17.709922444879297,7.131488800048828
11.779516260068313,0.7234935760498047
2.4866177573815964,7.6048126220703125
-30.89708550466269,-24.31435775756836
-9.231606713935047,-1.6669425964355469
-13.4089268865456,-23.041568756103516
-9.06573754635488,-9.36870288848877
9.30630078585379,11.106897354125977
-7.156550033865472,-16.837078094482422
-10.5414716495377,-6.501732349395752
-27.8178569354009,-6.67319917678833
5.3817717725564,16.673858642578125
-35.155236696245,-24.565868377685547
-21.4141717786538,-6.090412139892578
-2.6053130644292946,5.648353576660156
-9.953220777101093,-4.630814075469971
-8.798237091769485,-21.60407257080078
-27.6920167541674,-27.836978912353516
8.017093587799739,16.073883056640625
-0.3550158381598589,52.36846923828125
-1.19024715514191,-6.135695457458496
-3.2855896341823474,-7.223550796508789
1.844566842421384,-5.739858627319336
-30.7366736665872,-5.850868225097656
-11.338238855350506,-11.934843063354492
-1.059512617215007,152.943359375
-33.7712071062874,-10.791107177734375
3.812227003524945,-7.3951005935668945
-2.8472026300298463,-10.414518356323242
-21.5871320482388,12.129341125488281
1.845960760756301,-9.646045684814453
9.06213659212517,54.327735900878906
-13.950148061363093,-11.786066055297852
-15.1006814359747,60.81269836425781
-8.65496498210776,-26.94341468811035
-31.18852367408345,-5.127704620361328
2.35160533891099,-5.923628807067871
-7.06329362397977,-8.313056945800781
-11.299328727708405,-9.334756851196289
-5.73967918172164,-3.5527849197387695
-4.062121175440552,-8.71696662902832
3.62056380925444,-17.620439529418945
-6.512385872303066,-30.89459991455078
-17.2817979072755,-9.755989074707031
5.79128728304933,0.5624256134033203
3.7921116228684086,26.01110076904297
0.51700222845629,-10.410603523254395
1.0966146270020711,178.72332763671875
-6.613686761665703,-5.843483924865723
-39.873530292237,-11.918063163757324
-35.0272315856836,-7.318500518798828
0.2475632146873464,44.54801940917969
5.59963570142504,-20.662023544311523
5.29419053806362,-2.400254726409912
6.457932781589695,36.103515625
6.4251548431743295,-10.887321472167969
-19.7885249955934,-9.407310485839844
-2.4097304318056905,-18.475797653198242
7.543407488617369,52.19915771484375
1.83593808226401,3.672405242919922
-1.5082203021212124,-4.223620414733887
5.99108205682079,-14.650249481201172
-18.1797235112709,13.908050537109375
-12.840088322870097,-10.053261756896973
-2.23616712442702,26.902435302734375
-4.662511414401839,-5.89756965637207
3.41802282280863,-5.660155296325684
-12.0320822507053,-8.455491065979004
-25.9801803981754,-6.471985340118408
-5.97419023328963,2.3130390644073486
15.4186986077963,-10.366806030273438
4.480465220149085,-13.20444107055664
-13.2363849677504,-6.0414838790893555
-9.362863686069195,-20.400646209716797
4.128157012788561,-4.587423324584961
2.26767773086615,-5.012205600738525
-24.1634597090208,-32.74736404418945
10.013204486477417,6.6390380859375
-31.934070451053,-8.306011199951172
-22.9515728231767,-4.34295654296875
-11.219410776078313,-10.455387115478516
6.00089213826483,-10.729207038879395
-28.9638748432599,-17.015241622924805
3.11049964318654,-6.880195617675781
-1.073248118887358,-9.607948303222656
-10.249148139079496,-9.276090621948242
-13.14009076535719,-0.3826789855957031
0.7364260970712593,10.228446960449219
-44.9949251983702,-10.33147144317627
-5.159519294761907,-6.399658203125
1.869241020829697,-8.199138641357422
-55.54568697318505,-17.531810760498047
0.3065104335081801,-9.928770065307617
-10.386374558578522,-6.940450668334961
-3.0345245902191325,-4.475871562957764
-57.144820014625296,-4.8461761474609375
2.85060083445348,22.727798461914062
2.446050707651698,-14.125253677368164
5.50221601830175,-3.5235743522644043
3.455876052191651,-5.059837341308594
-14.6157572128631,-9.447000503540039
-0.874105623616695,-5.7326507568359375
-1.378759213278819,-19.8521728515625
1.350733135180331,-0.7276420593261719
-1.94666134980912,-7.402172088623047
-3.36735139960915,-5.149137496948242
0.8319171014720902,-14.936630249023438
-40.2101205720394,-9.385761260986328
-24.577379709126298,-5.766325950622559
-18.6292132467089,-22.4494571685791
-46.39510994896701,-9.97028923034668
-2.487076105276776,-3.839303970336914
-4.752960817423343,-8.061065673828125
-0.1160299782726794,-6.721653461456299
-18.5277286275242,-6.184225559234619
-14.1325019191809,-14.715381622314453
10.909208084253878,5.9361419677734375
1.30779520720034,21.04584503173828
-5.77436797253085,-12.252914428710938
3.986867952152618,10.142509460449219
-21.7936206120663,-5.897554397583008
-2.643556292002,-10.325196266174316
11.0853991753379,-4.48436164855957
-12.9397422629832,-16.664257049560547
-0.190891674386513,-5.253391265869141
-6.32558602127377,-5.447031021118164
5.391699208755202,7.664877414703369
-8.998840630677615,-6.170942306518555
-1.6005087696864486,-11.480710983276367
7.5482379424635875,-35.3975830078125
-7.642910278690365,-12.078019142150879
3.719171936095444,-20.738296508789062
-0.8981307679622897,-0.591339111328125
7.06032809637297,-25.860946655273438
-3.134999611446543,-6.270296096801758
-5.94174589421185,5.457332611083984
-17.7883076547542,-9.778175354003906
-25.2381267145584,-27.172138214111328
-27.5445722402187,-8.447190284729004
2.6678241356197647,-4.314737796783447
5.02066543392875,8.96856689453125
-1.67197513843126,-8.364680290222168
6.58117049992555,1.060534954071045
3.12612254618191,-3.3921022415161133
-2.1147225087047508,-0.49606895446777344
-76.9668504799361,1.599351406097412
10.11870938841209,-16.419265747070312
4.755697845162629,-53.37158203125
16.5479703149859,-15.468555450439453
4.001938538520379,-7.09821891784668
-14.1813773041305,-11.264762878417969
0.7709161631446207,-5.225362777709961
-24.2508933717269,-16.16761016845703
-22.3071231538392,-11.631152153015137
7.2595381633228,-27.834991455078125
11.555346181601609,-5.382755279541016
-26.258782255785,-10.067264556884766
10.3189652047012,5.952373504638672
0.809697096857583,-2.54188871383667
-18.5255095356289,-6.019184112548828
-1.0680791130593923,-5.015368461608887
-3.5390830989045075,-10.328450202941895
10.468583156479704,-20.573650360107422
-10.613183176373598,-2.9056801795959473
-6.40442742836347,-17.03968048095703
7.196532980977684,-7.874839782714844
-10.586292641023492,-5.896737575531006
-26.79502671025515,-6.696439743041992
-7.187555808667961,-0.6978206634521484
5.4465900456679694,-16.31592559814453
3.1988276731025875,-5.304409027099609
7.827394642815597,-3.611156463623047
3.887422638441485,-20.303691864013672
-3.41466344580097,2.2711524963378906
2.667044757168528,8.732574462890625
1.0590749185315824,-1.335702896118164
-3.9965921287470247,2.149700164794922
10.982614675109394,-22.0009765625
0.4076170529080399,-13.159538269042969
2.71319811317338,-2.263638496398926
8.652061852316729,-20.53367042541504
-0.6579761516790089,-3.589980125427246
-51.6773231694491,-5.786715984344482
-2.8325461302865187,-14.14837646484375
2.12749125232924,-7.481154441833496
3.562549470771905,-0.155059814453125
-16.517773128145326,-13.099071502685547
6.874655354673765,-10.962493896484375
0.2047767843086013,-1.3768844604492188
-2.698758931910008,-2.755648612976074
1.8601156760560384,-8.838187217712402
-22.2455703021075,-9.957503318786621
2.4288820651169605,-25.74838638305664
-16.8307740899425,20.338409423828125
20.7191486697607,-13.730255126953125
-30.7261055182573,-10.264119148254395
-38.4849400567448,-8.965526580810547
-14.3103126367969,-15.280679702758789
0.7860328468455551,-18.01618194580078
-48.3858044800915,-13.702024459838867
-3.21662088766757,-49.163482666015625
1.675245639565673,-12.952018737792969
-90.3299705619704,-10.187828063964844
-9.28527551691871,-5.4434051513671875
-1.2293411329062325,-1.6058330535888672
-4.534682244798708,-2.336627960205078
-68.1959205924323,-5.605350017547607
-24.5242345195019,-12.16583251953125
-2.77042962989298,-4.80678129196167
3.8009101564042025,-8.272697448730469
8.933703319425492,-7.505523681640625
-11.341527235964405,-6.606653690338135
6.71098989067457,-6.007930755615234
4.54734483862441,-4.4932661056518555
-5.16341129781556,-7.939608573913574
-49.062306315025,-6.623080253601074
5.26551760771767,-3.647019386291504
3.33951124606136,-61.963653564453125
5.006519903780723,-14.486934661865234
4.05485944970297,-2.544468879699707
2.283405953189745,7.8273773193359375
-2.66483863280114,-11.340936660766602
12.566471603210276,-5.576694488525391
-27.9020155354992,-10.095804214477539
8.88265541550952,-23.215377807617188
0.1652887870268324,-7.437510967254639
15.4985727759109,-29.4794921875
9.014890317831036,0.4141550064086914
1.4803529144374856,-9.231565475463867
18.1939100849816,-52.38810729980469
-2.6304973605131474,-4.24945068359375
-5.493763326806099,-0.6269626617431641
-0.6715208179901364,-2.539469003677368
-36.7383193130824,-12.32383918762207
5.062784719364307,-4.62297248840332
-12.026803679110706,-12.504531860351562
-3.01321716593974,8.94781494140625
8.35813394800668,41.59942626953125
-3.60075442831331,-48.937408447265625
-9.509135784465323,13.782852172851562
-19.6175855102284,-19.703594207763672
-27.8629509568953,-4.996597766876221
1.74273211890989,1.1204729080200195
-2.19578977406709,-11.0267333984375
2.42002639701588,-5.227321624755859
-25.55316918036869,-10.04287338256836
5.635020609606415,-4.414764881134033
-34.727836669101,-5.359476089477539
4.4516036428765,2.962961196899414
4.967381413305823,-4.404982089996338
-6.81516141534704,-6.838069915771484
-24.3954295810688,-4.472807884216309
8.658679095048068,11.9808349609375
3.7347243087796,-4.384249687194824
-12.909633143366396,-1.4923830032348633
-60.49569009623433,-6.938028812408447
-3.790702882666694,-2.459357261657715
-12.41068356063,-13.015741348266602
2.76740193393285,-10.115043640136719
-18.9061714872788,113.9544677734375
-3.681083449701528,-18.57269287109375
8.13893448615947,20.316627502441406
-51.402683514636095,-15.340227127075195
-3.0703466753296,110.92279052734375
0.4646043967887734,-6.016956329345703
5.989492839405608,-6.23331356048584
8.833837192566008,2.4057388305664062
-26.1965705632023,-17.91539764404297
0.0804428699766095,0.05739593505859375
10.229168329440906,-4.163832664489746
2.12042655289975,-9.955886840820312
3.88810032819938,-4.621976852416992
-31.515616413872173,-10.317724227905273
2.28163515100639,-4.893007755279541
-9.633163292669298,-5.487298011779785
2.63206586722876,-1.8820781707763672
0.3189015990893598,-12.951780319213867
-6.31868596379813,10.408543586730957
-6.4648984000359935,-8.285012245178223
8.91646092056966,-7.080763816833496
-42.637521131086125,-5.577910423278809
-89.5439156156453,-9.615822792053223
9.179556151687803,-17.190345764160156
8.754663680824095,15.394889831542969
0.8838679103249854,-11.73210334777832
4.338369925074482,-18.278697967529297
-18.23432595343749,-27.93454360961914
6.92534745147092,-5.662242889404297
-1.768261666543676,-8.586634635925293
-7.87226820943855,-8.207806587219238
-12.0847368637308,1.8613090515136719
-4.4222229386498375,-12.75489616394043
6.63109301847755,-4.110387802124023
1.675381804264854,-11.879898071289062
-6.897600670415837,-10.668485641479492
-12.2774867069717,-11.064937591552734
-3.963646539183849,22.184341430664062
-2.552277046947741,-13.687419891357422
-10.78700495517378,9.735565185546875
-6.426376983867103,-8.119010925292969
8.2142562177934,-5.058043003082275
-16.967828162594074,-6.973980903625488
6.07843040491799,-1.4387493133544922
3.08443697315444,-10.610408782958984
-1.3811964732242277,-11.749067306518555
-4.51305804704249,-10.010845184326172
-9.93375477053989,-9.430099487304688
-0.6581754288220045,-3.1600570678710938
-7.952166005584182,-5.973302841186523
-13.563015982384195,-1.4196162223815918
-47.9957157156951,-13.21411418914795
4.96190002222477,4.297630310058594
-2.0240269290899,-17.846765518188477
3.47166270740147,1.499377727508545
-5.2815921348029296,6.228385925292969
2.369358494612781,51.52510070800781
-4.214346026907057,-8.267005920410156
-23.8934551543691,-11.168476104736328
-1.0659561461183158,-4.995165824890137
3.126169348435272,-12.203313827514648
2.35164464781062,-2.1603851318359375
-1.79502295092813,2.4969120025634766
-15.957982665262508,-6.695653438568115
-64.65676531723692,-21.607397079467773
-27.8195558011628,-8.982011795043945
-10.480511156242285,-2.858372688293457
-6.18357684414468,-6.852282524108887
-6.75960002722117,-6.551905632019043
4.4105627388370605,-15.664260864257812
5.58846482112586,-1.9342718124389648
-16.8483709423333,-10.75800895690918
16.1850033157246,9.395538330078125
-3.34531377329845,-2.8074862957000732
5.893700156574014,15.942352294921875
2.745769909533195,11.432861328125
2.53362859007723,-14.444583892822266
1.0880788430276551,-7.1961212158203125
