Score,Pred Score
-13.812973987503693,-6.610469818115234
-14.6311710829416,-17.279266357421875
-15.020937907067507,-11.832717895507812
5.61896917638109,22.781005859375
0.1461877509898399,-8.617630004882812
3.59745169898486,1.1152210235595703
-6.72144892291601,-4.122879981994629
4.304204520484877,-5.940826416015625
3.37898618824583,-33.74119567871094
3.939818822274421,-2.1213531494140625
13.9953943577381,-3.68310546875
-5.39913759737588,-5.309295654296875
-2.204579993178592,0.9551506042480469
8.829561804598438,2.878185272216797
6.01696699102072,-4.625104904174805
-6.376202369524528,1.2949371337890625
-6.50906463316165,-8.636734008789062
-60.92137282626391,-10.447967529296875
1.99934019108803,-9.013431549072266
2.188685633501576,5.256056785583496
4.07090957771029,1.1132965087890625
0.5211206139658471,-0.67864990234375
12.5580583918003,1.2807693481445312
3.320229681965675,4.3362274169921875
-0.4381862293696001,-14.717564582824707
0.1752112379752922,0.30780982971191406
4.123908949931413,-6.693328857421875
-14.2382866820043,-4.201869964599609
12.966325580978296,-6.133506774902344
7.692941411907634,-6.138421058654785
-62.9031214125763,-11.266645431518555
-5.800670766453999,-6.734472274780273
-11.705366535732304,-7.011445999145508
-4.786538605318405,4.085171699523926
-82.4887013651952,-9.492229461669922
-8.251107402184557,-5.696123123168945
1.61677665352485,-10.397876739501953
-11.916211326129387,-17.596721649169922
-45.634880019414,-11.160245895385742
-0.568998602339841,-2.6391677856445312
-12.147399114840605,-27.31574058532715
-27.4476544011683,-12.278797149658203
-2.306526469902426,-10.629354476928711
-0.4835459876036119,-7.751787185668945
-8.39479061793487,-7.243694305419922
-46.862925671502296,-12.12801742553711
0.3837795244341289,1.9407787322998047
7.184930267876617,4.167144775390625
2.8348518495029404,-4.354246616363525
-9.859535687586003,-1.2677764892578125
-6.00025755794808,1.493359088897705
-4.764629840066975,9.20367431640625
-2.377061578670744,-7.8697919845581055
-2.0585753436264698,-8.974605560302734
1.1848602197973823,12.701034545898438
4.97603191479674,0.2111515998840332
4.27399441028646,-25.783584594726562
-46.2372447228831,-9.354462623596191
-31.4759298257721,-12.172195434570312
-50.1674018945849,-9.632753372192383
0.9601515747159592,-8.037208557128906
-11.864177458483407,18.38317108154297
-0.538262620928304,-0.7602729797363281
-0.6920482116816997,-7.731609344482422
-1.5184696160120892,-1.1331071853637695
-3.0836644409391925,-6.744157791137695
11.316750179392892,-5.7893218994140625
-11.183106529127476,-8.353170394897461
3.59102041590596,-32.516876220703125
4.55602013063716,-7.515868663787842
11.579228393987275,2.2309226989746094
2.3067635611900137,-2.2384278774261475
10.480393919522983,3.7913894653320312
-2.698100773809443,-12.218706130981445
3.776985072333982,-17.24077606201172
-11.773766374328297,-7.156022071838379
8.681027307740193,-13.471366882324219
-1.1091988250418725,-11.538923263549805
4.484288991501213,-26.644210815429688
0.0548896546292299,-27.334701538085938
0.1118559290339978,-22.18056869506836
3.9797293996962297,7.709480285644531
-22.42608065327665,1.6952354907989502
7.37064384347005,-4.184112548828125
-0.2642143205483515,-8.339618682861328
5.344594984386832,-5.742885589599609
-1.2497809936708242,-16.661840438842773
13.71198107208239,7.709903717041016
0.5045482395984724,-22.4847412109375
2.86709961553106,-7.7433671951293945
0.4423212163888063,-17.41748809814453
-3.724573545179619,-2.0273799896240234
0.2570808252882703,-16.915283203125
-70.65073406723695,-7.635925769805908
-33.9587360563784,4.774477958679199
9.2088386022025,0.9541654586791992
1.3318185914773402,11.822921752929688
-9.176001953270983,-5.269264221191406
-10.497767159210698,-14.472553253173828
-0.4402086584014632,-1.5475809574127197
2.1560784090827942,-10.964118957519531
-27.1636490162131,-8.672258377075195
-0.670930828719279,-8.343387603759766
-22.794043146736,-10.975210189819336
0.8105828534072201,-15.217666625976562
1.2287673509824204,-8.245519638061523
-0.6435038581465955,-18.353439331054688
8.474782023793379,2.3789501190185547
-9.601847091024196,-19.512672424316406
-1.6610011043127195,-2.7749767303466797
-0.1091636509260827,-5.222803115844727
7.570838092245207,-8.969213485717773
-7.211196994815285,-5.888123512268066
9.090654061652296,-14.131129264831543
-26.6651088566214,-3.2372970581054688
-17.309192174305,-2.0408287048339844
4.14054171285972,-8.287647247314453
4.097668935846943,-9.909717559814453
-0.29408409265346,-7.353057861328125
-35.8165916579592,-11.969313621520996
10.898098675545494,4.624229431152344
-1.6552655274048038,5.528320789337158
1.6729502580778592,-13.946395874023438
-6.42491227706334,-10.630023956298828
-15.4752611754195,-9.131473541259766
-0.6907348474047925,-6.458466529846191
-21.3629045873375,-6.798368453979492
4.219145585451182,-23.43177032470703
-3.019531285218114,-3.8532791137695312
4.25311060075082,-5.732410430908203
-15.0412339008878,0.37298583984375
-8.237627320974727,-17.53776741027832
-1.0683487237199796,3.308197021484375
-1.7174251595272625,-11.32720947265625
4.069163600073605,-9.00204849243164
-10.162041561092582,-14.352853775024414
-5.97248436581227,-11.469804763793945
6.120538767403939,-12.30400562286377
-0.8028238008287005,-11.791550636291504
-23.6042929930625,1.0637197494506836
-0.1777753404752198,5.398189544677734
-5.785469568057495,-25.890968322753906
-0.0556983764780604,-12.937394142150879
-25.4508968849616,-0.1548004150390625
-5.3185412482723295,-11.797111511230469
9.1356503291117,-5.003223419189453
4.020569536845237,5.028530120849609
-58.5527340809363,-9.4886474609375
-6.291328737399075,-12.313036918640137
4.187869588752649,-11.304449081420898
8.922207576391518,-8.993043899536133
22.7414116448382,-0.9419708251953125
-44.6057608529879,-11.496156692504883
-26.5129077898497,-11.922435760498047
-2.13735826282737,-3.503498077392578
-1.14890133483728,7.136364936828613
-15.2234416939723,-9.937061309814453
0.369316059642221,-11.748245239257812
-0.6884117876070912,-12.795381546020508
-5.8772631055401,-9.514068603515625
3.6053774296538297,-2.023355484008789
5.07108724357905,-11.338859558105469
1.292753014965791,0.9852638244628906
8.440986836263871,-19.144569396972656
-3.43040335892423,-17.917434692382812
0.7651079053562314,0.31818389892578125
-37.13962469223695,-18.84425926208496
-5.822632503482525,-6.279382705688477
-6.879472048396067,-11.67995834350586
2.11024229353816,-6.174358367919922
-7.1526743450051855,-11.765421867370605
-1.122073026503361,-11.637452125549316
0.3302260274555297,-13.304475784301758
-1.178255647098801,13.1103515625
-2.99361591491145,3.6727294921875
-18.1070051290659,-8.645929336547852
-3.0332808194811403,-0.5749320983886719
2.6303171850506604,-12.318870544433594
-9.72499716390718,-18.054269790649414
0.2729453578388601,-15.9517822265625
-21.4503408223732,-15.87320613861084
-4.99755531471552,-1.8753013610839844
-18.0018409950579,-13.584218978881836
4.00031385473591,-12.423377990722656
12.0378145652987,-12.258872985839844
14.1235470599023,-11.234220504760742
6.55729051148795,-0.06873321533203125
11.19992297656359,-0.2958850860595703
-7.81388191369781,-7.340634346008301
-2.924593214648255,-12.655876159667969
3.7667366885646025,-9.164848327636719
-6.68253431604433,-8.69951057434082
0.7345204104922589,-1.9814414978027344
-10.626155896203898,5.772275924682617
8.106852576346123,1.2041187286376953
-58.24412469223692,-19.486980438232422
1.4955767028094,-17.68030548095703
-17.6906096863185,-7.641965866088867
-4.813871520282443,4.430442810058594
-11.8973420493851,-35.84544372558594
-2.67676896274171,2.8207473754882812
-3.9331393974605526,-15.782699584960938
8.756217929094177,8.107938766479492
-29.2662792150344,-8.655601501464844
1.7249239205326918,-4.984988212585449
-6.686975812883663,-3.1803131103515625
11.10272802991041,0.03479957580566406
-10.956818171714705,-3.0190553665161133
-6.3500959185649,0.09238910675048828
0.6681105368389735,22.12310791015625
-12.500029270357295,-44.88298034667969
-2.591242863373206,-8.091888427734375
5.954690473588823,-5.583206653594971
-43.929359067237,-11.39211654663086
-17.4841411730512,-8.387667655944824
3.61441892535489,-3.469388484954834
2.1112971208509976,-0.3752918243408203
-41.8026500314277,-14.342243194580078
7.028135642932115,-13.961429595947266
8.463248256721428,-15.485038757324219
-13.037072413777096,-8.925573348999023
-1.6307504375632549,-34.064910888671875
-0.3284521577656807,-4.851724624633789
0.4685622181175212,-3.8687477111816406
-5.316952415477393,-8.58331298828125
4.584421564331302,-9.059737205505371
-20.3593816575191,-34.038055419921875
3.67041582610247,9.835378646850586
2.204062447972561,-9.421483993530273
-4.666937653128132,-13.080223083496094
-12.3781694316975,-5.389609336853027
7.06923762363823,-14.171600341796875
-37.2883298194418,1.033555507659912
6.442434166934048,-1.6794967651367188
-12.2162083245621,-4.438270568847656
-20.3623076046531,-6.76199197769165
-5.45440876641342,-1.8824081420898438
3.1416241584890576,-4.716030120849609
-4.96580172718434,-12.365535736083984
-37.4061766871973,-5.825193405151367
6.46185690649625,-9.753146171569824
0.5403453062071405,-24.083099365234375
8.656689402528613,7.170055866241455
12.331931266595111,-2.162565231323242
2.75380173901167,-9.702041625976562
-2.8447496930443927,-19.672157287597656
0.0285872237409883,-54.025787353515625
-73.5286754265322,-16.007564544677734
7.285509446842615,-7.434250831604004
6.72046542688671,7.035408020019531
-6.19730890695259,9.358821868896484
-16.4599719883519,-10.512870788574219
-10.288292260688207,7.596893310546875
-10.285920522724917,-17.934234619140625
-30.8171784242839,-6.9105682373046875
-4.65691689928222,-53.1451416015625
-37.1716279374795,-2.4078502655029297
-36.50577458359941,-4.874053955078125
0.7942566624333496,-2.5112152099609375
-34.8552692363716,-12.392763137817383
-2.491707941339629,-12.961297988891602
1.7387039934851498,3.1521787643432617
18.9715733525152,-13.748647689819336
-13.8996269060666,5.756397247314453
4.17561229224804,-8.03409194946289
4.7680640763497,-10.261237144470215
-6.745372906074374,-24.150619506835938
7.262818938793504,12.940177917480469
-55.7541546140486,-8.497417449951172
8.453421074249384,-3.382781982421875
-5.85807143580148,-2.3484363555908203
-52.7336020518746,-8.020305633544922
-1.995826789875676,-28.828323364257812
-1.3326443092463092,-5.507026672363281
5.029017096161708,2.5601882934570312
-0.71117494174041,-6.0929107666015625
8.243548509216069,-6.351264953613281
5.81602235619721,-12.887672424316406
5.978124919049687,-9.166023254394531
-2.8859593337581737,-42.290771484375
-26.0047332498617,-7.850788116455078
-1.5220929784942658,-13.924190521240234
-3.195242757261453,-21.655847549438477
-15.0089303719363,-8.271990776062012
-1.757118944268968,-15.859533309936523
-13.5091075877696,-18.340362548828125
-4.0681667574955,-6.996353626251221
4.43276114617859,-10.155390739440918
-4.665207913971671,-9.305944442749023
7.33919324558513,-12.568971633911133
-11.69780882660921,-11.839055061340332
5.960801203295765,-19.682252883911133
-29.9162730471743,-10.60795783996582
-5.331847529263395,-11.633819580078125
-40.7258600860177,0.19942855834960938
-35.3994683825842,-8.862197875976562
-10.968565079401992,-7.426366806030273
15.384553292915324,-8.281333923339844
-0.4271227388875901,4.333778381347656
-7.69948364751984,0.47380638122558594
-26.6822467124322,-12.856039047241211
-0.2823200449385875,-7.8030548095703125
-3.8453528225106623,-8.931705474853516
-2.4599041427842496,-1.4766464233398438
-12.7315114055493,-10.946406364440918
1.418014053180695,-14.476654052734375
-3.4922781726655696,-5.1189117431640625
9.58062385928767,-6.291147232055664
-17.5801214502402,-0.5920810699462891
-49.5120706514507,-18.308635711669922
-0.4503474699443348,5.978614807128906
2.332279780348585,8.536117553710938
-42.2483635713802,-10.844278335571289
-5.00028834575103,-5.109134674072266
-5.14141487663266,-7.776391983032227
-19.923371510770203,-4.125048637390137
4.28301459624688,9.906295776367188
0.3224388648416145,0.5791897773742676
6.795393661635613,30.928741455078125
6.720388221210122,-5.163616180419922
-20.7558388881914,-4.294097900390625
-12.5922662394529,-7.245231628417969
-5.19085420781142,-6.613949298858643
-27.3858072066324,-3.8461990356445312
6.488490212037078,3.9205970764160156
-12.5233171201947,-12.332752227783203
0.996650643215182,-1.901235580444336
3.27144637329635,-6.092528820037842
1.203208947199059,-23.36715316772461
4.5031585012656095,-0.7050933837890625
-46.6686841099013,-9.699126243591309
3.600655729290548,-14.470248222351074
-2.7077151362496297,-15.618804931640625
-42.936846127142296,-15.64289379119873
2.679404112105611,6.933572769165039
-23.975827854410426,-7.782772064208984
-24.4869919201538,-4.422609329223633
-6.22433036882608,-1.6171865463256836
-24.992167376126925,-10.621747970581055
-9.742168339465294,-6.2053985595703125
0.1235817830644999,-3.6908884048461914
-11.607028837624,-15.197906494140625
5.321680837772678,-6.804832458496094
3.3452637215970498,-0.617095947265625
13.015759276594096,11.564735412597656
-6.13466459150186,-8.653350830078125
3.0897024917955025,-2.3096580505371094
3.557691046156,7.312616348266602
2.0008593011464906,0.19716644287109375
-1.2671721747064446,-12.929450988769531
-2.989164004622407,-13.811877250671387
-2.43808381047612,-15.171687126159668
-11.30813578108209,4.6788330078125
-9.619042312244815,-9.545989990234375
-4.01456885639382,3.534759521484375
-4.853312003098937,-6.746355056762695
2.78743688363977,-13.022476196289062
3.6035536346157695,0.6154327392578125
6.09033976794457,7.2331085205078125
-5.89266438028177,-6.1425981521606445
4.780848076735348,-15.583942413330078
-20.7592210135025,-5.118295669555664
-3.637071869773312,-11.911876678466797
-4.396710286499547,-7.625272750854492
9.04709717330502,2.2009849548339844
1.69213972357191,-12.18868637084961
-27.068723822751306,-8.731475830078125
0.2886204877907422,-4.709678649902344
-0.592182005541919,0.031500816345214844
-4.736229867816737,2.993255615234375
7.877641553655238,4.1364898681640625
-2.588665914009158,-6.420570373535156
4.72846919446815,-12.014396667480469
3.42669038506664,-0.16592788696289062
-10.274169876330886,-3.2230300903320312
-1.289264920121349,-7.6772942543029785
-6.9648772325347394,-0.153411865234375
-1.2236747050651609,-6.432465553283691
-12.208208404490907,-8.217609405517578
4.40921359309415,-1.7130088806152344
16.4171583068458,-4.418966293334961
-15.991582533821994,1.6686973571777344
7.809600001042748,6.8988566398620605
-3.0331069492891496,17.22622299194336
2.603164662477901,-14.36459732055664
-24.2572199033326,-7.602789402008057
13.667582002208905,5.884160995483398
8.19307228691883,-11.654382705688477
0.4664503305112299,-3.3516807556152344
-6.46133524603972,-13.767181396484375
-19.7520332208299,-13.070167541503906
-7.75971004909346,-1.979827880859375
7.66334596528203,-6.789008140563965
-27.64770126959135,-6.278695106506348
2.125547882163602,-19.21282196044922
-1.8239337240231768,-4.008418083190918
3.3696784995100426,-12.746353149414062
5.265272900492549,-3.6551761627197266
6.753311816554961,-5.965995788574219
0.9434331950199416,-4.377754211425781
2.13745295521649,1.2394733428955078
2.76912169862866,16.491073608398438
2.409764321136161,-0.32813453674316406
3.7606671418030695,-7.449909210205078
0.555665600488549,-5.659368515014648
-89.04756219223692,-14.384239196777344
6.987950206462267,-6.033401966094971
-10.09410467002709,-17.43438720703125
8.16191414696451,2.345254898071289
-10.731303688850904,-6.554427146911621
7.588764503474316,7.914693832397461
-5.25293160621848,0.4535994529724121
2.3065604778561424,-1.0731735229492188
-3.8022266666193874,-14.14295482635498
3.22816419080692,-5.594600677490234
1.1941842843275,12.926071166992188
9.772192422094813,-2.383342742919922
-2.489313079893845,9.56109619140625
-13.547300817594484,-7.4169769287109375
-1.5403494549472296,-5.5652313232421875
-5.139364658294922,2.425656795501709
-1.32131943338233,-17.02935791015625
-0.5284321769112605,0.7880339622497559
0.1119561526876595,0.08918190002441406
14.8508222506114,-3.341550827026367
-0.0918051514147744,-3.409175157546997
-1.7237618714553775,5.995831489562988
-1.5699354762224491,-8.237754821777344
1.5718362711845366,-4.448539733886719
3.58036180553514,-5.583098411560059
7.45084701577923,-6.9572672843933105
-7.378812419643663,17.40430450439453
-33.1832620874725,-8.961926460266113
-6.066411004621831,8.661802291870117
-16.4910721624856,-15.205352783203125
0.8267526169764301,-12.405041694641113
-9.762453719841735,-13.544868469238281
8.07102955700163,-6.088615417480469
1.741670982094262,3.9398670196533203
-0.0053525606393112,-4.872772216796875
-51.4043293278057,-6.946800231933594
14.9415296965116,5.147357940673828
8.70853787657841,-15.020726203918457
-2.149900469098629,-4.729959964752197
14.8229623836697,4.236021995544434
-0.0379657812584102,74.87409973144531
-15.3173389528898,-3.99643611907959
-1.7663441991754285,-7.3897857666015625
-6.708306328674888,-7.114093780517578
-78.7451798053926,-15.32334041595459
-0.5413656534735456,-38.40570068359375
9.625121597198186,-4.120680332183838
-3.15562863494722,-13.9561767578125
9.60447820177431,-9.93170166015625
-3.31847606547329,6.394218444824219
-4.12581810820042,-5.134192943572998
1.7706121017107803,-7.832276344299316
0.5117341060036625,-10.634212493896484
2.63157412115867,-9.972637176513672
-4.763634360062484,-54.3944091796875
-11.18181257464061,-11.920758247375488
-39.4932668903457,-23.788848876953125
9.206200380526292,-4.183780670166016
-2.93911844531118,-16.89999008178711
-28.13472322157985,-3.708848714828491
9.62907409316032,-3.8309173583984375
-7.042636248773623,-2.754863739013672
-4.03025121975644,-9.70700740814209
3.42951329804928,5.135047912597656
2.5565427438131976,-8.387771606445312
2.8513084033656,1.099602222442627
-5.5623675139736175,-5.922672271728516
16.9968892380515,-2.684408187866211
-4.144685584269085,7.705896377563477
-11.221818720505304,-2.0102782249450684
-2.111656589218961,-4.811423301696777
-1.626797120535592,-2.532928466796875
0.7652624054000594,-4.4098052978515625
-21.5531296050118,-11.147176742553711
-13.053772031257305,-8.630332946777344
5.42509465390903,-5.995273590087891
-5.5186956836840375,-12.53082275390625
-2.260381023139061,-2.004831314086914
-30.3377383335249,-1.689284324645996
7.380729755239978,-8.79416275024414
-4.172986764275874,-5.849597930908203
-1.2036514942358316,4.472604751586914
-35.2906329121599,-20.93878173828125
-2.54595208771381,-2.1984996795654297
-10.901275449743116,-14.46705150604248
-17.0078420331655,-17.096393585205078
-17.0314498829154,-5.965602874755859
-11.9784507557909,-3.8276004791259766
-19.469018973061075,-10.410741806030273
-3.2142130797467816,9.12924575805664
-0.5663484394051013,-3.0294322967529297
-21.2195468929047,-22.568248748779297
8.077984978184695,-10.403907775878906
-17.0119321722455,-9.39984130859375
4.67424026120176,-4.6635284423828125
-47.9875704511971,-16.72870445251465
4.316615136301563,4.994464874267578
11.2728180991378,1.5635089874267578
-3.5546157663424616,-10.267114639282227
-3.15887949932979,-17.697551727294922
-1.6422791314174887,6.101644515991211
-3.448025235667948,-8.152168273925781
-13.5632540546311,-11.314786911010742
0.8825935384285006,-6.362466812133789
3.27100049685324,-10.757527351379395
-0.7762273913233743,4.989225387573242
1.026942322157092,7.225236415863037
9.859104788483815,-10.268922805786133
-1.9977872313530125,2.8552398681640625
-13.1809903671301,-4.708772659301758
-35.1782981083837,-11.298605918884277
-35.8337806803641,-16.699464797973633
-7.639409008216227,5.802440643310547
-15.746453943284,-15.735610961914062
1.055995951979529,7.299934387207031
3.987299411465438,-0.41893768310546875
-37.0930621901092,-1.02435302734375
16.694612728237402,-9.518670082092285
-4.527979888097892,-11.05134391784668
14.6352674345898,-15.803277015686035
5.034618319433818,-12.055267333984375
-3.77133000272187,1.9697723388671875
-1.61504571199055,-10.989191055297852
-56.3663437951974,5.435546875
10.088450856398616,-9.509050369262695
-14.285610883283098,-18.942947387695312
2.6210618799141923,-0.024169921875
-2.308732762121495,-9.635709762573242
-83.9761260280997,-9.775793075561523
-1.03656181464744,22.404937744140625
10.16232173056559,-2.4775962829589844
-3.12013961477547,0.6069908142089844
3.010752586641185,-8.445419311523438
-1.5178355576616795,-4.980253219604492
-2.60072537807549,-4.103324890136719
-2.367312137177082,-5.165929794311523
6.075310726130807,5.680629730224609
2.24572304437811,1.1023406982421875
0.2044267191685782,-19.013103485107422
3.85944773684647,-9.177942276000977
-14.409506408843407,-7.30699348449707
-2.683955047842884,36.7637939453125
-0.0075038478591599,-14.458919525146484
7.190050317883171,9.058305740356445
-2.1691769605730515,-13.856376647949219
-7.910003358009165,-3.5096731185913086
-69.1366966634013,-16.689462661743164
1.437241653553571,-11.679441452026367
-20.7409218490905,-17.275470733642578
3.78247800369874,-1.7332611083984375
7.909526276907584,-6.722413063049316
6.097122298913325,-8.369361877441406
24.5800902168924,1.694692611694336
-9.979741434164584,0.056789398193359375
3.1327986373042376,-4.234851837158203
-8.393586343504198,5.071130752563477
8.678125432705007,-4.281841278076172
20.7428439693387,-1.6693496704101562
-1.511416195100045,-16.93645477294922
-23.3725501337939,-12.600870132446289
4.69437535963172,-12.729400634765625
8.24149319055937,2.896021842956543
-0.2898522089969393,0.2565789222717285
-7.19378137939456,0.605438232421875
1.0271109700113177,-14.658617973327637
-14.564555056626377,-1.1784210205078125
-9.657849716236,-14.685895919799805
-0.7280966227290082,11.874298095703125
-21.8962191024866,-10.490270614624023
-40.2614734397264,-0.7122802734375
-1.77750068778882,3.637939453125
-28.3488859938485,-24.232696533203125
-8.184373188662292,-10.080262184143066
-6.135426654744688,-3.653350830078125
-3.270422191581055,-4.031469345092773
-6.055427015859325,0.7835311889648438
-34.3143130117107,-15.777236938476562
-50.4820483838523,-11.97540283203125
-4.639593570653838,-8.802871704101562
-21.0606958753072,-55.76580810546875
8.747205755218493,7.863234519958496
0.6884341878779402,1.0284576416015625
0.300408103033295,2.0906143188476562
-2.6184282494780104,-3.3664751052856445
-37.3999740396079,-3.690471649169922
-10.594900847222812,-11.474815368652344
-23.227454082363305,-12.80704402923584
-15.4814292943448,-14.380376815795898
-6.89310310865277,-8.247450828552246
-11.7962452523223,-6.872987747192383
-0.3887710448227697,-5.9954376220703125
-4.0896099478500325,8.215827941894531
-42.6579269422049,-8.930109024047852
-2.095241650043551,-9.625179290771484
8.45389840526827,-3.351837158203125
-15.5157954828953,-20.655288696289062
-1.9802660997523944,-5.1543426513671875
1.8368511005450223,-19.538909912109375
2.11900133622217,8.403152465820312
-38.4962238749225,-17.133392333984375
0.8069046214032297,-11.748346328735352
-1.73607437190069,-7.926980972290039
-8.46093254820262,-3.8174095153808594
-0.0780407432645869,-16.149978637695312
5.009535132419683,-2.2761383056640625
-74.9399761386801,-16.42825698852539
2.806732553915905,-4.381669998168945
-10.415057364934407,-15.059654235839844
-4.81834176383161,-4.8316650390625
-1.4920816076829602,-5.818758964538574
-0.003939288658445,1.4011545181274414
5.86288473591452,-11.02128791809082
0.4443344011282492,-7.531772613525391
5.72263802046558,-5.045082092285156
5.46583466116103,-8.298830032348633
5.05355462238675,6.030646324157715
-17.190033530139498,2.828310012817383
-10.1192188918475,-5.513863563537598
-10.539071528779305,-4.188961029052734
0.2492257167476033,-13.19927978515625
5.35198813185094,-8.355704307556152
14.9823899147147,-0.049228668212890625
1.7336328627834918,4.143594741821289
3.2582764286422226,-54.30976867675781
1.1615369027166365,-12.486753463745117
-42.4099588259267,5.237773895263672
-38.7823663998969,-9.700641632080078
7.99575647038201,-9.424432754516602
11.644495901203598,-3.98419189453125
-39.0956747424042,-0.2846355438232422
-38.6438610292767,-12.828849792480469
-40.5029244010595,-10.74515151977539
-22.8644313188967,-8.460870742797852
-0.897066728281827,-10.506352424621582
-17.6830733389949,-12.6893310546875
-0.0084306638066775,11.563826560974121
0.5394390329931549,6.865016937255859
-21.61387508166409,-5.133941650390625
5.053393098685065,-14.480215072631836
-15.7834934865799,-5.242855072021484
-58.40351531723695,-6.702037811279297
8.86280218600469,4.740776062011719
1.888243484494037,-6.4214630126953125
8.99923705482913,1.1687393188476562
4.133325903305868,-10.558349609375
4.774357664359128,2.7041845321655273
7.418770080750715,-7.604351997375488
-2.25262466719878,11.401412963867188
-7.071587649042333,0.12950515747070312
4.398742241377427,37.88771057128906
-8.692928400841772,6.7774658203125
2.334382802629,-10.234992980957031
2.8274240704709,-2.457998275756836
2.1747311895065486,-2.106822967529297
-11.9965988914421,-7.361335754394531
2.776867734737273,-17.43960189819336
-12.4595255596924,-0.07065963745117188
18.5317724911246,6.5572309494018555
6.86106163750481,-0.5720062255859375
-19.1693792779686,-4.722283363342285
-4.20883890972707,-6.731729507446289
-0.3530077955256401,-1.1611289978027344
-1.6020246929696491,-4.813072204589844
-7.57557880794988,-13.337728500366211
13.9692836454661,6.2226104736328125
1.289294757415069,7.03073787689209
-20.3746494688195,-16.452808380126953
-8.044482691931467,-5.479145050048828
2.51340467963473,0.9945144653320312
11.0282847349576,5.603782653808594
-1.3944922949507652,-3.823958396911621
-26.2706781913698,-0.186614990234375
-71.7765711158932,-6.729867935180664
-44.2857422252861,-8.58984375
-3.057699221935841,3.145526885986328
10.116767222520318,-0.1547527313232422
-46.9980356488569,-6.626511573791504
-8.677497573270493,-9.280635833740234
-25.781275563237,-18.25859832763672
-2.941164138388841,-1.9932975769042969
-26.5692742661385,-4.739089012145996
1.2555345380058751,1.6986503601074219
-0.810306898238276,-8.121647834777832
0.2404076931068699,-10.134130477905273
-2.5590885431480426,-5.303964614868164
-11.9846830308257,-4.0446929931640625
-5.775806690181939,-13.442583084106445
1.9806048133258944,-2.4575767517089844
16.618750626525,7.522590637207031
8.204494762209066,-7.773430347442627
6.80321923705408,5.4443817138671875
11.710679650337616,2.6931495666503906
3.181253849239128,-0.206390380859375
0.90894434552881,10.505653381347656
3.547124544521316,-3.124053955078125
-2.202886656443709,16.89215087890625
-11.133669865203094,-13.97463321685791
9.328533024448705,22.81622314453125
-0.7012610501602399,-3.9500246047973633
-0.3170472839931941,-7.4803643226623535
-2.3458288386735573,-9.255599975585938
-26.1191329979098,-5.993146896362305
-2.33292598982445,-17.154434204101562
2.461922216333884,3.0822010040283203
3.73205068567752,6.445917129516602
-22.4462583852743,-34.52215576171875
16.899113604615202,1.4428844451904297
-2.85382252753121,-17.412328720092773
1.2705701336207027,1.7491378784179688
7.960789166364423,12.96863079071045
2.71808902854303,-6.336359977722168
5.5273920092716775,-9.144500732421875
-4.11149235653684,-1.6196708679199219
-20.9676231329802,-19.571197509765625
-0.89184437235696,-4.752229690551758
-1.2816619609782416,-3.137441635131836
4.85634828411675,1.5573921203613281
6.429854346358795,7.8717803955078125
4.71112087372323,-13.119359970092773
-30.7199022255615,-8.835203170776367
-3.8590388668775,-9.430389404296875
-10.6557437737239,1.9933147430419922
-13.4460672849668,-2.4387283325195312
-5.527709296795018,-5.484302520751953
-1.876637029070265,-12.366119384765625
10.2532613363299,9.281604766845703
3.00680128293027,-9.21356201171875
19.33685959748449,8.258232116699219
-0.1058882282985149,-5.518564224243164
14.3436638764016,7.190153121948242
-16.1535771788668,-4.340681076049805
0.9480162028997956,-19.18505859375
-18.5891767455387,-12.123823165893555
13.309934514349203,9.558176040649414
6.02246857213521,-6.907562255859375
5.16750826555368,-7.667410850524902
-1.0190872666435924,-31.473480224609375
-19.100904418149,-11.495964050292969
4.743603615290096,-19.164932250976562
-13.8157551615103,-8.06277847290039
-3.802611775309477,6.79936408996582
4.30511943579503,-7.426910400390625
-22.482844278002705,-0.9624729156494141
0.60779733849738,-0.7008638381958008
17.8138573048897,2.295412063598633
-38.4626262988146,-11.834659576416016
-0.6089836493556324,4.914363861083984
0.8617451361473882,-7.889825820922852
-2.40000424902785,-10.76239013671875
3.7078671714499096,-9.832807540893555
-2.390619984667185,-19.69207763671875
-15.559462368784592,-8.390355110168457
-13.790764753514,-6.664958477020264
-9.325981865786185,-3.7646713256835938
-58.4491138315396,-8.28512191772461
9.550892694239591,8.054777145385742
4.435147085081137,3.6537246704101562
-2.3538192484503564,-6.063852310180664
-5.83438093189622,-14.779947280883789
-7.10827059552493,-18.833389282226562
-12.414939844598162,-9.200201034545898
6.6154810826822,8.963787078857422
1.3155747227446202,-12.111007690429688
-2.56542276271332,8.193740844726562
-13.546032832554804,-3.571634292602539
-16.600339428286603,-2.7853660583496094
2.9737175212081803,-4.116424560546875
6.167862854629888,-7.308273792266846
-40.922076323723,-20.554502487182617
16.9349100756105,12.650882720947266
-12.24911226903676,-10.816425323486328
4.867927463076468,7.310632228851318
-21.6327950573002,-8.838630676269531
7.11033993521173,2.1150054931640625
-9.59094984812801,-12.198111534118652
4.92186081619874,3.939663887023926
-7.815562497274902,11.811080932617188
-2.20364176327536,21.220359802246094
-19.6754058911438,-14.226428985595703
-91.8886792382854,-0.3237113952636719
-20.9507978903398,-9.366453170776367
-17.8084408175675,-11.436601638793945
-62.9612541332419,-15.122766494750977
5.598134989920393,6.985644817352295
-7.283890318199592,-2.2829151153564453
6.1026124307435,9.924959182739258
7.42840635595139,0.25456809997558594
-5.179391847578812,-3.0811710357666016
-4.873152982370568,-5.839656829833984
7.276768036701751,2.9509639739990234
-10.739322929783883,-6.98109245300293
-22.9219832537164,-16.463943481445312
1.5259403537211615,1.7270774841308594
-44.7886924625105,-6.227044105529785
-3.72583443525641,10.483306884765625
-14.57002364123529,-11.962652206420898
-10.128266274366498,-18.678813934326172
-28.0249952668106,-9.785543441772461
-26.24662901330595,-8.72298812866211
-40.3645652505015,-9.363555908203125
-30.8056950922951,-5.534632682800293
-3.9552380984537248,5.589821815490723
-2.1789667599796294,6.3119964599609375
-0.5734820606807138,-1.2046122550964355
-1.1617148968623687,-6.140769958496094
3.42848617073407,0.7760009765625
-17.4030551064212,-9.679130554199219
3.88109013796494,1.6444931030273438
9.400493271217616,9.325347900390625
-11.302161927872188,-12.587398529052734
-13.3709137252944,-14.394197463989258
-6.79658968512302,0.213958740234375
4.509456424718162,7.66368293762207
5.45103123545738,-3.7593958377838135
8.149714042401495,-5.557476043701172
-12.909180343140196,12.201105117797852
-6.61979034735207,-11.57644271850586
11.9978624338519,-7.744721412658691
-12.53254789251529,-4.772224426269531
-8.36198121766124,-2.959667205810547
-4.361976736345532,10.878711700439453
-0.1898191226144924,-16.380409240722656
2.3166834950764685,0.62896728515625
-12.6203596574975,1.65087890625
-1.207429910073891,12.429168701171875
-29.7403775200217,-15.707901000976562
5.31082796058257,12.45003890991211
2.97844031586002,-4.477910995483398
-12.533050119535002,-11.989799499511719
-5.8684323426223,-7.598812103271484
2.391980620215489,4.062284469604492
7.73570234615748,-7.219940662384033
1.166748445159433,-2.350468635559082
6.093529951556334,-2.237628936767578
17.709922444879297,-0.9253425598144531
11.779516260068313,-3.1475377082824707
2.4866177573815964,-3.2079010009765625
-30.89708550466269,-12.549798965454102
-9.231606713935047,5.377470016479492
-13.4089268865456,-7.953865051269531
-9.06573754635488,-8.047500610351562
9.30630078585379,3.1271915435791016
-7.156550033865472,-10.716554641723633
-10.5414716495377,-3.3168106079101562
-27.8178569354009,-18.277603149414062
5.3817717725564,-3.3668060302734375
-35.155236696245,-13.657268524169922
-21.4141717786538,-9.69497299194336
-2.6053130644292946,2.462596893310547
-9.953220777101093,-11.391212463378906
-8.798237091769485,-7.306203842163086
-27.6920167541674,-9.813411712646484
8.017093587799739,1.214935302734375
-0.3550158381598589,-0.6425991058349609
-1.19024715514191,-13.813323974609375
-3.2855896341823474,-24.307968139648438
1.844566842421384,-11.84679126739502
-30.7366736665872,-18.244415283203125
-11.338238855350506,-8.143026351928711
-1.059512617215007,4.165069580078125
-33.7712071062874,-12.92510986328125
3.812227003524945,1.28515625
-2.8472026300298463,-15.756803512573242
-21.5871320482388,4.113879203796387
1.845960760756301,-1.764190673828125
9.06213659212517,-0.46608734130859375
-13.950148061363093,-9.397038459777832
-15.1006814359747,-4.043222427368164
-8.65496498210776,-11.169319152832031
-31.18852367408345,-44.424163818359375
2.35160533891099,-10.254416465759277
-7.06329362397977,-15.190271377563477
-11.299328727708405,-15.119117736816406
-5.73967918172164,-2.290506362915039
-4.062121175440552,-14.095444679260254
3.62056380925444,-12.436222076416016
-6.512385872303066,-11.63895034790039
-17.2817979072755,-15.297561645507812
5.79128728304933,-1.3841552734375
3.7921116228684086,3.9898834228515625
0.51700222845629,-13.219741821289062
1.0966146270020711,-1.4784469604492188
-6.613686761665703,-3.6197471618652344
-39.873530292237,-13.117767333984375
-35.0272315856836,-14.547269821166992
0.2475632146873464,7.799034118652344
5.59963570142504,-16.626432418823242
5.29419053806362,-4.57159423828125
6.457932781589695,5.92530632019043
6.4251548431743295,-9.202260971069336
-19.7885249955934,-18.168228149414062
-2.4097304318056905,-10.27078628540039
7.543407488617369,1.698221206665039
1.83593808226401,10.127969741821289
-1.5082203021212124,29.040374755859375
5.99108205682079,-8.056939125061035
-18.1797235112709,-0.6473903656005859
-12.840088322870097,-13.314964294433594
-2.23616712442702,4.628362655639648
-4.662511414401839,-2.044300079345703
3.41802282280863,-4.911344528198242
-12.0320822507053,2.2118072509765625
-25.9801803981754,-6.0437164306640625
-5.97419023328963,35.44599914550781
15.4186986077963,23.39300537109375
4.480465220149085,-2.60504150390625
-13.2363849677504,-0.2394275665283203
-9.362863686069195,-14.139518737792969
4.128157012788561,7.667986869812012
2.26767773086615,7.60263729095459
-24.1634597090208,-27.093645095825195
10.013204486477417,-4.237506866455078
-31.934070451053,-17.114761352539062
-22.9515728231767,10.81280517578125
-11.219410776078313,-4.8085784912109375
6.00089213826483,-8.72337532043457
-28.9638748432599,-12.096147537231445
3.11049964318654,0.5428104400634766
-1.073248118887358,-5.779496192932129
-10.249148139079496,-5.230712890625
-13.14009076535719,-2.362112045288086
0.7364260970712593,7.242816925048828
-44.9949251983702,1.8425731658935547
-5.159519294761907,-11.212080001831055
1.869241020829697,-0.1571197509765625
-55.54568697318505,-12.498668670654297
0.3065104335081801,7.187873840332031
-10.386374558578522,-4.2012810707092285
-3.0345245902191325,1.304821491241455
-57.144820014625296,-3.896944046020508
2.85060083445348,2.487351417541504
2.446050707651698,14.84356689453125
5.50221601830175,5.125483512878418
3.455876052191651,1.764021635055542
-14.6157572128631,-15.06049633026123
-0.874105623616695,-30.97429656982422
-1.378759213278819,-12.283927917480469
1.350733135180331,-9.630355834960938
-1.94666134980912,-6.013548851013184
-3.36735139960915,-5.022300720214844
0.8319171014720902,-15.842891693115234
-40.2101205720394,-0.12006568908691406
-24.577379709126298,-1.8729209899902344
-18.6292132467089,-6.474872589111328
-46.39510994896701,-11.515457153320312
-2.487076105276776,3.5890350341796875
-4.752960817423343,0.55352783203125
-0.1160299782726794,0.3943939208984375
-18.5277286275242,-1.5967769622802734
-14.1325019191809,-10.79092025756836
10.909208084253878,3.2032947540283203
1.30779520720034,4.971609115600586
-5.77436797253085,-6.218040466308594
3.986867952152618,3.5353527069091797
-21.7936206120663,-4.46547269821167
-2.643556292002,-15.781883239746094
11.0853991753379,-7.571235656738281
-12.9397422629832,-6.207071304321289
-0.190891674386513,41.7802734375
-6.32558602127377,6.894414901733398
5.391699208755202,7.31536865234375
-8.998840630677615,2.2158203125
-1.6005087696864486,-4.40046501159668
7.5482379424635875,5.845218658447266
-7.642910278690365,-15.758529663085938
3.719171936095444,3.0233421325683594
-0.8981307679622897,-11.54376220703125
7.06032809637297,1.7193355560302734
-3.134999611446543,-6.438601493835449
-5.94174589421185,-9.503593444824219
-17.7883076547542,-10.557132720947266
-25.2381267145584,-7.356386184692383
-27.5445722402187,-21.085983276367188
2.6678241356197647,6.759328842163086
5.02066543392875,-9.039794921875
-1.67197513843126,-14.970123291015625
6.58117049992555,-1.123225212097168
3.12612254618191,-10.758466720581055
-2.1147225087047508,-10.408585548400879
-76.9668504799361,-6.479902267456055
10.11870938841209,-5.390556335449219
4.755697845162629,-2.662260055541992
16.5479703149859,-3.6059999465942383
4.001938538520379,-20.470558166503906
-14.1813773041305,-10.708610534667969
0.7709161631446207,-8.839966773986816
-24.2508933717269,-9.23330307006836
-22.3071231538392,-16.29783058166504
7.2595381633228,9.032889366149902
11.555346181601609,5.319343566894531
-26.258782255785,-8.255987167358398
10.3189652047012,-21.119171142578125
0.809697096857583,-9.50592041015625
-18.5255095356289,-4.618690013885498
-1.0680791130593923,-3.083871841430664
-3.5390830989045075,-8.402840614318848
10.468583156479704,3.0962371826171875
-10.613183176373598,-10.905670166015625
-6.40442742836347,4.133411407470703
7.196532980977684,-9.452149391174316
-10.586292641023492,4.801714897155762
-26.79502671025515,-28.203521728515625
-7.187555808667961,-8.599258422851562
5.4465900456679694,5.240011215209961
3.1988276731025875,-2.116029739379883
7.827394642815597,3.6120548248291016
3.887422638441485,2.6014232635498047
-3.41466344580097,7.646781921386719
2.667044757168528,-8.377243041992188
1.0590749185315824,-4.160031318664551
-3.9965921287470247,-4.103631019592285
10.982614675109394,10.370811462402344
0.4076170529080399,-16.711578369140625
2.71319811317338,-7.5899810791015625
8.652061852316729,39.45613098144531
-0.6579761516790089,-3.8533172607421875
-51.6773231694491,-5.260191917419434
-2.8325461302865187,-4.759517669677734
2.12749125232924,-16.815956115722656
3.562549470771905,0.3870353698730469
-16.517773128145326,-9.525751113891602
6.874655354673765,1.8494739532470703
0.2047767843086013,2.531484603881836
-2.698758931910008,-7.8529052734375
1.8601156760560384,-14.380889892578125
-22.2455703021075,-20.289779663085938
2.4288820651169605,-92.01834106445312
-16.8307740899425,2.8942089080810547
20.7191486697607,-1.471078872680664
-30.7261055182573,-11.019845008850098
-38.4849400567448,-9.132043838500977
-14.3103126367969,-9.89592170715332
0.7860328468455551,23.22503662109375
-48.3858044800915,-10.936954498291016
-3.21662088766757,-5.751953125
1.675245639565673,-18.276302337646484
-90.3299705619704,-11.169401168823242
-9.28527551691871,-0.6895999908447266
-1.2293411329062325,-5.1956892013549805
-4.534682244798708,-5.972753524780273
-68.1959205924323,-4.167374610900879
-24.5242345195019,-15.615676879882812
-2.77042962989298,-4.051187515258789
3.8009101564042025,0.9449634552001953
8.933703319425492,1.1677837371826172
-11.341527235964405,-10.323287963867188
6.71098989067457,4.983656883239746
4.54734483862441,4.35023307800293
-5.16341129781556,-15.954581260681152
-49.062306315025,-20.1060791015625
5.26551760771767,12.002349853515625
3.33951124606136,-3.8418731689453125
5.006519903780723,-13.58890151977539
4.05485944970297,-3.627748489379883
2.283405953189745,-31.818771362304688
-2.66483863280114,-13.704570770263672
12.566471603210276,-3.1974105834960938
-27.9020155354992,-14.44320011138916
8.88265541550952,-0.023172378540039062
0.1652887870268324,-15.986900329589844
15.4985727759109,6.856555938720703
9.014890317831036,-6.42896842956543
1.4803529144374856,-2.034149169921875
18.1939100849816,9.310298919677734
-2.6304973605131474,4.750029563903809
-5.493763326806099,-6.578965663909912
-0.6715208179901364,-13.45329475402832
-36.7383193130824,-16.01166534423828
5.062784719364307,-4.368206977844238
-12.026803679110706,-11.140486717224121
-3.01321716593974,5.260593414306641
8.35813394800668,0.6398468017578125
-3.60075442831331,5.251750946044922
-9.509135784465323,-0.6019439697265625
-19.6175855102284,-15.27640151977539
-27.8629509568953,-13.811424255371094
1.74273211890989,-19.187238693237305
-2.19578977406709,-6.716494560241699
2.42002639701588,-9.139020919799805
-25.55316918036869,-8.563512802124023
5.635020609606415,-2.340104341506958
-34.727836669101,-3.452126979827881
4.4516036428765,-8.75012493133545
4.967381413305823,2.5049896240234375
-6.81516141534704,-3.8204193115234375
-24.3954295810688,-4.894847869873047
8.658679095048068,3.933238983154297
3.7347243087796,-21.63507080078125
-12.909633143366396,-4.244215965270996
-60.49569009623433,-12.39915657043457
-3.790702882666694,-3.843745708465576
-12.41068356063,-20.561248779296875
2.76740193393285,10.966114044189453
-18.9061714872788,6.178783416748047
-3.681083449701528,-11.291032791137695
8.13893448615947,9.342674255371094
-51.402683514636095,-10.326955795288086
-3.0703466753296,8.703659057617188
0.4646043967887734,-9.241905212402344
5.989492839405608,-18.01742935180664
8.833837192566008,2.9549522399902344
-26.1965705632023,-4.659584045410156
0.0804428699766095,-8.090486526489258
10.229168329440906,-1.4418232440948486
2.12042655289975,-7.903700828552246
3.88810032819938,-2.6745948791503906
-31.515616413872173,-7.122579574584961
2.28163515100639,-4.767935752868652
-9.633163292669298,-18.003841400146484
2.63206586722876,2.5987672805786133
0.3189015990893598,-6.892999649047852
-6.31868596379813,-14.54836368560791
-6.4648984000359935,-15.648513793945312
8.91646092056966,0.48372554779052734
-42.637521131086125,-4.695382118225098
-89.5439156156453,-13.139318466186523
9.179556151687803,0.032196044921875
8.754663680824095,-2.616483688354492
0.8838679103249854,-13.913238525390625
4.338369925074482,-4.978212356567383
-18.23432595343749,-5.7503204345703125
6.92534745147092,-3.992703437805176
-1.768261666543676,-14.767486572265625
-7.87226820943855,-15.727415084838867
-12.0847368637308,-7.544695854187012
-4.4222229386498375,-9.063647270202637
6.63109301847755,-0.5313268899917603
1.675381804264854,-7.821479797363281
-6.897600670415837,-12.624153137207031
-12.2774867069717,-18.19970703125
-3.963646539183849,3.332408905029297
-2.552277046947741,-6.898151397705078
-10.78700495517378,-1.7139739990234375
-6.426376983867103,-3.6456899642944336
8.2142562177934,0.5961451530456543
-16.967828162594074,-6.938398361206055
6.07843040491799,-4.968923568725586
3.08443697315444,0.07506561279296875
-1.3811964732242277,-13.097122192382812
-4.51305804704249,-13.698043823242188
-9.93375477053989,-11.111173629760742
-0.6581754288220045,-7.7389373779296875
-7.952166005584182,-5.447516918182373
-13.563015982384195,-2.9955806732177734
-47.9957157156951,-7.961414337158203
4.96190002222477,4.894426345825195
-2.0240269290899,-6.592720031738281
3.47166270740147,1.259531021118164
-5.2815921348029296,-11.325591087341309
2.369358494612781,-3.4698524475097656
-4.214346026907057,-15.558196067810059
-23.8934551543691,2.092681884765625
-1.0659561461183158,-1.4357719421386719
3.126169348435272,-1.09381103515625
2.35164464781062,10.446563720703125
-1.79502295092813,-7.7985053062438965
-15.957982665262508,-8.22029972076416
-64.65676531723692,-15.565731048583984
-27.8195558011628,-17.30059814453125
-10.480511156242285,-3.4377670288085938
-6.18357684414468,-9.038543701171875
-6.75960002722117,4.4911956787109375
4.4105627388370605,28.206436157226562
5.58846482112586,-10.060067176818848
-16.8483709423333,4.3552093505859375
16.1850033157246,-25.33563232421875
-3.34531377329845,38.19410705566406
5.893700156574014,-6.148769378662109
2.745769909533195,-9.834342956542969
2.53362859007723,-7.723999977111816
1.0880788430276551,6.9202880859375
